4.674974718454905087e-07 1.610875344226769812e-08 1.231544814045415492e-11 8.985151052474975586e-01 1.512970775365829468e-03 1.023498028516769409e-01 9.805010557174682617e-01 1.936766835797243402e-08 1.771925017237663269e-03 4.019372834562773278e-09 4.491851497961246720e-13 2.429032264217312331e-08 3.042560763333312934e-07 5.525867436517728493e-06 1.781374029815196991e-02 6.103953751335211564e-07 1.291704713366925716e-03 6.478440354840131477e-06 2.839420076838905516e-08
3.990519701346784132e-07 1.429515705808626080e-08 9.832036226842255644e-12 8.925557136535644531e-01 1.477863406762480736e-03 8.885782957077026367e-02 9.835270047187805176e-01 1.689129902615604806e-08 1.718706917017698288e-03 3.510141510787434527e-09 3.980691373316885828e-13 2.393381315357601125e-08 2.795634088670340134e-07 5.168193183635594323e-06 1.704403944313526154e-02 6.063682462809083518e-07 1.222387538291513920e-03 5.972445705992868170e-06 2.654729946982570254e-08
3.673393393910373561e-07 1.337729038652923919e-08 8.793230900361326263e-12 8.919225931167602539e-01 1.447243383154273033e-03 7.981090992689132690e-02 9.850475788116455078e-01 1.589998888107402308e-08 1.674846513196825981e-03 3.239212675865132951e-09 3.727684935901642849e-13 2.353122319220801728e-08 2.671528420705726603e-07 5.002854777558241040e-06 1.680147275328636169e-02 6.010197353134572040e-07 1.207696390338242054e-03 5.639252321998355910e-06 2.538718746336598997e-08
2.405140921473503113e-02 3.559171035885810852e-02 3.468274325132369995e-02 2.601079456508159637e-02 4.912112653255462646e-02 3.703254759311676025e-01 6.644794344902038574e-01 3.001445904374122620e-02 3.705779910087585449e-01 3.603884950280189514e-02 6.744985468685626984e-03 6.168365478515625000e-02 3.929072245955467224e-02 2.549967728555202484e-02 7.810974866151809692e-02 3.948953747749328613e-02 6.030656024813652039e-02 7.334098219871520996e-02 2.331873774528503418e-01
3.028593200724571943e-04 2.876756712794303894e-03 2.949956397060304880e-04 5.038751754909753799e-03 8.402570150792598724e-03 4.200290888547897339e-03 9.859222173690795898e-01 2.861222438514232635e-02 5.697709321975708008e-02 2.193943783640861511e-02 1.032589585520327091e-03 5.899366363883018494e-02 5.480698868632316589e-02 7.747812196612358093e-03 2.421390078961849213e-02 6.809904426336288452e-02 1.227585449814796448e-01 1.192140113562345505e-02 1.544405892491340637e-02
3.948201774619519711e-04 2.611730713397264481e-03 4.690539935836568475e-05 1.051958533935248852e-03 5.810809321701526642e-03 8.828093996271491051e-04 9.428441524505615234e-01 8.548162877559661865e-02 1.041965093463659286e-02 4.917264878749847412e-01 1.562811550684273243e-03 4.400041103363037109e-01 1.073064059019088745e-01 3.027316997759044170e-04 1.026344601996243000e-03 2.759935557842254639e-01 8.158531039953231812e-02 6.192118395119905472e-03 6.119520403444766998e-03
5.005980841815471649e-03 5.379550566431134939e-05 4.446384537004632875e-06 9.991466999053955078e-01 2.211253531277179718e-02 4.174091815948486328e-01 2.461098693311214447e-02 1.656131207710132003e-04 5.059242248535156250e-03 1.278664276469498873e-04 9.613000884201028384e-08 1.749353032209910452e-05 7.858714088797569275e-04 3.003187302965670824e-04 4.148635640740394592e-02 2.048748137895017862e-04 8.711111731827259064e-03 1.295583555474877357e-03 1.037937636283459142e-05
2.729120664298534393e-03 4.551664460450410843e-04 2.244219213025644422e-04 2.195289591327309608e-03 4.857286330661736429e-05 1.061658258549869061e-04 1.207501394674181938e-03 4.046324267983436584e-02 3.069958154355845181e-07 9.999046325683593750e-01 1.755074481479823589e-05 2.721492350101470947e-01 2.136005461215972900e-02 2.096419666486326605e-05 2.378848694206681103e-05 6.032098829746246338e-02 5.028203595429658890e-04 5.747400689870119095e-03 2.495287390047451481e-07
1.365175266982987523e-04 2.706778347492218018e-01 4.364856522443005815e-06 4.996315538883209229e-01 6.436901458073407412e-06 6.365219178405823186e-07 6.653980165719985962e-02 5.592246651649475098e-01 1.722936758596915752e-06 2.569696307182312012e-01 2.814565959852188826e-06 5.328294937498867512e-04 8.014620281755924225e-03 9.593681693077087402e-01 1.170187169918790460e-04 1.705775409936904907e-02 5.536133423447608948e-02 1.406909525394439697e-02 2.373020038248796482e-07
7.605763676110655069e-05 6.034591351635754108e-04 9.648798732087016106e-05 1.210536900907754898e-02 9.493062389083206654e-04 8.042421936988830566e-02 9.868798255920410156e-01 2.236987464129924774e-03 7.869019359350204468e-02 8.108925976557657123e-05 1.227256325364578515e-05 1.470295537728816271e-04 1.409524003975093365e-03 9.419804811477661133e-02 2.362565696239471436e-01 4.812055558431893587e-04 5.202583968639373779e-02 1.053222175687551498e-02 3.406027331948280334e-03
2.509797050151973963e-04 7.821080507710576057e-04 1.317934220423921943e-04 3.763689845800399780e-02 1.072283834218978882e-03 1.587457209825515747e-01 9.665070772171020508e-01 2.983730752021074295e-03 4.982198402285575867e-02 1.141208631452172995e-04 1.019495357468258590e-05 9.282388054998591542e-05 1.748966868035495281e-03 1.113610491156578064e-01 4.475467205047607422e-01 2.422120451228693128e-04 7.999239861965179443e-02 1.109188701957464218e-02 2.247427823022007942e-03
1.946235861396417022e-04 1.677472464507445693e-04 1.041578707372536883e-05 3.298572846688330173e-04 3.987937048077583313e-02 9.999153614044189453e-01 3.253871807828545570e-03 3.496206772979348898e-06 3.516862913966178894e-02 2.423423429718241096e-04 7.324660344920630450e-08 1.185747605632059276e-04 1.037395923049189150e-04 1.868382969405502081e-04 2.621436025947332382e-03 1.904463570099323988e-04 1.989274605875834823e-04 3.743545617908239365e-03 1.004491001367568970e-03
8.986950851976871490e-04 3.796527627855539322e-03 4.156508482992649078e-03 5.721548805013298988e-04 3.750035911798477173e-02 9.978991746902465820e-01 1.268633175641298294e-02 1.463900989620015025e-04 2.361745685338973999e-01 3.656024811789393425e-03 2.106190731865353882e-05 3.161670640110969543e-03 1.480810460634529591e-03 1.336129731498658657e-03 1.870064064860343933e-02 3.056565532460808754e-03 1.351148472167551517e-03 9.166014380753040314e-03 1.638499349355697632e-01
9.228524788795766653e-08 9.354616907486512645e-12 2.120792114786076293e-14 6.367041351040825248e-05 8.916586041450500488e-01 9.403296113014221191e-01 5.126805901527404785e-01 1.032652587572291392e-12 6.406190246343612671e-02 4.866849963036656845e-07 2.000110797470422419e-12 9.617746807634830475e-03 5.472412745177734905e-09 9.387665991789084785e-12 6.499877969190492877e-09 2.379302633926272392e-03 6.968659818085143343e-07 3.519801248330622911e-04 2.894476267556456150e-07
6.627100901823723689e-06 1.193706938851235577e-10 6.931244857580343144e-14 2.949179848656058311e-03 9.728101491928100586e-01 1.407194486091611907e-05 9.933425784111022949e-01 9.990169108631263839e-11 1.052072830498218536e-02 4.589517459407943534e-07 9.963950775571106533e-10 7.549003958702087402e-01 4.443843337753605738e-08 9.191042371625712804e-11 1.081460112573040533e-07 1.849564760923385620e-01 1.063003655872307718e-04 4.533980973064899445e-03 4.974766625309712254e-07
8.871107129380106926e-04 1.875519519671797752e-03 3.462975146248936653e-04 9.077774733304977417e-02 1.726655405946075916e-03 9.258577227592468262e-02 9.485860466957092285e-01 1.019376236945390701e-02 4.401801899075508118e-02 4.324254987295717001e-04 3.783747160923667252e-05 2.426220889901742339e-04 4.685945808887481689e-03 1.385879218578338623e-01 5.428145527839660645e-01 5.014925845898687840e-04 1.727529913187026978e-01 1.611738651990890503e-02 2.888222225010395050e-03
1.919713057577610016e-02 6.748951226472854614e-02 1.222826394950971007e-04 5.114117860794067383e-01 6.822943687438964844e-03 9.833883047103881836e-01 9.624794125556945801e-03 4.436376038938760757e-03 7.855772972106933594e-03 3.225622349418699741e-04 1.108663127524778247e-05 2.031508302025031298e-05 2.425229176878929138e-03 3.323130011558532715e-01 1.035167183727025986e-02 1.911001163534820080e-04 8.664493798278272152e-04 1.121003087610006332e-02 3.456271369941532612e-04
2.179768614496424561e-07 2.580550926722935401e-06 2.638238960628314089e-08 9.968206541088875383e-06 3.433695746934972703e-05 1.000000000000000000e+00 1.345679720543557778e-06 9.426489810948623926e-09 9.835528908297419548e-04 5.371137135057324485e-08 5.439185885545982924e-13 3.416834593039652646e-10 2.045345297574385768e-07 1.685198076302185655e-04 3.122464381158351898e-02 2.446028268821009988e-09 2.375726580794434994e-06 1.881244970718398690e-04 3.261270876464550383e-06
1.415740512311458588e-02 3.177023027092218399e-03 1.125102642163255950e-07 7.617377559654414654e-05 3.262964310124516487e-03 2.296417653560638428e-01 7.772356271743774414e-01 9.882447784548276104e-07 5.179733633995056152e-01 7.083333912305533886e-05 9.360733201901894063e-06 1.289921160787343979e-02 1.220984995597973466e-05 8.258850357378832996e-06 8.465097926091402769e-05 6.658495840383693576e-05 1.608608581591397524e-04 4.212259955238550901e-04 3.790821135044097900e-01
9.760959744453430176e-01 9.916272945702075958e-03 3.552612024004808688e-11 1.176369845978797457e-08 8.667868314660154283e-06 5.430471361478339531e-08 9.263968467712402344e-01 2.374342074062951724e-07 6.920540928840637207e-01 2.308781404281035066e-06 2.026453103098901920e-06 4.236506298184394836e-02 8.781347787589766085e-06 1.484578432409122684e-10 4.382683799208919595e-11 2.554059506110206712e-07 4.373345291242003441e-05 6.406266095382306958e-08 9.274685382843017578e-01
9.998875856399536133e-01 4.208903387188911438e-02 1.167432400750456623e-10 2.279288313644656228e-09 3.390710626263171434e-04 3.082311073043797478e-10 3.251313567161560059e-01 3.820124675257829949e-06 4.590977355837821960e-02 5.147337651578709483e-05 1.982675030376412906e-06 6.463130116462707520e-01 1.788584887981414795e-02 7.659345380162108086e-12 8.572015439047703245e-14 1.974811493710149080e-05 1.069741301762405783e-06 4.394582919786671482e-09 3.498313724994659424e-01
5.477807135321199894e-04 6.507010485989894732e-09 3.887509238131858780e-12 1.000000000000000000e+00 7.032183202682062984e-05 4.222680217935703695e-06 3.318629296700237319e-06 2.558112655037803052e-08 6.125757678887566726e-10 3.017539773608746145e-09 8.244147852824463673e-17 5.480841475113962247e-13 3.593604276375117479e-07 7.585712182844872586e-07 3.672986713354475796e-05 1.038732921898599670e-08 4.312766031944192946e-05 3.876956089499117297e-09 2.950955384456270536e-14
2.147543728351593018e-01 1.448831111192703247e-01 4.507721960544586182e-02 2.004644870758056641e-01 7.717868685722351074e-02 4.467279091477394104e-02 2.739313542842864990e-01 3.443746864795684814e-01 1.918784901499748230e-02 7.569802403450012207e-01 3.314973413944244385e-02 4.194469153881072998e-01 2.752112448215484619e-01 3.785590082406997681e-02 4.982935264706611633e-02 2.343670576810836792e-01 1.174650117754936218e-01 1.835157275199890137e-01 1.353523600846529007e-02
8.911825716495513916e-02 1.084330212324857712e-02 2.545567462220788002e-03 2.919557392597198486e-01 4.414055645465850830e-01 1.638970524072647095e-02 5.627980828285217285e-01 5.198087170720100403e-02 1.611541956663131714e-02 2.402149587869644165e-01 2.471206011250615120e-03 6.488178372383117676e-01 5.572272092103958130e-02 7.594996131956577301e-03 1.431379374116659164e-02 3.978331387042999268e-01 2.153479754924774170e-01 2.733761966228485107e-01 5.455159582197666168e-03
9.829730937172609782e-38 7.192400353345379848e-25 3.660923618165875302e-35 2.709253410638600822e-16 4.078917750261050674e-20 3.203524076759685687e-26 1.000000000000000000e+00 2.157729785961165184e-18 1.524429681012406945e-04 4.108650869014427218e-28 1.523780857597691672e-25 2.247418911828758592e-18 8.861393169197860625e-18 1.899099584187768919e-12 1.290193091252334057e-10 5.844475077509958538e-12 3.149113581457640976e-06 4.771133303976132778e-15 7.386237414340642016e-15
3.735158404793992304e-09 7.537823165648660506e-08 2.099559024901220816e-12 1.160315878223627806e-04 1.080959827959304675e-05 1.428869154551648535e-06 9.997463822364807129e-01 1.889223858597688377e-05 4.949736648995894939e-06 6.427785847336053848e-03 2.713055821668142187e-11 1.046587596647441387e-03 4.990809829905629158e-04 2.866041199922619853e-07 2.691613917704671621e-05 7.912510191090404987e-04 4.069043789058923721e-03 1.264414436263905372e-06 4.525374919239766314e-08
1.691300894890446216e-05 3.199294224032200873e-05 6.122367631178349257e-05 9.466243386268615723e-01 2.611885975056793541e-06 1.073557790368795395e-02 1.999413967132568359e-02 1.432700734585523605e-02 3.497130137475323863e-06 1.831158762797713280e-03 6.299858967828697587e-10 4.060351699308739626e-08 7.485680980607867241e-04 7.744825631380081177e-02 8.953364491462707520e-01 3.208187308700871654e-06 1.484735608100891113e-01 5.914756655693054199e-01 1.311945041493345343e-08
1.096574851544573903e-04 1.006013248115777969e-03 1.706410429624938274e-10 9.983298182487487793e-01 1.312857866287231445e-02 3.317344862807658501e-06 9.799894690513610840e-01 3.407754093132098205e-06 4.856899380683898926e-02 2.740633817666093819e-07 6.881190074636833742e-06 2.213438528997357935e-05 4.591584911395329982e-06 7.493646699003875256e-04 8.663824701216071844e-05 8.053926867432892323e-04 6.505923811346292496e-04 8.834873455043634749e-08 1.741152664180845022e-05
6.916809328961948750e-33 9.146792892231055571e-27 8.813291229682766214e-32 4.261957731177545838e-10 5.175682421338148776e-21 9.397585756252211475e-28 1.000000000000000000e+00 1.165152010111766487e-14 8.368960804580344998e-17 6.001303512679539686e-23 2.714246945433386309e-33 3.658191369764738938e-18 1.689573367281635430e-13 1.006389999005756486e-13 5.290656357459511128e-09 1.504678644864958920e-14 9.983015060424804688e-01 6.025194438581793342e-19 7.628153788006751250e-21
1.917352676628070185e-08 8.339221674313890276e-11 8.002385104392828463e-13 3.111866768449544907e-03 1.124342530965805054e-01 5.272350334095676772e-10 9.989690780639648438e-01 9.294520708635900519e-08 6.384699418049422093e-07 1.116365547204622999e-05 4.018124808574663476e-12 7.673747539520263672e-01 9.569564099365379661e-06 2.010386968009925113e-09 1.513360246008232934e-07 2.565535008907318115e-01 9.992037899792194366e-03 4.400110265123657882e-05 1.788549419678986396e-09
1.111342921579778269e-20 3.805880523927163139e-12 3.980169173269738816e-16 2.676683478057384491e-03 3.818921661770530298e-18 1.963785743131274781e-21 9.999998807907104492e-01 2.265345983687439002e-06 7.067346152744846677e-10 1.785427662292837564e-16 8.843629465543284356e-18 1.129823251219335293e-18 1.636625279743952888e-10 6.167986616492271423e-02 5.257649036138900556e-07 9.509133064300456795e-11 9.999753236770629883e-01 4.185410580248571932e-05 3.575483550725955251e-13
5.569543493066930751e-09 1.268385751984624221e-08 8.263621561109976674e-21 3.480166569352149963e-02 5.137704151003674724e-11 3.692346179241107196e-13 3.118743165941850748e-07 1.340968992735724896e-05 2.661959299662274938e-20 1.000000000000000000e+00 3.986672533420079724e-16 1.887886971235275269e-01 1.523052333141095005e-06 1.215532665840846072e-12 9.231248578045470055e-13 2.201588358730077744e-03 3.123010472450005182e-08 2.526644777844921919e-07 4.440187994220661870e-21
5.004778275835564116e-12 3.288441075000037017e-09 2.035347179685231822e-08 2.156789880245923996e-03 9.549967039390594437e-09 7.317102652948381802e-13 9.998859167098999023e-01 6.298225489445030689e-04 2.300535015820059925e-06 2.084715156058791763e-08 3.594003983309335126e-10 5.757581220677820966e-07 1.167976279248250648e-05 4.712643203674815595e-05 1.357196742901578546e-04 9.395576489623636007e-05 9.990631937980651855e-01 6.864653187221847475e-06 1.213277755596209317e-06
2.957517572212964296e-04 5.849817625858122483e-07 3.632311518231290393e-07 9.999998807907104492e-01 1.247544307261705399e-03 1.168968006968498230e-01 4.649446345865726471e-04 5.559537044064200018e-07 5.618094655801542103e-05 7.091506493139831946e-09 6.061476190769021777e-13 1.330932447585198020e-10 6.528111498482758179e-06 3.663007373688742518e-05 1.132748671807348728e-03 8.131989375215198379e-07 1.277120463782921433e-04 2.636999624883173965e-06 3.135238069162937791e-09
6.979661206635290327e-12 1.943530207881849492e-07 1.886444186895586822e-14 9.938361938965911691e-11 1.176939434799351147e-07 4.412242793350173997e-10 9.999990463256835938e-01 7.449113036273047328e-05 9.849702473729848862e-05 2.531814679969102144e-04 8.219955383026444906e-09 8.988486602902412415e-03 5.540474783629179001e-03 1.441974983862337467e-09 1.082491518644701500e-08 1.474890857934951782e-02 1.976133324205875397e-03 2.846632085606870533e-08 8.314690603583585471e-06
6.899195141158998013e-04 8.098339208117977250e-07 4.267037212457580608e-08 8.999663591384887695e-01 2.424651393084786832e-05 3.451748192310333252e-01 5.334717221558094025e-03 6.086717257858254015e-05 3.888169999299861956e-07 9.944879412651062012e-01 2.542441084052438072e-11 1.155269419541582465e-04 8.412059396505355835e-04 1.017336444419925101e-06 1.192088052630424500e-01 2.965807425425737165e-06 1.663607981754466891e-04 8.052396879065781832e-05 6.230870819301514985e-10
2.982703968882560730e-03 3.389951586723327637e-02 9.996232986450195312e-01 1.749116778373718262e-01 6.225455435924232006e-04 8.473274647258222103e-06 6.920685172080993652e-01 4.425573945045471191e-01 2.850174903869628906e-03 1.333507825620472431e-03 1.037521578837186098e-04 2.879803068935871124e-04 4.207501187920570374e-02 3.263957500457763672e-01 2.984293363988399506e-02 2.678164653480052948e-02 7.509369254112243652e-01 1.186971925199031830e-02 3.494068514555692673e-03
2.548430867374551489e-12 1.651735317409475101e-07 3.686904365249495108e-14 9.294434130424633622e-05 9.096668662778029102e-08 6.165371502220295952e-08 9.999998807907104492e-01 1.261477535763333435e-07 5.393560277298092842e-04 1.133661428620591494e-10 3.918238563466180935e-12 6.696658338967154123e-09 2.867668342787510483e-07 6.052450626157224178e-04 3.665538970381021500e-04 9.226498605130473152e-07 7.344150217249989510e-04 4.695066735393993440e-08 1.503002948766152258e-07
5.203409755663294685e-24 4.556328395530402382e-16 4.028961923009757130e-23 9.002057987927969407e-10 3.018005496121384246e-13 3.263188923583034903e-15 1.000000000000000000e+00 1.568617956880513642e-12 3.077556903008371592e-04 5.605076643296470425e-19 9.440134634263955480e-19 1.346744845634115229e-13 5.480373967137186497e-12 2.346738341429954744e-07 6.026226856192806736e-06 2.120097652991148607e-09 8.754657028475776315e-05 1.083171954907591328e-10 1.147755779307146895e-10
9.999992847442626953e-01 4.985491558909416199e-02 1.236026003770263060e-10 5.569930280890922347e-11 1.539573349873535335e-05 7.896427381328535722e-14 4.065001010894775391e-02 3.109227009190362878e-06 6.011709198355674744e-02 1.336161119525058893e-07 2.556683398324821610e-08 6.921570748090744019e-02 1.100940629839897156e-02 5.953598074606714086e-13 2.700738909721347487e-17 1.854066198347936734e-07 2.469059268150886055e-07 2.966597800746484381e-11 4.017113149166107178e-01
8.124622752347931964e-09 1.015802536130649969e-05 3.824981780961578259e-13 1.000000000000000000e+00 6.847107603125124342e-11 8.977728015983440948e-17 7.213454693555831909e-02 6.487413193099200726e-04 3.209225385436553779e-10 2.135575744022233380e-10 1.643877769368431996e-13 6.882623122940961053e-17 1.581021109586799867e-07 1.521116197109222412e-01 8.432286904280772433e-07 3.025144856838579699e-10 9.069494009017944336e-01 7.147012981434386347e-10 3.836531718942430558e-14
7.889220533845720516e-17 3.687041245773771403e-16 3.714698355487069243e-23 2.550668298795244482e-08 1.664946830715052783e-05 3.028081376545447775e-15 1.000000000000000000e+00 5.830815566704519726e-15 3.913373518571461318e-07 4.198941504631069550e-17 2.380573296345762138e-20 1.852153673098655418e-06 1.774318469927038677e-10 3.739879066155804566e-12 1.545715520023804856e-07 9.275515253648336511e-07 9.894060349324718118e-05 2.690909561148258078e-12 1.959566623549457987e-12
1.532724592834711075e-02 2.066200412809848785e-02 1.833282969892024994e-02 5.981479287147521973e-01 5.411183461546897888e-03 1.196591481566429138e-01 2.284019440412521362e-01 1.855394691228866577e-01 8.028655312955379486e-03 7.095639407634735107e-02 2.916432567872107029e-04 2.350624650716781616e-03 5.445313453674316406e-02 2.339121997356414795e-01 6.804045438766479492e-01 6.679920479655265808e-03 2.900806069374084473e-01 4.212051928043365479e-01 8.826458360999822617e-04
7.116624328773468733e-05 1.753695983097713906e-06 8.307862200512524178e-16 8.165320158004760742e-01 1.073232388376643698e-11 2.806456178561234083e-09 1.707469499123703827e-09 7.278468547156080604e-05 4.396656241235994980e-19 1.000000000000000000e+00 4.965248183311579688e-14 1.363853923976421356e-03 3.607813850976526737e-04 1.949202049766896039e-10 9.345989260278741995e-11 3.452941882642335258e-06 4.207689308088902180e-09 4.333785454946337268e-06 1.270100572001563922e-18
7.217621896415948868e-03 7.982051968574523926e-01 5.390545702539384365e-04 6.211291551589965820e-01 7.330306107178330421e-05 4.947291017742827535e-05 5.225524306297302246e-02 5.281290411949157715e-01 2.311629577889107168e-05 5.251184338703751564e-04 3.589732659747824073e-05 1.209564743476221338e-05 7.465987931936979294e-03 9.928624033927917480e-01 2.104689367115497589e-03 2.462191740050911903e-03 1.497947238385677338e-02 2.629316039383411407e-02 2.245615178253501654e-06
9.976303577423095703e-01 1.056470068760972936e-06 3.201101123029811690e-21 3.845276097536043380e-08 3.299997211256289198e-12 1.539454690471215947e-20 1.007648608650213440e-12 8.410797391888991115e-08 2.451697602588955130e-25 9.999262094497680664e-01 5.555922986359155293e-19 1.630238294601440430e-01 9.970167875289916992e-01 2.689291196948295279e-21 5.489771786284858518e-26 2.259127285242357175e-07 2.415076324476798714e-19 8.881234236923774006e-08 5.733005941141478169e-20
2.497110283002257347e-03 8.998788595199584961e-01 9.998801946640014648e-01 4.378472566604614258e-01 5.907753347855759785e-06 1.114336214413924608e-06 2.852609567344188690e-02 2.070421278476715088e-01 7.604610345879336819e-07 5.002449142921250314e-06 1.883351942524313927e-04 3.152360079639038304e-07 8.698715828359127045e-04 9.968275427818298340e-01 1.600120216608047485e-03 1.199282240122556686e-03 1.008513034321367741e-03 1.114484388381242752e-03 1.326610799878835678e-06
5.127056397213891614e-07 1.966365925909485668e-05 1.394534598908592216e-09 1.000000000000000000e+00 1.368267010803947414e-08 1.030874621776867173e-10 2.418426010990515351e-04 6.660398095846176147e-03 5.256492463523443348e-11 3.522101792441389989e-07 5.538286385623142696e-15 3.042810432465252804e-15 1.409169999533332884e-05 4.422729015350341797e-01 2.333095180802047253e-04 6.876064162497641519e-09 1.310599297285079956e-01 5.115186795592308044e-04 5.923465385727910704e-14
1.000000000000000000e+00 3.524610772728919983e-03 5.332694407352617874e-34 7.004728877988078829e-17 6.218981742858886719e-01 0.000000000000000000e+00 5.777084921554376251e-10 1.001958873197137702e-15 5.526094863554600674e-28 1.024991330234109338e-24 1.287637471846440392e-27 9.852334856986999512e-01 6.198432629389571957e-07 3.770572394723312969e-26 0.000000000000000000e+00 4.032947139762620148e-14 1.688572702615861234e-23 5.714249070953997777e-28 4.411050277749902958e-28
9.999992847442626953e-01 7.447531658044681535e-08 4.058499241883947475e-24 1.000000000000000000e+00 9.964888095855712891e-01 2.374071204366697850e-20 1.374527892039623111e-05 3.255132369705225626e-15 2.622225963385023395e-15 6.449986486752046222e-16 2.910154802650743913e-16 4.680486454162746668e-04 4.922499474008246168e-12 3.086400763869373565e-13 3.416884745928222208e-15 1.571417215018300340e-06 2.919072983331716387e-07 8.389020849503308556e-20 1.705225698345283282e-18
1.000000000000000000e+00 1.471258959931040500e-14 0.000000000000000000e+00 3.918623405854621869e-25 1.000000000000000000e+00 0.000000000000000000e+00 8.931962773203849792e-03 0.000000000000000000e+00 6.123856333008761195e-28 0.000000000000000000e+00 0.000000000000000000e+00 9.999989271163940430e-01 1.352492849760064596e-28 0.000000000000000000e+00 0.000000000000000000e+00 4.831777051351278038e-15 2.640858612014975021e-29 0.000000000000000000e+00 5.775262520307439641e-34
9.936538934707641602e-01 5.098829569760710001e-05 2.358123388338874222e-19 1.000000000000000000e+00 1.816558465361595154e-02 5.584873621238602842e-16 1.811057276368543967e-10 1.877270006112041756e-10 1.033484973625821771e-14 1.113529754515063530e-10 6.583755859013076112e-15 4.076874601799396203e-11 7.952117897502830601e-08 1.163962951977737248e-04 1.413819538195358258e-14 2.938085890491493046e-05 5.167583583265411562e-10 5.956985253483665626e-16 4.922845904554442546e-16
9.941400289535522461e-01 1.131722051650285721e-02 6.831817027973464051e-19 1.000000000000000000e+00 1.455244515091180801e-02 8.038471047874378448e-17 2.650434360873532569e-08 4.036383671746079926e-08 2.774560095564204687e-12 1.136632676868032377e-09 1.547298816850783965e-10 1.055583287445926999e-09 1.039002910374620114e-07 2.015964593738317490e-03 7.495913887329088993e-16 1.942576054716482759e-04 1.799063564789094016e-09 4.968068464212757607e-15 4.585626989890220773e-14
9.985862970352172852e-01 5.329233772499719635e-06 2.567513600091395774e-26 1.000000000000000000e+00 6.337243248708546162e-04 1.926676135806093460e-22 1.144561570900256425e-14 1.678562481068415768e-13 5.566927945862577091e-21 1.504101984834468192e-14 3.259150097713175952e-20 3.837823433599081525e-16 2.810724430979405497e-10 8.916191291064023972e-05 2.445249772959459103e-20 3.638243413206510013e-07 4.819225463028979639e-14 4.277390933293269949e-21 4.973511785396463648e-22
2.846402082923304988e-07 2.835848368704319000e-02 3.941874951451929121e-11 2.848973963409662247e-07 5.396690880843380000e-07 1.000000000000000000e+00 1.029659301821084227e-06 2.655532183037934146e-10 7.746371920802630484e-06 2.000031910920352374e-11 7.076419443772857462e-15 1.781447168600069908e-13 2.782422070524148694e-10 1.837237030267715454e-01 9.784798749024048448e-08 9.979898851764090750e-12 1.394251120806488942e-11 2.817549784595030360e-07 1.679078209804174548e-09
9.999997615814208984e-01 4.745940677821636200e-03 4.213619524747850975e-19 2.257223963297860791e-09 3.343988675624132156e-03 2.285845463107817610e-16 2.793821273371577263e-03 3.728277064851681644e-08 2.753812733402583035e-09 6.350937837851233780e-06 7.676382966781414297e-12 9.255394339561462402e-01 2.955491887405514717e-03 1.842405583421164220e-16 3.469186603318161659e-21 9.519858963358274195e-07 1.063397286893419391e-10 3.731690249777347423e-13 7.558162096188425494e-09
3.995177149772644043e-01 9.985126852989196777e-01 5.866374497287552003e-09 3.069128282368183136e-02 1.506974434128949270e-09 6.526244822335769413e-11 2.441150136291980743e-04 9.598392248153686523e-01 1.072427835424605291e-08 1.779201920726336539e-05 2.524628328615108330e-08 4.928502221446251497e-06 2.818154729902744293e-02 6.436354517936706543e-01 1.669252736036241913e-09 9.008457709569483995e-05 1.164740097010508180e-04 3.171915188431739807e-03 8.406417922879327875e-12
9.784349458641372621e-06 1.034533124766312540e-04 2.330214047105982900e-04 1.169100596598582342e-05 3.533161361701786518e-05 2.419719705358147621e-03 9.962528944015502930e-01 2.077341050608083606e-04 7.986893057823181152e-01 6.587808456970378757e-05 5.206474816077388823e-05 8.209703373722732067e-04 9.905936167342588305e-05 1.528458524262532592e-04 1.774506992660462856e-03 3.059993905480951071e-04 2.924359403550624847e-02 1.879931613802909851e-02 5.500355958938598633e-01
2.104595303535461426e-03 8.952855467796325684e-01 3.046147525310516357e-01 9.280634671449661255e-02 1.501192946307128295e-05 5.877099931240081787e-03 9.553346037864685059e-02 7.776213437318801880e-02 7.068670674925670028e-05 9.255384611606132239e-06 1.337982685072347522e-04 1.287405211769510061e-06 2.838757936842739582e-04 9.935450553894042969e-01 7.082073134370148182e-04 1.554859336465597153e-04 2.499030670151114464e-04 8.771564462222158909e-04 4.301122316974215209e-06
2.557128343895698175e-22 6.608310708879267838e-16 1.723815536873153069e-23 5.274237990793295694e-11 3.317671692926182914e-10 3.027180557006042827e-15 1.000000000000000000e+00 1.174674100394915155e-13 1.943783834576606750e-02 5.132223581739539021e-17 3.470015787517254655e-16 4.877096504429800916e-09 1.501868247821835922e-11 2.301694251860553209e-10 5.102866751371948340e-08 2.379749275860376656e-06 5.867624622624134645e-06 1.437030161532959482e-09 2.464112913713734088e-09
2.123976126313209534e-02 4.015278536826372147e-03 1.154110068455338478e-03 5.757974982261657715e-01 3.533235937356948853e-02 9.342079162597656250e-01 6.664398312568664551e-02 5.403070244938135147e-03 6.108052656054496765e-02 3.232198534533381462e-03 4.816901855519972742e-05 5.721295019611716270e-04 8.704723790287971497e-03 1.494535151869058609e-02 2.714237868785858154e-01 1.107088522985577583e-03 4.607146978378295898e-02 5.998879298567771912e-02 2.524422947317361832e-03
6.322375156742054969e-08 4.738253123193203464e-10 5.538773259483598110e-11 1.000000000000000000e+00 1.017500306232932417e-08 2.448085623107942865e-10 6.596578168682754040e-05 1.947201417351607233e-05 2.170060572209697725e-12 1.343149147459143933e-08 1.223284966915024064e-19 7.628722168362560871e-17 4.734725678190443432e-07 3.567519524949602783e-05 2.683246857486665249e-04 2.072797315733065915e-11 3.464338481426239014e-01 1.120989878700129339e-07 1.732681332480536180e-17
9.434717297554016113e-01 2.926005423069000244e-01 1.570072782897113939e-08 9.998539686203002930e-01 3.039735555648803711e-02 2.332912458768987563e-07 9.489007294178009033e-03 1.366899930872023106e-03 2.396183117525652051e-04 1.979489570658188313e-05 6.810636725276708603e-03 8.969196351245045662e-04 5.683757481165230274e-04 6.990052759647369385e-03 1.204029899781744462e-06 1.373032806441187859e-03 1.492000883445143700e-03 1.625479342237667879e-07 3.013221976289059967e-05
3.017806093907893228e-08 1.115773473614467548e-09 4.369242904981364981e-16 9.534091949462890625e-01 8.021088433451950550e-04 2.472443133592605591e-01 9.014884829521179199e-01 1.165115421676576890e-12 3.173355478793382645e-03 1.686762437624195199e-13 4.484320536497538208e-16 1.342678312282741260e-11 5.531287927684758188e-11 7.276453573012986453e-08 2.079312835121527314e-04 2.194371351293966654e-09 1.247932800652051810e-06 2.417800182286100608e-08 5.652038281844795620e-10
9.134950573752576020e-09 1.517280225071804267e-12 2.426674236770101786e-20 6.826155640737852082e-07 6.067207455635070801e-01 1.803010407641636448e-09 9.999995231628417969e-01 1.156353180086454584e-15 2.795358933508396149e-02 1.787057194864677227e-15 2.138575740920269780e-14 2.443284494802355766e-03 5.942973196892964438e-11 3.749979059913810531e-12 4.652886502753972309e-07 2.466417390678543597e-05 1.266051754100772087e-06 2.323463199616071506e-09 5.123355961700326588e-08
4.511893261224031448e-03 8.627691864967346191e-01 2.180363517254590988e-04 5.589136481285095215e-02 6.976044824114069343e-05 1.226128786802291870e-01 3.217622041702270508e-01 7.844437658786773682e-02 2.419526688754558563e-03 1.370224927086383104e-04 2.694984141271561384e-04 2.692931229830719531e-05 8.005267009139060974e-04 9.712867140769958496e-01 6.273934268392622471e-04 2.476173976901918650e-04 1.338112517260015011e-03 2.707611536607146263e-03 3.535793803166598082e-05
5.949081969447433949e-04 1.334880129434168339e-03 1.183751123789988924e-06 9.576118900440633297e-04 7.638046052306890488e-03 9.999792575836181641e-01 6.955879507586359978e-04 4.756608177558518946e-06 1.057046931236982346e-02 5.419315129984170198e-05 3.849531893251878500e-08 6.701536221953574568e-06 5.608138599200174212e-05 1.172381802462041378e-03 2.147168619558215141e-03 1.587072074471507221e-05 5.648694059345871210e-05 2.780397422611713409e-03 1.725360052660107613e-04
3.679062137962318957e-05 3.990626282757148147e-07 5.059255059336464910e-08 9.999998807907104492e-01 3.127887566733988933e-07 6.777928210794925690e-03 1.009539755614241585e-05 1.540526718599721789e-04 3.754178745651870486e-09 5.683606104867067188e-06 1.325613762233031692e-15 2.961597167592394664e-13 2.865102214855141938e-05 3.210625145584344864e-03 7.392497360706329346e-02 2.504831897454096179e-09 2.388760476605966687e-04 1.052729692310094833e-02 2.466159004441137448e-12
2.092172962653293666e-11 4.814338927516814692e-10 3.335584846525518898e-13 8.870247751474380493e-03 9.717310831547365524e-07 1.805574134650100859e-09 9.999996423721313477e-01 6.147734410433258745e-08 2.055401455436367542e-05 6.885595392469578968e-12 5.359068223909080331e-13 3.366547574046308000e-08 3.315632284284220077e-07 2.828606193361338228e-05 1.527581736445426941e-02 5.282683446239389013e-07 2.447912395000457764e-01 8.113600102888085530e-08 4.290279775887029245e-08
5.835459232330322266e-01 3.171147966440912569e-07 1.171579042005647942e-14 2.631974496125621954e-07 8.560501933097839355e-01 2.018817242283726943e-13 4.197973385453224182e-02 2.389485764808796375e-08 5.103033967612802257e-11 3.219231031835079193e-03 1.236773948228367392e-13 9.997854828834533691e-01 1.356058492092415690e-04 2.056851969290101473e-14 8.082776330407821205e-18 3.859200328588485718e-02 1.389946646668249741e-08 9.317591143087611272e-09 6.492034015405379055e-13
5.531993120768006989e-23 1.006052050726903251e-17 1.118561187179425821e-19 2.501165274892969137e-09 5.842148020505835010e-15 7.996062257356296362e-22 1.000000000000000000e+00 6.651458051010195049e-08 2.639675700244481504e-10 2.923944859021046505e-14 9.212809271912438691e-18 2.393643616649399064e-10 2.905456542023898692e-09 3.011161875399182009e-10 4.168708755969419144e-08 8.648521543364040554e-08 9.997898936271667480e-01 9.059544781031547700e-12 3.601495837668444722e-11
1.852136477828025818e-02 3.270414844155311584e-02 1.591291744261980057e-03 9.985532164573669434e-01 2.409569686278700829e-03 1.127735711634159088e-03 1.100554410368204117e-02 1.566169112920761108e-01 1.155084828496910632e-05 4.760340787470340729e-03 3.528577508404850960e-06 7.728286618657875806e-06 1.396301575005054474e-02 8.652130365371704102e-01 7.644300162792205811e-02 1.706919632852077484e-03 3.115504793822765350e-02 5.702094435691833496e-01 2.680074430827517062e-06
2.434597035971819423e-06 1.642037765122950077e-03 1.359589663074700638e-10 1.000000000000000000e+00 2.073515359413136139e-09 4.540052416044521033e-13 9.827534995565656573e-06 2.048684516921639442e-03 4.614715185501105932e-13 3.552419247654370338e-09 8.819319752305983945e-15 4.876750834786006551e-17 3.033537268493091688e-06 9.879261255264282227e-01 6.346961640701920260e-07 8.621424463228777313e-09 1.763212960213422775e-03 8.207758583012036979e-06 1.241306201300558867e-14
2.720042615624029825e-13 3.638176693243622140e-08 1.321404465882969337e-13 9.999955892562866211e-01 4.735286869648330788e-15 8.932115457209919386e-19 7.616023421287536621e-01 1.240810146555304527e-03 9.615220078473818432e-12 2.905575433032048238e-11 6.993166051077445076e-18 2.323858982427513587e-19 3.289151706553639087e-08 6.717429161071777344e-01 1.125782546296250075e-06 1.311127682118717885e-11 9.995642304420471191e-01 3.586336333682993427e-06 1.832383410179912533e-15
3.379200994968414307e-01 3.591391444206237793e-02 2.165882661938667297e-02 9.999899864196777344e-01 1.961255446076393127e-03 1.237460674019530416e-04 1.073032981366850436e-04 1.752041280269622803e-02 2.419269833353610011e-07 3.591644577682018280e-03 2.628365109558217227e-06 3.568565034584025852e-06 5.078263580799102783e-02 6.688184738159179688e-01 6.245572585612535477e-03 4.254633095115423203e-03 7.056271424517035484e-04 1.050205305218696594e-01 1.038263576447207015e-06
