2.756226167548447847e-04 2.618952712509781122e-04 1.668497861828655005e-04 3.099882006645202637e-01 1.325178192928433418e-03 3.438292769715189934e-04 9.685499072074890137e-01 2.097552455961704254e-02 1.154666184447705746e-03 2.867015544325113297e-03 4.360816546977730468e-06 1.558006275445222855e-03 1.567431353032588959e-02 1.233984809368848801e-02 1.290684491395950317e-01 3.931549377739429474e-03 7.087723016738891602e-01 3.365022363141179085e-03 1.651342463446781039e-04
5.087995901703834534e-02 6.789478659629821777e-01 9.593865275382995605e-01 1.967658996582031250e-01 1.690333941951394081e-03 6.611658260226249695e-03 3.378901481628417969e-01 3.452106714248657227e-01 3.223660867661237717e-03 3.536363365128636360e-03 6.128993816673755646e-03 9.571260889060795307e-04 2.375464886426925659e-02 8.742094635963439941e-01 3.015537932515144348e-02 1.524973753839731216e-02 2.088360674679279327e-02 1.932286284863948822e-02 1.459593418985605240e-03
8.248714730143547058e-03 6.289249751716852188e-03 5.012785792350769043e-01 3.480081260204315186e-02 8.421222120523452759e-02 1.312436759471893311e-01 8.287227153778076172e-01 1.875697262585163116e-02 2.986205220222473145e-01 1.331529580056667328e-02 1.074129715561866760e-03 6.092106178402900696e-02 2.574194595217704773e-02 1.045569870620965958e-02 6.047305092215538025e-02 6.113728135824203491e-02 1.293760389089584351e-01 2.653767913579940796e-02 5.785398930311203003e-02
6.943962627126154530e-10 6.730064639262622883e-13 4.900065694591866985e-15 9.999982118606567383e-01 8.629618832856067456e-07 1.393784447665386006e-13 9.616867303848266602e-01 3.701423167967732297e-08 1.456127718402200344e-10 3.311722562848729012e-10 4.108120650928896403e-19 3.160803008217527577e-10 8.449821820022407337e-08 1.026279061733248454e-08 3.350202314322814345e-05 5.909838662887523242e-08 8.108450770378112793e-01 2.708397395245754069e-11 2.381069754071093308e-15
7.676383262378294603e-08 6.453752462998174622e-12 3.775803522382444044e-15 1.971031679204315878e-06 4.937351047992706299e-01 4.221476057608697374e-09 9.404451251029968262e-01 3.468400455730602516e-09 3.234886136738168716e-08 1.159686408936977386e-02 6.493677801424138640e-14 9.990867376327514648e-01 9.884466635412536561e-06 1.328997404747428446e-13 9.968313501029779644e-12 5.855782628059387207e-01 3.521105827530846000e-05 2.283879894093843177e-06 2.160715183163741671e-11
5.419321951194433495e-07 4.476455615076702088e-07 1.082091038995258714e-08 1.045092125423252583e-03 2.135293179890140891e-04 4.439107925691132550e-08 9.999465942382812500e-01 6.634777673752978444e-05 7.622660632478073239e-05 5.622297862828418147e-07 1.228156953914094629e-08 1.237960415892302990e-03 4.069315909873694181e-04 6.294751801760867238e-05 6.421786267310380936e-03 4.348459769971668720e-04 7.403534054756164551e-01 8.626437193015590310e-06 1.549192347738426179e-05
1.615865885540301861e-09 2.088797801391706344e-09 7.948933178347772355e-12 1.095220577553845942e-04 3.606507088989019394e-04 1.225740620114379453e-10 9.999983310699462891e-01 3.742366914138983702e-07 8.796157089818734676e-06 5.072064546141064056e-09 1.953794070974623764e-11 1.831072615459561348e-03 2.483927164576016366e-05 4.901022521153208800e-07 1.161732943728566170e-04 6.007470656186342239e-04 1.753793805837631226e-01 2.641656067225994775e-07 1.589957179248813190e-07
2.376784209445759188e-07 7.178794476203620434e-05 1.224770187491230899e-07 2.825982846843544394e-05 1.220171452587237582e-05 5.001244426239281893e-05 9.998879432678222656e-01 2.002873225137591362e-04 6.675101518630981445e-01 8.087502578746352810e-07 2.612087337183766067e-05 9.178963227896019816e-05 3.525342981447465718e-05 3.245824715122580528e-03 3.699040738865733147e-03 1.937234192155301571e-04 3.198991715908050537e-02 2.105371840298175812e-02 6.794439256191253662e-02
1.455065068434180375e-09 4.169234273376787314e-07 1.675553384927752631e-08 4.228227771818637848e-05 8.662567552164546214e-07 4.161305184879893204e-07 9.999846220016479492e-01 1.045461045578122139e-03 1.968819880858063698e-03 5.127861641085473821e-06 1.078473275128999376e-07 2.538522312534041703e-05 7.861973135732114315e-04 9.238105267286300659e-04 9.237240068614482880e-03 2.004292618948966265e-04 6.081678867340087891e-01 7.569976150989532471e-05 1.076590560842305422e-04
2.274806770920521958e-16 7.594384241480303666e-14 1.931226460192767109e-19 8.776810034305526642e-08 1.129055476667417679e-06 7.159421493152517968e-12 1.000000000000000000e+00 9.128127941016028757e-12 1.377444277750328183e-06 1.518942090161790048e-12 7.730252632853034636e-18 1.172893689727061428e-06 3.354913502562340000e-08 5.223244059493481473e-10 5.387686314861639403e-07 7.553598607046296820e-06 1.145231217378750443e-04 2.295039852606706177e-10 4.214303558902621205e-11
7.352995453402400017e-06 2.414880145806819201e-04 5.040415018697785854e-08 3.195902536390349269e-06 1.850779808592051268e-04 3.851111785024841083e-07 9.943307638168334961e-01 5.103810876607894897e-02 3.604790254030376673e-04 1.124865114688873291e-01 1.033924563671462238e-04 5.120497345924377441e-01 1.055777668952941895e-01 4.143033038417343050e-06 1.241588870470877737e-05 1.875911951065063477e-01 1.846270859241485596e-01 8.552589133614674211e-05 3.937341389246284962e-04
1.018251705175998723e-08 1.257362782780546695e-07 3.691459138366326442e-09 1.417993917129933834e-03 1.267877109967230354e-07 1.186724286526441574e-02 9.996053576469421387e-01 7.438576176355127245e-06 2.114719012752175331e-03 1.969920226940757857e-09 3.612158835930578960e-11 6.335744151542144209e-10 1.816194753700983711e-06 5.954988300800323486e-02 6.937939524650573730e-01 1.022609463774415417e-08 4.921785369515419006e-02 1.103157119359821081e-04 3.558247271939762868e-06
4.192397227598121390e-06 3.112077820333070122e-06 1.947133343449536369e-09 9.998965263366699219e-01 5.689477984560653567e-05 2.318677161383675411e-07 5.499057769775390625e-01 1.460270577808842063e-04 3.403639084353926592e-06 2.338881604373455048e-04 2.082724791241385986e-11 3.463916868895466905e-07 1.445195375708863139e-04 3.430511860642582178e-04 7.198337116278707981e-04 2.674009374459274113e-05 9.181680530309677124e-02 9.382028309801171417e-08 7.109406952032770732e-10
1.129102427512407303e-03 6.242615654628025368e-06 3.076804944157629507e-07 1.049344241619110107e-02 7.505214810371398926e-01 1.086044721887446940e-05 8.886498808860778809e-01 6.467720231739804149e-05 6.044956389814615250e-04 2.075893105939030647e-03 9.489556873631954659e-07 9.461581707000732422e-01 6.702035898342728615e-04 3.895986537827411667e-06 9.582942766428459436e-06 4.618716537952423096e-01 2.233153022825717926e-02 9.048137813806533813e-03 1.006478942144894972e-05
7.239597383886575699e-03 4.508266044922493165e-07 1.536505644939012427e-10 1.251251101493835449e-01 9.441768527030944824e-01 2.568000354585819878e-07 9.030229449272155762e-01 1.586099784844918759e-07 9.469223004998639226e-05 6.279719400481553748e-06 1.280855066454478219e-08 8.954164385795593262e-01 6.202174972713692114e-06 2.384595987336979306e-08 2.581831040515680797e-06 1.889485865831375122e-01 8.125669322907924652e-03 2.467889280524104834e-04 1.391067598888184875e-07
3.393353195860981941e-03 3.850064729249425000e-07 3.185848806985802639e-10 1.884807087481021881e-02 9.329578876495361328e-01 5.757350436397246085e-07 9.782044887542724609e-01 8.162230358266242547e-08 1.265024184249341488e-03 3.983477654401212931e-07 2.440693513960923156e-08 6.792931556701660156e-01 4.731674380309414119e-06 4.242294693312942400e-08 1.358647932647727430e-05 6.217406317591667175e-02 6.335573736578226089e-03 6.475088594015687704e-05 2.149221700165071525e-06
1.570303518999328812e-19 3.073396355121604806e-12 1.948418142604368817e-17 2.917203284491520776e-11 2.100157883971193185e-14 7.623474239873431241e-20 9.999947547912597656e-01 1.011762544512748718e-01 1.756708493949599159e-12 9.453837871551513672e-01 7.936770713573310793e-15 6.767681986093521118e-02 5.363847321859793738e-07 4.425270913599455014e-11 1.276706605018995688e-11 1.040912419557571411e-01 5.367025732994079590e-01 7.523541789566934312e-09 4.203918300711012579e-13
2.554472283901682463e-33 1.508064209219650437e-24 3.127115598814541466e-28 1.421519014746340645e-16 2.778232769239351599e-25 2.330816391036441583e-29 1.000000000000000000e+00 2.527579257005641011e-10 1.406553383276332170e-05 1.542413382400462649e-25 3.715540538340773401e-20 5.307422242997155682e-21 1.902761445473361425e-16 8.588323628655469832e-12 1.844961405872425075e-09 7.112870765504117430e-16 1.000000000000000000e+00 3.725725023634440802e-12 5.095781019370804188e-10
1.179791597749613175e-09 1.951383765685932303e-08 3.784699380031863927e-16 1.817501363169174433e-13 2.733067418214663036e-11 2.682396971209755066e-09 9.999998807907104492e-01 1.400898711270692765e-12 9.719473123550415039e-01 2.072614432510611060e-12 9.199128264691935897e-11 5.776649345534679014e-07 1.854625827912848024e-12 1.040285999703849384e-11 1.642323610440143966e-09 1.028453086582281628e-10 1.452050037187291309e-05 1.634788304727408104e-06 9.774272441864013672e-01
2.271567156597598114e-09 6.304285538050180548e-09 1.437284129603491611e-14 2.130484062945470214e-06 4.225794691592454910e-03 2.331386497189669171e-07 9.999985694885253906e-01 3.137563542310317644e-10 6.181293725967407227e-01 6.455002643512841587e-10 7.202948015816446059e-09 6.906960625201463699e-03 9.489524188666109694e-08 4.185615054552727088e-08 2.773918822640553117e-05 1.557576120831072330e-03 3.872394154313951731e-05 1.894374508992768824e-05 8.104921289486810565e-05
1.157106908067362383e-07 1.756020884258191472e-09 9.843252515157052684e-13 4.354981228971155360e-06 1.476741284132003784e-01 9.859349727630615234e-01 6.025893092155456543e-01 4.020471022075922107e-12 2.086821198463439941e-01 6.966707388755821739e-08 2.064845256583014432e-12 4.901021020486950874e-04 1.616227329748198827e-08 2.141482990936083297e-09 9.594277798896655440e-07 5.424868868431076407e-05 4.514904503594152629e-07 4.599671228788793087e-05 1.153456832980737090e-05
6.507248713205626700e-07 6.371433380891744491e-10 7.326413510155144193e-14 1.342423820460680872e-05 7.155544757843017578e-01 3.463372290134429932e-01 9.228554368019104004e-01 5.135301472253273047e-12 3.804603815078735352e-01 2.907257226070214529e-07 6.467483493199921440e-11 5.757093802094459534e-02 2.238659924103103549e-08 8.023836456372279713e-11 8.794539496648212662e-08 1.601884607225656509e-03 1.137062440648151096e-06 1.111653546104207635e-04 9.858052180788945407e-06
9.226907044649124146e-03 3.735640086233615875e-03 1.759299084369558841e-05 2.222217991948127747e-02 1.265422105789184570e-01 8.254232406616210938e-01 3.516569137573242188e-01 8.068640017881989479e-04 3.560053184628486633e-02 3.565363958477973938e-02 1.979568878596182913e-05 1.808804832398891449e-02 7.624969352036714554e-03 6.683286628685891628e-04 8.511818014085292816e-03 9.623984806239604950e-03 3.281321609392762184e-03 6.599137559533119202e-03 1.321404357440769672e-03
7.393247680731462879e-10 4.447003204045840707e-13 1.199558911945709794e-14 1.000000000000000000e+00 7.752639641367409240e-10 3.442693924534355465e-14 5.883678386453539133e-05 1.540479388495441526e-07 3.464319014490936655e-14 1.168211447716283047e-11 2.473975399400565168e-23 4.970519899778047057e-20 3.731092768077814981e-09 1.812099981179926544e-07 3.261469828430563211e-06 1.350255627793894853e-13 7.475289702415466309e-01 2.096122104014441767e-12 3.969075515835467810e-21
2.166586741805076599e-02 5.270364411558148277e-08 1.501369016089493247e-12 9.995610117912292480e-01 9.553285241127014160e-01 2.284629044879693538e-05 1.724050492048263550e-01 4.824885380116938904e-09 3.115956860710866749e-05 2.411123659840086475e-06 5.952377479800929905e-11 6.242205947637557983e-02 8.593812026447267272e-07 3.652205426973864633e-09 1.482223069615429267e-05 3.147167339920997620e-02 3.024377860128879547e-03 2.650616079336032271e-05 9.305101689172090573e-10
1.372078423100830946e-10 2.333540249921384202e-09 2.901266780056086132e-15 8.161997300248913234e-08 1.394964638166129589e-04 1.795759452249967580e-08 9.999998807907104492e-01 1.379283909308526290e-10 7.224839925765991211e-01 6.430937726786822850e-11 2.133996979125640792e-09 8.384521934203803539e-04 1.813869765499021014e-08 3.183549779350869358e-08 1.085821986634982750e-05 2.185708872275426984e-04 4.253836232237517834e-05 8.947637979872524738e-06 1.778777077561244369e-04
1.754040113155497238e-08 3.617278698797576908e-09 8.432572317174652911e-17 3.137710535838778014e-08 1.208330225199460983e-02 1.970427598863011553e-09 9.999995231628417969e-01 3.282770973458970509e-12 8.253136277198791504e-01 7.633704432463694900e-12 7.875495811049404438e-09 5.585870146751403809e-02 3.393902270332205262e-09 3.328796127632926982e-10 4.810245286535064224e-07 5.259183817543089390e-04 1.543519283586647362e-05 1.058607267623301595e-06 2.831281453836709261e-04
6.211080471985042095e-04 6.781074590733737750e-10 3.879421909853009859e-15 9.246225953102111816e-01 9.771017432212829590e-01 1.147907551057869568e-05 9.324992895126342773e-01 1.312115693874460476e-11 2.935813041403889656e-03 5.305410333278359758e-09 2.570056667483555657e-11 5.607501044869422913e-02 1.072507593846694363e-08 1.209580907657326065e-10 3.769643626583274454e-06 1.017920020967721939e-02 1.977606152649968863e-04 3.732056939043104649e-05 2.528333986617781193e-08
1.775961209204979241e-06 6.472293279102814267e-08 4.120467327257439083e-14 2.535155863014892930e-09 3.684229683130979538e-03 5.948773105046711862e-05 6.541364789009094238e-01 4.035486654174746946e-06 8.436264579358976334e-06 9.900237917900085449e-01 9.123471977900976526e-10 9.629015922546386719e-01 1.266784034669399261e-03 1.254165093176121126e-13 1.354745742671026321e-11 1.723432540893554688e-01 1.145247438216756564e-06 4.651972460578690516e-07 2.885543892716668779e-07
1.639883407733577769e-06 3.035221496361373283e-08 8.437770881303263693e-13 1.416289876488008304e-07 1.683112059254199266e-04 4.390084650367498398e-04 1.183038502931594849e-01 1.375403917336370796e-05 5.435605885395489167e-07 9.999638795852661133e-01 5.652135426359450321e-10 6.434528231620788574e-01 6.594225997105240822e-04 2.800397446486163622e-13 1.492491796817319027e-09 2.311016991734504700e-02 5.682807682205748279e-07 6.821925921940419357e-07 1.577673636177223671e-08
3.348822593688964844e-01 4.842022359371185303e-01 2.641273438930511475e-01 6.869177222251892090e-01 9.546870738267898560e-02 3.329794481396675110e-02 1.936359107494354248e-01 3.849907219409942627e-01 1.175370253622531891e-02 3.034391105175018311e-01 6.440026313066482544e-02 1.562899649143218994e-01 2.483569085597991943e-01 4.416805505752563477e-01 6.134210154414176941e-02 1.976887434720993042e-01 8.865289390087127686e-02 1.364772021770477295e-01 1.285483781248331070e-02
3.232988761737942696e-03 8.197216317057609558e-03 6.733760983479442075e-06 1.543039381504058838e-01 1.712156459689140320e-03 9.993096590042114258e-01 8.758297772146761417e-04 3.401195281185209751e-04 3.108542878180742264e-03 5.497255915543064475e-05 1.478236981711233966e-07 1.215312408930913080e-06 4.084831161890178919e-04 8.730494976043701172e-02 1.234538853168487549e-02 9.848401532508432865e-06 2.250411635031923652e-04 6.617383100092411041e-03 4.820642425329424441e-05
0.000000000000000000e+00 6.859789036739436638e-33 3.130354313209213752e-33 2.276101407840840953e-15 3.471033514570636694e-32 0.000000000000000000e+00 1.000000000000000000e+00 6.807786756199418754e-13 2.159856723742028910e-16 3.612735655755058363e-31 3.272148098871961404e-32 1.531541573346014811e-27 4.815719187369856719e-20 8.257529385204305516e-16 1.830410129022297383e-11 5.000189963621529179e-19 1.000000000000000000e+00 1.382431388993535373e-17 2.917656602887660827e-17
1.754704304039478302e-02 3.721607476472854614e-02 9.060576558113098145e-01 4.469527602195739746e-01 1.311366632580757141e-02 3.727484028786420822e-03 6.179896593093872070e-01 2.935355901718139648e-01 1.062676124274730682e-02 2.712128125131130219e-02 1.317141694016754627e-03 8.665472269058227539e-03 1.376519203186035156e-01 1.776929050683975220e-01 2.192777991294860840e-01 4.290467128157615662e-02 7.391915321350097656e-01 7.406221330165863037e-02 1.542540732771158218e-02
1.792954839766025543e-02 1.736467122100293636e-03 1.602678059708928515e-11 6.652643991245099642e-10 4.347224894445389509e-04 2.222063644197191934e-09 9.994670748710632324e-01 3.243337232561316341e-06 5.031143501400947571e-02 6.660130111413309351e-06 3.290765016572549939e-05 4.644709825515747070e-01 1.911346334964036942e-03 2.826713307868544689e-10 1.845816832712898758e-09 5.331938154995441437e-04 2.361802151426672935e-03 5.769800992538876017e-08 1.231034547090530396e-01
9.999719858169555664e-01 1.834602057933807373e-01 4.680228372824085659e-14 1.192406443806248717e-06 1.318994350731372833e-02 3.054112301600908630e-12 7.427349686622619629e-03 4.830683974432758987e-05 1.055281813933106605e-06 5.813006282551214099e-05 6.324135881641268497e-08 8.511623740196228027e-01 3.099251538515090942e-02 5.698125304931522805e-11 8.090465900643787657e-16 1.187274974654428661e-04 1.525362023357956787e-07 5.511652911849296288e-09 4.867188181378878653e-07
5.500700208358466625e-04 8.785662939772009850e-04 1.579666286666281394e-09 4.057987406849861145e-02 1.241696850229345728e-06 6.023739388183457777e-06 1.993879704969003797e-04 1.905134879052639008e-02 1.010109329513397824e-09 9.999859333038330078e-01 3.967698205542546930e-07 1.029287353157997131e-01 5.316444672644138336e-03 6.282324648054782301e-06 1.183080826194782276e-06 1.234607864171266556e-02 1.148960000136867166e-04 1.874645007774233818e-03 8.024620412605543152e-10
3.739127578228362836e-06 1.289375068154186010e-04 3.647992343758232892e-06 1.142802555114030838e-02 4.137827083468437195e-03 5.464000423671677709e-05 9.991975426673889160e-01 1.407488598488271236e-03 6.942130625247955322e-02 1.294646790483966470e-04 1.137611179728992283e-04 1.147940848022699356e-02 2.464273711666464806e-03 2.580056199803948402e-03 1.130191329866647720e-02 5.073527991771697998e-02 8.698557317256927490e-02 3.630026709288358688e-03 1.626930199563503265e-03
6.657810969201705120e-10 2.634173434934439229e-10 1.793947070971926849e-13 4.473399151105894589e-10 2.608515508472919464e-02 1.000000000000000000e+00 1.151174728875048459e-06 2.252718216298938737e-15 6.492402404546737671e-03 1.103802134139186819e-07 6.091435454945830761e-17 1.713238617639945005e-07 3.097392342610305604e-10 6.726385073929641578e-12 2.946452415386602297e-09 5.460752845465322025e-07 3.185058883303781840e-10 9.049499567481689155e-07 7.674188054807018489e-06
2.227809272881131619e-05 1.691469435627368512e-07 1.344717226459124504e-09 2.644683467224240303e-03 2.526772320270538330e-01 9.996660947799682617e-01 7.305325474590063095e-03 4.947629417273446961e-09 5.395874753594398499e-02 6.727842901455005631e-06 1.746377070732663128e-10 7.347857899731025100e-05 1.916948804137064144e-06 2.278431594504581881e-07 2.405677332717459649e-05 1.365177740808576345e-04 3.884207399096339941e-05 1.079803798347711563e-03 1.028961196425370872e-05
5.665687695000087842e-06 2.826455958171436578e-09 1.104798307993584781e-15 2.757433321676217020e-06 8.060554862022399902e-01 1.382305413244466763e-06 9.996678829193115234e-01 2.220399645397330701e-12 7.883374094963073730e-01 9.913394549698750779e-10 4.245984008832692780e-09 6.225928664207458496e-01 9.944287171492760535e-09 5.070453779065786648e-11 8.144782270846917527e-08 4.911222960799932480e-03 3.092253564318525605e-06 4.591186097968602553e-06 5.873228656128048897e-05
4.101089760661125183e-02 5.998931010253727436e-04 4.016929722183704143e-08 3.989452030509710312e-03 5.576247572898864746e-01 3.835298994090408087e-04 9.618324041366577148e-01 2.043589802269707434e-06 5.439988970756530762e-01 1.060281829268205911e-05 2.720446209423243999e-04 4.630413949489593506e-01 5.520154809346422553e-05 9.883957318379543722e-06 1.940941147040575743e-04 1.524029579013586044e-02 1.581680029630661011e-03 2.833268954418599606e-04 1.486418675631284714e-02
4.468223154544830322e-01 4.867434199695708230e-06 1.329368256100527113e-12 2.845416474883677438e-06 8.793513178825378418e-01 6.963226439893333009e-08 9.900711774826049805e-01 9.569284253885257385e-11 3.956975042819976807e-01 4.027115529936509120e-09 5.069813369118492119e-07 8.932154774665832520e-01 5.520440637951651297e-08 1.291039913864366895e-10 3.537928616736962795e-09 1.449190662242472172e-03 8.416673153988085687e-06 1.275776781994863995e-07 1.463452703319489956e-03
1.969197910511866212e-05 5.210711861991512706e-08 2.298081430013310111e-12 6.445753115258412436e-06 7.438867688179016113e-01 2.585588276815542486e-07 9.996353387832641602e-01 1.680449446261889079e-09 2.785980887711048126e-02 6.536192476147562047e-09 6.864283363938739058e-09 3.940002918243408203e-01 2.972220499941613525e-06 4.718018864480200136e-09 1.602485326657188125e-06 8.975993841886520386e-03 3.105027426499873400e-04 1.459667032577272039e-06 1.478965532442089170e-05
9.824936985969543457e-01 2.780536413192749023e-01 9.995248317718505859e-01 3.566118180751800537e-01 3.129630908370018005e-02 1.593900560692418367e-05 3.092616098001599312e-03 6.949374824762344360e-02 3.021365841959777754e-07 9.979654103517532349e-03 2.512605569791048765e-04 5.554912239313125610e-02 7.489032149314880371e-01 2.218256890773773193e-01 4.528971912804991007e-04 1.549893338233232498e-02 3.411728539504110813e-04 4.523721337318420410e-02 3.957494482165202498e-05
9.997180104255676270e-01 1.152655202895402908e-02 3.448146976281485365e-11 2.940143950524998218e-08 9.490180760622024536e-03 9.964787883731673901e-10 8.447312712669372559e-01 9.116191534985773615e-08 1.939506381750106812e-01 1.695789961786431377e-07 7.036321221676189452e-06 6.725087165832519531e-01 1.875693487818352878e-05 6.622800224898028887e-11 4.627312855803866753e-12 1.502126815466908738e-05 7.399571131827542558e-06 3.070647069947085583e-09 2.092013359069824219e-01
3.709633782881388564e-13 5.814221500088923023e-12 3.703421683903806993e-12 9.061693563126027584e-04 8.984788024690715247e-09 2.454373509985785518e-14 9.999947547912597656e-01 6.173394922370789573e-06 6.683757103331799954e-09 1.624952616907648917e-09 2.325359041877462368e-14 1.348462319583632052e-06 2.797228717099642381e-06 2.251549915399664314e-07 4.071930743521079421e-05 1.303930821450194344e-05 9.980323910713195801e-01 4.335159786705844454e-08 3.492777622682297078e-09
1.854557840630377541e-09 9.765668806949179270e-08 1.747909282590054403e-11 2.235108520835638046e-03 1.379838636239583138e-06 1.077339439881086491e-09 9.921414852142333984e-01 7.891854620538651943e-04 1.108803076022013556e-07 2.581453919410705566e-01 4.843579357038940714e-11 8.084413595497608185e-03 4.241325077600777149e-04 4.777292588187265210e-07 8.707222150405868888e-06 1.016467157751321793e-02 5.483713746070861816e-02 7.986704986251424998e-06 2.140956301133201123e-09
1.609171857126057148e-03 2.129948139190673828e-01 5.083981886855326593e-05 9.787510633468627930e-01 3.176846948917955160e-04 2.424894046271219850e-05 2.566634416580200195e-01 1.784102469682693481e-01 2.397511125309392810e-04 2.010009251534938812e-03 2.139984098903369159e-05 1.604253702680580318e-05 7.601296529173851013e-03 9.213962554931640625e-01 1.557232113555073738e-03 2.671820344403386116e-03 7.815638184547424316e-02 3.240901278331875801e-03 1.593338311067782342e-05
2.784293901640921831e-04 4.221403742121765390e-06 7.216959777185671943e-13 9.315024614334106445e-01 3.853212717785936547e-07 1.857056304288562387e-06 8.933705430536065251e-06 4.461005664779804647e-05 2.183807334184967308e-13 9.999998807907104492e-01 1.198757933196237246e-11 2.080190367996692657e-02 8.025767747312784195e-04 1.085863621241855981e-09 1.842800116946818889e-07 1.035864697769284248e-04 9.491041623732598964e-07 4.309288215154083446e-06 1.781480202885012826e-14
3.584386547572648851e-07 3.368549528204312082e-07 1.429092435500933789e-07 9.999976158142089844e-01 2.863069559211339765e-09 1.318519707638188265e-06 3.257592616137117147e-04 5.267503671348094940e-03 4.987996560928964485e-12 1.015816887957043946e-04 1.128437409364676201e-16 6.636978157814263368e-14 2.304502413608133793e-05 1.879834979772567749e-01 5.474135279655456543e-01 4.095506600521048313e-09 3.677802160382270813e-02 9.778793454170227051e-01 2.412595261576714299e-15
4.427490755915641785e-03 1.900473609566688538e-02 1.000000000000000000e+00 9.986543655395507812e-01 3.019504219992086291e-05 1.360583752330057905e-07 3.422037116251885891e-04 8.216043934226036072e-03 8.852184263385964869e-11 5.456372309708967805e-05 1.151477408711798489e-05 4.590217628219761536e-08 2.016111910343170166e-01 9.250382184982299805e-01 1.334099024534225464e-01 7.097564637660980225e-03 3.699146691360510886e-05 3.971330821514129639e-01 1.300636398582355469e-07
2.550439114095035184e-27 2.953606428174587045e-15 3.064177460086430450e-27 4.957583996656467207e-07 1.604405590715475914e-19 1.807334765263798296e-24 1.000000000000000000e+00 2.135680521320182379e-11 7.035033888769248733e-08 3.934566827091010857e-22 5.233083182073716967e-19 2.299871261651358630e-19 1.014885061840359315e-13 2.110155946866143495e-06 4.375456796879007015e-08 1.398973493473010254e-12 6.086608767509460449e-01 9.125763567128380993e-15 1.390271903677076093e-13
3.952376150887280420e-23 9.472035929921859311e-16 3.457057330474973052e-22 7.210894674062728882e-02 1.116546522623103918e-16 2.022029855496864307e-22 1.000000000000000000e+00 2.501035212265634300e-10 7.265514578858045525e-11 8.763397495619009713e-19 7.970481454575023897e-22 9.136443130580930623e-18 1.933257720576619931e-11 3.436973941006726818e-07 7.681999250053195283e-07 8.508139505425393878e-12 9.717641472816467285e-01 1.333511412729936063e-14 1.232411550673088822e-15
0.000000000000000000e+00 8.029177429093171627e-34 1.781859795547021610e-34 2.320816455680940749e-11 3.552610939890032209e-34 0.000000000000000000e+00 1.000000000000000000e+00 1.180686594364410355e-14 1.278137631700952465e-21 2.377199654274019604e-33 0.000000000000000000e+00 4.151322717019333396e-31 6.259280541950162094e-21 3.097465286326395737e-16 1.365448661257151475e-12 1.050862609428940637e-20 1.000000000000000000e+00 7.344796364490105966e-22 1.558110854555974093e-22
1.386642223224043846e-03 4.821797087788581848e-02 5.161317403690190986e-06 9.999667406082153320e-01 4.381097096484154463e-05 8.327532441398943774e-07 2.895553770940750837e-04 8.150412887334823608e-02 2.541755250717869785e-09 4.153426925768144429e-05 5.497594379733072856e-09 4.257531660556423958e-09 5.546479951590299606e-04 9.988859295845031738e-01 3.822833241429179907e-04 1.780049642547965050e-04 1.107204472646117210e-03 4.955558106303215027e-02 1.022616769041917451e-09
1.169559895060956478e-03 1.114159729331731796e-02 4.962583261658437550e-06 9.999935626983642578e-01 3.582048884709365666e-05 1.408031835126166698e-06 1.618845708435401320e-04 5.372961983084678650e-02 1.292102314032206323e-09 2.809987381624523550e-05 6.868078328281512768e-10 7.474022511999578455e-10 3.739428357221186161e-04 9.970782995223999023e-01 1.794632989913225174e-03 3.937445217161439359e-05 1.135579776018857956e-03 2.437052577733993530e-01 2.589878866920969358e-10
2.326732584378987667e-08 3.552843118086457253e-04 1.276790673188088476e-09 9.264621734619140625e-01 1.939821316909728921e-07 2.025341179490158794e-11 7.765198349952697754e-01 9.709008038043975830e-03 2.666923535343812546e-07 1.394168846309185028e-02 4.944250009408790447e-10 1.051931485562818125e-05 2.006989234359934926e-04 2.892397157847881317e-02 2.252285185022628866e-06 2.180805429816246033e-03 3.595424816012382507e-02 3.478028247627662495e-07 3.307236262628521217e-09
8.647913336753845215e-01 2.566680908203125000e-01 1.267244660994037986e-04 9.999498128890991211e-01 2.757408423349261284e-03 6.722634680045302957e-06 6.028265488566830754e-05 2.620336785912513733e-02 6.846425293360880460e-08 1.364047522656619549e-03 5.257139946479583159e-06 4.763955803355202079e-05 8.782389760017395020e-02 6.602533459663391113e-01 9.376717207487672567e-05 2.791300881654024124e-03 1.692375080892816186e-04 1.610143855214118958e-02 5.165337029211514164e-07
9.862191063803038560e-10 1.519623360479727125e-08 1.745172673039974143e-09 9.988046884536743164e-01 1.482223638049617875e-06 5.929482165684119011e-13 9.978910088539123535e-01 1.488264115323545411e-05 7.465778821824642364e-07 3.945399118521208948e-09 1.803383484211273924e-11 6.374830974209544365e-08 6.643445885856635869e-06 1.703005909803323448e-05 6.256331835174933076e-05 2.356257027713581920e-05 8.729007244110107422e-01 3.366438861007736705e-08 2.263997878060308722e-09
3.468269046761338677e-16 2.370592803546504868e-15 5.599720520617194625e-16 1.000000000000000000e+00 8.572660581691979483e-16 1.973404469299041139e-22 9.476043581962585449e-01 2.019127407493215287e-07 1.447815840808120043e-15 8.535628089479784658e-15 3.008802513731546219e-25 3.955564764531507200e-20 2.365616869060005456e-10 1.183962865525245434e-07 3.110102966275007930e-07 1.520263000773583451e-13 9.999842643737792969e-01 3.118857982205985868e-14 1.695481633514030792e-20
5.868664629815611988e-07 2.256338128489576711e-12 4.619686354105905640e-15 1.000000000000000000e+00 1.652560786169487983e-05 5.445452034473419189e-02 1.621729461476206779e-05 9.774804576867524020e-11 8.207926072145710350e-08 5.121199297963840991e-11 6.047896798234223321e-20 2.180260434540316761e-14 6.398398699758445218e-09 1.043778952158902484e-09 3.263305698055773973e-04 9.106793791291423190e-11 6.414252311515156180e-06 1.670260019182023825e-08 9.487266217588202072e-15
1.533974192113873869e-08 1.493561676245425129e-14 9.832044123095148185e-18 1.000000000000000000e+00 8.572294973419047892e-06 9.928929209709167480e-01 1.386538315273355693e-06 2.500225504062369986e-13 1.352283106825780123e-06 3.170366733354877675e-14 1.254989032240882941e-23 3.920732871360904561e-17 7.984965466611981810e-11 1.736077601122154590e-11 5.824820254929363728e-05 5.163989353317022246e-13 3.758981392820714973e-07 8.641080739835160784e-09 2.949912941008084669e-15
2.368964342167600989e-04 1.215436532220337540e-05 6.873208349134074524e-07 5.690626502037048340e-01 1.054254011251032352e-03 9.993335604667663574e-01 1.181755797006189823e-03 1.203577721753390506e-05 5.055981222540140152e-03 4.658379111788235605e-06 1.268774640905689921e-09 9.206864604038855759e-08 5.388196223066188395e-05 4.066556575708091259e-04 1.151659414172172546e-01 7.341157015616772696e-07 2.274331636726856232e-03 9.495520964264869690e-03 7.862074198783375323e-06
4.592481534928083420e-03 3.235918939026305452e-06 2.515545549641728940e-10 9.748395085334777832e-01 8.934552669525146484e-01 1.115006944019114599e-05 8.327127695083618164e-01 1.071691713150357828e-06 1.224522013217210770e-03 4.040540807181969285e-05 2.103686966847817530e-07 3.115158677101135254e-01 1.276879265788011253e-05 1.878040279734705109e-06 1.311511732637882233e-04 2.451538294553756714e-01 1.983334682881832123e-02 1.019389717839658260e-03 8.457874400846776552e-07
2.169478138802638512e-11 2.185963232648191479e-08 2.502481277755208566e-10 7.425149419759691227e-07 9.914760568108249572e-09 2.862164498462771434e-12 9.997460246086120605e-01 1.700429618358612061e-01 2.276557040659099584e-07 1.234493702650070190e-01 6.425316723124296914e-09 3.876023367047309875e-02 1.789161760825663805e-04 2.304491999893798493e-06 3.241472313675330952e-06 7.799176126718521118e-02 9.477132558822631836e-01 4.149131564190611243e-05 1.666160756030876655e-07
7.040207274258136749e-04 3.037008127648732625e-06 1.683180670397632639e-07 1.379683911800384521e-01 7.992250919342041016e-01 9.525775567453820258e-06 9.740701913833618164e-01 1.284535937884356827e-05 3.295813454315066338e-03 6.576867599505931139e-05 2.445734480716055259e-06 7.184842824935913086e-01 9.597145981388166547e-05 5.274067916616331786e-06 1.429959229426458478e-04 3.487821817398071289e-01 5.023266375064849854e-02 2.034947089850902557e-02 2.990206667163874954e-05
2.438453584909439087e-01 2.908687747549265623e-04 1.168946450746943810e-08 9.999517202377319336e-01 7.621065378189086914e-01 2.620565646793693304e-05 8.955349773168563843e-02 1.144813541031908244e-05 1.591032720170915127e-03 5.635468914988450706e-05 8.514277396898251027e-06 9.419647976756095886e-03 7.608817395521327853e-05 6.391368515323847532e-05 2.397419593762606382e-04 3.454758599400520325e-02 1.473618485033512115e-02 2.556058007030515000e-06 3.427969659242080525e-06
6.117702461779117584e-03 2.758900791377527639e-06 4.167758638207175181e-10 9.999577999114990234e-01 2.789999544620513916e-01 6.406418151527759619e-07 4.522005021572113037e-01 2.179727971451939084e-06 1.767758221831172705e-04 6.487086352535698097e-07 6.015559961269900668e-08 3.812997310888022184e-04 1.181624338641995564e-05 4.713105681730667129e-06 6.270938902162015438e-04 2.195063745602965355e-03 9.425737708806991577e-02 1.093365185056427435e-07 6.277913655594602460e-08
2.179417163133621216e-01 6.623053341172635555e-04 9.565453638060716912e-07 7.550178170204162598e-01 8.477626442909240723e-01 3.056754358112812042e-04 4.705527126789093018e-01 2.198562870034947991e-04 1.542032579891383648e-03 3.387095639482140541e-03 2.391541238466743380e-05 6.415545344352722168e-01 9.524231427349150181e-04 9.206769027514383197e-05 3.913373802788555622e-04 3.335046172142028809e-01 6.740295886993408203e-02 1.414811052381992340e-02 3.004378595505841076e-05
7.213945354215400970e-17 1.319046080518258661e-15 2.369838747354462753e-18 1.000000000000000000e+00 7.884922238685098967e-16 1.162453716926962275e-20 9.888858795166015625e-01 3.410840676565385365e-08 1.145194897434918466e-14 8.810874833821858571e-16 3.425570548949516597e-26 3.269557083989697905e-22 5.544618583708249560e-11 2.055370629250319325e-07 1.200916472043900285e-06 6.168726232000940404e-15 9.993000030517578125e-01 1.742174083659974327e-15 5.586521382725643461e-21
1.439357475675957006e-15 4.474561725916620381e-13 1.323650173842838562e-12 2.093471586704254150e-02 2.161027216548982999e-12 2.629174717281832256e-17 9.999963045120239258e-01 1.324828303950198460e-06 2.824293299230618004e-10 4.715921663595024071e-13 4.580148351670622396e-17 1.123515776940697819e-11 2.552196320948496577e-08 6.513674861707841046e-07 4.760159572470001876e-05 1.539828176078117394e-08 9.999750852584838867e-01 7.697650294957725237e-10 1.004889643718698267e-10
1.979552907869219780e-03 1.652200012358662207e-07 1.638168073414547621e-10 9.999953508377075195e-01 1.417522132396697998e-01 1.858740672469139099e-02 7.957326248288154602e-03 1.257540134247392416e-07 1.798710000002756715e-04 2.682317017388413660e-06 1.238971564232471678e-10 1.545600389363244176e-05 8.213380169763695449e-06 1.190722969113267027e-07 6.369338370859622955e-04 1.693316153250634670e-04 1.015867921523749828e-03 4.578497737384168431e-06 9.875899209532690293e-09
6.818167457822710276e-05 3.758103048312477767e-06 7.466915974418952828e-09 3.993785139755345881e-05 3.485430777072906494e-02 5.960558727383613586e-02 5.897119045257568359e-01 5.204494300414808095e-05 1.900889765238389373e-04 9.403318166732788086e-01 5.632081823137013998e-08 5.416721105575561523e-01 3.013324458152055740e-03 1.349535683203839653e-08 5.380582024372415617e-06 6.457216292619705200e-02 1.224474981427192688e-04 1.065058240783400834e-04 9.011898328026290983e-06
1.877718188468848989e-17 1.408429576384403526e-16 3.728485561517542745e-22 9.467294216156005859e-01 3.375105350755802647e-08 1.077779087765157184e-13 1.000000000000000000e+00 5.502783423155452325e-14 3.045079566277308913e-08 1.291801427897224151e-17 3.044645645499731824e-22 1.208836958484227342e-12 7.921900982421625770e-12 4.326407843091573113e-10 3.667904456960968673e-05 2.436125079441353591e-09 1.277558971196413040e-03 2.026035806138026807e-12 3.770391828882436319e-15
2.782404480967670679e-04 4.628417082130908966e-05 2.914925516673411154e-13 1.423287205398082733e-02 1.934312605922361428e-11 3.008844062790672069e-09 4.990490154455073935e-08 6.027965806424617767e-03 2.286194334802967975e-16 1.000000000000000000e+00 7.479822317080220273e-11 9.393841028213500977e-03 2.169524319469928741e-03 3.665487469106665230e-08 7.101379900786852772e-11 2.080559934256598353e-04 7.093038334460288752e-08 7.066216785460710526e-04 9.798809170753070008e-15
1.815587529563345015e-05 8.223455770506316043e-12 9.747048006432874380e-18 1.000000000000000000e+00 1.037456240737810731e-04 4.272420639495067007e-08 3.816793196165235713e-06 2.395593723392153152e-10 4.952752603057685010e-18 9.999960660934448242e-01 1.969817941592446397e-21 1.201066002249717712e-02 9.647843626225949265e-07 1.120562755812289785e-14 3.387902154372568475e-07 3.004398422490339726e-06 2.608977922591293463e-07 6.692020271259480069e-10 1.262845771312522130e-23
2.003348246216773987e-02 2.102213539183139801e-02 1.520870532840490341e-02 8.537904173135757446e-02 2.103847637772560120e-02 9.326310753822326660e-01 9.122066199779510498e-02 2.621348761022090912e-02 1.110695749521255493e-01 1.633181422948837280e-02 7.105707773007452488e-04 3.387939417734742165e-03 2.538026310503482819e-02 1.228463873267173767e-01 6.151319742202758789e-01 2.887984737753868103e-03 6.099043041467666626e-02 7.948639988899230957e-02 1.580996066331863403e-02
8.726124613471150648e-14 8.689324815236432187e-09 3.430340050642605165e-13 7.667866697147474042e-08 2.498297402286908664e-11 4.345424073806778038e-16 1.000000000000000000e+00 2.832731115631759167e-05 6.170412525534629822e-04 9.727262398340208449e-12 2.000735719320800854e-07 1.486637124514800234e-08 1.102646933759388048e-07 5.386846169130876660e-06 1.361792237730696797e-05 1.293117179557157215e-06 9.997945427894592285e-01 2.233512930160941323e-07 3.694374172482639551e-04
4.404913634061813354e-03 1.999558135867118835e-02 6.438030595745658502e-06 2.903517484664916992e-01 5.095566809177398682e-02 1.396714430302381516e-02 9.491729140281677246e-01 5.759235355071723461e-04 2.930042445659637451e-01 3.137647581752389669e-04 1.057269866578280926e-03 9.321564808487892151e-03 8.854896877892315388e-04 9.838603436946868896e-03 9.813004173338413239e-03 1.112247910350561142e-02 5.209286231547594070e-03 1.410773606039583683e-03 9.699453599750995636e-03
4.108391366463869695e-17 1.635472379746261140e-08 6.890391755099875323e-19 7.676046465121544315e-08 1.058415779065652318e-13 5.229102842732851614e-15 1.000000000000000000e+00 4.502735748701525154e-07 8.763991296291351318e-02 6.256670804178157425e-16 3.430607187215883869e-10 6.351148990405008909e-13 1.356116469120038914e-10 1.017661113291978836e-02 1.499417430750327185e-05 1.546768602089798605e-09 1.591174304485321045e-01 1.056396627063804772e-06 1.021351181407226250e-06
7.565455017012959194e-14 1.160069132311036810e-05 2.799778998085220103e-16 8.541563147446140647e-06 1.365912764839105620e-11 1.766705878814001096e-11 1.000000000000000000e+00 1.506166995568491984e-06 2.452509663999080658e-02 7.727261349234695875e-14 2.491043815666671435e-09 7.967831255895063691e-12 1.103447555550474135e-09 3.429828584194183350e-01 1.424591482646064833e-05 1.957859652179649856e-08 2.504337346181273460e-03 2.128160758729791269e-06 6.184840799505764153e-07
4.381957842269912362e-05 4.576451465254649520e-05 1.914201703812068445e-07 7.759984328004065901e-06 7.172491401433944702e-02 9.386468529701232910e-01 1.440889537334442139e-01 2.575516191427595913e-05 1.633886434137821198e-02 3.556973040103912354e-01 3.446913012794539100e-07 8.669960498809814453e-02 1.532320049591362476e-03 1.933617141958166030e-07 1.729200266709085554e-05 3.636565804481506348e-02 6.500200106529518962e-05 2.785180695354938507e-04 1.333163701929152012e-03
1.936669810675084591e-03 1.941996451932936907e-04 3.483625050648697652e-07 8.054579375311732292e-04 1.550778397358953953e-03 6.808842299506068230e-04 2.638599649071693420e-02 1.187590695917606354e-02 1.808612796594388783e-05 9.995347261428833008e-01 1.445891302864765748e-05 5.416678190231323242e-01 1.297820825129747391e-02 6.214443715180095751e-07 1.262883506569778547e-05 1.065602973103523254e-01 6.783190183341503143e-04 1.751780509948730469e-03 2.421812041575321928e-06
2.524635601730551571e-05 1.587560092275452917e-07 2.843893808055115990e-14 5.659075104631483555e-04 5.600774288794241329e-10 1.452739866181218531e-07 1.150009936168316926e-07 1.127941504819318652e-04 8.596637331571670149e-15 1.000000000000000000e+00 7.024267886096557945e-12 2.854616194963455200e-02 1.153877819888293743e-04 7.651299732680527654e-12 1.014718642444734087e-09 1.070388170774094760e-04 3.731158315645188850e-08 4.064736913278466091e-06 2.471202741746660221e-15
4.448256641626358032e-02 3.862721100449562073e-02 3.477404639124870300e-02 1.254442632198333740e-01 3.548545017838478088e-02 8.534547686576843262e-01 1.427139192819595337e-01 6.147489324212074280e-02 1.376317888498306274e-01 4.534529522061347961e-02 3.324405523017048836e-03 1.204847730696201324e-02 5.476298928260803223e-02 1.546000540256500244e-01 6.729799509048461914e-01 8.619914762675762177e-03 9.997249394655227661e-02 1.099204272031784058e-01 2.846442535519599915e-02
7.182531058788299561e-03 6.360611296258866787e-04 1.227422035299241543e-03 1.025107849272899330e-04 8.213458955287933350e-02 1.877694885479286313e-04 9.916110634803771973e-01 2.102329744957387447e-05 5.689837336540222168e-01 2.276916529808659106e-05 1.891608990263193846e-04 2.778235673904418945e-01 2.351932198507711291e-04 1.994651029235683382e-05 2.746748214121907949e-04 1.255180407315492630e-02 1.519315876066684723e-02 4.384367784950882196e-04 1.250535696744918823e-01
2.067947235673273099e-08 5.314462327987712342e-07 5.183145290743595979e-08 9.358386993408203125e-01 9.415959567604659242e-09 7.521815947875154507e-10 1.872300356626510620e-01 1.118668820708990097e-02 5.254876356275417493e-08 5.657787824020488188e-06 2.177652372661875724e-12 2.609277460763337331e-09 4.150627501076087356e-05 1.990344002842903137e-02 6.140640471130609512e-03 1.275200588679581415e-06 9.995224475860595703e-01 7.387927174568176270e-02 2.761307404952617617e-09
1.165280714631080627e-01 1.425144076347351074e-01 2.466261759400367737e-02 9.486184120178222656e-01 2.775975875556468964e-02 2.556966431438922882e-02 1.026141196489334106e-01 3.197735249996185303e-01 2.146310871466994286e-03 8.502975851297378540e-02 1.184545108117163181e-03 3.609288251027464867e-03 1.127777323126792908e-01 5.855940580368041992e-01 2.099840641021728516e-01 2.812413871288299561e-02 1.425418853759765625e-01 4.727281332015991211e-01 9.251332376152276993e-04
9.699600338935852051e-01 6.470411317422986031e-04 4.978159751090061036e-08 9.988157749176025391e-01 4.565680921077728271e-01 4.655932571040466428e-06 8.506021462380886078e-03 6.554178253281861544e-05 4.109464555313024903e-07 1.894001616165041924e-03 9.967268255195449456e-08 5.072517320513725281e-02 3.189514856785535812e-03 1.645259544602595270e-05 3.877869166899472475e-04 3.128513693809509277e-03 7.315316237509250641e-03 5.732340923714218661e-06 2.359990425304658856e-08
6.619407534599304199e-01 8.349180546929346747e-08 1.129096242178962437e-16 1.000000000000000000e+00 8.601684570312500000e-01 6.877184932641000614e-11 1.621686169528402388e-05 5.955580473226973481e-11 2.416429500939898389e-09 1.260847315442958916e-09 1.038270963887692744e-13 3.278690428487607278e-06 2.596583748015746096e-08 1.566549201470479602e-08 2.948189470330930817e-09 4.156440845690667629e-04 8.476911716570612043e-06 1.951587356345887980e-13 1.699794141161656280e-13
1.246312081315537057e-10 1.107150016110836077e-08 2.019644590456337596e-10 9.177423198707401752e-04 7.194030331447720528e-06 1.604458926829366305e-10 9.999896287918090820e-01 5.484385474119335413e-05 8.623871508461888880e-06 6.829508834016451146e-07 9.667306954952437081e-10 5.350635037757456303e-04 1.519865036243572831e-04 8.031516699702478945e-06 1.666667521931231022e-04 2.079377882182598114e-03 6.370741724967956543e-01 4.226423243380850181e-06 5.937469040873111226e-07
4.986950230545517115e-08 7.217676738946465775e-06 1.356174124111930723e-07 5.286327359499409795e-05 9.457266423851251602e-05 1.104168131860205904e-05 9.999625682830810547e-01 8.870472811395302415e-05 4.052893817424774170e-01 1.806266027415404096e-06 8.917421837395522743e-06 5.928206956014037132e-04 1.029800841934047639e-04 5.552750662900507450e-04 3.602519165724515915e-03 2.148109953850507736e-03 2.107121981680393219e-02 2.610225696116685867e-03 5.344011355191469193e-03
9.405041782883927226e-05 5.156688275747001171e-04 2.076603050227276981e-05 2.261299378005787730e-04 4.903872031718492508e-03 9.999856948852539062e-01 4.113164322916418314e-04 5.823261744808405638e-06 2.034753747284412384e-02 5.571470319409854710e-05 5.049421858416280884e-08 7.068860668368870392e-06 7.334228575928136706e-05 1.468698726966977119e-03 1.557933166623115540e-02 1.732144846755545586e-05 1.337662397418171167e-04 2.901929663494229317e-03 1.244003069587051868e-03
1.609817030839622021e-03 6.402322556823492050e-03 9.609359549358487129e-04 1.611450919881463051e-03 3.807486593723297119e-02 9.993002414703369141e-01 6.960462778806686401e-03 2.110924833687022328e-04 9.061393886804580688e-02 1.822299091145396233e-03 1.748172326188068837e-05 8.386404369957745075e-04 1.528296037577092648e-03 5.647515412420034409e-03 2.661769464612007141e-02 1.172477379441261292e-03 1.448081457056105137e-03 1.263981219381093979e-02 2.280609123408794403e-02
4.538737703114748001e-03 5.321510616340674460e-05 1.118888485507341102e-05 9.997479319572448730e-01 6.608602590858936310e-03 1.036901101469993591e-01 1.785233244299888611e-02 5.031463806517422199e-04 5.573268281295895576e-04 3.700945235323160887e-04 5.931849855755899625e-08 9.315502211393322796e-06 1.264168997295200825e-03 5.568369524553418159e-04 7.216068357229232788e-02 1.283536112168803811e-04 1.285322755575180054e-02 1.742943073622882366e-03 2.342933157706283964e-06
1.038019359111785889e-01 4.731543362140655518e-03 7.779152838338632137e-06 7.640869617462158203e-01 5.160292983055114746e-01 6.132024573162198067e-04 1.248879209160804749e-01 3.609338076785206795e-03 1.380795292789116502e-04 7.081601619720458984e-01 4.536514825304038823e-05 8.235510587692260742e-01 2.124203741550445557e-02 2.317149192094802856e-04 4.022129287477582693e-04 3.034508228302001953e-01 1.251921057701110840e-02 8.596301078796386719e-03 7.907875442469958216e-06
4.676838580053299665e-04 1.725339142388815361e-11 4.496514436041100916e-17 3.380239382386207581e-02 9.930298924446105957e-01 6.498542589467026787e-12 8.590993881225585938e-01 6.060800472607041911e-11 9.200010753218634818e-10 7.933853112263022922e-07 8.007874047297625780e-15 9.950750470161437988e-01 3.705574957990620533e-09 4.440011726336567932e-13 1.048411010784455755e-11 6.123178601264953613e-01 1.329259248450398445e-03 5.665280390530824661e-03 3.183426287335644478e-13
7.248141287163889501e-08 3.726034355720424389e-25 6.871194152296595617e-37 2.203530868882808136e-07 9.999995231628417969e-01 4.123252306887799046e-28 9.998508691787719727e-01 1.164913363930196949e-27 2.990074478806555285e-16 2.557510379765765848e-21 7.382656535311111696e-31 9.999983310699462891e-01 1.305421566243935369e-21 1.138069619957643979e-30 8.549131378541008747e-27 1.457301676273345947e-01 4.876622217153681049e-09 5.676208201382815233e-13 1.665609389375399630e-26
9.972791075706481934e-01 1.376773451104360002e-14 3.683125073745574150e-28 2.077794488286599517e-04 9.999986886978149414e-01 5.311042016457740058e-23 9.650527238845825195e-01 2.340456399788584517e-22 3.048116772007281039e-13 3.516593988278323584e-21 6.076963553374295918e-21 9.966641068458557129e-01 1.637492737669414595e-18 1.374220435572990296e-22 2.314983205207848889e-20 1.761774998158216476e-03 9.005982093412967515e-08 5.656534472048800610e-14 3.135716655744364626e-20
3.882229975715745240e-06 2.253057118650758639e-08 4.794334373947606309e-10 3.626120835542678833e-02 3.533714450895786285e-03 9.999971389770507812e-01 2.297895989613607526e-04 1.164948359999584682e-09 3.560444572940468788e-03 2.190199133167425316e-08 7.016038954237718839e-14 4.237165729392700086e-09 1.751352982637399691e-07 5.882545224267232697e-07 3.456932026892900467e-04 7.773791566023646737e-08 5.920317926211282611e-05 9.185636881738901138e-04 1.058107983453737688e-07
1.812721457099542022e-04 3.118707099929451942e-04 4.230029298923909664e-04 8.656234741210937500e-01 3.634277163655497134e-05 2.996342629194259644e-02 4.984021559357643127e-02 3.617172315716743469e-02 5.949646583758294582e-05 6.342181470245122910e-03 5.930164093115308788e-08 1.864500632109411526e-06 3.280198900029063225e-03 1.173013001680374146e-01 8.515370488166809082e-01 4.339308725320734084e-05 1.950937807559967041e-01 5.271999239921569824e-01 6.710072852911252994e-07
1.209602622058436605e-12 3.994080413627365544e-11 2.926834122285448814e-11 4.735305905342102051e-03 1.331529192460934041e-10 4.210474742298575546e-13 9.999198913574218750e-01 2.490376391506288201e-05 1.365826474142295410e-08 9.942171391719156759e-11 1.812107559005012719e-14 3.765162626123697009e-10 7.603957783430814743e-07 6.968858997424831614e-06 1.382277230732142925e-03 7.706987048550217878e-08 9.999138116836547852e-01 7.675022573039314011e-08 8.630143710774973442e-09
2.684556692838668823e-02 1.343982694379519671e-05 1.348598233086306664e-09 9.998637437820434570e-01 5.543331503868103027e-01 9.069276529771741480e-06 6.646936386823654175e-02 9.368851351609919220e-06 2.960737447210703976e-06 8.794312365353107452e-03 3.686477345610228440e-09 8.922094851732254028e-02 2.892041520681232214e-04 1.033853891385660972e-06 1.486831606598570943e-04 2.424959093332290649e-02 1.206110045313835144e-02 4.219801667204592377e-06 3.007857296566385230e-09
7.233197862888118834e-08 8.513506145391147584e-06 4.657025876042553136e-09 9.999535083770751953e-01 6.107727301696286304e-08 4.802288011696020931e-10 6.339488625526428223e-01 1.861487166024744511e-03 1.418363467564631719e-06 1.856980702541477513e-07 2.303774879197639791e-11 7.513721415886021049e-12 1.351727132714586332e-05 3.649178892374038696e-02 7.092147134244441986e-04 1.687094055569104967e-07 7.331376671791076660e-01 2.488326913407945540e-07 5.967215055413532809e-10
9.388113550445886801e-12 2.531815590511854452e-10 2.692663641709359810e-17 3.033667553609120660e-06 4.563151378533802927e-05 5.658372881356399375e-09 1.000000000000000000e+00 1.433795356747813443e-11 2.304198592901229858e-02 2.589276381736831112e-14 2.154076613261612927e-12 1.242686039404361509e-06 1.881482969423586837e-09 5.186097382647858467e-07 1.536756288260221481e-03 1.181294919661013409e-06 1.056572218658402562e-04 8.721190880578433280e-08 1.493914396633044817e-06
9.999697208404541016e-01 3.502423688769340515e-02 1.188920073502686137e-09 9.822878837585449219e-01 8.534135222434997559e-01 8.998601863652311295e-11 2.858245978131890297e-03 3.460015432210639119e-05 1.795146431504690554e-08 2.560366283432813361e-07 4.981564416084438562e-06 1.105696633458137512e-01 2.484311116859316826e-04 1.602235352038405836e-05 4.214275151070978609e-09 9.321233956143260002e-04 2.719243057072162628e-04 5.831923388655013696e-09 5.454853013731053579e-09
2.431639877613633871e-04 2.315076589584350586e-01 1.508864390522714053e-16 6.428738856811833102e-07 2.555645117752192164e-08 2.332112801484154119e-12 9.999922513961791992e-01 3.088697155817499151e-07 9.106156826019287109e-01 1.252821956419791771e-12 1.333598513156175613e-02 1.491948933107778430e-05 3.140713245031179213e-10 6.219862598300096579e-07 6.290964194022308220e-09 8.249939398297101434e-09 5.460372194647789001e-03 1.020450657307492293e-08 5.539692007005214691e-03
9.025864601135253906e-01 4.997102022171020508e-01 1.890228772116753220e-11 4.210335646348539740e-06 3.093338818871416152e-06 2.358931254775598063e-07 9.808195233345031738e-01 1.202558905788464472e-05 8.548951148986816406e-01 1.116189523031607678e-07 4.789154627360403538e-05 1.929753809235990047e-03 3.126825731669669040e-07 2.182895144642316154e-07 3.982339791264166706e-09 5.244043066454651125e-08 4.479324561543762684e-04 2.113941661718854448e-07 1.402087509632110596e-01
1.586676757893597584e-18 2.769947628471908230e-13 1.324484595349628418e-18 9.888748708775096929e-10 3.345671739651834287e-09 5.033845909552248088e-11 1.000000000000000000e+00 7.594527090537539493e-11 6.017014675308018923e-05 4.073466553216470443e-13 1.788270119575365784e-16 1.417660921987362599e-08 3.218460165044234600e-08 3.353665789518345264e-08 2.681810656213201582e-06 9.645589216233929619e-07 9.564237552694976330e-05 1.520019554668294859e-09 2.859947834110698750e-09
2.478046781106968410e-07 1.785662107067764737e-07 6.793726914366970959e-09 1.952470938704209402e-06 1.213887589983642101e-04 9.999650716781616211e-01 2.649360895156860352e-02 6.522116180462944612e-10 2.437623962759971619e-02 2.007058519382098893e-08 7.922742865408560764e-13 6.180772516017896123e-08 3.353557076479773968e-08 7.723703674855642021e-06 3.409940109122544527e-04 4.278430765225493815e-08 9.545550483380793594e-07 8.287365926662459970e-05 2.371628943365067244e-04
7.726814150810241699e-01 3.171984106302261353e-02 2.105802923324517906e-05 2.257609739899635315e-03 1.814338564872741699e-02 2.507608151063323021e-03 8.538284301757812500e-01 5.182708846405148506e-04 4.300303459167480469e-01 5.474286153912544250e-04 1.113896956667304039e-03 1.251765340566635132e-01 1.191985444165766239e-03 1.683617592789232731e-04 8.164549362845718861e-04 4.850874247495085001e-04 1.249802391976118088e-02 5.749447736889123917e-04 3.326880037784576416e-01
9.994580149650573730e-01 3.905166158801876009e-05 2.899057133676913312e-13 7.306180149316787720e-02 9.837915897369384766e-01 6.347688433910869676e-12 1.329209953546524048e-01 6.029654286976438016e-08 7.926885814413253684e-09 6.050102285826142179e-08 2.205005900091094873e-10 8.850909471511840820e-01 3.450012400207924657e-06 3.214273291973768210e-10 3.020198258152362314e-10 2.413970418274402618e-03 2.616523997858166695e-04 7.720386996368233667e-09 2.372325599853120082e-11
9.943582415580749512e-01 3.402221202850341797e-01 2.526035814298666082e-06 1.745401823427528143e-05 8.778557821642607450e-05 4.058406499751754382e-09 1.940869115060195327e-04 7.970168255269527435e-03 6.622519777010893449e-08 2.526843687519431114e-03 4.895962746331861126e-08 3.491547107696533203e-01 9.985728263854980469e-01 1.177239482785807922e-06 1.784282444017293301e-10 1.251637935638427734e-03 6.497240292446804233e-07 8.446492138318717480e-04 4.659876253754191566e-07
9.995887875556945801e-01 5.334579036571085453e-04 1.171627513466054569e-15 3.410831339589748268e-10 2.121998695656657219e-03 1.090499392175647841e-11 9.823332428932189941e-01 1.781431946401568212e-11 5.087717175483703613e-01 1.179172315346477262e-10 1.510786091785121243e-07 6.007900834083557129e-01 7.291830694811096691e-09 6.031649111377587746e-14 2.506694396324504748e-14 1.715450679284913349e-07 2.928645699284970760e-07 1.660534036662664192e-11 2.541627287864685059e-01
8.653198165120556951e-05 6.800759261293976010e-11 2.818071415735005567e-15 6.725873390678316355e-05 9.764616489410400391e-01 1.531835353008048628e-10 4.765218198299407959e-01 1.496542445522663911e-09 1.291222795352098274e-09 3.492203308269381523e-03 3.935821259832758545e-14 9.998904466629028320e-01 6.055713015484798234e-07 5.870403447204297631e-13 1.755886831333181020e-13 6.055794954299926758e-01 6.992545422690454870e-06 1.608076854608952999e-05 6.272619684950797581e-13
9.106991887092590332e-01 9.999828338623046875e-01 1.242299052293171976e-17 9.999282360076904297e-01 4.007476587988140215e-13 1.893150011815501453e-20 3.162676307510992046e-07 2.757246494293212891e-01 2.799446872231436956e-13 1.014214889372491712e-14 3.702206896605275688e-08 8.305842450449796299e-14 4.469668226647627307e-07 2.139419019222259521e-01 9.151158053292789570e-19 1.539909644243664388e-09 5.301589567352493759e-08 2.339347899421584387e-12 6.326649969671510796e-18
5.946444813162088394e-03 9.968756437301635742e-01 3.537102467844632599e-18 1.000000000000000000e+00 2.584013461103679132e-13 5.605669725333322410e-21 4.312453505406210752e-09 8.134747855365276337e-03 1.790030095221082610e-17 3.325799989681473001e-14 3.814003420813533163e-13 1.156837398382153326e-17 9.569863124170296942e-08 9.978740215301513672e-01 4.630514717424486209e-17 7.254372103027151297e-10 1.809405425490240304e-08 1.037066613140957827e-11 3.146501022980524724e-20
6.233725231140851974e-03 3.157475730404257774e-03 1.533224462946236599e-07 6.297387244558194652e-06 8.160088211297988892e-03 1.666018611956587847e-08 7.625946402549743652e-01 2.963487803936004639e-02 3.559927426977083087e-05 2.392227761447429657e-02 7.963259849930182099e-05 9.280027151107788086e-01 3.351746201515197754e-01 1.081982645700918511e-06 1.439511265743931290e-07 2.346001863479614258e-01 1.051220446825027466e-01 6.325452704913914204e-05 6.917505379533395171e-05
6.024133836035616696e-05 6.611181561311241239e-06 1.462406231667046086e-07 3.357209637761116028e-02 8.562938892282545567e-04 1.334192493231967092e-04 4.782571792602539062e-01 6.062255240976810455e-03 4.662707851821323857e-06 9.881592988967895508e-01 2.066138335976575036e-07 3.225522637367248535e-01 4.886423703283071518e-03 5.852736194356111810e-06 1.376110478304326534e-03 5.630918592214584351e-02 3.097872994840145111e-02 7.421178743243217468e-03 5.349675689103605691e-07
1.570644059256665059e-07 6.441115401685237885e-04 4.988348791812313721e-07 2.635507099330425262e-02 2.071356561827997211e-07 2.196780357621719304e-08 9.979003667831420898e-01 1.606990024447441101e-02 3.207890549674630165e-04 4.500474915403174236e-06 3.331178675125556765e-07 3.993710322447441285e-07 4.155848873779177666e-04 9.395027756690979004e-01 9.986711665987968445e-04 3.627753758337348700e-04 6.112587451934814453e-01 8.797245025634765625e-01 1.362070634058909491e-06
3.317092733823301387e-08 1.110269799828529358e-01 9.900889885727792716e-09 9.999971389770507812e-01 6.448899192434964789e-10 4.859979267439994144e-14 7.120624184608459473e-01 1.458500482840463519e-04 4.155419901508139446e-07 1.972681740181059240e-11 8.647660365568299312e-09 1.377128103799375378e-14 1.517798331462927308e-08 9.858539700508117676e-01 1.075411648621127370e-09 1.332775951823350624e-07 6.033936733729206026e-05 2.661863568106936917e-12 3.071797677334231480e-11
1.411408535204827785e-03 3.701911307871341705e-03 9.476041793823242188e-01 5.339406430721282959e-02 3.950006328523159027e-03 1.249305903911590576e-02 9.514263272285461426e-01 4.717520996928215027e-02 5.621181428432464600e-02 1.539662946015596390e-03 3.626550096669234335e-05 1.639019232243299484e-03 2.774953097105026245e-02 4.983256757259368896e-02 1.750284731388092041e-01 6.347706541419029236e-03 3.266920447349548340e-01 5.482094362378120422e-03 1.096943207085132599e-02
2.005279924333080999e-07 7.659906486878753640e-07 6.470262658986314364e-10 1.314789074058353435e-06 1.963432179763913155e-03 5.444056583314704767e-08 9.916222691535949707e-01 4.339189035817980766e-04 2.182681782869622111e-05 3.308637440204620361e-02 3.318115489037154475e-07 8.933831453323364258e-01 1.558557059615850449e-02 1.384746806110115358e-08 9.823526170293916948e-08 3.823539912700653076e-01 1.419936586171388626e-02 1.785087260941509157e-05 2.761846644716570154e-06
4.579628694045823067e-06 4.454907320905476809e-04 1.127095856645610183e-07 2.364546293392777443e-03 3.781201085075736046e-04 7.406990789604606107e-06 9.998772144317626953e-01 3.832654911093413830e-04 1.157781705260276794e-01 4.409893790580099449e-06 1.056817127391695976e-04 1.294856192544102669e-03 3.860192373394966125e-04 2.475415589287877083e-03 1.306574791669845581e-02 2.868939656764268875e-03 8.743471652269363403e-02 5.536716198548674583e-04 4.599036183208227158e-03
1.164016933188322643e-18 1.284448079581085311e-13 4.086437823693180709e-21 1.990082836300643976e-07 8.177672948528336150e-12 4.493831529117642276e-09 1.000000000000000000e+00 6.221586288691904887e-13 1.864418154582381248e-04 5.604392151339582795e-19 1.591173285854041700e-19 3.842204976216550411e-15 1.121517592336807034e-12 4.349591836216859519e-05 4.783387295901775360e-03 2.063313712594161409e-12 3.014544381585437804e-05 3.582841245908241490e-10 4.325318436748659678e-10
2.144342169108082174e-11 8.824007302621339477e-09 1.330950730486432643e-13 9.605458762962371111e-05 1.113348275794123765e-06 1.414261623722268268e-05 9.999997615814208984e-01 1.011905137460189508e-08 8.951298892498016357e-03 9.726353403238796602e-12 3.228050422451889112e-12 1.031174523546951605e-08 2.595415260486788611e-08 4.544118710327893496e-04 1.409331150352954865e-02 2.802333938234369271e-07 3.252748283557593822e-04 2.089244844682980329e-06 1.069758582161739469e-06
