9.417121298611164093e-03 1.774301781551912427e-04 1.038643094943836331e-04 9.993280172348022461e-01 2.670500613749027252e-02 6.831071223132312298e-04 3.307458460330963135e-01 2.768280101008713245e-04 1.480753417126834393e-03 5.736307866754941642e-05 4.303832383811823092e-07 4.650290429708547890e-05 7.958755013532936573e-04 1.405026414431631565e-03 2.317228727042675018e-02 8.152339723892509937e-04 7.005043327808380127e-02 1.013614655676065013e-05 4.773676664626691490e-06
7.632774114608764648e-01 8.334647864103317261e-03 1.634557634133670945e-06 9.612219333648681641e-01 2.113345712423324585e-01 1.410029108228627592e-05 1.182342786341905594e-02 1.275132526643574238e-03 1.524685899312316906e-06 4.672799706459045410e-01 3.416465233385679312e-06 3.960360884666442871e-01 3.359786421060562134e-02 4.425130828167311847e-05 2.512738865334540606e-05 3.222897276282310486e-02 1.946506905369460583e-03 1.667703909333795309e-04 3.533085646267863922e-07
9.486181735992431641e-01 2.164099738001823425e-02 3.961553738918155432e-05 9.271845817565917969e-01 6.426756381988525391e-01 2.096993375744204968e-05 4.899507761001586914e-02 1.192909548990428448e-03 2.685458093765191734e-05 8.174812421202659607e-03 3.852335066767409444e-05 3.495969474315643311e-01 1.627357490360736847e-02 4.243314324412494898e-04 7.247951725730672479e-05 5.125657841563224792e-02 7.923696190118789673e-03 2.062786516034975648e-04 7.749557880742941052e-06
2.636450794405244168e-21 7.642397999163552669e-13 2.464273830215976120e-23 1.638662652112543583e-03 1.493395034371514107e-12 1.268555269370344155e-19 1.000000000000000000e+00 2.475534013890445806e-11 4.732680451979831560e-07 2.754174280983905543e-17 8.319654884371774166e-17 1.833850183253354915e-13 2.172538364486609197e-11 2.856997696198959602e-07 1.626490302442107350e-07 2.505005269881621643e-08 4.019955638796091080e-03 1.416811139980447831e-13 8.135352200927536970e-13
5.406747621689147803e-17 1.130385881604892631e-14 5.352114633877418652e-27 7.050994317978620529e-04 1.330760569544509053e-04 1.723051768539457518e-13 1.000000000000000000e+00 3.876814213045769088e-17 7.193186902441084385e-04 2.693648524305696072e-18 4.764489852517249889e-17 1.797656778990130988e-07 2.576901365902717345e-13 8.268673072631127496e-12 1.267752480771378032e-07 3.839509372483007610e-05 8.939289131149052992e-08 6.225186165165208507e-12 1.048077163251504018e-11
1.407919816137562908e-23 4.371279119247005115e-15 2.918699067656235132e-27 6.739857053617015481e-05 6.477071483323992851e-12 5.929608031934579692e-20 1.000000000000000000e+00 1.020712309704290000e-14 2.287797087774379179e-06 1.189784523691667239e-20 8.771858519309661495e-19 1.070655066340298056e-13 1.074984963241390479e-13 2.395197595816966896e-09 3.948111171325763280e-08 2.823202827073600929e-08 2.598581340862438083e-05 1.628982423940422003e-14 1.073562964329539959e-13
4.963658284395933151e-07 1.395409204851816298e-10 1.829021135935082754e-11 1.000000000000000000e+00 8.426109161518979818e-06 4.538117442280054092e-03 7.886253879405558109e-04 8.678082252799868002e-08 1.409571410704302252e-07 2.916761276949841886e-09 1.797598301517575281e-17 1.744280582601995255e-13 1.575440080614498584e-07 2.421809028874122305e-07 4.805819131433963776e-03 6.220278736535078679e-10 2.925759414210915565e-03 1.321805314091761829e-07 3.280722590294493646e-13
3.559920514817349613e-06 1.869159549361398831e-10 1.041500436241293848e-12 1.000000000000000000e+00 8.991525101009756327e-05 5.762639045715332031e-01 6.432972440961748362e-05 2.433394596934590481e-09 6.612492597923846915e-06 3.450411900640659724e-10 2.305477767766151169e-17 7.267364878285609286e-13 7.086925535304544610e-08 3.624524680390095455e-08 1.107148127630352974e-03 1.360251800086587082e-09 2.933603536803275347e-05 5.488209353643469512e-07 5.868188747426561491e-12
1.211931346915662289e-03 3.103549204297451070e-07 5.985267143016059777e-11 1.000000000000000000e+00 6.611711432924494147e-05 1.441866334062069654e-05 3.600633590394863859e-06 2.394167211150488583e-07 3.218354249767685360e-09 1.462497678517138411e-08 2.231149369330055234e-15 1.510229441503696535e-12 2.608831437100889161e-06 2.085134292428847402e-05 4.856823215959593654e-05 3.382826463393939775e-08 2.393560498603619635e-05 2.419174727208428521e-08 9.020004253061653099e-13
1.558052686867483771e-09 1.445128283705798822e-08 9.791389053714905089e-12 1.000000000000000000e+00 1.224773060748418629e-10 1.195779478040115418e-12 5.207867943681776524e-04 2.669780515134334564e-03 1.614214540030314837e-13 2.698481296192767331e-07 3.520221159108497272e-19 2.508164877284673735e-16 8.993671372081735171e-07 1.315784454345703125e-02 4.698949400335550308e-03 3.972495943305176525e-11 9.878582954406738281e-01 3.541015833616256714e-02 2.089901099808908798e-17
3.216866636648774147e-03 6.249121506698429585e-04 2.928520075329288375e-07 1.000000000000000000e+00 3.240393880332703702e-06 4.289375965527142398e-07 5.039075290369510185e-07 3.718679537996649742e-03 3.615877942116790811e-13 8.567740587750449777e-05 2.839494047876534033e-13 1.665256821326011050e-11 5.781477084383368492e-04 9.368156790733337402e-01 1.458997139707207680e-04 1.089400143428065348e-06 4.392773189465515316e-05 5.844335630536079407e-02 4.200015443940607884e-13
4.003862942147246029e-13 2.546264895708204995e-15 8.334331053671935005e-17 1.000000000000000000e+00 1.802016652216464898e-13 1.621151991463582671e-19 1.948883727891370654e-04 1.899573192076786654e-07 3.135016175937199994e-17 5.678394495063632252e-13 3.135586127599448188e-27 5.929372650986591123e-23 3.289468419875873906e-10 9.816053392341927974e-08 6.326445713966677431e-07 1.733013739972774289e-15 9.994026422500610352e-01 1.569252215151417662e-12 9.634119605040387823e-25
5.833903560414910316e-05 2.515844471417949535e-06 3.134333903531683063e-10 3.926211502403020859e-05 4.463361619855277240e-06 1.466978346797986887e-06 4.148865991737693548e-04 2.184892306104302406e-03 1.564174567647569347e-09 9.999984502792358398e-01 2.504054563701174629e-08 4.800054132938385010e-01 8.988313493318855762e-04 2.718232972043210793e-09 5.405163605587404163e-08 4.163464903831481934e-02 2.554182538005989045e-05 2.099479461321607232e-04 1.682924771762017713e-10
1.113746198825538158e-03 5.387060809880495071e-05 7.199324869588963338e-08 5.618810537271201611e-04 2.138562012987677008e-05 3.219853897462598979e-05 6.166170933283865452e-04 8.479171432554721832e-03 4.214221505094428721e-08 9.999827146530151367e-01 1.548498289594135713e-06 3.055532574653625488e-01 5.739229731261730194e-03 1.503471764863206772e-07 1.503403041169804055e-06 3.275046125054359436e-02 8.976617391454055905e-05 1.109472359530627728e-03 1.008815964098630502e-08
1.418473175363033079e-06 3.374502284714253619e-06 5.251790824445379258e-08 1.914718304760754108e-04 1.319579023402184248e-04 1.296117375204630662e-06 4.956765472888946533e-01 3.388981893658638000e-02 1.854548486335261259e-06 9.972555041313171387e-01 4.588707724906271324e-07 8.186104893684387207e-01 1.113409409299492836e-03 1.433490638191869948e-06 1.043470638251164928e-05 3.668156266212463379e-01 2.109546773135662079e-02 1.797709963284432888e-03 2.557140135195368202e-07
1.226152734901120311e-09 1.809968667998429481e-11 1.715295081265635208e-15 6.391264469129964709e-05 2.239916057078517042e-07 1.207157485083598658e-08 5.089728906750679016e-02 3.513967749313451350e-05 2.990896159210665317e-12 9.999989271163940430e-01 5.527946739139304178e-14 5.456233024597167969e-01 7.637529961357358843e-06 2.686893676301371769e-12 1.282251247403110028e-07 1.560721360146999359e-02 2.375501062488183379e-04 5.428263466455973685e-05 6.556053307659945317e-14
6.987572887385933018e-16 2.363270690253216344e-11 3.129556982417697024e-16 9.999952316284179688e-01 1.004657096650616276e-15 3.956181514919870713e-21 9.775796532630920410e-01 5.155202234163880348e-05 1.812346794990635224e-13 2.350606861933890457e-11 7.976959454110954011e-22 4.993689874970510919e-19 7.747248176315224555e-09 3.190371673554182053e-03 5.688767714673303999e-07 3.061398703985140912e-11 9.997223019599914551e-01 3.814845661587185077e-10 9.407927116343284518e-18
3.154281848737061633e-13 8.643470827962573821e-09 2.730324943388327645e-16 1.000000000000000000e+00 6.823200045334015806e-14 1.582033489384956268e-20 1.100781783461570740e-01 2.096958487527444959e-04 1.078081376883373299e-13 4.494438432534053618e-10 1.059233935721918700e-20 2.260159095924512040e-19 1.428992302265896797e-08 7.664760202169418335e-02 5.068702080279763322e-08 3.449488958362501023e-11 9.484938979148864746e-01 2.006053934078266821e-10 7.476854020605963569e-19
5.023349076509475708e-03 1.551656401716172695e-03 7.755400147289037704e-03 9.094709157943725586e-01 4.171747714281082153e-04 2.126457728445529938e-02 7.989184558391571045e-02 4.532729461789131165e-02 2.061567356577143073e-04 2.348167449235916138e-02 1.826918264669075143e-06 4.050617644679732621e-05 1.708716712892055511e-02 9.367567300796508789e-02 7.263017892837524414e-01 3.301322867628186941e-04 2.319268882274627686e-01 1.850654780864715576e-01 7.578361874038819224e-06
3.635145517932869552e-08 7.429591164509474766e-07 3.558325856189981096e-09 9.826206564903259277e-01 2.557390743618270790e-08 3.712323781712711934e-09 1.516763679683208466e-02 2.000511437654495239e-02 5.760286470035680395e-09 1.122382218454731628e-05 4.587212771092752384e-13 7.192720197224389267e-09 3.603094955906271935e-05 3.308083862066268921e-02 3.243108838796615601e-02 4.770499799633398652e-07 9.985621571540832520e-01 8.966209292411804199e-01 1.619997191948385762e-10
1.710174605250358582e-03 6.131303496658802032e-03 5.171940429136157036e-04 8.193221092224121094e-01 1.114171231165528297e-03 2.282262430526316166e-04 2.583206892013549805e-01 2.080680131912231445e-01 7.933301967568695545e-04 1.143000274896621704e-02 2.106871579599101096e-05 6.191145512275397778e-04 1.943697035312652588e-02 1.898688673973083496e-01 1.398137956857681274e-01 3.563883714377880096e-03 9.096179008483886719e-01 4.888240694999694824e-01 1.616078807273879647e-04
9.200391769409179688e-01 1.374516338109970093e-01 3.952444603783078492e-05 9.060779213905334473e-01 6.076158881187438965e-01 5.327837425284087658e-05 1.629340052604675293e-01 1.054080110043287277e-02 1.887949299998581409e-03 2.352251438423991203e-03 1.081795431673526764e-02 2.430973798036575317e-01 1.405085250735282898e-02 5.629319697618484497e-03 3.709349839482456446e-04 6.358645856380462646e-02 5.737099051475524902e-02 1.913404266815632582e-04 3.197134064976125956e-04
5.173451500013470650e-04 1.310017555952072144e-01 3.515014839194918750e-07 9.997220635414123535e-01 3.815754098468460143e-05 2.674117638434836408e-08 3.411673307418823242e-01 1.526003144681453705e-02 2.859428932424634695e-04 7.249319423863198608e-06 1.059011265169829130e-04 5.133568947712774388e-07 1.608694583410397172e-04 5.696627497673034668e-01 1.316294765274506062e-05 2.185473276767879725e-04 2.692064642906188965e-02 1.000472934720164631e-06 2.657919822013354860e-06
7.518324851989746094e-01 1.124237680727446786e-08 4.514201741294301788e-16 1.010924315778538585e-04 9.986501336097717285e-01 3.012891111185862780e-14 7.178418040275573730e-01 1.394192660625348523e-11 7.426346759764612671e-10 1.761539358824393275e-09 4.718798865110257479e-14 9.982701539993286133e-01 9.605463979767137062e-09 4.198059272170900913e-14 3.651434945286516007e-15 6.179117783904075623e-02 3.459382014625589363e-06 1.172693675499658639e-08 1.499050585268904556e-13
1.123449049117789946e-19 5.220748450894964043e-16 1.827812532405326262e-13 7.351685198955237865e-04 3.735175587067391528e-15 1.071319254497645840e-20 9.999938011169433594e-01 1.558366193421534263e-06 8.265709297572421121e-12 2.261993523532904865e-14 1.208724390935588683e-19 1.788078420137534374e-13 1.655008685652603617e-09 6.088326642839092528e-08 1.664667479417403229e-06 4.386242036247267606e-09 9.999995231628417969e-01 1.349421685503671142e-09 8.887724757544734899e-12
1.424571237294003367e-04 2.117392374202609062e-03 4.509326245170086622e-04 1.371553167700767517e-02 5.517597892321646214e-04 1.125282506109215319e-04 9.192832708358764648e-01 1.338195800781250000e-01 4.648185148835182190e-02 2.702504862099885941e-03 8.849540026858448982e-04 2.884290646761655807e-03 1.478771399706602097e-02 1.345110386610031128e-01 2.334282547235488892e-02 2.982117608189582825e-02 7.079192399978637695e-01 9.144254326820373535e-01 3.873475128784775734e-03
2.863440329292643582e-07 3.105484211118891835e-06 4.100731559875114840e-11 4.473736581189768913e-08 7.253476360347121954e-05 8.249930942838545889e-06 9.819338917732238770e-01 1.527334563434123993e-03 2.096224925480782986e-04 9.022259116172790527e-01 9.132774607678584289e-07 6.346253752708435059e-01 2.082216925919055939e-02 1.023578777292755149e-09 2.162074785871936911e-08 1.660227477550506592e-01 4.453357832971960306e-04 9.218818377121351659e-06 5.347373371478170156e-05
1.221945655771605743e-09 3.976351248269338612e-09 9.344617440953939536e-11 4.037901526317000389e-04 3.917850335710681975e-06 1.164615692772486000e-08 9.979592561721801758e-01 1.291916472837328911e-03 1.284123527511837892e-07 2.442749738693237305e-01 1.750682654400037563e-10 5.773410201072692871e-02 3.490808012429624796e-04 3.435414157593186246e-07 8.319386688526719809e-05 2.116252109408378601e-02 2.366571426391601562e-01 2.940737467724829912e-04 1.674262861683928350e-08
1.632190575943194538e-27 5.005217998443468643e-23 1.777423778756022862e-22 1.053214293555981840e-09 2.879790851629579205e-20 5.262167542498712698e-27 1.000000000000000000e+00 1.133359361915609043e-07 1.170238379432557516e-15 5.900781970455382629e-16 2.222668602052270298e-25 1.322505744239671488e-14 7.965324580472277205e-12 2.311261598775260495e-11 3.470663534343998435e-09 8.586464872450960684e-10 1.000000000000000000e+00 1.039089259080583361e-09 1.992237797326349043e-15
1.019000075291875973e-11 2.901339064831365278e-11 1.676615215850149176e-15 1.802998667699284852e-05 2.414549271634314209e-07 4.510778903177303789e-11 9.871187210083007812e-01 5.630086889141239226e-05 1.944512190155123221e-10 9.848339557647705078e-01 5.284693106841382992e-14 3.331351280212402344e-01 2.381333979428745806e-05 3.534896333978743144e-11 5.967152816310772323e-08 3.571068495512008667e-02 4.305305425077676773e-03 2.256036623293766752e-06 3.831730939485300524e-12
2.136346655134957473e-13 1.570488124312888201e-13 2.120452285167637868e-14 1.000000000000000000e+00 6.058858011929058734e-15 1.285562335408981684e-18 3.319498384371399879e-03 1.741928281262516975e-05 1.906619680548104763e-16 6.462588103550714891e-11 6.934538979760932799e-25 9.162296427981728222e-20 4.772914063977395926e-09 1.525503375887637958e-05 2.609560579003300518e-05 6.152384510052857913e-14 9.999957084655761719e-01 3.278920246430061525e-07 3.528364752239081829e-21
9.999407529830932617e-01 1.123688125517219305e-04 1.380396803942829723e-14 9.954808950424194336e-01 9.090681076049804688e-01 7.985891462003458230e-12 1.050731912255287170e-02 4.175072287893044631e-09 3.817505955794331385e-08 2.432543888541971455e-10 1.770326996108906314e-09 2.317546680569648743e-02 1.573028924894970260e-07 1.593791232323837903e-08 3.633521483692447873e-09 4.673568037105724216e-05 6.767879676772281528e-05 6.776244929757035962e-12 7.680198699233642401e-10
4.827513389038529112e-11 5.354752058428502437e-11 2.600037806582689015e-12 9.999916553497314453e-01 1.122795324597081201e-12 6.119319647220544320e-15 1.407728064805269241e-02 1.608867896720767021e-04 1.020006358564730375e-13 1.378248981609431212e-08 2.732414085219052291e-20 8.149815381675528346e-16 1.555607269665415515e-07 1.709446514723822474e-04 7.790327072143554688e-04 2.557713589534937881e-11 9.999786615371704102e-01 1.244647410203469917e-05 4.246784969516646628e-17
1.335597634315490723e-01 6.401007175445556641e-01 2.271771663799881935e-03 7.277600467205047607e-02 1.882627606391906738e-03 1.510927831986919045e-04 3.616890609264373779e-01 6.919770836830139160e-01 1.150777004659175873e-02 2.822874113917350769e-02 1.194657944142818451e-02 4.991587996482849121e-02 1.117179542779922485e-01 2.100785970687866211e-01 3.365791868418455124e-03 5.967257171869277954e-02 3.413566648960113525e-01 6.661816686391830444e-02 1.178812934085726738e-03
4.102568111619131486e-12 1.680218630895069509e-09 1.044454078780177042e-09 1.381051540374755859e-01 4.670818593011105690e-11 1.306087616531614870e-12 4.686367809772491455e-01 1.089659403078258038e-03 7.886589159511459002e-09 4.343874948631309962e-08 9.794586711511007321e-15 9.048031768266184827e-11 8.675713161210296676e-07 3.148152958601713181e-03 4.313495592214167118e-04 1.963982896313609672e-07 9.999787807464599609e-01 3.689498305320739746e-01 1.719790837517720661e-10
6.585735536646097898e-05 1.005232916213572025e-03 3.126888543647510232e-07 9.999877214431762695e-01 1.052933112077880651e-05 2.598648629614785932e-09 1.316874176263809204e-01 1.062861643731594086e-02 6.334852969303028658e-06 7.891813766036648303e-06 1.038390777807762788e-07 4.563345701313892278e-09 2.285759692313149571e-04 9.845320135354995728e-02 3.147528623230755329e-04 1.154535311798099428e-05 6.051150560379028320e-01 2.283182993778609671e-06 3.236336354461855080e-08
4.779703937369753961e-19 3.166565051295125608e-18 1.089404559512034191e-17 9.999994039535522461e-01 3.404398812750939491e-20 9.138187405831225858e-25 6.815600395202636719e-01 1.190919363125431119e-07 3.757289571702546467e-19 1.721856516112422238e-16 1.055976762038589985e-30 5.860625947451476651e-24 1.064959578855884104e-11 1.015172657048424298e-07 9.791815500648226589e-07 2.269926272957561086e-16 1.000000000000000000e+00 5.463088748741684597e-13 2.343188572202163179e-23
5.247483987083861965e-16 1.697782648611372946e-16 2.282751939965767295e-16 9.999997615814208984e-01 1.168051816818779743e-17 2.139816684117556461e-21 3.018719553947448730e-01 3.299664967926219106e-07 1.222068861488085088e-17 8.541850393510314748e-15 5.415903263268971071e-28 5.338364371682250846e-22 1.053784351445763434e-10 2.654854540651285788e-07 1.038837763189803809e-05 1.634362671342262912e-15 9.999998807907104492e-01 4.046998413470559441e-12 5.404486314104641550e-22
1.726127574208646820e-09 2.457166692337864333e-09 2.519582806281839282e-11 9.999996423721313477e-01 9.075373785805140869e-11 1.343903027056780886e-11 6.736564682796597481e-04 1.431685523129999638e-03 1.507983462493284188e-13 1.907991645566653460e-06 4.767230570720337150e-19 6.781561769119478361e-15 9.528552027404657565e-07 2.506024437025189400e-03 1.507725752890110016e-02 6.264734564442875353e-11 9.941451549530029297e-01 3.012991137802600861e-02 2.002331127952614991e-17
6.282039635152614210e-07 2.411433524684980512e-05 2.700162156088481424e-07 9.988588094711303711e-01 1.171441255110039492e-07 5.874690733875809201e-10 5.794675946235656738e-01 1.592782884836196899e-02 1.425395794285577722e-06 5.275350758893182501e-06 6.937806440454608037e-10 1.097754331880196332e-09 1.514777977718040347e-04 7.674726098775863647e-02 1.632233266718685627e-03 2.976995119752245955e-06 9.885810017585754395e-01 1.716672559268772602e-04 1.377127034629666014e-08
4.950916412949091239e-12 5.760701360379982816e-10 2.270588383979088576e-09 9.738029241561889648e-01 5.509345063492432359e-11 2.023249494646165575e-14 9.923622608184814453e-01 1.438185718143358827e-04 1.440339514324762149e-09 9.931183653222319663e-10 1.974729414548365841e-15 1.044654293624880381e-11 1.176585101347882301e-06 1.372552651446312666e-04 2.370977599639445543e-04 7.554331205028574914e-08 9.998704195022583008e-01 9.648269383433216717e-08 5.815710760193049111e-11
1.959804421858279966e-06 1.466810062993317842e-04 9.044194484886247665e-06 9.831047654151916504e-01 1.061699458659859374e-05 1.378548741826080004e-08 9.678630232810974121e-01 8.624235168099403381e-03 2.174826076952740550e-04 9.050932931131683290e-06 7.890435540502949152e-07 1.180798335553845391e-06 6.599107873626053333e-04 2.331736497581005096e-02 3.167832037433981895e-03 2.573043457232415676e-04 8.702889084815979004e-01 3.854881651932373643e-05 7.590064342366531491e-06
3.735959458461834970e-11 6.795303197577595711e-04 2.523921349695257277e-11 6.645594835281372070e-01 1.043498729265401881e-12 1.502310645676296907e-13 9.982520937919616699e-01 3.826618893072009087e-03 1.134532201518823058e-08 1.980509367616178906e-10 1.181749034566415002e-12 1.804901680316130935e-14 2.171668143091665115e-07 9.998970031738281250e-01 1.289629381062695757e-06 3.179793139906905708e-08 2.522905170917510986e-01 7.542188744992017746e-03 2.073887719541978036e-12
1.492599604312532874e-17 6.827210238119496566e-14 1.277912360654576921e-15 2.888954579830169678e-01 4.808423400083411316e-16 6.114993889663586011e-18 1.742085069417953491e-02 4.938208076055161655e-05 5.550132903720146615e-14 1.347442470100990164e-11 3.130202596271871551e-23 8.345692809519269367e-16 4.289113508804121011e-10 2.215838467236608267e-04 2.016031794482842088e-05 2.845140442686577842e-11 1.000000000000000000e+00 9.474090337753295898e-01 1.514186536758329238e-16
6.568944405978093451e-18 2.987489270724064117e-14 1.485273331801599712e-16 5.518683195114135742e-01 1.661480272329931727e-16 1.430585915148463017e-18 7.260581944137811661e-03 4.240636553731746972e-05 8.145498266501609991e-15 6.458420170191159215e-12 2.092997076262431091e-24 2.103450946899792931e-16 2.170522372946237510e-10 2.007496223086491227e-04 2.013783341681119055e-05 8.521830810459540828e-12 1.000000000000000000e+00 9.692885875701904297e-01 1.763663713195954852e-17
1.659268891671672463e-04 2.299848571419715881e-02 1.147209559348993935e-06 6.408223998732864857e-05 2.359977550804615021e-02 9.976993203163146973e-01 7.298857718706130981e-02 1.487668196205049753e-04 9.121627546846866608e-03 1.337514258921146393e-02 1.656960535001417156e-06 2.995420945808291435e-03 6.828727782703936100e-04 5.119121051393449306e-04 9.335853974334895611e-05 2.500484464690089226e-03 4.879971675109118223e-05 4.211846389807760715e-04 4.274598613847047091e-04
2.867177606447057769e-10 2.455748151987791061e-03 6.331763672401402587e-12 2.081965212710201740e-04 3.556982264285579731e-09 8.530646056215118733e-08 9.999983310699462891e-01 4.038772385683842003e-05 1.875679194927215576e-02 9.804400347146469130e-11 1.135886051883971959e-07 7.233963983388491670e-10 5.910222711236201576e-08 8.273362517356872559e-01 1.917366353154648095e-05 4.928625116917828564e-07 7.338270079344511032e-04 8.293886821775231510e-06 2.763309112197021022e-06
4.239788686390966177e-04 5.195777416229248047e-01 4.778573384101036936e-06 6.068111979402601719e-04 4.361724859336391091e-05 9.996631145477294922e-01 1.887908950448036194e-02 1.993970945477485657e-04 2.373480936512351036e-03 3.618267783167539164e-06 6.806646979384822771e-07 9.689198350315564312e-07 1.200886981678195298e-05 7.034391164779663086e-01 1.207968671224080026e-04 4.060451828991062939e-06 1.187937050417531282e-05 4.315660626161843538e-04 2.000747554120607674e-05
3.729655923129593329e-20 2.801896051057763820e-15 4.049283620694341503e-16 1.564780305329804833e-09 3.191340285568430857e-14 1.311436700066005244e-20 1.000000000000000000e+00 1.574062334839254618e-04 4.667445319128660230e-10 9.941626410991943885e-10 3.892808418551416821e-15 6.141886643717953120e-08 5.540577419083092536e-08 1.137698291131528094e-08 5.734002783697178529e-08 3.298462252132594585e-05 9.999834299087524414e-01 1.131830451583937247e-08 6.557366871717817958e-10
5.562357865973588389e-12 1.274390015737481008e-08 1.744786537472009513e-09 7.977197128639090806e-06 4.643668116699473103e-09 2.827094634783033911e-11 9.991729855537414551e-01 6.839245092123746872e-03 9.585872176103293896e-04 1.834502683095706743e-07 1.442726826894613623e-08 3.436577458160172682e-07 1.129800693888682872e-05 3.977000247687101364e-03 5.419537774287164211e-05 4.152035398874431849e-04 9.938436746597290039e-01 9.942868351936340332e-01 1.737117258926446084e-06
2.343982528972127075e-17 3.189992324112433941e-12 2.193771287675380655e-14 2.110919261610888498e-08 1.089996962046896334e-13 3.574148429865922237e-16 9.999452829360961914e-01 1.111346282414160669e-04 6.580983608728274703e-05 1.113055828061426666e-11 4.266766248043479814e-13 1.844593748578926551e-11 1.952564154805713770e-08 2.497790846973657608e-03 1.595785903418800444e-07 2.091325995934312232e-06 9.973825812339782715e-01 9.999984502792358398e-01 1.264570781422946766e-09
5.967146421426150482e-07 2.223674471224512672e-07 1.971571548335187476e-19 1.819462282583117485e-03 1.376964499385613210e-15 3.910518610317215149e-12 6.890853165852917073e-11 2.933012438006699085e-04 2.652529269023037446e-22 1.000000000000000000e+00 7.158250026257674536e-15 1.389733864925801754e-03 2.194758781115524471e-05 2.144587459007585295e-11 3.323720015576195341e-14 1.170057657873257995e-05 2.410669441843538152e-10 8.591544428782071918e-06 2.526837044390072070e-21
2.298551748936006334e-07 2.759322770273797687e-09 1.624016944439857154e-20 7.634252142452169210e-06 2.712253495458657147e-15 4.204778886185422948e-12 4.078990617495392712e-11 2.865276837837882340e-05 3.822849229217825013e-22 1.000000000000000000e+00 2.088596053647761436e-15 6.775373592972755432e-03 6.465829756052698940e-06 7.993590530708076514e-15 2.761109508823337937e-15 1.819333010644186288e-05 4.255165317323950092e-11 3.698830255416396540e-07 8.565671327765759713e-22
4.805101442743398357e-17 6.682467435801998166e-21 4.928486874386682135e-37 2.243675505966649866e-18 4.067874925794967567e-10 3.800115296953830937e-19 6.710433808621019125e-05 4.020125812104202723e-12 3.231354506724889252e-22 1.000000000000000000e+00 4.822708539639642119e-26 9.999340772628784180e-01 1.406342316906394885e-11 1.235621474614022925e-31 1.343956189355692478e-27 5.753676593303680420e-02 3.199867196841850447e-14 4.714810695181405331e-15 2.562209434950157775e-27
7.013222784735262394e-07 1.579462832523859106e-06 3.362997404110501520e-06 9.760909676551818848e-01 6.635036697844043374e-08 3.559145610779523849e-03 5.963866598904132843e-03 4.043500870466232300e-03 1.097064625810162397e-07 2.752119326032698154e-04 1.302187199216098268e-12 2.588688707838571190e-10 9.287187276640906930e-05 4.643680900335311890e-02 9.477322101593017578e-01 8.095792480844465899e-08 1.064041927456855774e-01 6.654198765754699707e-01 7.619089387178590300e-11
2.896411288588751631e-08 2.288506051328909052e-09 2.191478110091793496e-08 5.847633481025695801e-01 6.253802475875147593e-10 6.706591248512268066e-01 4.868133109994232655e-04 1.125600010709604248e-05 3.854878229958558222e-07 5.443409463623538613e-06 1.138603710555859128e-15 3.250030182044144622e-13 1.126858933275798336e-06 1.338698319159448147e-03 9.990465044975280762e-01 1.765122770169824662e-11 1.577638555318117142e-03 1.935054780915379524e-03 7.880547776839552654e-12
9.278122888645157218e-05 5.213185431784950197e-06 7.480027761630481109e-06 9.999984502792358398e-01 3.953292377900652355e-07 3.023800854862201959e-05 2.521110000088810921e-04 6.971142720431089401e-03 6.096035898295326660e-10 6.003798334859311581e-04 2.235876143518583659e-13 2.784485836349048782e-11 3.367626923136413097e-04 7.102454453706741333e-02 2.095990329980850220e-01 1.375174605300344410e-07 1.447356678545475006e-02 7.043277025222778320e-01 2.462032530972657618e-12
1.727732323528186065e-12 7.670460036024451256e-04 4.523948219075507593e-13 2.055374532938003540e-01 1.678388669907639186e-14 1.775387833708591545e-14 9.996181726455688477e-01 1.714861951768398285e-03 1.275065275585518521e-09 3.939272952974137709e-12 3.280552167265506081e-14 3.525924991294162800e-16 1.555758188942490960e-08 9.999940395355224609e-01 1.357355330355858314e-07 3.271144244365586928e-09 4.324464872479438782e-02 8.455779403448104858e-03 4.456927448631686772e-14
2.301371893054238171e-08 8.901773691177368164e-01 3.759151212534561637e-09 7.738090753555297852e-01 1.974928250450536105e-12 4.975909441429227087e-12 1.278978139162063599e-01 7.275552302598953247e-02 2.542596168331190398e-11 3.281346860894984729e-10 3.373605431469806071e-12 1.181087664464935266e-14 2.107500165493547684e-07 9.999991655349731445e-01 7.602437079867740977e-08 5.933761570986462175e-08 3.243798564653843641e-04 1.708276067802216858e-05 2.653754731967491315e-14
4.359190092229070501e-11 1.984031051397323608e-01 1.030982157285142975e-11 6.053372025489807129e-01 3.710466788963036333e-14 1.394348097269806908e-13 9.518485665321350098e-01 1.025366690009832382e-02 3.515437940748711299e-11 1.059244966045147507e-11 6.533234240060914466e-14 1.500690390232812046e-16 1.744767530453827931e-08 9.999992847442626953e-01 2.949799515761242219e-08 4.391893071442609653e-09 1.913949614390730858e-03 4.772654938278719783e-05 3.242540801427816824e-15
7.481196080334484577e-04 2.685393691062927246e-01 5.622428489004960284e-06 9.991554021835327148e-01 1.524751405668212101e-05 5.626111487799789757e-07 1.439728890545666218e-03 1.418012827634811401e-01 1.837327978648772842e-08 4.138588337809778750e-05 3.864981579226878239e-08 1.944985150714728661e-08 6.506261415779590607e-04 9.993042945861816406e-01 9.337563824374228716e-05 4.154824709985405207e-04 1.567109022289514542e-03 5.606661550700664520e-03 4.441172318792041551e-09
8.300007320940494537e-04 2.909576594829559326e-01 3.274562459409935400e-06 9.991562366485595703e-01 3.527636363287456334e-05 3.233085692500026198e-07 1.868598535656929016e-02 1.114503294229507446e-01 1.405835519108222798e-06 2.178817230742424726e-04 6.069230380489898380e-07 3.132789458959450712e-07 1.652537262998521328e-03 9.837516546249389648e-01 6.848631892353296280e-05 8.037883089855313301e-04 1.412192825227975845e-02 4.988122964277863503e-04 1.629393437951875967e-07
2.734662848524749279e-04 8.543723821640014648e-01 1.367471668345388025e-05 9.110226035118103027e-01 4.003964590992836747e-07 9.364471509343275102e-08 5.699829198420047760e-03 3.805228471755981445e-01 2.005883636968519568e-08 4.472480213735252619e-06 6.156370346843687003e-08 6.599680801855356549e-09 2.574918034952133894e-04 9.998549222946166992e-01 3.716713763424195349e-05 9.869729547062888741e-05 1.344576012343168259e-03 1.716063939966261387e-03 1.103283353565132074e-09
9.680043160915374756e-02 1.862721294164657593e-01 5.419067293405532837e-02 2.243202924728393555e-01 4.416030645370483398e-02 2.828329429030418396e-02 5.924035310745239258e-01 4.317737817764282227e-01 9.265828132629394531e-02 1.550883799791336060e-01 4.137341678142547607e-02 1.360186189413070679e-01 2.337338775396347046e-01 3.178725540637969971e-01 1.843504756689071655e-01 1.585550308227539062e-01 3.494139015674591064e-01 4.784591495990753174e-01 3.787660971283912659e-02
1.728067644535258296e-07 1.110445069230081572e-08 6.414244135832802840e-10 7.472284883260726929e-02 1.405670642852783203e-01 4.996154601144553453e-09 9.995120763778686523e-01 2.223393266831408255e-06 4.843654824071563780e-05 1.514284349468653090e-06 2.471648885560284725e-09 2.381492108106613159e-01 2.333873271709308028e-05 4.539575400031026220e-07 1.555105882289353758e-05 1.834187954664230347e-01 1.051885634660720825e-01 1.439210143871605396e-03 3.338009264552965760e-07
2.225400344958803484e-14 3.926694733258351278e-11 5.473266284639066726e-10 2.983428770676255226e-03 2.875085447495706603e-10 1.798519244706922419e-15 9.999850988388061523e-01 6.720827514072880149e-05 1.034111605235921161e-07 2.841676338682930236e-10 1.309355185039051683e-12 2.664632248183806951e-08 8.341140755874221213e-07 4.707123025582404807e-06 2.062210660369601101e-05 1.151048127212561667e-05 9.997081160545349121e-01 3.633755909504543524e-07 4.501211847696140467e-08
1.013854167157013668e-16 4.580809744112596116e-14 4.354349220267327198e-17 2.252467162907123566e-02 8.608877499760581031e-11 1.154751910621784633e-17 1.000000000000000000e+00 2.086743933205070789e-08 1.126980314625214419e-10 5.517429395307527074e-12 3.502646673019042508e-19 1.074032085490728150e-09 8.707247189931877074e-08 3.454675834291265346e-08 3.048807457162183709e-06 2.204499764957290608e-07 9.469966292381286621e-01 2.622371417237978619e-11 2.012262833575237386e-13
1.746300465343963992e-10 1.286752510099020697e-10 1.261950935323987930e-14 6.418732404708862305e-01 6.389003101503476501e-05 8.425343756002234841e-12 9.999918937683105469e-01 8.573067589168203995e-09 9.790264812181703746e-07 1.731369353441536418e-10 2.417054762989066102e-14 4.088389687240123749e-06 4.544162095498904819e-07 1.626338388405201840e-07 1.024942612275481224e-04 3.624973396654240787e-05 5.481192842125892639e-02 2.484495498222827337e-09 2.243735891527265380e-10
1.721392024419971661e-14 5.039576069822138127e-13 1.849257577038639078e-15 1.000000000000000000e+00 3.137952476529350110e-14 1.656350315790464785e-21 9.312876462936401367e-01 1.122154230870364700e-06 1.324081225521564487e-13 2.315115330345229872e-13 1.936728293709624451e-21 1.444129033125064032e-18 1.700884100230837248e-09 2.687040705495746806e-06 2.332151609607535647e-07 4.441826247092439672e-12 9.998206496238708496e-01 1.562933810150823888e-13 3.008434174364282137e-18
3.233165480196475983e-04 1.174372373498044908e-04 3.746847809793507622e-08 1.000000000000000000e+00 1.245454859599703923e-05 2.318920269317459315e-05 6.075774581404402852e-05 4.312796518206596375e-04 3.502860224102732900e-08 7.457658739440375939e-07 3.742361889130796371e-12 2.560162368561713642e-12 1.236940297530964017e-04 7.138726115226745605e-02 2.026829315582290292e-04 2.041025481958058663e-07 4.357958678156137466e-04 1.736176818667445332e-05 1.236799412884792559e-10
2.632170915603637695e-03 1.054415944963693619e-02 3.337183079565875232e-05 9.991567134857177734e-01 1.253597671166062355e-03 6.839990615844726562e-03 9.038376808166503906e-02 9.904164820909500122e-03 1.614718581549823284e-03 1.002859135041944683e-04 1.702139570625149645e-06 3.910258499217889039e-07 1.875069574452936649e-03 1.762549728155136108e-01 9.312313050031661987e-03 1.188621899927966297e-04 1.564083062112331390e-02 4.175018111709505320e-04 1.508466084487736225e-05
5.970191068627173081e-06 6.890613235555065330e-07 2.528840923332609236e-07 1.000000000000000000e+00 6.049980356692685746e-07 6.497180947917513549e-06 7.195268408395349979e-04 8.698852616362273693e-04 9.948744938981235464e-09 2.797460865622269921e-06 1.266691948136359699e-14 3.286152274774301052e-13 2.928600042650941759e-05 4.030117299407720566e-03 1.560175511986017227e-02 9.056154937070459710e-09 5.270493775606155396e-02 1.391688419971615076e-04 1.621695833176062251e-12
1.229821311454770694e-08 7.858680910430848598e-04 6.505906036124997627e-09 7.320924997329711914e-01 1.074551025936898441e-08 1.457718057373824649e-09 9.991269707679748535e-01 2.830928657203912735e-03 1.807209191611036658e-04 3.579272345177741954e-08 2.095670481594424928e-08 4.252984908692525323e-10 7.831436960259452462e-06 7.952030301094055176e-01 4.797147703357040882e-04 2.262828274979256094e-06 3.441516160964965820e-01 1.963426075235474855e-05 6.672658514617069159e-07
3.282895066902824510e-09 4.235576489008963108e-05 8.915463922676281072e-09 9.752835631370544434e-01 2.845061741751919726e-09 7.175501165468389786e-11 9.924828410148620605e-01 5.150704644620418549e-03 6.599017979169730097e-06 7.413023439539756509e-08 4.675945741716702742e-10 4.896347910454679209e-11 1.274579881282988936e-05 4.900967180728912354e-01 6.015726830810308456e-04 7.175183327490231022e-07 9.354401230812072754e-01 2.712682544370181859e-05 3.821753580268705264e-08
7.251327871493629118e-10 2.745375422819051892e-05 1.762359258528078954e-09 2.271527424454689026e-02 9.346035056978507782e-09 9.747014306782375570e-10 9.999737739562988281e-01 7.868951070122420788e-04 5.653689149767160416e-04 7.273827762332985003e-09 5.251469659128815692e-08 2.909759766467345798e-09 8.399289072258397937e-06 1.568116843700408936e-01 2.114396076649427414e-03 3.545220351952593774e-06 8.356751799583435059e-01 4.863066351390443742e-05 3.863382971758255735e-06
6.413695402443408966e-03 9.275358792137922137e-08 1.783014247315126144e-13 1.000000000000000000e+00 2.041861973702907562e-02 5.247845180633703421e-08 4.983382532373070717e-04 5.153346194219921017e-08 1.122984016888040060e-08 2.797509068841463886e-07 2.297905247160281217e-13 6.029056720535663771e-08 1.491541183895606082e-06 3.816072648987756111e-07 9.909014806908089668e-06 6.322926765278680250e-06 1.543118036352097988e-03 1.050395118107338988e-10 8.932160024642532559e-13
3.229400899726897478e-04 2.727435610694328716e-09 5.528155024541034010e-15 1.000000000000000000e+00 1.521389000117778778e-03 1.246558145595599854e-08 1.851328561315312982e-04 6.563877441578824801e-09 4.081773141706435126e-09 1.260679116654728205e-09 1.981067338576196143e-15 3.492807432170508264e-11 7.706398719165008515e-08 8.390816219616681337e-08 3.506628445393289439e-06 6.044474076816186425e-08 1.463176799006760120e-03 2.876750053448784428e-12 2.026172774753729616e-14
9.566517919301986694e-02 6.666743388450413477e-07 4.939765502025295074e-13 9.999992847442626953e-01 8.657564520835876465e-01 3.296134920560689352e-08 7.663734722882509232e-03 4.198135883370923693e-08 5.461779295501401066e-08 1.030667262966744602e-04 2.114191807733867279e-11 2.740340679883956909e-02 6.847091299277963117e-06 1.703602414693250466e-08 1.700473262644663919e-06 1.040665339678525925e-02 1.476816716603934765e-03 1.181100284242120324e-08 9.193668396023646494e-12
9.877639766025143039e-19 1.487873355371285711e-20 1.764012083581943304e-26 3.560294725701851348e-09 4.245121497660875320e-03 1.257071650173241183e-18 1.000000000000000000e+00 8.984243419883500628e-16 1.194470078402787294e-10 3.591369389377430110e-12 8.255898145842207078e-22 8.744816780090332031e-01 2.546727828622863399e-10 2.894452615062384550e-18 2.375182239812965480e-15 1.654725074768066406e-01 4.735543370770756155e-06 2.474419974474173500e-11 1.935064105708088236e-16
7.816629409790039062e-01 5.393317937850952148e-01 1.011166386888362467e-04 8.375546932220458984e-01 1.167846396565437317e-01 5.979132038191892207e-05 2.268505096435546875e-01 1.259871125221252441e-01 1.010216213762760162e-02 4.421074409037828445e-03 1.257426589727401733e-01 8.186820894479751587e-02 3.761218115687370300e-02 4.576418548822402954e-02 5.121763679198920727e-04 3.307954594492912292e-02 1.079547926783561707e-01 5.010298336856067181e-04 8.932306664064526558e-04
2.538037834098113427e-14 2.229453995823860168e-02 3.590420197480473363e-14 5.561836957931518555e-01 4.930737273772647434e-17 5.718770653937929266e-18 9.960352778434753418e-01 3.150483593344688416e-03 1.166927990868538156e-12 3.401062255176806604e-13 1.722625198512055516e-16 7.871806913705892002e-19 5.624314347585368523e-10 9.999998807907104492e-01 3.185678665307278834e-10 4.618182503079992784e-10 6.593933794647455215e-03 3.079260977756348439e-06 1.440998588776372412e-17
4.524882417172193527e-03 8.412032315163742169e-08 4.302640736102494867e-14 9.971158504486083984e-01 8.945847749710083008e-01 4.288909849492483772e-07 9.435375928878784180e-01 5.572388106500625327e-10 2.669659908860921860e-03 5.827505700217727735e-10 5.888469711834432019e-09 5.247195251286029816e-03 2.872807947085220803e-08 3.086832478516043921e-08 1.697181141935288906e-04 1.900322153232991695e-03 2.876673359423875809e-03 3.604194986905895348e-08 1.128712483478011563e-07
1.777543638438472146e-17 5.185328078374795702e-13 1.369407110493950364e-13 1.451946263841819018e-05 1.596388494486122855e-13 2.288506470051176198e-16 9.988932013511657715e-01 6.971595576032996178e-05 1.064358556845945714e-07 1.630094670357351561e-11 1.616751903456780347e-15 8.818373982422134105e-12 1.655653747434371326e-08 7.724542520008981228e-04 1.957559106813278049e-06 3.392632379473070614e-07 9.999625682830810547e-01 9.976547956466674805e-01 4.391587093977022960e-11
1.000000000000000000e+00 6.453333771787583828e-04 3.091235391908850275e-22 7.757838368415832520e-01 9.993332028388977051e-01 3.982201157472843553e-25 3.996528903371654451e-06 1.993423004789662834e-12 1.100061292779677357e-18 7.503884215072665131e-19 7.867608609957513210e-14 1.783177405595779419e-01 3.814023818993206305e-10 2.271874501675805180e-13 1.888696459078664056e-23 5.267017755272718205e-08 4.637706191301660397e-11 2.748638780569882439e-20 2.598272047050660431e-20
6.973253675823798403e-06 2.305777161382138729e-04 4.265730967745184898e-05 6.179118063300848007e-03 7.255489617818966508e-05 6.912398930580820888e-06 9.177995324134826660e-01 6.604499369859695435e-02 1.507206913083791733e-02 3.451077500358223915e-04 7.361892494373023510e-05 4.950357833877205849e-04 2.863620175048708916e-03 5.687881633639335632e-02 8.554406464099884033e-03 9.748552925884723663e-03 8.915169239044189453e-01 9.227027297019958496e-01 7.614804198965430260e-04
1.331624537706375122e-01 2.050330191850662231e-01 7.389310747385025024e-02 2.155619263648986816e-01 3.644210100173950195e-02 1.839512959122657776e-02 5.267204046249389648e-01 3.546240031719207764e-01 5.050545558333396912e-02 1.138853207230567932e-01 1.941759884357452393e-02 1.034330055117607117e-01 1.885816454887390137e-01 1.823582202196121216e-01 8.567771315574645996e-02 9.736388921737670898e-02 2.017224878072738647e-01 2.242348045110702515e-01 2.128943800926208496e-02
7.694542291574180126e-04 6.420210935175418854e-03 1.437764964066445827e-03 4.701483249664306641e-02 2.241987967863678932e-03 5.888048908673226833e-04 7.799192667007446289e-01 1.596707999706268311e-01 4.683032259345054626e-02 6.999691016972064972e-03 1.964486669749021530e-03 9.357769042253494263e-03 2.332555502653121948e-02 1.323952972888946533e-01 4.777840897440910339e-02 3.784465044736862183e-02 7.004076838493347168e-01 8.023266196250915527e-01 7.473553530871868134e-03
1.850076168652403652e-11 2.495565143423306154e-10 3.198384550370976520e-14 1.190585621202444599e-07 8.677139362589514349e-08 5.321722229556513639e-11 5.937688946723937988e-01 3.952320199459791183e-03 1.466661375681965751e-10 9.999787807464599609e-01 9.079612062201647404e-12 9.536274671554565430e-01 7.350519808824174106e-06 6.322329465513476521e-11 2.395288856149591084e-09 3.847427368164062500e-01 2.574390731751918793e-03 1.649237128731328994e-05 4.285747971788378408e-12
2.756656613200902939e-05 5.187520400795619935e-06 1.744056135066784918e-07 2.377612330019474030e-02 7.334862020798027515e-04 9.490612137597054243e-05 7.271392345428466797e-01 7.834088057279586792e-03 9.819889783102553338e-06 9.614858031272888184e-01 1.916552605507604312e-07 2.743655145168304443e-01 5.259759258478879929e-03 1.139964479079935700e-05 2.272368408739566803e-03 6.310464441776275635e-02 6.472901999950408936e-02 8.507951162755489349e-03 1.052138600243779365e-06
3.639835810531621973e-08 8.291387715297915406e-11 3.176961710706375976e-16 6.969797141209710389e-06 9.079328156076371670e-04 8.567210274534886594e-10 2.972236461937427521e-02 1.294326352763164323e-06 3.385814848974599833e-12 9.999946355819702148e-01 7.689974958896561574e-14 9.970275759696960449e-01 1.650031549615960103e-06 1.887492576515062415e-13 3.829256356446819609e-11 3.807947337627410889e-01 3.709099019033601508e-06 2.729693733272142708e-06 2.494689059549890647e-14
3.993090233467277983e-11 1.034444358083419502e-05 5.136334690902799593e-10 8.251949213445186615e-03 9.526451849595218846e-11 2.558385578041444397e-12 9.998838901519775391e-01 1.436230260878801346e-03 6.831952305219601840e-06 5.668181035645147858e-09 2.604413074092093439e-10 1.304669566826177629e-10 6.634708825004054233e-06 9.755744934082031250e-01 4.266296673449687660e-05 6.314050551736727357e-06 8.681702017784118652e-01 9.074409008026123047e-01 3.794673464341258295e-09
5.895929300336888446e-10 7.653349312022328377e-04 2.167482637815965063e-09 6.421306133270263672e-01 1.025743726068562012e-10 3.861356547008032436e-12 9.990583062171936035e-01 5.575424060225486755e-03 1.293478590014274232e-06 4.460604330347450741e-09 8.799262429803889063e-10 5.210503035979474618e-12 2.122722435160540044e-06 9.964750409126281738e-01 1.847063140303362161e-05 6.454171170844347216e-07 5.447881817817687988e-01 2.101751044392585754e-03 2.091580464380626836e-09
2.350852151833393577e-12 3.755151510631549172e-06 4.165753506035763110e-11 9.752497673034667969e-01 8.508930322490004805e-13 2.773513459302929911e-15 9.982562661170959473e-01 1.728354487568140030e-03 2.236683904754954710e-08 3.183024122055400085e-10 4.595374102946137018e-13 1.570667085433984089e-14 5.965843570265860762e-07 9.427431821823120117e-01 1.275024897040566429e-05 2.058734160925723700e-08 9.919807910919189453e-01 3.592383291106671095e-04 4.152576893456938478e-11
5.284973233938217163e-02 2.189448475837707520e-01 9.635227322578430176e-01 9.956629872322082520e-01 8.330340497195720673e-03 1.556583447381854057e-03 8.876340463757514954e-03 1.250221580266952515e-01 5.508023605216294527e-05 2.906806766986846924e-03 1.409272896125912666e-03 4.696658288594335318e-05 3.930164873600006104e-02 9.152823686599731445e-01 8.414056152105331421e-02 5.500652641057968140e-02 6.900249049067497253e-03 2.771676778793334961e-01 2.817080821841955185e-04
5.506394663825631142e-04 9.242644882760941982e-04 5.969273042865097523e-04 9.876849651336669922e-01 8.390589937334880233e-05 3.715458558872342110e-03 4.065494984388351440e-02 7.892581075429916382e-02 1.089216584659880027e-05 1.501364819705486298e-02 7.061060358637405443e-08 1.934105284817633219e-06 6.439417600631713867e-03 2.117289900779724121e-01 5.979062318801879883e-01 1.232394715771079063e-04 2.027492970228195190e-01 7.892938852310180664e-01 2.935938709924812429e-07
1.489604590460658073e-03 1.626681908965110779e-02 7.907294275355525315e-06 9.999871253967285156e-01 5.420711386250331998e-05 1.895016794151160866e-06 2.535979729145765305e-04 6.548046320676803589e-02 3.058173936310026875e-09 4.102284947293810546e-05 2.065100535020292227e-09 2.004834742663774705e-09 4.914290038868784904e-04 9.969661831855773926e-01 1.896039117127656937e-03 7.083766104187816381e-05 1.458662445656955242e-03 2.069110572338104248e-01 6.870475854903190793e-10
7.041639406984989691e-12 6.160340149108378682e-08 2.019251710283498369e-10 9.998072981834411621e-01 1.383364811591292209e-10 7.871038309888416917e-16 9.984256029129028320e-01 1.076909902621991932e-04 1.492881693820891087e-07 9.276442808348051017e-11 3.050770573664873808e-12 9.636034374940760650e-13 6.362622571032261476e-07 2.607350936159491539e-03 1.465956938773160800e-05 9.735187944670542493e-08 9.860895872116088867e-01 4.408889253681991249e-09 2.712591540277031754e-10
8.795730636890208842e-12 4.987583110960258637e-07 1.227876966769514411e-10 9.998275041580200195e-01 7.121780942753730415e-11 1.087197175107877233e-15 9.983408451080322266e-01 2.540495479479432106e-04 3.911821409019466955e-07 1.053249917837284499e-10 1.116687818603079307e-11 2.899233858631028449e-13 5.734221417696971912e-07 2.142109163105487823e-02 1.044157488649943843e-05 7.233624899072310654e-08 9.657582640647888184e-01 6.571720057024776906e-09 4.203067338615085191e-10
2.524950983736158803e-19 3.196327611476590391e-07 2.216604417758415213e-19 9.893709421157836914e-01 1.551161154064045265e-21 4.388150409109966941e-24 9.999690055847167969e-01 4.282393274479545653e-05 1.448841555355597638e-14 3.022239032966210243e-17 1.045053442771602899e-21 4.062167987435097519e-25 4.967024187785273881e-12 9.999994039535522461e-01 8.251834632266863423e-11 6.824137880213215768e-14 8.033011555671691895e-01 1.894307206384837627e-04 1.018142607882353325e-20
7.654554941283198133e-12 7.666587364951737982e-10 1.064915215732911764e-18 5.311390757560729980e-01 6.722577381879091263e-05 2.006842192425750682e-10 9.999997615814208984e-01 6.854042940845905818e-12 9.669768041931092739e-04 1.207294270929920241e-14 4.479694067950623637e-13 1.438253960373003792e-08 1.867616755690804098e-10 3.605594827149616322e-07 9.825902816373854876e-05 2.187176278312108479e-06 5.058486931375227869e-05 1.999681809028430735e-10 2.096345097513108158e-09
1.345680861730903608e-33 1.028765194261893250e-21 1.450082213970980541e-30 4.539428566220351992e-17 4.392697729640531252e-20 1.216248593263601233e-28 1.000000000000000000e+00 1.052510604170574238e-14 2.193819265812635422e-03 2.638879011217862574e-26 1.039278187288205568e-19 1.033705244543755251e-15 4.088319134068555934e-16 5.268123177276651248e-12 9.486348373499708941e-10 7.821786621176052279e-12 9.223573654890060425e-02 2.838490754291170259e-14 5.712751452446873657e-11
2.990238807433487356e-13 9.748502005635373280e-10 1.015403361300784221e-14 1.705792049223799761e-14 1.987033177970956577e-13 3.188062606875735616e-13 1.000000000000000000e+00 4.787661586624913923e-11 9.864208698272705078e-01 5.765610970424883686e-15 4.820301935382076408e-10 9.144800472427050408e-09 4.747029050226891922e-13 2.423934108986003366e-10 8.093955017329790280e-08 2.801944440355974564e-11 1.532767061144113541e-02 8.065728707151720300e-07 9.152398705482482910e-01
1.480532288551330566e-01 1.962925344705581665e-01 6.957055628299713135e-02 1.931641846895217896e-01 3.560499474406242371e-02 1.326242089271545410e-02 5.435987114906311035e-01 3.721991181373596191e-01 5.069432407617568970e-02 1.242896392941474915e-01 2.416539750993251801e-02 1.290582716464996338e-01 2.084280550479888916e-01 1.600265502929687500e-01 7.665044814348220825e-02 1.115252226591110229e-01 2.107205539941787720e-01 2.091783285140991211e-01 2.196176908910274506e-02
3.855694789053204508e-13 8.245352317581833290e-11 6.326644503423795030e-12 9.994826316833496094e-01 2.067812934769541755e-12 1.032191636371681219e-16 9.957609772682189941e-01 3.010734690178651363e-05 9.832173269996857812e-11 8.768415160620435245e-11 1.310623343709439509e-17 3.303029372367025096e-14 1.537824090291906032e-07 1.233476359630003572e-04 3.914741319022141397e-05 3.083900246281245927e-09 9.997642636299133301e-01 1.620501621779624202e-09 2.653189354415858014e-13
3.257118750057963474e-12 4.034427014687480550e-09 2.504480824117027993e-11 2.862155452021397650e-05 3.211273735814756947e-08 9.484470500642494528e-13 9.999946355819702148e-01 3.487844369374215603e-04 5.188437626202357933e-07 1.954650770130683668e-06 1.604189558968016627e-10 8.152181544573977590e-05 6.355824734782800078e-05 3.656721219158498570e-06 2.495454282325226814e-05 7.019415497779846191e-04 9.610271453857421875e-01 5.198650683269079309e-07 1.723198010950000025e-07
1.147983246482908726e-03 1.620330614969134331e-03 7.083424407028360292e-07 3.747059508896199986e-06 2.033122655120678246e-05 1.131583994720131159e-04 9.964908957481384277e-01 2.925035732914693654e-05 7.592419981956481934e-01 3.154432852170430124e-05 1.137903091148473322e-04 3.560994518920779228e-03 1.850457010732498020e-05 8.467579391435720026e-06 8.230347157223150134e-05 2.936080454674083740e-05 1.459866855293512344e-02 1.508317305706441402e-03 8.945155143737792969e-01
6.054875711924978532e-07 3.859568096231669188e-05 2.762657835830850672e-08 2.140231174507789547e-07 4.814003773390140850e-07 4.355287330781720812e-07 9.999805688858032227e-01 1.165029334515566006e-05 8.751267790794372559e-01 1.015991983877029270e-07 3.864473910653032362e-05 1.280586147913709283e-04 8.663195103508769535e-07 1.289905412704683840e-05 2.045447472482919693e-04 5.454941401694668457e-06 9.442135691642761230e-02 1.145515590906143188e-03 6.841099858283996582e-01
4.298036060390586499e-08 1.588519626238849014e-05 2.650030062056885072e-08 7.301317168639798183e-07 2.262572706968057901e-07 5.066582264845465033e-09 9.999963045120239258e-01 3.426006296649575233e-04 7.970651984214782715e-01 3.541137161278129497e-08 1.557481300551444292e-04 4.701376747107133269e-05 6.353579010465182364e-06 1.009033803711645305e-04 9.232457377947866917e-04 1.038733716995920986e-05 9.072220921516418457e-01 2.847844152711331844e-04 2.645252346992492676e-01
2.644146679386949472e-09 1.082594317267648876e-04 6.594259860381868066e-12 1.000000000000000000e+00 2.027509410362782205e-11 4.588704429994185097e-15 6.213896995177492499e-06 3.035005880519747734e-03 9.474059279874613021e-16 3.075954768672062301e-11 5.700189489042997467e-19 7.338218905371245587e-21 4.458360791659288225e-08 9.993915557861328125e-01 9.402285172654956114e-07 1.056090354056848923e-10 1.404804992489516735e-03 1.693803787929937243e-04 7.090834161133724990e-19
2.015563715929147293e-08 5.982154834782704711e-05 4.239028572605718637e-11 1.000000000000000000e+00 1.145299896587737010e-10 2.991756148373880819e-13 1.738398395900730975e-06 2.679528668522834778e-03 1.891530450337259445e-15 1.462577142730125956e-10 1.264328712482322033e-18 3.703498274962164500e-20 1.224319419179664692e-07 9.987196922302246094e-01 4.546516720438376069e-06 2.047188807363653495e-10 5.759666091762483120e-04 1.332415384240448475e-03 2.842955245256976982e-18
1.073332640544322203e-07 2.016885846387594938e-04 2.320999226146369665e-10 1.000000000000000000e+00 8.495921188789168355e-10 2.689477980599708218e-12 2.912937816290650517e-06 5.034921225160360336e-03 7.009040937434093260e-15 8.205288670737331813e-10 2.274232674488185654e-17 1.504506186806228351e-18 2.867361672542756423e-07 9.995039701461791992e-01 1.066381446435116231e-05 1.920415160228117202e-09 3.634117892943322659e-04 4.635905846953392029e-03 2.795242144035938261e-17
4.211778061730120370e-12 1.068624300160081475e-07 9.419053211001671144e-12 2.468973825386910903e-08 3.142898208352562506e-07 1.348002331980069357e-08 9.999997615814208984e-01 2.077791577903553843e-05 1.464853994548320770e-02 5.121216872794320807e-07 3.567576456475762825e-08 8.732761489227414131e-05 1.844400831032544374e-04 3.778591008085641079e-06 1.767375943018123507e-05 1.091417740099132061e-03 7.060344796627759933e-03 4.420635832502739504e-06 1.029043996823020279e-04
1.178638783794205835e-11 1.981518144011928939e-10 7.427805386820557354e-14 5.230181614024331793e-06 1.221056095346284565e-06 2.104736697428055692e-11 9.997014403343200684e-01 9.683502867119386792e-05 6.263928487015846258e-09 7.152416557073593140e-02 5.123248613542186192e-12 3.023462295532226562e-01 1.593115302966907620e-04 8.151099240016890235e-10 1.251909083066493622e-07 6.145380809903144836e-02 4.763728752732276917e-02 1.923559693750576116e-06 6.824463771870625806e-10
3.677396307466551661e-06 3.241013269871473312e-03 2.216588882220094092e-06 7.217918634414672852e-01 2.851995304808951914e-05 1.848435999818320852e-07 9.915728569030761719e-01 1.280559226870536804e-02 2.255789935588836670e-03 6.892338569741696119e-05 6.051053333067102358e-06 1.752554089762270451e-05 1.012897701002657413e-03 1.001949980854988098e-01 2.283454872667789459e-03 1.424168469384312630e-03 2.618291676044464111e-01 4.494415043154731393e-05 4.402808917802758515e-05
2.962997347477624999e-10 1.945118810908752494e-06 3.015554694840716365e-09 1.382297603413462639e-03 2.347384508993854979e-08 1.887877076889310501e-10 9.999868869781494141e-01 8.198555442504584789e-04 9.519780869595706463e-04 2.318811276325050130e-08 2.831122287716425490e-07 1.307374191128474195e-07 1.853395770012866706e-05 2.534728031605482101e-03 1.250851433724164963e-03 2.080668855342082679e-05 9.771541953086853027e-01 2.646481152623891830e-05 2.668481283762957901e-05
7.058407244103781508e-12 5.410578651776631887e-08 3.743258480959354983e-10 2.770143692032434046e-05 2.422960054815348485e-09 5.156206624862269550e-12 9.999895095825195312e-01 1.260580029338598251e-03 1.339527894742786884e-03 4.427715527555164954e-09 2.758040977823839057e-07 1.180108810672209074e-07 4.925748726236633956e-06 3.111579280812293291e-04 1.921924995258450508e-04 3.051674866583198309e-05 9.984465241432189941e-01 2.532736689317971468e-04 5.658452573698014021e-05
7.742500696183107317e-18 9.515731952403072569e-12 7.962057823422403861e-16 1.163787466396115633e-08 2.350854788613077062e-10 2.922223552546954206e-13 1.000000000000000000e+00 2.687396438716405100e-08 5.947592481970787048e-02 1.477432136050629841e-13 2.110219464446227988e-11 8.048338884236727608e-09 7.978032456890105095e-09 3.327169679323560558e-06 2.446171856718137860e-05 2.756733692876878195e-06 1.043551415205001831e-02 9.234464073415438179e-07 1.611549009794543963e-06
3.865344333462417126e-04 1.009932566375937313e-05 3.882683508038553555e-09 1.719072315609082580e-04 6.344066150631988421e-06 7.046421160339377820e-06 2.450017491355538368e-04 3.679199609905481339e-03 3.656945413155199276e-09 9.999967813491821289e-01 1.705239895954946405e-07 3.253723084926605225e-01 2.287166658788919449e-03 1.342741828835869455e-08 2.681321973341255216e-07 2.528617717325687408e-02 3.287073195679113269e-05 4.012771241832524538e-04 6.676415531536861181e-10
2.574428435764275491e-05 7.743076935184944887e-07 7.806855856218319900e-11 2.360296093684155494e-05 7.233856649691006169e-06 7.220198199320293497e-07 6.013308302499353886e-04 1.325670629739761353e-03 7.938245061289705973e-10 9.999989271163940430e-01 8.811427143484706903e-09 6.285791993141174316e-01 4.478822520468384027e-04 8.273256524304883897e-10 2.854869762813905254e-08 6.001941487193107605e-02 2.307944305357523263e-05 1.191071496577933431e-04 7.374934690718149000e-11
3.329585052114225618e-09 7.114085747161880136e-07 4.242512829932820750e-08 3.124446084257215261e-05 8.678568406139675062e-07 8.517775929028914561e-10 9.993718266487121582e-01 7.900230586528778076e-02 1.529553264845162630e-05 8.289987221360206604e-03 4.309701751026295824e-07 1.251741964370012283e-02 1.103767193853855133e-03 7.944487151689827442e-05 1.330157974734902382e-04 4.819457232952117920e-02 9.487259984016418457e-01 2.516422246117144823e-04 1.135539605456870049e-05
4.104363324586302042e-04 1.075754136920133164e-13 1.765505757809612268e-27 1.837913900050772674e-15 9.830507636070251465e-01 1.267242286618014500e-15 9.999866485595703125e-01 2.758278534613938368e-22 3.609918057918548584e-01 2.072783093340491422e-17 6.574767674772405510e-16 9.968165755271911621e-01 2.001410105353929048e-14 2.816307900108465009e-23 3.586145902965325041e-20 1.652141509111970663e-05 6.119656430908504419e-12 3.812712136026102927e-15 2.591139889318583300e-07
9.622327089309692383e-01 9.331603650934994221e-04 6.582708553595773004e-13 1.506908375858984073e-09 4.675718082580715418e-04 3.400853210155929673e-10 6.876343488693237305e-02 7.009925866441335529e-06 1.018725652102148160e-05 3.305050134658813477e-01 7.603306784176311339e-08 9.140371680259704590e-01 3.640073239803314209e-01 3.362437213968831606e-14 3.019867909814159639e-15 1.233513583429157734e-03 2.540496346625786828e-08 2.229200823933297215e-08 1.000948395812883973e-04
9.839994311332702637e-01 7.895494252443313599e-02 1.334645673978229752e-07 9.217196929967030883e-05 1.701197177171707153e-01 2.474668008289881982e-06 5.305023789405822754e-01 3.982478228863328695e-04 1.881108433008193970e-02 7.885536761023104191e-04 3.089795645792037249e-04 7.818903326988220215e-01 1.038201712071895599e-02 7.487825541829806753e-07 4.882823034790817474e-08 7.056558504700660706e-03 5.140606663189828396e-04 1.375463034491986036e-05 8.066281676292419434e-03
1.926353201270103455e-03 7.037815637886524200e-03 8.966702036559581757e-03 1.208760426379740238e-03 3.319968283176422119e-02 9.959027171134948730e-01 2.029848285019397736e-02 3.742373664863407612e-04 2.644080221652984619e-01 4.449443891644477844e-03 6.100576865719631314e-05 4.283431917428970337e-03 2.538010245189070702e-03 2.897361991927027702e-03 3.399654850363731384e-02 3.629429964348673820e-03 3.092074999585747719e-03 1.588121242821216583e-02 2.023115605115890503e-01
1.105659248423762619e-05 1.620201655896380544e-04 8.827345300232991576e-05 3.704860546349664219e-06 3.164894180372357368e-03 9.999845027923583984e-01 4.432061978150159121e-04 2.476853637745080050e-07 1.580094397068023682e-01 5.634684566757641733e-05 1.849511122031799459e-08 4.518846617429517210e-05 1.606835212442092597e-05 2.798870082187931985e-05 1.421051099896430969e-03 4.580966560752131045e-05 1.734414217935409397e-05 6.129993707872927189e-04 1.119214519858360291e-01
1.434986916137859225e-05 1.961742236744612455e-04 1.095996776712127030e-04 4.908955816063098609e-06 3.541475394740700722e-03 9.999794960021972656e-01 5.369277205318212509e-04 3.553288934199372306e-07 1.625031679868698120e-01 7.021154306130483747e-05 2.773359142338449601e-08 5.689966928912326694e-05 2.069734728138428181e-05 3.498353180475533009e-05 1.654966035857796669e-03 5.678122397512197495e-05 2.226439391961321235e-05 7.193697383627295494e-04 1.160048916935920715e-01
