7.932404279708862305e-01 7.843231409788131714e-02 6.836457177996635437e-03 9.667778611183166504e-01 5.267450213432312012e-01 3.290512133389711380e-03 1.385565251111984253e-01 1.131325215101242065e-02 5.573565606027841568e-03 7.708223070949316025e-03 3.910755272954702377e-03 1.274702847003936768e-01 3.059869073331356049e-02 2.704993262887001038e-02 1.609383337199687958e-02 1.088339835405349731e-01 6.119246780872344971e-02 3.382289549335837364e-03 1.835672184824943542e-03
2.923605279647745192e-05 1.415260718204081059e-03 1.563895239087287337e-05 5.430924356915056705e-04 5.280962213873863220e-04 6.629395764321088791e-03 9.966406822204589844e-01 1.018557231873273849e-03 5.118117928504943848e-01 5.999899804010055959e-05 1.987826253753155470e-04 1.238064141944050789e-03 5.627283826470375061e-04 1.246450655162334442e-02 1.534777041524648666e-02 1.703424495644867420e-03 2.372018620371818542e-02 3.137589246034622192e-02 9.077731519937515259e-02
9.975808858871459961e-01 9.991932511329650879e-01 1.609504057809019173e-10 3.787846304476261139e-03 5.300770453686709516e-07 2.291870252607575154e-12 5.490699410438537598e-02 7.526019811630249023e-01 8.219135343097150326e-04 1.339042987602567791e-09 6.815984845161437988e-02 1.581012838869355619e-05 8.648380753584206104e-05 2.139096613973379135e-03 1.908268855432826427e-11 5.084852091385982931e-06 1.794603187590837479e-03 1.371147817508244771e-07 3.246896440600721689e-08
5.193713679909706116e-02 1.132122576236724854e-01 4.563730908557772636e-04 2.500421367585659027e-03 5.494738463312387466e-03 1.923965610330924392e-04 9.630256295204162598e-01 1.227932497859001160e-01 4.138014614582061768e-01 2.393114846199750900e-03 1.395242214202880859e-01 7.808550447225570679e-02 2.451545931398868561e-02 5.902929697185754776e-03 1.656600460410118103e-02 1.964340358972549438e-02 7.680446505546569824e-01 7.663999218493700027e-03 4.667728841304779053e-01
1.777953933924436569e-03 1.597093343734741211e-01 8.952458738349378109e-04 2.801271378993988037e-01 3.449256764724850655e-04 2.796667686197906733e-04 8.701543211936950684e-01 2.347815036773681641e-01 4.295527469366788864e-03 2.295155311003327370e-03 5.361368530429899693e-04 3.396046522539108992e-04 1.306480076164007187e-02 8.915884494781494141e-01 1.975903660058975220e-02 8.041197434067726135e-03 2.354756742715835571e-01 1.966046243906021118e-01 2.994718670379370451e-04
1.055857794820609249e-19 1.369958663409093290e-16 4.259192531268416579e-26 2.704699285058128873e-16 1.898651476039958652e-07 5.231574722042164893e-12 1.000000000000000000e+00 4.012759295310940055e-14 7.886283128755167127e-07 4.207665327271570277e-09 1.378412842180176195e-18 6.080971099436283112e-03 1.029170704214266152e-07 8.751904854983351085e-19 4.517632012972444891e-15 1.004483783617615700e-03 1.478651068254066558e-08 9.639177477038796127e-13 1.762175995401182860e-11
9.817991852760314941e-01 9.987664222717285156e-01 5.672562863878738426e-08 5.571611523628234863e-01 1.320409381833087537e-07 7.310748534328226356e-11 4.095284384675323963e-05 6.953246593475341797e-01 2.740629279074369151e-09 1.290179284296755213e-06 1.711195750431215856e-06 9.214028068527113646e-06 3.973193466663360596e-02 2.462784349918365479e-01 4.880395393369596491e-11 4.986932617612183094e-05 4.176208221906563267e-06 6.749987369403243065e-05 4.563001712587499981e-11
1.021897769533097744e-04 8.772207849006008473e-08 2.357073147774002564e-10 1.000000000000000000e+00 8.751206905799335800e-07 1.352563998580080806e-07 1.192066702060401440e-03 3.891178039339138195e-06 4.100681127994221242e-09 5.187534402040228088e-09 3.027018985471354069e-15 1.604535189610178936e-14 7.268740205290669110e-07 1.419287291355431080e-04 1.481308508664369583e-02 1.246387992814845802e-10 2.697603404521942139e-02 1.474541910795323929e-08 1.801191845413746551e-13
3.976611420512199402e-03 1.141103057307191193e-04 2.945906487639149418e-07 5.282482597976922989e-04 2.509905607439577579e-05 2.810620208038017154e-05 6.818686961196362972e-04 1.181261334568262100e-02 5.657274471104756230e-08 9.999494552612304688e-01 3.678007033158792183e-06 2.753473818302154541e-01 1.523960288614034653e-02 2.262186455936898710e-07 1.325077164437971078e-06 2.901739254593849182e-02 8.352828444913029671e-05 2.238257555291056633e-03 3.972244400074487203e-08
7.963978569023311138e-04 2.127527724951505661e-03 2.177945134462788701e-06 9.999996423721313477e-01 1.008058188745053485e-05 1.707426804387068842e-06 2.577341911091934890e-05 2.071968838572502136e-02 1.317447956283857025e-10 1.003719444270245731e-05 1.447043092989153124e-11 2.600440869582332226e-11 2.497287059668451548e-04 9.927502870559692383e-01 1.669864403083920479e-03 4.580672339216107503e-06 3.790704358834773302e-04 3.184376955032348633e-01 2.092416517829320810e-11
1.198553014546632767e-03 9.404709999216720462e-05 7.593088184876251034e-07 2.022312401095405221e-04 1.391712874174118042e-01 2.633078694343566895e-01 8.210761547088623047e-01 2.417116320430068299e-06 5.097064375877380371e-01 4.323649336583912373e-04 6.009160188114037737e-06 1.226283609867095947e-01 1.303337194258347154e-04 5.525825145014096051e-06 2.565672330092638731e-04 6.183963268995285034e-03 4.914015880785882473e-04 1.936477958224713802e-03 2.889461815357208252e-02
5.536615432788494218e-08 1.217683688992110547e-06 1.782386327420226735e-08 4.058857666677795351e-05 2.481850329786539078e-03 4.111498981274053222e-07 9.996355772018432617e-01 1.005665035336278379e-04 5.496135563589632511e-04 1.960414811037480831e-04 2.011827149317468866e-07 1.195248812437057495e-01 3.369280369952321053e-03 2.657212689882726409e-06 2.090410453092772514e-05 8.302640914916992188e-02 1.871676743030548096e-02 3.864138489007018507e-05 1.634214822843205184e-05
7.659989992563759342e-15 1.353843037676938366e-09 8.603568077087402344e-01 7.635566871613264084e-03 1.412775061868098980e-12 2.703871442701085803e-18 9.998965263366699219e-01 2.989192726090550423e-03 3.132836923214199487e-08 1.186807162961711626e-11 1.226164352344238928e-13 5.152509929134962974e-12 1.498624783380364534e-06 2.274801023304462433e-03 8.943798093241639435e-06 4.346314199210610241e-06 9.999039173126220703e-01 2.802170683935401030e-06 7.519138200962061092e-09
8.418715883861532123e-18 1.041538643525852237e-11 5.158897198320744337e-10 3.176370682922424749e-06 6.680668794859997983e-14 6.248885272719328697e-19 9.999992847442626953e-01 7.055192254483699799e-04 1.902985331980744377e-06 1.629404423886260389e-11 2.719390684857714291e-12 1.408658953372388112e-11 1.079366498402123398e-07 5.615372210741043091e-03 5.379964136409398634e-07 8.222517863032408059e-06 9.998041987419128418e-01 5.113182067871093750e-01 1.477917122016947360e-09
4.036330084428339642e-38 1.200081253974821058e-28 1.410936465337185118e-30 3.501125901462863766e-18 4.022658751813718229e-26 3.427235808471364490e-38 1.000000000000000000e+00 9.801404132758761989e-08 2.854897303459193327e-19 3.384234378668647507e-15 2.034658800880103350e-28 2.510788018467158267e-12 1.211553237292009588e-13 1.522927784425095609e-16 2.890826463706466440e-15 4.820250865122943651e-08 1.000000000000000000e+00 2.095729976887773967e-16 4.944783338241196003e-19
1.495866775512695312e-01 4.057591035962104797e-02 3.217141609638929367e-03 9.890994429588317871e-01 6.719080265611410141e-03 1.132402103394269943e-02 1.592401601374149323e-02 1.238815858960151672e-01 6.489114457508549094e-05 3.916561901569366455e-01 4.697334588854573667e-05 2.268722746521234512e-03 1.106739491224288940e-01 1.488169580698013306e-01 7.992438226938247681e-02 5.570229142904281616e-03 3.337936103343963623e-02 1.662074923515319824e-01 2.441701508359983563e-05
2.840858511626720428e-02 3.754912689328193665e-02 2.885709889233112335e-02 7.256281375885009766e-02 5.462664738297462463e-02 9.430333375930786133e-01 8.339541405439376831e-02 2.845708653330802917e-02 1.534015536308288574e-01 2.634770609438419342e-02 1.902170828543603420e-03 9.816085919737815857e-03 3.813606128096580505e-02 9.835231304168701172e-02 4.613151252269744873e-01 8.556457236409187317e-03 5.814880505204200745e-02 9.632679075002670288e-02 4.105437174439430237e-02
6.476148264482617378e-04 6.641547661274671555e-04 2.979497359945071366e-08 1.273151338100433350e-01 1.111864820122718811e-01 3.922388813748511893e-08 9.981795549392700195e-01 2.580920408945530653e-05 7.194925844669342041e-02 3.867252829081735399e-08 4.164017736911773682e-02 4.752580076456069946e-02 2.462699194438755512e-05 9.284627594752237201e-05 1.328454352915287018e-03 1.229657512158155441e-02 3.389072120189666748e-01 1.248765875061508268e-05 1.492537325248122215e-03
9.981219172477722168e-01 9.409381151199340820e-01 1.549450985294242855e-06 1.230783760547637939e-03 2.263840906380210072e-05 1.451764308768588307e-08 4.787148500327020884e-04 1.617639213800430298e-01 4.352388884854008211e-07 4.969722940586507320e-04 3.256848003729828633e-06 3.409240394830703735e-02 9.519767761230468750e-01 6.492092506960034370e-04 8.742818136120433792e-10 5.323133082129061222e-04 4.460740001377416775e-06 1.519326004199683666e-03 3.267134047746367287e-07
2.669441612201950420e-10 7.656128175881349307e-09 9.484461827025114644e-11 9.968878626823425293e-01 8.800248030294000046e-11 4.040689657869300788e-12 1.865413226187229156e-02 3.605618840083479881e-03 6.235658517317332894e-11 4.351596487595088547e-07 1.075887882363713434e-16 3.788773114687948862e-12 2.411367404420161620e-06 7.674628403037786484e-03 4.978247918188571930e-03 5.262176028253406912e-09 9.999020099639892578e-01 1.333320140838623047e-01 6.602550537554430221e-13
1.604080908899907509e-12 8.581691780806810499e-12 5.306096615625940417e-17 3.007369464569364936e-09 1.275846894799315123e-08 1.306037743231680537e-12 1.373675316572189331e-01 4.665869346354156733e-04 2.105454048953459001e-12 9.999995231628417969e-01 1.413968361884190839e-13 9.799810051918029785e-01 6.425098035833798349e-07 1.577816924423075529e-13 1.013994010284902103e-11 3.712828159332275391e-01 1.388109958497807384e-04 1.179838022835610900e-06 1.522441433988649950e-14
4.111603647470474243e-02 8.772661089897155762e-01 4.142163961660116911e-04 1.188106536865234375e-01 7.444462971761822701e-04 3.000460565090179443e-03 5.222876667976379395e-01 4.576669037342071533e-01 2.227384038269519806e-02 1.018995791673660278e-02 4.709320142865180969e-03 9.241486899554729462e-03 1.875014044344425201e-02 6.725079417228698730e-01 1.060160459019243717e-03 1.003922894597053528e-02 3.434697538614273071e-02 7.433465216308832169e-03 5.925323348492383957e-04
1.117543783038854599e-02 9.290554523468017578e-01 6.354099241434596479e-06 6.303679347038269043e-01 2.580858563305810094e-06 3.587543062621989520e-07 7.692566607147455215e-03 7.538440823554992676e-01 8.802273328001319896e-07 1.086174626834690571e-03 3.141224624414462596e-06 1.376921045448398218e-05 1.316943392157554626e-02 9.840908646583557129e-01 2.745438177953474224e-05 1.933029852807521820e-03 7.119760382920503616e-03 1.342255063354969025e-02 2.480126681803085376e-08
9.388167411088943481e-03 9.159401059150695801e-01 2.917847814387641847e-05 6.308810710906982422e-01 6.977471457503270358e-06 1.426452399755362421e-06 1.547703985124826431e-02 6.922985911369323730e-01 2.803836423481698148e-06 7.467772229574620724e-04 8.767273357079830021e-06 1.305746354773873463e-05 1.061801239848136902e-02 9.882677197456359863e-01 9.522494656266644597e-05 2.208125079050660133e-03 9.553346782922744751e-03 1.296644937247037888e-02 1.030172427363140741e-07
2.566893957555294037e-02 8.344638627022504807e-04 4.117871696962538408e-07 7.545026164734736085e-05 5.987451877444982529e-03 1.747459900798276067e-04 1.018445864319801331e-01 6.557033397257328033e-03 2.611011732369661331e-04 9.810654520988464355e-01 8.583989983890205622e-05 6.611894965171813965e-01 1.432312279939651489e-01 1.063129033695986436e-07 8.550508141524915118e-07 9.757981449365615845e-02 3.229450376238673925e-04 1.134998979978263378e-03 1.668276527198031545e-04
3.031621454283595085e-03 3.060125978663563728e-03 1.338587957434356213e-03 3.091964463237673044e-04 3.735143225640058517e-03 9.594108462333679199e-01 1.348443180322647095e-01 1.328121288679540157e-04 4.063149690628051758e-01 3.734614467248320580e-03 4.232608625898137689e-05 6.855773739516735077e-03 9.618615731596946716e-04 1.877836475614458323e-04 3.971721045672893524e-03 1.076895161531865597e-03 2.731464337557554245e-03 9.188105352222919464e-03 6.302635669708251953e-01
1.539313529974606354e-07 1.388781470268440899e-06 6.352664172482036520e-09 3.581902274163439870e-05 2.756025605776812881e-05 1.650861207735943026e-07 6.631646156311035156e-01 5.972068384289741516e-02 8.406681786254921462e-07 9.977510571479797363e-01 2.074986724664995563e-07 8.669659495353698730e-01 7.518567144870758057e-04 6.536113801303145010e-07 4.148339030507486314e-06 4.285645782947540283e-01 3.467268496751785278e-02 8.831695886328816414e-04 1.119127048809787084e-07
1.196606702613678408e-10 9.460179717279970646e-05 3.635790019745899215e-12 9.999979734420776367e-01 4.090495737268939891e-12 2.467123219314446697e-16 3.565585315227508545e-01 9.750043973326683044e-03 9.583366739063237105e-11 6.401875141115453971e-10 1.600369312168992836e-14 9.618845268526750748e-17 3.794682754687528359e-07 9.908031225204467773e-01 4.882422786067763809e-07 2.018113232082896502e-09 8.151940107345581055e-01 5.555505140364402905e-06 7.124554716802719567e-14
9.990744590759277344e-01 3.336496185511350632e-03 2.634184648186987943e-09 8.940196633338928223e-01 9.359130263328552246e-01 6.339458735737935058e-09 3.388297557830810547e-02 1.357979544991394505e-05 2.823354350312001770e-07 2.264220711367670447e-06 9.389024739903106820e-07 4.045524895191192627e-01 1.611374900676310062e-04 3.228357854823116213e-06 2.941695242952846456e-07 6.423530634492635727e-03 1.526777632534503937e-03 3.138309523365023779e-07 1.460760934435256786e-08
2.288329228758811951e-02 7.783872075378894806e-03 1.740050538501236588e-05 4.237395152449607849e-02 2.001735265366733074e-04 8.324994123540818691e-04 4.308648873120546341e-03 9.303230047225952148e-02 4.482971689867554232e-06 9.987252354621887207e-01 1.882899523479864001e-04 2.160270363092422485e-01 5.185993388295173645e-02 2.699414908420294523e-04 2.144333557225763798e-04 4.709218814969062805e-02 2.552474383264780045e-03 2.296041510999202728e-02 4.429501586855622008e-06
1.358977078780299053e-05 3.295023143291473389e-01 1.988931046525976853e-07 9.021446108818054199e-01 1.121638433687621728e-06 1.225557753059547395e-07 6.142276525497436523e-01 7.156720757484436035e-02 1.281113054574234411e-05 1.029400227707810700e-04 2.362823892099186196e-07 2.508421914626524085e-07 1.948735152836889029e-04 9.932942986488342285e-01 8.232459549617487937e-06 1.647396566113457084e-04 8.995683863759040833e-03 4.615018769982270896e-05 7.819206615522489301e-08
9.989595413208007812e-01 5.146422237157821655e-02 1.092159962468031154e-08 4.974143207073211670e-01 7.552694678306579590e-01 1.836304974744962237e-08 2.412686869502067566e-02 2.027803711825981736e-04 2.526915068301605061e-06 4.134560731472447515e-05 1.623747448320500553e-05 4.379198253154754639e-01 1.881874282844364643e-03 1.970815537788439542e-05 3.337120801916171331e-08 7.494121324270963669e-03 4.895117017440497875e-04 7.099628760443010833e-07 6.484494292635645252e-07
2.010224587860973251e-29 1.238977601333702586e-23 0.000000000000000000e+00 2.568706802500425262e-20 1.014265711349326970e-13 3.980807960088894039e-23 1.000000000000000000e+00 5.880102011080961771e-26 8.923765420913696289e-01 7.157622341817942686e-30 7.751431662818520648e-24 1.252459594369703666e-11 1.138969441374503105e-21 3.106301428153034191e-18 1.000925145717979081e-12 6.621420425845236934e-12 8.363353759532898835e-11 2.333748056187068959e-14 5.804399183517716665e-10
1.397461032022077760e-35 8.809553006356326412e-26 2.339108605367906363e-37 2.503672161592877723e-16 8.249586399915877319e-18 1.212423590467901242e-26 1.000000000000000000e+00 2.499164145127701011e-19 5.556078058570335099e-13 5.789163728300797260e-25 2.261041343287592104e-32 2.187536066392404936e-15 2.991429329181512220e-14 1.933781300779251200e-15 8.579908485073506341e-12 2.841044890664057299e-12 3.552320413291454315e-05 2.953080346371484572e-20 3.180302918607194576e-19
8.118636348333751024e-22 2.427735975508884918e-15 2.180156885108896804e-21 2.101216006744621723e-10 8.686324771446651827e-13 5.876228323375976004e-13 1.000000000000000000e+00 8.956052566233552170e-11 1.770669655343226623e-07 3.185532350055697570e-14 2.893853245160407454e-20 8.283543122267200687e-12 1.315229702925080346e-08 7.748892016934405547e-08 3.179923169227549806e-06 4.663826214112987145e-09 5.871270550414919853e-04 2.517229306941981548e-11 1.327263559475211352e-11
1.753237377499772265e-08 1.344020120086497627e-06 4.757465532634341798e-08 3.298805313534103334e-05 5.017705916543491185e-06 4.879553205938691463e-09 9.969199895858764648e-01 1.262846291065216064e-01 6.446010957006365061e-06 3.076786398887634277e-01 4.231954733313614270e-07 2.226083129644393921e-01 1.423172652721405029e-03 1.179265927930828184e-05 2.877563565562013537e-05 1.744847893714904785e-01 6.374679207801818848e-01 3.658052883110940456e-04 4.272345904610119760e-06
5.387614946812391281e-04 3.477581311017274857e-03 1.262213336303830147e-03 2.106877975165843964e-02 5.382371600717306137e-03 2.206414792453870177e-04 9.467265605926513672e-01 2.349866032600402832e-01 1.807347312569618225e-02 4.147574678063392639e-02 2.204057760536670685e-03 8.993735909461975098e-02 4.693889617919921875e-02 3.512783721089363098e-02 3.186477720737457275e-02 1.338867247104644775e-01 7.203341722488403320e-01 1.041924953460693359e-01 9.463700465857982635e-03
5.113583867455417931e-08 2.142836663665548258e-08 6.508601817223347297e-12 2.098670393024804071e-06 4.562779395200777799e-06 6.502519411810681049e-09 2.347164042294025421e-02 1.375017920508980751e-03 7.221639397592127807e-10 9.999948740005493164e-01 6.484148773466813509e-10 9.148550629615783691e-01 4.929922579322010279e-05 2.604398086081260999e-10 7.264510770710330689e-09 2.603928744792938232e-01 2.105664025293663144e-04 5.210711606196127832e-05 3.072624446542882026e-11
1.294766627246701773e-09 2.221554780135193141e-07 1.112320847408698743e-12 2.857494019181672229e-09 1.918269163070362993e-06 7.182988781551102875e-08 9.989095926284790039e-01 1.478171674534678459e-03 2.381111698923632503e-05 6.979133486747741699e-01 7.474000796037216787e-08 3.983882367610931396e-01 1.175069622695446014e-02 2.981950519842513359e-10 4.766082195573062563e-09 1.655631810426712036e-01 1.057546352967619896e-03 1.083976940208231099e-06 4.874620572081767023e-06
3.711897006724029779e-04 1.199522614479064941e-01 2.107134205289185047e-04 3.345888108015060425e-04 2.834025304764509201e-03 9.997579455375671387e-01 1.599793508648872375e-02 2.982130972668528557e-04 5.524002015590667725e-03 1.671618956606835127e-04 1.646691316636861302e-06 3.483149703242816031e-05 1.209479742101393640e-04 2.497998327016830444e-01 5.094142979942262173e-04 1.621691480977460742e-04 4.472596629057079554e-05 8.176658884622156620e-04 1.794321287889033556e-04
6.937391757965087891e-01 2.018736631725914776e-05 6.103552108172038970e-10 6.726884841918945312e-02 6.560152173042297363e-01 2.193691398133523762e-05 9.286474585533142090e-01 5.333201897883554921e-07 2.374541247263550758e-03 2.083835255461963243e-07 1.328374743536642200e-08 2.283588424324989319e-02 1.105122555600246415e-05 2.235962483609910123e-06 1.990448450669646263e-03 1.821149926399812102e-04 4.946053959429264069e-03 2.473058884788770229e-06 1.010751566354883835e-05
9.999996423721313477e-01 6.638702416239539161e-06 2.898061001460952468e-21 2.699356710378353341e-11 9.787164330482482910e-01 6.550099990853216651e-19 7.143386006355285645e-01 3.888573084408555869e-14 1.936822968673368450e-07 2.657442374606657637e-14 3.529725340137290779e-13 9.946568012237548828e-01 2.740258020494934499e-09 3.389873521194508325e-19 3.653651313040146352e-22 5.559448709391290322e-06 1.203966926155430883e-10 8.127984563297926848e-17 1.052599785111851816e-09
9.996396303176879883e-01 1.289800566155463457e-04 1.631169917019892335e-12 9.957526344805955887e-04 9.889441728591918945e-01 5.938765972046677888e-12 2.710651755332946777e-01 2.630175011120172712e-08 5.097447797197673935e-08 1.222167789194372745e-08 7.590866268891716118e-10 9.464239478111267090e-01 2.893655846492038108e-06 1.064186586074988838e-10 2.893765956024640928e-12 4.153704736381769180e-03 2.032242446148302406e-05 5.658534973917994648e-09 3.314445939928134521e-10
9.754754512827923385e-13 1.713505946099758148e-02 4.512058695421705679e-12 3.905910416506230831e-04 6.651644838227832590e-13 9.980526821662394354e-12 9.999990463256835938e-01 1.254361413884907961e-04 1.738274113449733704e-05 2.660787389030527805e-12 8.114331428998866613e-11 2.541265266796377542e-13 2.554225497775064468e-09 9.990826845169067383e-01 4.845490053639878170e-08 3.146724480984630645e-08 3.763767599593847990e-04 1.347082729807880241e-07 3.464101228090044060e-10
5.656961002387106419e-04 9.361674785614013672e-01 9.370647072792053223e-01 1.324975639581680298e-01 1.261642751160252374e-06 1.305444311583414674e-04 5.290101096034049988e-02 8.099276572465896606e-02 2.778278485493501648e-06 8.854625548337935470e-07 3.188314440194517374e-05 4.504904538293885707e-08 8.518534741597250104e-05 9.987567663192749023e-01 2.578780404292047024e-04 6.155748997116461396e-05 8.069624163908883929e-05 1.938769710250198841e-04 2.399335414793313248e-07
2.823893353343009949e-02 6.118221674114465714e-03 2.481490071204461856e-07 9.999794960021972656e-01 8.376163430511951447e-03 1.557824295014142990e-02 2.446978352963924408e-03 7.088327402016147971e-05 3.104124625679105520e-04 2.427245590297388844e-06 9.006411261225366616e-08 5.907900231250096112e-07 1.376806176267564297e-04 2.530427277088165283e-02 3.029885556316003203e-05 1.318952417932450771e-04 4.860961416852660477e-05 4.448653726285556331e-06 2.376621523580979556e-06
6.862086934233957436e-07 1.043048448085888712e-17 1.374873437414109696e-33 1.000000000000000000e+00 2.458057535292823559e-09 2.701631011087288856e-20 1.120819322092013112e-14 2.011146518402623904e-20 2.159000437113548972e-23 2.325707887859008690e-23 5.607145720325032464e-36 2.431211395071244783e-30 5.187137124756729337e-17 6.816748364781369252e-14 8.581588573653835825e-17 1.200861315430236171e-18 4.254513841922547002e-12 8.621862943258701771e-29 4.217754178645001979e-33
1.866506040096282959e-02 8.388528272007533815e-08 1.699102597258436064e-18 1.000000000000000000e+00 4.776786610705130443e-08 5.119206247057236925e-15 3.955608627106976805e-13 3.308515128530586935e-10 1.832163051539475091e-19 3.504475084691732745e-13 4.527328523306603981e-22 1.514778535705566661e-20 1.987932840563644277e-08 9.500431478954851627e-04 6.674320818245149667e-12 3.616915794646402560e-11 6.097339300126236594e-10 4.179818587058369006e-14 3.214512717673429639e-21
6.411458161892369390e-05 1.756311485134887107e-10 3.629088177964918233e-17 1.000000000000000000e+00 9.793504887056769803e-07 4.037931447542497665e-12 5.344646059057822640e-09 1.185647136026091175e-10 9.165885823773922692e-15 3.754557428847782319e-13 2.771093826143856134e-21 6.971241422146573940e-19 1.663718829369997820e-09 2.623681893965112977e-07 4.356360605584086443e-09 1.125920537359270668e-11 2.870343450922518969e-06 3.872708750229545902e-15 6.522518816550372346e-20
4.492574930191040039e-01 5.999670611345209181e-05 1.697389451216224643e-10 9.997947812080383301e-01 8.951842784881591797e-01 8.987394721771124750e-07 1.112079322338104248e-01 1.027583607537962962e-06 9.384383884025737643e-05 1.340393555437913164e-05 2.039132596109993756e-07 5.565699562430381775e-02 2.174442124669440091e-05 2.689517259568674490e-06 2.989097811223473400e-05 3.199004381895065308e-02 8.204880170524120331e-03 5.978492936264956370e-07 1.385020880206866423e-07
1.028359681367874146e-02 7.572726190119283274e-06 1.228842916312089528e-09 9.943565726280212402e-01 7.160266041755676270e-01 2.289318035764154047e-05 8.291301131248474121e-01 2.356804543524049222e-06 2.033500466495752335e-03 4.370029728306690231e-06 4.497727559282793663e-07 2.664211764931678772e-02 2.626074456202331930e-05 7.132568953238660470e-06 2.307536778971552849e-03 2.112461067736148834e-02 3.522242978215217590e-02 1.219221121573355049e-05 2.475050223438302055e-06
1.924779964610934258e-03 2.972219139337539673e-03 1.222300056724634487e-07 9.868556857109069824e-01 2.010712027549743652e-02 1.342432642559288070e-05 9.359580278396606445e-01 2.844881091732531786e-04 2.264234982430934906e-02 4.985889063391368836e-06 1.817921147448942065e-04 2.046850131591781974e-04 1.488708367105573416e-04 5.090620834380388260e-03 5.994496867060661316e-03 1.693978905677795410e-03 5.950321629643440247e-02 3.512589501042384654e-06 1.624139695195481181e-04
7.329225876592221204e-17 2.317069639056043190e-19 8.029704220679882463e-25 2.343089363421313465e-06 3.673873152365558781e-07 9.999996423721313477e-01 2.248456180095672607e-01 3.610711342049559643e-23 3.811721035162918270e-05 1.003409261014819466e-21 6.620267222143216427e-32 1.045716625134194486e-19 2.130022544163088969e-18 5.067606490688492116e-13 5.158878479960549157e-07 6.736870590286667365e-17 2.354025828432693146e-11 1.094444868066091203e-09 2.244987770105822365e-16
6.794567406177520752e-02 2.638353034853935242e-04 6.294675284485018452e-12 9.999980926513671875e-01 3.726984858512878418e-01 4.851797257288126275e-06 7.098793238401412964e-02 2.177857112428682740e-07 2.702032914385199547e-03 3.860223216634040000e-07 3.322332986499532126e-07 6.778886745451018214e-05 3.203271489837788977e-06 2.139275966328568757e-05 3.759017317861435004e-06 2.037966391071677208e-03 1.006123493425548077e-04 5.658599366853422907e-09 1.235073796124197543e-06
3.258175775408744812e-02 7.917662262916564941e-01 1.612940132617950439e-01 2.965503931045532227e-01 1.048975274898111820e-03 1.129551604390144348e-02 5.645852088928222656e-01 2.030569165945053101e-01 1.206025388091802597e-02 9.855108801275491714e-04 1.415547356009483337e-02 5.287902895361185074e-04 7.303604390472173691e-03 8.834689259529113770e-01 6.451268214732408524e-03 5.243975669145584106e-03 1.237288955599069595e-02 7.548077497631311417e-03 8.223004988394677639e-04
9.999312162399291992e-01 4.657004028558731079e-02 3.105816176685038954e-06 7.780296407133846515e-10 3.272208459748071618e-06 9.263389534608368336e-12 8.236935734748840332e-01 4.191231539607542800e-07 3.707789480686187744e-01 2.591448122757356032e-08 7.094959642017784063e-08 1.415134873241186142e-02 3.543395359884016216e-05 1.678054917242377542e-11 3.764773798156477447e-14 2.263662146617662074e-08 2.067190143861807883e-05 4.940919201557036899e-11 8.089393377304077148e-01
9.977948665618896484e-01 8.344714529812335968e-03 2.354465754306200864e-11 4.996200557798147202e-03 7.980422116816043854e-03 8.656680279273132328e-07 7.436268329620361328e-01 6.458056418523483444e-07 1.228326335549354553e-01 1.474634636622340622e-08 3.745659341802820563e-05 1.165608689188957214e-02 6.002630357215821277e-07 1.785532390385924373e-06 2.090707766910782084e-06 4.502366266478929901e-07 3.356333472765982151e-04 3.127916770040428673e-08 8.581122383475303650e-03
3.412937745451927185e-02 1.293475367128849030e-02 5.709844827651977539e-01 9.776843786239624023e-01 2.989940904080867767e-02 1.963537745177745819e-02 2.292200922966003418e-01 5.599066987633705139e-02 9.077141992747783661e-03 6.875316612422466278e-03 2.170463412767276168e-04 7.451397832483053207e-04 4.992277547717094421e-02 7.578577101230621338e-02 1.782192736864089966e-01 1.379800587892532349e-02 1.904664486646652222e-01 1.126781571656465530e-02 7.027541869319975376e-04
4.430794506333768368e-04 3.185504348948597908e-03 1.000000000000000000e+00 9.999835491180419922e-01 3.362117411143117351e-07 1.557463602530617663e-10 3.060719564018654637e-06 5.463527631945908070e-04 2.737136570591909915e-15 3.202845277883170638e-07 7.214885755502109532e-08 1.041208959329242845e-11 7.718478888273239136e-02 9.794093966484069824e-01 5.244551971554756165e-02 8.806834230199456215e-04 1.818510497741954168e-07 2.124924361705780029e-01 1.315659942102698210e-10
4.118802476849668336e-21 3.870650228557146437e-18 9.531904309101056067e-26 2.008323927082597549e-14 1.084178455562981314e-14 1.267349649588580282e-21 8.265887498855590820e-01 4.063925007358193398e-04 5.883510807360647997e-19 1.000000000000000000e+00 5.153560429051827047e-20 9.972792267799377441e-01 8.601808154651280347e-10 2.608841056521872641e-19 3.584469063107072857e-17 5.134186148643493652e-01 1.588632585480809212e-04 9.376777132530378367e-10 3.979248060224022768e-21
6.194839947783052670e-27 6.685884806486964556e-21 1.633137363103855303e-27 3.972402675236804933e-16 1.435883800176712021e-18 2.914650608838737611e-26 9.999604225158691406e-01 1.040399912744760513e-02 1.767884332478142492e-20 9.999995231628417969e-01 1.155114634692216355e-22 9.867947697639465332e-01 1.035726851505991419e-10 4.746109030766678434e-19 2.344778442157525599e-17 3.303887844085693359e-01 4.357103258371353149e-02 5.256291929489620429e-11 4.939478432679056669e-22
1.547327155768990642e-19 2.041028546802443888e-14 3.631895711681984464e-19 5.869048736589776993e-13 2.364515850369723615e-14 1.678792335693171470e-21 9.999974966049194336e-01 1.353913098573684692e-01 7.561170385552568041e-14 8.926307559013366699e-01 1.725388325865117450e-15 4.456874132156372070e-01 6.720447345287539065e-07 1.385634445724703845e-12 3.424150936751080287e-12 1.401600539684295654e-01 9.528105854988098145e-01 1.528462356681359324e-09 1.487537984500367227e-13
1.869542166882037929e-24 1.141015666651667800e-17 8.570194987896530422e-19 8.313973953733011513e-10 1.541978481851130883e-17 1.446325035991704735e-23 1.000000000000000000e+00 1.830984359685317031e-07 2.525808184827837977e-08 2.061994507483207303e-17 6.346016898245725093e-16 6.721979608137126916e-14 2.149784517069264211e-11 1.723627240934888505e-09 3.876122178780860850e-08 2.060740911247194163e-09 9.999994039535522461e-01 4.480211340807116471e-11 2.683486766130727119e-09
4.750160429388937400e-14 5.807776481958626391e-10 9.998074416983637747e-12 6.333496003207983449e-07 4.415229640231110864e-11 4.169469402983544404e-13 9.996433258056640625e-01 7.108318968676030636e-04 4.123200778849422932e-04 1.822708983745258138e-09 1.506304248000134294e-10 3.111569446545559003e-09 6.677528858745063189e-07 5.513486918061971664e-03 3.654842203104635701e-06 2.729347033891826868e-05 9.921094775199890137e-01 9.999569654464721680e-01 8.022409758723370032e-08
2.849410772323608398e-01 4.595249518752098083e-02 1.314165652729570866e-03 2.406404353678226471e-02 1.204852201044559479e-02 1.826742896810173988e-03 5.036846920847892761e-02 1.193936020135879517e-01 5.201807362027466297e-04 9.184375405311584473e-01 2.833492588251829147e-03 4.575624763965606689e-01 4.253486096858978271e-01 5.489983595907688141e-04 4.089545400347560644e-04 1.366606503725051880e-01 6.238257978111505508e-03 6.303725391626358032e-02 1.265021390281617641e-03
1.715716635430908354e-08 1.795828211470507085e-06 1.890797466330695897e-05 1.103904214687645435e-04 3.280238615843700245e-06 4.179502077761299006e-09 9.963269829750061035e-01 1.721205115318298340e-01 9.643955309002194554e-06 1.541567146778106689e-01 7.049432610983785708e-07 7.705369591712951660e-02 2.257986925542354584e-03 9.275901538785547018e-05 1.225422311108559370e-04 1.166786253452301025e-01 7.787001132965087891e-01 4.272223159205168486e-04 7.870865374570712447e-06
1.318431176950199402e-13 5.189550456030644909e-10 1.924706884892657399e-04 1.792395778466016054e-06 6.182522827025138668e-10 1.476140622564303846e-15 9.999682903289794922e-01 1.500400435179471970e-02 1.126525805972278249e-08 7.491770520573481917e-05 8.268137043077050663e-12 1.344891206827014685e-04 8.366716792806982994e-05 1.473670977247820701e-06 6.362294584505434614e-07 3.042647847905755043e-03 9.645406603813171387e-01 1.970603875633969437e-07 9.638516651477857522e-09
5.804292857646942139e-03 3.000795096158981323e-02 1.680839486652985215e-04 9.999157190322875977e-01 4.102704697288572788e-04 2.030865107371937484e-05 1.454474171623587608e-03 8.781122416257858276e-02 1.314855211376197985e-07 2.859109954442828894e-04 1.022272471118412795e-07 7.647827260370831937e-08 2.173657296225428581e-03 9.794296026229858398e-01 6.171334069222211838e-03 3.889110521413385868e-04 6.099157966673374176e-03 2.268522530794143677e-01 3.509500956511146796e-08
8.874900814248576353e-12 7.370175136856005338e-09 3.653875813025564412e-10 5.810524283944573654e-10 3.982567609028819788e-09 8.970919225248508155e-06 9.999953508377075195e-01 3.928632708039003774e-08 9.423938989639282227e-01 1.822092893233318023e-10 2.109791008564343429e-09 1.667658153792217490e-07 1.170595353983117093e-08 1.061296075022255536e-06 1.552798494230955839e-05 2.399252707618870772e-07 9.406314929947257042e-04 2.657682634890079498e-03 2.873966693878173828e-01
5.578236823566840030e-07 3.827975131571292877e-03 5.297949883242836222e-07 1.062689498066902161e-01 1.651095686838743859e-07 4.661595198740542401e-08 9.949819445610046387e-01 2.350973710417747498e-02 9.718293586047366261e-05 4.252788585290545598e-06 3.255582328165473882e-07 1.274383265581491287e-07 2.514503430575132370e-04 9.828383922576904297e-01 6.950065144337713718e-04 1.425474765710532665e-04 4.046361744403839111e-01 5.356283783912658691e-01 5.497916504282329697e-07
5.019107088446617126e-02 3.138827392831444740e-03 1.708944182610139251e-05 1.000000000000000000e+00 2.320739877177402377e-04 3.884733450831845403e-05 1.001201235339976847e-05 4.273382946848869324e-03 3.914897739321077097e-09 1.541821402497589588e-04 9.947488388561964712e-10 4.655231755634758883e-09 3.571615321561694145e-03 5.746824145317077637e-01 8.964071166701614857e-04 4.373053525341674685e-05 3.134287544526159763e-04 1.227695867419242859e-02 3.955677119193978797e-09
1.808609515428543091e-01 1.944424398243427277e-02 2.252483391202986240e-04 9.999703168869018555e-01 3.763795597478747368e-03 5.304324440658092499e-04 3.323896671645343304e-04 1.222942117601633072e-02 4.691575838933204068e-07 4.050755873322486877e-02 6.040186235622968525e-07 3.142315108561888337e-05 4.026879742741584778e-02 1.665437817573547363e-01 2.163746394217014313e-03 2.026193309575319290e-03 2.055173972621560097e-03 5.713167600333690643e-03 3.657592912986729061e-07
8.872991800308227539e-01 1.047047879546880722e-02 1.529581059003248811e-04 9.965850114822387695e-01 1.636711955070495605e-01 6.384495645761489868e-04 2.390688844025135040e-02 4.959044046700000763e-03 7.784045010339468718e-05 3.197278827428817749e-03 4.145994898863136768e-05 8.104049600660800934e-03 2.479909546673297882e-02 5.149697884917259216e-03 3.953777253627777100e-02 4.811708815395832062e-03 4.175076261162757874e-02 9.784017456695437431e-04 1.463585067540407181e-05
1.382006731276419487e-10 2.107238117332599359e-08 1.143346459175909047e-10 4.032517671585083008e-01 1.463976162519031732e-09 1.313882058706639100e-10 2.196015603840351105e-02 2.987006679177284241e-03 7.606276497540420678e-09 3.658604725842451444e-07 3.513910760673602529e-14 3.630937772669540209e-09 2.087040229525882751e-06 6.765680387616157532e-03 2.145319245755672455e-03 5.221297101343225222e-07 9.998977184295654297e-01 9.896125197410583496e-01 1.244993413918038527e-10
1.922933151945471764e-03 4.285018425434827805e-03 1.198384072631597519e-02 2.088980674743652344e-01 4.454764351248741150e-02 5.548743647523224354e-04 9.242735505104064941e-01 9.091398119926452637e-02 1.977975852787494659e-02 1.924202777445316315e-02 1.736837555654346943e-03 1.245792731642723083e-01 4.746154695749282837e-02 1.986341178417205811e-02 3.972474113106727600e-02 1.747826039791107178e-01 5.240613222122192383e-01 6.348705291748046875e-02 7.585748098790645599e-03
2.556576284007405775e-08 1.022156084218295291e-06 1.663348392355601391e-08 7.867665290832519531e-01 5.718274920241128711e-08 4.336405901028683729e-09 5.790229886770248413e-02 1.489851064980030060e-02 1.143467969200173684e-07 8.612019883003085852e-06 5.112530190864994495e-12 5.536077196666155942e-08 4.027007526019588113e-05 2.431137114763259888e-02 9.620122611522674561e-03 4.462735887500457466e-06 9.993751645088195801e-01 8.703112602233886719e-01 5.728796992343632155e-09
5.158689455129206181e-04 1.296622358495369554e-04 5.277716041973690153e-09 1.023894697027571965e-06 4.190736450254917145e-03 1.523087211907636629e-09 5.816498994827270508e-01 8.495454676449298859e-03 1.407409058629127685e-06 1.055256724357604980e-01 4.365909717307658866e-06 9.735901951789855957e-01 1.891974210739135742e-01 3.873749321314789995e-08 4.063797742759334142e-09 2.892688214778900146e-01 1.478984672576189041e-02 3.708545773406513035e-05 1.478302010582410730e-06
7.743077874183654785e-01 4.523889124393463135e-01 9.941723942756652832e-01 7.515083253383636475e-02 6.682505458593368530e-02 2.411630004644393921e-03 2.816620469093322754e-01 4.271194934844970703e-01 1.100672781467437744e-02 3.584945201873779297e-02 6.381710991263389587e-03 8.272027969360351562e-02 4.035126268863677979e-01 1.264376044273376465e-01 6.670709699392318726e-03 7.218059152364730835e-02 9.447573125362396240e-02 1.730882748961448669e-02 3.484082594513893127e-02
9.564712643623352051e-01 6.076570153236389160e-01 9.989541769027709961e-01 7.467988729476928711e-01 9.156946092844009399e-03 3.585052763810381293e-05 1.361677306704223156e-03 1.057942062616348267e-01 8.068190027188393287e-07 3.454956226050853729e-03 8.382437517866492271e-04 1.450507715344429016e-02 6.197464466094970703e-01 7.407335042953491211e-01 6.063862820155918598e-04 2.694186009466648102e-02 2.149979845853522420e-04 5.412999913096427917e-02 6.114858115324750543e-05
9.057459421455860138e-03 1.629597079499944812e-07 1.763373496878040623e-18 5.575007469560411266e-12 1.961142523214221001e-03 3.239345597316756198e-11 9.999592304229736328e-01 1.531554661468158968e-14 8.772538900375366211e-01 1.501666954846492263e-12 1.796440107781904771e-09 5.432397127151489258e-01 6.993964435375588096e-11 9.588668766868750637e-15 1.148512274867785621e-12 6.393350986400037073e-07 2.712144748784339754e-07 2.069361904055710966e-10 9.375556558370590210e-02
5.880907922983169556e-02 1.827733241952955723e-03 3.507965944636592948e-13 1.545594763285862427e-09 1.686191524186142487e-07 2.696508571986555580e-09 9.994795918464660645e-01 2.435243651177643187e-08 8.749119043350219727e-01 9.128524602886045614e-09 5.823600986332166940e-06 1.121977693401277065e-03 2.370099316806317802e-08 3.895106182039143050e-10 1.266873828065229191e-09 1.224701939861461142e-08 6.238893838599324226e-04 1.986091575645332341e-07 9.685700535774230957e-01
1.965813956061879253e-09 8.769795556418102933e-09 5.467810756252302349e-17 3.232160199206912665e-12 5.137065173244081961e-08 3.055966937837162334e-11 1.000000000000000000e+00 1.173989291197718998e-12 9.588362574577331543e-01 3.055363308277631029e-13 1.454898646002789064e-09 9.444955503568053246e-05 1.097156827195577833e-11 2.419890676730318546e-11 1.042830355402202258e-08 3.486881539060959767e-08 4.654438816942274570e-05 3.898982754435564857e-07 3.020908236503601074e-01
9.999972581863403320e-01 4.391482472419738770e-01 1.278042394137202109e-10 6.209254777012063187e-10 1.003385747821994300e-07 5.140376670903555687e-16 4.027752140700613381e-07 4.459639021661132574e-04 3.398411760335839915e-12 6.389297482201072853e-07 2.438973434565165632e-14 6.705583631992340088e-02 9.999921321868896484e-01 9.206008177997659914e-11 2.477049471451095816e-19 2.294875002917251550e-06 6.650329158891521431e-12 2.255555813235332607e-07 1.836417649891952664e-11
1.000000000000000000e+00 4.520831257104873657e-02 7.108827147147294874e-24 2.373325543592584054e-15 4.368904628790915012e-04 1.575168147706387660e-28 1.140342220651291427e-08 2.094106277272800298e-10 3.206980042661655242e-21 4.247512443763395984e-14 5.617675658196257902e-22 9.723907709121704102e-01 6.283755898475646973e-01 5.171361129651769458e-21 4.570501976172338395e-37 4.793337948783005231e-10 6.465150609895552091e-19 6.101828069443885746e-18 3.762508564379873225e-20
6.674842722986795707e-08 2.649334073066711426e-01 3.774714915638632817e-12 2.254734425832793931e-07 1.387234505045853439e-08 9.999697208404541016e-01 1.999381482601165771e-01 2.179002933644369477e-08 1.106146024540066719e-03 1.211273165102610960e-10 1.816141508015345352e-11 5.943710107425559386e-11 2.719367508952075241e-10 3.137123286724090576e-01 6.959403009432207909e-08 4.333336744988258715e-10 4.753363036513746920e-09 3.366327234743948793e-07 3.706068696374131832e-07
1.745470058267528657e-06 4.346852302551269531e-01 3.691906155789403954e-11 4.471642398584663169e-07 1.748852263006028807e-08 9.999990463256835938e-01 5.335931666195392609e-03 1.816144212796189095e-08 6.136522861197590828e-04 1.460714882384195334e-10 1.242378682569933446e-11 8.204877749440342427e-11 2.548642408228829481e-10 1.175104305148124695e-01 3.440445794922197820e-08 1.105513597332574705e-10 2.647098540364822838e-09 2.617533709781127982e-07 2.576707061052729841e-07
2.205643827302150584e-11 1.158827636390924454e-02 1.847374504913558060e-23 1.096154367274948527e-08 6.807552568530161885e-13 7.670620388866566941e-11 1.000000000000000000e+00 2.450550699861775428e-11 8.057109713554382324e-01 1.935602137065717227e-17 1.940559712920730817e-09 3.229295997275727359e-11 2.439442182598176162e-15 3.892305539920926094e-05 5.804166591794057695e-10 6.485450739814047072e-13 1.347344920077375718e-07 2.430508017070565074e-10 1.530733607069123536e-05
1.825595536502078176e-04 6.324104070663452148e-01 9.401047051937894139e-09 9.952614903450012207e-01 8.260505524049222004e-07 1.043267960909588510e-08 7.930269241333007812e-01 9.046189486980438232e-03 6.971203256398439407e-04 1.610476658697734820e-07 1.557015057187527418e-04 2.252911102118559938e-08 8.234728738898411393e-06 8.583707213401794434e-01 1.152506115431606304e-06 8.957968020695261657e-06 3.855211660265922546e-03 1.956723565399443032e-07 5.628999133477918804e-07
9.994781613349914551e-01 1.076212599873542786e-01 9.786212444305419922e-01 8.199742751457961276e-08 4.005486698588356376e-05 3.037842477571217614e-10 5.268108844757080078e-01 1.203434367198497057e-04 4.085680097341537476e-02 9.817247246246552095e-07 9.113792032167111756e-08 3.960025962442159653e-03 3.473528195172548294e-03 1.887885936469047010e-08 1.032139131107445706e-11 1.822437184273439925e-06 2.812875318340957165e-04 2.051642189471181155e-09 4.377433955669403076e-01
1.300342381000518799e-03 9.891770482063293457e-01 2.379176748945610598e-07 2.345345541834831238e-02 6.180972889069380471e-08 1.185232122224988416e-06 9.082041978836059570e-01 9.111236035823822021e-02 3.285995917394757271e-03 2.113320647367800120e-07 4.309560172259807587e-04 4.647529010526341153e-07 1.546216662973165512e-05 9.536277055740356445e-01 1.639451966184424236e-06 6.593255420739296824e-06 1.567091094329953194e-03 2.009252420975826681e-05 7.309133138733159285e-07
7.004427313804626465e-01 9.893878549337387085e-02 7.565091364085674286e-03 4.831018857657909393e-03 7.317972369492053986e-03 9.911095548886805773e-05 1.395983155816793442e-02 5.346438288688659668e-02 7.103714597178623080e-05 5.184425711631774902e-01 3.856275288853794336e-04 4.721709489822387695e-01 9.181899428367614746e-01 1.978841610252857208e-04 1.854278161772526801e-05 6.251376867294311523e-02 4.466924583539366722e-04 3.384502232074737549e-02 4.104987601749598980e-04
1.838415300881024450e-05 2.581788862698886078e-07 1.120934012277530201e-08 2.288234047591686249e-02 5.537001416087150574e-04 9.999090433120727539e-01 9.790563490241765976e-04 2.631447273415687960e-07 6.271713646128773689e-04 3.555581133696250618e-05 4.228697687153060158e-12 1.098371100738404493e-07 1.037286438076989725e-05 6.798753020120784640e-06 4.337558150291442871e-02 1.756845051659183810e-07 1.362476759823039174e-04 1.780269085429608822e-03 2.819533619913272560e-07
3.975105209974572062e-05 1.031686988426372409e-04 1.337162029813043773e-05 1.422036672011017799e-03 9.082123287953436375e-04 1.979934154405782465e-07 9.991369843482971191e-01 1.955699641257524490e-03 9.235922247171401978e-03 6.094430773373460397e-06 2.904606226366013288e-04 1.332680881023406982e-02 1.063173520378768444e-03 3.645752731245011091e-04 8.720934391021728516e-03 4.291006363928318024e-03 9.562035202980041504e-01 8.704011997906491160e-05 2.098518610000610352e-02
2.542258240282535553e-03 1.664616749621927738e-03 2.867190167307853699e-03 5.683776140213012695e-01 5.032475455664098263e-04 2.023188918828964233e-01 1.569747477769851685e-01 4.303846135735511780e-02 3.078740090131759644e-03 1.597260683774948120e-02 7.353794444497907534e-06 7.434296276187524199e-05 1.111194863915443420e-02 1.128678321838378906e-01 8.634598851203918457e-01 2.585681213531643152e-04 1.874850988388061523e-01 9.836362302303314209e-02 1.010106207104399800e-04
1.116110361181199551e-04 1.503146449977066368e-06 9.698385150525012932e-11 2.949140616692602634e-05 2.611235743188444758e-07 7.404232746921479702e-07 2.047753696388099343e-05 1.181351719424128532e-03 5.687429693868040204e-11 9.999997615814208984e-01 1.078322675596155023e-08 1.959801316261291504e-01 8.535115048289299011e-04 4.429072941736222901e-10 8.681920071751392243e-09 7.118280511349439621e-03 2.199603613917133771e-06 9.923010657075792551e-05 1.087402563826334045e-11
1.968347933143377304e-03 7.344014840704460312e-10 2.768371884940673827e-18 2.673821697385392326e-08 9.565159082412719727e-01 1.141650063374299862e-08 9.987209439277648926e-01 2.993214112304671756e-15 6.342018246650695801e-01 1.940339382222600051e-11 2.034188650856805225e-10 9.272136092185974121e-01 9.649268190026205616e-11 1.008524352626247872e-14 9.170515909151522038e-12 2.864769194275140762e-04 6.687917419867517310e-08 5.310198947228172983e-09 3.774596552830189466e-05
6.515580075472371391e-09 2.178313174283630360e-08 6.235539862231576080e-11 1.527748972875997424e-04 9.463372407481074333e-06 1.078609059845803131e-07 9.953314661979675293e-01 1.096290303394198418e-03 4.159547302151622716e-07 6.791820526123046875e-01 7.609726182522535964e-10 1.431588530540466309e-01 8.644068147987127304e-04 7.803458146327102440e-08 3.239389479858800769e-05 3.168530762195587158e-02 4.417998716235160828e-02 9.883376333164051175e-05 4.663525743353602593e-08
4.966347546542237978e-07 3.709286602315842174e-07 6.755990766826869276e-10 6.294220220297574997e-04 1.077939305105246603e-04 9.639229574531782418e-06 9.803434610366821289e-01 9.229194256477057934e-04 4.942161467624828219e-06 7.831286787986755371e-01 1.180947073464722052e-08 1.438852846622467041e-01 3.153169993311166763e-03 2.394555167484213598e-07 1.018195689539425075e-04 2.374782785773277283e-02 1.753168553113937378e-02 1.635883527342230082e-04 4.566565507957420778e-07
4.602014450938440859e-05 2.957348442578222603e-06 3.684964555716874202e-10 5.176725797355175018e-03 4.488915146794170141e-05 1.096495452657109126e-05 1.650377176702022552e-02 1.811807509511709213e-03 1.655240033926475007e-08 9.999616146087646484e-01 1.974337138221926580e-08 4.360416233539581299e-01 1.642094110138714314e-03 3.293320105512975715e-08 8.304531547764781862e-06 3.083622641861438751e-02 7.546108681708574295e-04 5.894682835787534714e-04 2.471243432111691618e-09
2.545382129028439522e-03 6.803424912504851818e-05 9.760791659355163574e-01 1.181716870632953942e-04 2.421967685222625732e-03 9.004390449263155460e-06 2.156488411128520966e-02 3.582363948225975037e-02 4.263999642262206180e-07 9.974036812782287598e-01 2.019255589402746409e-06 4.791415035724639893e-01 1.377320736646652222e-01 4.193285349174402654e-06 4.282707323000067845e-06 2.001511305570602417e-01 4.058209015056490898e-04 1.400261535309255123e-03 7.921257179077656474e-07
3.651746172302181813e-20 1.746360184012776123e-14 2.069172946275064988e-17 5.801443769826164498e-10 1.941544256096883192e-13 4.856771941451013273e-18 1.000000000000000000e+00 1.518372414466284681e-06 5.837356980009644758e-07 9.444400123070906261e-12 1.203556433118299629e-13 7.576911542628295138e-09 1.771862088162379223e-07 2.448881986083506490e-08 8.174434924512752332e-07 9.241758789357845671e-07 9.868244528770446777e-01 5.109717648998923778e-10 1.437612162646928482e-08
1.223973347805440426e-03 2.871878969017416239e-04 1.360834285151213408e-04 7.682773470878601074e-01 4.333347082138061523e-03 7.924931645393371582e-01 2.548284530639648438e-01 1.414211816154420376e-03 1.715309172868728638e-02 2.320441126357764006e-04 5.629729002976091579e-07 1.367159984511090443e-05 1.097205560654401779e-03 7.308248430490493774e-03 3.349305093288421631e-01 6.859147833893075585e-05 6.009982153773307800e-02 8.523096330463886261e-03 1.077523193089291453e-04
7.697521731131473643e-09 5.639987921135514171e-10 1.732380074624933347e-14 1.000000000000000000e+00 1.063958734448533505e-07 5.654978915692332464e-11 2.174778096377849579e-02 1.602847703452425776e-07 5.318094853379307096e-09 8.188867639535857279e-11 1.107214585280913430e-17 6.549809319585965517e-16 2.274000543422971532e-08 4.594896381604485214e-06 1.281983077205950394e-05 2.885303662658600388e-10 4.698792099952697754e-02 8.766700473200605970e-13 1.949282638988715337e-15
2.944868720078375190e-05 1.056332052939978894e-06 2.075141392055002143e-09 1.360587775707244873e-04 2.893132343888282776e-02 3.473106971796369180e-06 2.220822572708129883e-01 6.150748813524842262e-04 6.752931085429736413e-07 9.962257146835327148e-01 3.752347410568290798e-08 9.825264215469360352e-01 6.317439256235957146e-04 4.594413383074424928e-08 1.743997870562452590e-07 5.345650911331176758e-01 7.867245003581047058e-04 4.300574364606291056e-04 3.076798549273007666e-08
8.266489714969793567e-10 6.259306850608936656e-09 1.394656945485905908e-09 9.937061667442321777e-01 9.162254843708694807e-10 1.650973845482295310e-12 9.670724868774414062e-01 2.172738895751535892e-04 5.732174290784541881e-09 8.472524903879730118e-09 2.882398909397759779e-14 3.442108056916914904e-11 3.416439312786678784e-06 3.529702080413699150e-04 1.651805941946804523e-03 6.527212548235183931e-08 9.995970129966735840e-01 1.546936516660935013e-07 1.096015361801150334e-10
2.841029129922389984e-02 2.839812441379763186e-05 2.578383373474935070e-07 9.089565277099609375e-01 7.582183480262756348e-01 2.475680550560355186e-03 4.862387180328369141e-01 4.312235614634118974e-05 1.508705085143446922e-03 4.781831987202167511e-03 7.387318419205257669e-07 5.224966406822204590e-01 8.211107342503964901e-04 6.313544872682541609e-06 2.295394195243716240e-03 1.167157590389251709e-01 2.197317779064178467e-02 4.173925146460533142e-03 5.734572368965018541e-06
1.516679549240507185e-05 9.241557563655078411e-05 1.008445678962743841e-06 9.077606797218322754e-01 2.035680226981639862e-04 1.618344072085164953e-06 9.775086641311645508e-01 3.528939094394445419e-03 2.988799824379384518e-04 1.084827454178594053e-04 1.370981834725171211e-07 3.058416405110619962e-05 1.871533575467765331e-03 9.199889376759529114e-03 1.618052460253238678e-02 6.726447609253227711e-04 5.230159759521484375e-01 4.271939178579486907e-05 6.014084192429436371e-06
9.075864218175411224e-03 4.955276963301002979e-04 1.005276644718833268e-04 6.616894900798797607e-02 2.308023162186145782e-02 5.805334448814392090e-01 4.566640555858612061e-01 3.145203227177262306e-03 4.764809738844633102e-03 3.562712669372558594e-01 9.015087925945408642e-06 1.948664896190166473e-02 2.533862367272377014e-02 6.312127807177603245e-04 1.318262070417404175e-01 4.038901999592781067e-03 1.433852687478065491e-02 1.001213304698467255e-02 3.622467629611492157e-04
8.137838409213631903e-20 3.854283157824628381e-13 6.409760362691347465e-16 9.656179935507713807e-13 6.402072882244480567e-13 2.750880103677584565e-15 1.000000000000000000e+00 6.403894872164528351e-07 1.444061547517776489e-01 1.690767100978596282e-12 4.092159944235618241e-11 1.473243216310038406e-08 8.313823229855188401e-08 8.804862261513335397e-08 1.348993464489467442e-06 1.200960014102747664e-06 2.963462769985198975e-01 4.859090836362156551e-07 1.034089291351847351e-05
8.032059995457530022e-04 7.463547808583825827e-05 8.128044348687524234e-10 2.238164888694882393e-03 2.122051512287725927e-07 3.922631549357902259e-06 2.311592106707394123e-05 7.632073014974594116e-03 1.347291583853049701e-10 9.999984502792358398e-01 1.335787942480237689e-07 1.034269854426383972e-01 3.615089226514101028e-03 1.279340438031795202e-07 1.410477779018037836e-07 5.644718185067176819e-03 1.393459842802258208e-05 7.531435694545507431e-04 1.459133230907738721e-10
2.868355950340628624e-03 2.903272388721234165e-06 7.524510181600163605e-11 8.741498618292098399e-07 1.744741325637733098e-06 4.448456536465528188e-08 8.732653077458962798e-05 5.447748117148876190e-04 2.962064760136939867e-10 9.999930858612060547e-01 9.239687237538873887e-09 4.536586403846740723e-01 4.435905069112777710e-02 5.242222021056841541e-12 2.577877321330301896e-11 1.167813502252101898e-02 2.187528025388019159e-07 8.173563401214778423e-05 8.067837509173614308e-10
3.970612567627540557e-07 7.281711987161543220e-06 1.003278526923168101e-07 1.332739047938957810e-04 4.033422374050132930e-05 4.762912908518046606e-07 8.455722928047180176e-01 1.753558516502380371e-01 5.634946319332811981e-06 9.881393909454345703e-01 1.422899572389724199e-06 7.838161587715148926e-01 1.940599177032709122e-03 9.926711754815187305e-06 3.853845191770233214e-05 4.015568494796752930e-01 1.350515037775039673e-01 2.411021152511239052e-03 1.202503767672169488e-06
7.266402244567871094e-04 4.722171098592298222e-08 3.423101732624722615e-11 9.999166727066040039e-01 4.619209192924245144e-08 1.126519346144050360e-04 5.864927970833377913e-06 5.777305887022521347e-06 6.162085408991171964e-14 9.999997615814208984e-01 8.048574827446142166e-15 8.022628026083111763e-05 3.095515712630003691e-04 8.169450116390919447e-10 8.590868674218654633e-05 1.137322200861490273e-07 1.282048629036580678e-06 8.739330610296747182e-07 1.617608597873589267e-16
7.740837304481829051e-09 3.044791810680180788e-06 1.298151914852496702e-07 2.075825250358320773e-06 4.522394476680346997e-07 2.615811922623834107e-07 9.999850988388061523e-01 6.634146557189524174e-04 8.957902193069458008e-01 2.131667855564955971e-07 4.501870353124104440e-05 4.175508001935668290e-05 1.363896535622188821e-05 5.289540858939290047e-04 1.172316027805209160e-03 4.569966768031008542e-05 5.881811976432800293e-01 1.922081224620342255e-02 9.359887987375259399e-02
3.453880253800889477e-06 1.019820483634248376e-04 1.893676682129807887e-07 1.606449040991719812e-05 2.185294142691418529e-04 1.382262507831910625e-05 9.857875108718872070e-01 4.787449538707733154e-02 7.759645814076066017e-04 6.222041249275207520e-01 5.620109368464909494e-05 4.372728466987609863e-01 4.919531941413879395e-02 4.486106718104565516e-06 2.006510476348921657e-05 2.681206464767456055e-01 3.939483314752578735e-02 3.369910409674048424e-04 3.228446876164525747e-04
2.596531761810183525e-03 2.840160159394145012e-04 1.306672459122637520e-07 2.834808081388473511e-03 1.555675589770544320e-05 5.864178820047527552e-05 4.957646015100181103e-04 1.663474924862384796e-02 4.771468553599333973e-08 9.999636411666870117e-01 4.298079602449433878e-06 2.188118696212768555e-01 9.496965445578098297e-03 1.516148358859936707e-06 4.958367753715720028e-06 2.315208315849304199e-02 1.754729746608063579e-04 2.305404981598258018e-03 2.748288707721258106e-08
1.658901870250701904e-01 9.087162464857101440e-02 1.519891060888767242e-02 1.369065791368484497e-01 4.301791265606880188e-02 3.994087129831314087e-02 1.707678288221359253e-01 2.754669785499572754e-01 8.854717016220092773e-03 8.913889527320861816e-01 2.069747447967529297e-02 4.091762900352478027e-01 2.212029844522476196e-01 1.581647619605064392e-02 2.817766182124614716e-02 2.038633823394775391e-01 7.092159986495971680e-02 1.326658576726913452e-01 6.068346556276082993e-03
5.827141925692558289e-02 3.720040619373321533e-01 2.696766052395105362e-03 5.767975002527236938e-02 3.195439279079437256e-02 9.465061128139495850e-02 7.514061331748962402e-01 1.186508834362030029e-01 1.461425423622131348e-01 4.117539897561073303e-02 1.349253766238689423e-02 6.190863996744155884e-02 5.514129996299743652e-02 8.516220003366470337e-02 1.787289418280124664e-02 3.593176603317260742e-02 4.658251255750656128e-02 1.676941290497779846e-02 2.680953778326511383e-02
2.620386891067028046e-02 6.627688407897949219e-01 1.926522818394005299e-03 6.643299758434295654e-02 5.594685208052396774e-03 8.032296895980834961e-01 2.981543242931365967e-01 3.723475337028503418e-02 3.332680836319923401e-02 2.097041113302111626e-03 1.959739252924919128e-03 1.219134661369025707e-03 5.091456230729818344e-03 6.699823737144470215e-01 5.029742605984210968e-03 2.889082301408052444e-03 3.183265682309865952e-03 9.686079807579517365e-03 1.577982562594115734e-03
2.540741868197610165e-13 2.361307260834166755e-10 5.496521477982990733e-14 3.412275691516697407e-05 3.333454845488859064e-09 4.405979704344420433e-13 9.999650716781616211e-01 2.356466429773718119e-04 1.363659962727581387e-09 2.722389530390501022e-03 7.214107105744591020e-14 3.975239524152129889e-04 2.798707282636314631e-05 7.094390497286440223e-08 1.499399559179437347e-06 1.139181782491505146e-03 4.485701322555541992e-01 5.258074793346168008e-07 7.097020193747027861e-11
4.973082567971687240e-08 1.005477681756019592e-01 1.791034542897307347e-09 3.733381861820816994e-03 7.756193021180024516e-09 2.618654946218157420e-07 9.998623132705688477e-01 1.138224033638834953e-03 1.765895518474280834e-03 4.589926216880257925e-09 5.898049266761518084e-07 2.729100723186661526e-09 6.285977178777102381e-07 9.896294474601745605e-01 9.334916285297367722e-06 1.924930529639823362e-06 1.359396148473024368e-03 2.770849096123129129e-05 7.921121323306579143e-07
7.649976760149002075e-02 5.437950603663921356e-04 5.553437709693298530e-10 1.002333164215087891e-01 6.744337081909179688e-02 1.467484480599523522e-07 7.317016366869211197e-03 5.173614481464028358e-04 1.565285678850614204e-08 9.769107103347778320e-01 8.476359170117575559e-08 9.230739474296569824e-01 8.904778398573398590e-03 7.582451644339016639e-08 1.413559580498713331e-08 1.244689375162124634e-01 4.930758950649760664e-05 1.238929398823529482e-04 2.132817034095069175e-09
1.563302442836542198e-22 8.552377556148016424e-12 3.786573513739347888e-25 2.761699896547398225e-11 6.218792655447247589e-15 4.571734601351978020e-17 1.000000000000000000e+00 1.675573221837645121e-11 5.714087188243865967e-02 5.953133565543470645e-20 8.739078627146689565e-15 5.129696580702391984e-14 2.701368046354596375e-13 1.154076198872644454e-05 2.806696386414841982e-07 1.389150044994735822e-10 9.719767695059999824e-05 1.449190656366283747e-09 2.474763682869252079e-08
7.497448495374925415e-11 4.802614421350881457e-05 4.395663791723763980e-13 2.439958848299284000e-07 3.597482418626896106e-07 1.685589623434680107e-08 9.999982118606567383e-01 4.950189031660556793e-05 7.244911976158618927e-04 5.177561433811206371e-06 1.372794589116210773e-08 1.040054485201835632e-04 2.023016422754153609e-04 4.654023086914094165e-06 9.529414910502964631e-07 1.339695067144930363e-03 1.583492150530219078e-03 5.386351276115419751e-08 5.913164841331308708e-06
1.659415768857919193e-12 4.709908463240708443e-09 1.451348603472880916e-16 1.276392533333670087e-11 2.813033184168034495e-08 2.441468693881176932e-10 9.998155236244201660e-01 2.992258523590862751e-04 4.351197731011779979e-07 8.236549496650695801e-01 4.234368133904098386e-10 3.842105865478515625e-01 2.669598907232284546e-03 5.392165121527459082e-13 1.212153120933034955e-11 1.479875147342681885e-01 1.648207253310829401e-04 1.406773542100836494e-08 5.186824125757993897e-08
1.475960452808067203e-04 1.296850647702907366e-12 6.303178707165684532e-28 4.522869708964427637e-13 4.707861297841477481e-20 1.058085942418607839e-22 4.676708188598591512e-16 1.091283330367787130e-08 1.634155201845057170e-32 1.000000000000000000e+00 1.707213769796159622e-22 3.600370511412620544e-02 4.506726190447807312e-02 1.970405637185964729e-27 1.484877505032156712e-30 3.969726378727500560e-07 3.219311011461090757e-21 1.919382430770610881e-09 5.776627727033264301e-27
5.185184184417716141e-15 9.790782629082173116e-10 6.798955210188263644e-19 8.390688317760908177e-12 1.884115308214973084e-09 6.312583789025438818e-10 1.000000000000000000e+00 4.040537002203414829e-11 5.484886169433593750e-01 1.941744291397706768e-13 1.084978634713351653e-11 1.220735441620490747e-07 4.810712939118388931e-10 3.597752140649390640e-08 3.111832711510942318e-07 1.144427983490459155e-07 6.219967872311826795e-06 9.041486350724881049e-07 4.448792315088212490e-04
1.395018072798848152e-03 1.407978551457023109e-12 2.693908873143096994e-23 1.424808604433280834e-09 9.993847608566284180e-01 4.586464451365171099e-15 9.998878240585327148e-01 2.683708656776164331e-19 2.340788580477237701e-02 6.082448964771054668e-17 1.189382522592125069e-13 9.839606285095214844e-01 9.064254067377847113e-14 1.292668230461118469e-18 2.764165603697031452e-15 7.703240262344479561e-04 2.296635948084713164e-08 2.761040094473310447e-12 1.043691977287153350e-08
8.864908814430236816e-01 6.396995484828948975e-02 5.655841429691357142e-15 6.839618871268271505e-10 1.155017162091098726e-04 8.752761848640489006e-10 9.884512424468994141e-01 3.079670420902402839e-07 1.976598799228668213e-01 2.307843715243507177e-06 1.166531887974997517e-06 5.202018618583679199e-01 4.128292493987828493e-05 2.012855854216510920e-11 7.265811758673523801e-13 7.011637080722721294e-06 8.018009793886449188e-06 9.211036378076187248e-10 5.407437682151794434e-02
3.889356776198837906e-06 1.101058089147954888e-07 1.343812078757541939e-13 4.240196176397148520e-07 1.454321500204969198e-05 1.533057911728974432e-06 2.929901937022805214e-03 1.804249623091891408e-04 9.252897115175073850e-09 9.999989271163940430e-01 1.615585554226584009e-09 7.216314673423767090e-01 3.525783831719309092e-04 1.463440805170301839e-12 2.670918486380458035e-10 4.348789528012275696e-02 1.796597302927693818e-06 5.465199592435965315e-06 1.635829527391052807e-10
4.716203250154649140e-08 3.291112660175343763e-10 1.210645795013748295e-16 2.230314954942969052e-08 4.481653803622975829e-08 6.292665277740638885e-10 4.189699393464252353e-05 3.006605766131542623e-05 1.515202893709322041e-13 1.000000000000000000e+00 5.590413115069692296e-13 7.839091420173645020e-01 1.009319294098531827e-05 4.228602772029122631e-15 1.134880492532908125e-12 2.477412857115268707e-02 1.033451084708758572e-07 7.347334189944376703e-07 2.335817654138742754e-15
1.952803432941436768e-01 3.156169354915618896e-01 6.701833754777908325e-02 7.759414315223693848e-01 7.092025130987167358e-02 4.572057723999023438e-02 2.643400430679321289e-01 4.436135590076446533e-01 1.785233244299888611e-02 1.471601724624633789e-01 1.667618006467819214e-02 3.309381380677223206e-02 1.913599520921707153e-01 5.833057761192321777e-01 2.455873638391494751e-01 9.941801428794860840e-02 2.262723147869110107e-01 4.063948690891265869e-01 8.929835632443428040e-03
1.870112717151641846e-01 2.167715430259704590e-01 9.454244375228881836e-02 3.058488368988037109e-01 4.606663063168525696e-02 3.119608014822006226e-02 4.735445082187652588e-01 4.027372598648071289e-01 4.776070639491081238e-02 1.910095959901809692e-01 2.496219612658023834e-02 1.226877346634864807e-01 2.448390275239944458e-01 2.193070501089096069e-01 1.664783954620361328e-01 1.140130534768104553e-01 2.389493137598037720e-01 2.816907763481140137e-01 2.097324654459953308e-02
1.403796176524529926e-11 2.533825371742182142e-10 6.596598890196701034e-16 3.027335537808539812e-08 2.768384632645393140e-09 2.415919880149886012e-05 1.000000000000000000e+00 1.015922242164624123e-11 6.352131068706512451e-02 1.391209475976062405e-15 3.992490135696323550e-14 3.780683058285383424e-11 1.988650390194468542e-11 9.602172212908044457e-05 3.853444382548332214e-02 3.735423428907758137e-12 8.883915870683267713e-05 3.658489617919258308e-07 6.870106153655797243e-05
9.884132742881774902e-01 8.176261326298117638e-05 4.162609416022025426e-18 1.762101315555542058e-12 9.963675751123446389e-08 2.699753441637309237e-11 9.954447746276855469e-01 1.708163883777646941e-12 8.124769926071166992e-01 8.632802112051862764e-11 2.306783514205434926e-10 8.230471052229404449e-03 2.804501630926381495e-10 1.585329945728961194e-15 2.589373578767528543e-15 2.295673200147785309e-11 1.256476878097601002e-07 3.342898440700237117e-12 9.624482989311218262e-01
1.398560698362416588e-07 3.622392663604756535e-10 6.356989548332914511e-17 6.770222604757236695e-09 3.420585130697872955e-07 1.795790183223289205e-08 1.286397164221853018e-04 8.731243724469095469e-06 5.120767091609801369e-12 1.000000000000000000e+00 1.352537548106325094e-12 7.726901173591613770e-01 2.125993341905996203e-05 3.333570161719815600e-16 3.640256499015670499e-13 1.747243665158748627e-02 1.741260113874432136e-08 2.166089387856118265e-07 3.356951828602412757e-14
9.950619190931320190e-03 5.590522196143865585e-04 6.814761757850646973e-01 1.585682039149105549e-03 1.048563630320131779e-03 7.794547855155542493e-05 7.085621822625398636e-03 5.126350000500679016e-02 6.726519927724439185e-07 9.987620115280151367e-01 2.411488640063907951e-05 3.825791776180267334e-01 1.231752634048461914e-01 7.680236012674868107e-05 5.774127930635586381e-05 1.313698440790176392e-01 7.004240760579705238e-04 9.697027504444122314e-03 1.753793071657128166e-06
9.999982118606567383e-01 6.759593486785888672e-01 1.549660737509839237e-07 6.315723527222871780e-03 8.936765516409650445e-05 6.466798125638606454e-13 8.514963951711251866e-07 1.637797104194760323e-03 9.324626574352956609e-14 6.617457529500825331e-06 2.179774000188317018e-10 5.616810917854309082e-02 9.515071511268615723e-01 3.922521136701107025e-05 1.202441195658626727e-13 6.643610504397656769e-06 2.461510550944012721e-09 9.097845577343832701e-06 1.805837770985085911e-11
9.999837875366210938e-01 1.359112411737442017e-01 2.775097374119184224e-10 9.999998807907104492e-01 2.413844689726829529e-02 2.343231945284296458e-13 7.111257218639366329e-07 2.255369736303691752e-06 1.510420261086053983e-11 6.335059143935950488e-09 8.791403871555303340e-08 1.600076393515337259e-05 7.886344974394887686e-05 3.427792107686400414e-03 3.994985332128608846e-12 4.128005093662068248e-05 1.160393381383073574e-07 5.141380376993964774e-11 1.300488189359683133e-10
2.256797999143600464e-02 2.211420331150293350e-03 3.445497131906449795e-04 1.686734706163406372e-01 5.347885489463806152e-01 5.723875164985656738e-01 4.755393862724304199e-01 1.500111189670860767e-03 2.230677455663681030e-01 1.845345459878444672e-02 6.810273043811321259e-04 1.308854520320892334e-01 8.731992915272712708e-03 1.708247815258800983e-03 1.458803471177816391e-02 9.263474494218826294e-02 2.812283858656883240e-02 8.231984078884124756e-02 1.001152489334344864e-02
1.540467794984579086e-02 1.914579188451170921e-03 5.174336838535964489e-04 7.934539020061492920e-02 5.398510694503784180e-01 4.425851404666900635e-01 5.989787578582763672e-01 2.363627543672919273e-03 2.301185131072998047e-01 3.258449211716651917e-02 1.276585389859974384e-03 2.594172060489654541e-01 1.119215413928031921e-02 1.553754438646137714e-03 1.066069025546312332e-02 1.571198999881744385e-01 3.171316906809806824e-02 1.017005816102027893e-01 1.489114202558994293e-02
1.365506963467970719e-18 2.851580753812434934e-17 7.623012698941020794e-19 8.739864369999850169e-07 5.295881094768972730e-11 2.165594386580772091e-20 1.000000000000000000e+00 9.795157573933011008e-09 1.970394333805636222e-12 2.389809053773839231e-12 5.235416736129911485e-20 1.055392658599885181e-06 3.644489510179482750e-08 2.659231342072576609e-11 5.984568929306988139e-08 1.617717543922481127e-06 9.987435936927795410e-01 2.194804407662509504e-11 7.886017143118873030e-13
3.097203327140363172e-10 1.458782503431163557e-14 3.302031016469663989e-23 3.292807693178190220e-10 2.801850787363946438e-04 1.968470010474746013e-13 5.300852353684604168e-04 1.848103114987509343e-09 2.366019116798907264e-17 1.000000000000000000e+00 5.293112713102455877e-19 9.999240636825561523e-01 1.031176477539474945e-08 5.794878404725591082e-20 1.540102456901375930e-18 3.906394839286804199e-01 2.360429351977444412e-10 6.862460044665397163e-10 7.787214803687016459e-21
4.338652615842875093e-06 2.623616345226764679e-02 1.609477067177067511e-06 8.014805316925048828e-01 5.043497708356881049e-07 5.263071400918306608e-08 9.377859830856323242e-01 7.158339023590087891e-02 4.432606874615885317e-05 1.124662230722606182e-05 5.179992967896396294e-07 4.640464368321772781e-08 2.648959634825587273e-04 9.852656722068786621e-01 5.211226525716483593e-04 7.992336759343743324e-05 2.708614468574523926e-01 6.337075028568506241e-03 4.560350816973368637e-07
1.071823476195277181e-06 7.071762811392545700e-03 2.860096515178156551e-08 2.979893470183014870e-03 8.509500162290351000e-07 1.698194296295696404e-08 2.353325635194778442e-01 4.558604955673217773e-01 5.902331281504302751e-07 9.829686284065246582e-01 4.969668907506274991e-07 8.870717138051986694e-02 2.497894456610083580e-03 6.714985240250825882e-03 5.968432105873944238e-06 1.325045228004455566e-01 8.740770816802978516e-02 2.063588704913854599e-03 8.956561003969909507e-08
5.441189568955451250e-05 9.116412256844341755e-04 2.487312853336334229e-01 4.748324397951364517e-03 1.141227548941969872e-03 7.692463441344443709e-06 9.474352598190307617e-01 2.426262348890304565e-01 1.078063156455755234e-03 7.866605371236801147e-02 1.061987422872334719e-04 8.391036093235015869e-02 4.675894975662231445e-02 3.640415146946907043e-03 2.551305573433637619e-03 1.750071793794631958e-01 4.926780164241790771e-01 2.488441765308380127e-03 8.082060376182198524e-04
1.931046880781650543e-02 4.573163986206054688e-01 2.329856753349304199e-01 4.618767648935317993e-02 7.777993101626634598e-03 7.346973419189453125e-01 1.654033064842224121e-01 7.464668154716491699e-02 1.374544948339462280e-02 3.593198023736476898e-03 1.307005062699317932e-03 1.413298305124044418e-03 7.417018059641122818e-03 7.718238234519958496e-01 2.593174390494823456e-02 7.544124033302068710e-03 5.274096969515085220e-03 1.583444885909557343e-02 2.723249141126871109e-03
4.935731703881174326e-05 8.528845012187957764e-02 1.292299771193938795e-06 3.274861228419467807e-05 1.555378257762640715e-04 9.999969005584716797e-01 2.702136989682912827e-03 1.847355292738939170e-06 2.603737404569983482e-03 6.691068392683519050e-07 1.452833586768065288e-08 2.996561647705675568e-07 1.144615225712186657e-06 1.063056662678718567e-01 3.974964783992618322e-05 1.006028924166457728e-06 6.910250363034720067e-07 5.530213456950150430e-05 7.800637831678614020e-05
8.463260531425476074e-01 4.956691861152648926e-01 9.965904951095581055e-01 7.919853180646896362e-02 2.480332925915718079e-02 7.296291296370327473e-04 5.172131583094596863e-02 3.830236196517944336e-01 2.266763040097430348e-04 6.424994766712188721e-02 2.517613349482417107e-03 1.284062117338180542e-01 6.207392215728759766e-01 2.714474797248840332e-01 2.673303475603461266e-03 6.308209151029586792e-02 1.258254889398813248e-02 4.319420084357261658e-02 2.072465140372514725e-03
1.541549572721123695e-03 3.622039366746321321e-05 1.491623606852954254e-07 6.169442785903811455e-04 5.213184952735900879e-01 2.292248010635375977e-01 7.549848556518554688e-01 1.357986320726922713e-06 4.630813896656036377e-01 4.457212053239345551e-04 6.668169589829631150e-06 2.697936594486236572e-01 1.345224591204896569e-04 2.321465672139311209e-06 1.029911800287663937e-04 1.922675408422946930e-02 5.090174963697791100e-04 2.197871915996074677e-03 5.094815045595169067e-03
9.999914169311523438e-01 7.014722228050231934e-01 3.178074470255864981e-10 4.291706318326760083e-06 1.887372578494250774e-03 7.070821012034045339e-11 5.743553116917610168e-02 1.274308073334395885e-03 3.509998694062232971e-02 1.094506458798605308e-07 1.933416206156834960e-04 6.924758106470108032e-02 6.363106425851583481e-03 1.213815465916923131e-07 2.886476864819020882e-13 5.494915512826992199e-06 2.734482040978036821e-05 1.971631569119836058e-08 3.021420445293188095e-03
8.851274060361902229e-07 2.423418685793876648e-03 2.407583087915554643e-04 1.961116492748260498e-02 1.250875629921210930e-05 2.315948449904681183e-06 9.992271661758422852e-01 3.372921049594879150e-02 2.276162058115005493e-02 1.185896144306752831e-05 1.148076116805896163e-04 1.343170333711896092e-05 1.196110039018094540e-03 2.964107394218444824e-01 1.981297694146633148e-02 2.041059313341975212e-03 5.126947760581970215e-01 3.848206251859664917e-03 8.182855672203004360e-04
6.249145911851883284e-08 2.736895694397389889e-04 4.090819129487499595e-05 3.940885886549949646e-03 1.850209741860453505e-06 1.260894322285821545e-07 9.998130202293395996e-01 2.194834873080253601e-02 2.244852855801582336e-02 3.120723704341799021e-06 4.943778185406699777e-05 5.842151949764229357e-06 5.899292300455272198e-04 7.514294236898422241e-02 1.087873987853527069e-02 1.090057077817618847e-03 8.031393885612487793e-01 2.045098226517438889e-03 7.034559966996312141e-04
7.563173174858093262e-01 2.750828862190246582e-02 7.775823007705184864e-08 2.255263971164822578e-04 1.591334294062107801e-04 9.818899115998647176e-08 8.937547099776566029e-04 1.144281681627035141e-02 1.200063053374833544e-07 8.567341566085815430e-01 2.503773885109694675e-06 5.924009084701538086e-01 9.500856995582580566e-01 2.213085821267668507e-07 5.723729046280823241e-09 2.022088505327701569e-02 6.303810096142115071e-06 4.461802542209625244e-03 1.883480535980197601e-06
2.284727315782220103e-06 8.931183401728048921e-06 7.989890971060731317e-10 4.438360221683979034e-03 2.452469803392887115e-02 3.147000143144396134e-06 9.994716048240661621e-01 5.552857146540191025e-06 2.851279685273766518e-03 8.420005542575381696e-06 1.087535252963789389e-07 2.368295565247535706e-02 2.245062350993975997e-04 1.162117587227839977e-05 1.962853712029755116e-04 1.640550978481769562e-02 5.557712633162736893e-03 1.252460788236930966e-05 1.657991015235893428e-05
8.460870594717562199e-04 3.206487512215971947e-03 4.005392284511799517e-08 9.418820738792419434e-01 4.759647697210311890e-02 3.107600059593096375e-05 9.688739180564880371e-01 9.248098649550229311e-05 2.499091438949108124e-02 5.740926644648425281e-05 3.132881101919338107e-05 2.730960259214043617e-03 2.311863936483860016e-04 1.788965775631368160e-03 6.446286570280790329e-04 1.241362746804952621e-02 5.857652984559535980e-03 5.870053428225219250e-06 1.110900193452835083e-04
4.514769243542104959e-04 2.150188294081090135e-07 4.872948832640444650e-13 5.730336308479309082e-01 5.775815844535827637e-01 9.168609693688267726e-08 7.689285092055797577e-03 3.688727474582265131e-07 1.665067111966678226e-10 9.969447255134582520e-01 6.821879866558688832e-12 9.947730898857116699e-01 3.162628854624927044e-05 2.032803786411463420e-10 4.576411694046100820e-09 2.910700738430023193e-01 9.622384823160246015e-06 1.126416100305505097e-05 1.774769296369188565e-13
9.849174618721008301e-01 1.226542372023686767e-04 3.158300704297900552e-11 9.999812841415405273e-01 9.233486652374267578e-01 9.989489235806559009e-10 3.109476761892437935e-03 5.671865892509231344e-07 2.210988192530294327e-08 4.549153800326166674e-06 6.649032435745994007e-09 4.466009140014648438e-02 3.009402462339494377e-05 8.942782301346596796e-07 2.299031791608285857e-07 9.322766214609146118e-03 1.443488523364067078e-03 1.147128703138378114e-08 2.302752571958777139e-10
4.915879925349031510e-10 4.733759055852715392e-07 4.409761444890136772e-10 3.532610435286187567e-07 6.932673386472743005e-07 3.325884678773149972e-09 9.999636411666870117e-01 7.509364746510982513e-03 6.481704622274264693e-05 5.431593395769596100e-03 3.240104717860958772e-07 1.836619898676872253e-02 5.499728489667177200e-03 1.592816602169477846e-06 7.206829650385770947e-06 3.170492127537727356e-02 2.138577997684478760e-01 6.988465884205652401e-06 1.840906588768120855e-05
2.421379394945688546e-05 2.034387216554023325e-05 1.917390968220189507e-10 3.490354120731353760e-02 1.204032078385353088e-01 8.670141141919884831e-06 9.996178150177001953e-01 3.638611190126539441e-07 5.826796218752861023e-02 6.746596881157529424e-08 1.628902737138560042e-06 8.210536092519760132e-03 9.050889275385998189e-06 2.664120802364777774e-05 2.142301993444561958e-03 5.112227983772754669e-03 3.199820639565587044e-03 1.356140546704409644e-05 1.118272848543711007e-04
1.108497381210327148e-03 6.317481398582458496e-02 1.268590094083421604e-10 9.998747110366821289e-01 2.785964170470833778e-04 3.202898390952668706e-09 8.429776430130004883e-01 1.588057202752679586e-04 1.304871961474418640e-02 3.007938786936392717e-08 1.206785254180431366e-02 7.875287906244921032e-07 2.321490001122583635e-06 1.330492552369832993e-02 6.096685410739155486e-06 4.556906787911430001e-05 1.748763583600521088e-02 1.390478954199636519e-09 1.014647568808868527e-05
4.980987622360544265e-09 8.499393189254078607e-09 2.640059666107058556e-13 1.251982979511012672e-07 2.599966819616383873e-06 4.814313836476458164e-09 1.673669070005416870e-01 1.532961498014628887e-03 7.870165852352783986e-09 9.999788999557495117e-01 5.498241306689521934e-10 9.351506233215332031e-01 4.685755993705242872e-05 3.116436622652152266e-11 1.055897480561895918e-09 3.009144663810729980e-01 3.557143791113048792e-04 1.278680247196462005e-05 1.189693066283581402e-10
3.251743018627166748e-01 4.551990330219268799e-02 2.419585871393792331e-05 8.824263811111450195e-01 4.909219443798065186e-01 4.400436766445636749e-03 5.229258537292480469e-01 1.758917700499296188e-03 1.791544556617736816e-01 2.120818709954619408e-03 2.570157870650291443e-02 1.311520040035247803e-01 3.851369721814990044e-03 3.904056968167424202e-03 6.524551194161176682e-03 6.946783512830734253e-02 3.408685326576232910e-02 1.029942883178591728e-03 1.325841993093490601e-02
