2.709405729547142982e-03 1.371657825075089931e-03 4.925941539113409817e-05 3.452847898006439209e-01 3.847270086407661438e-02 5.977858789265155792e-03 8.366216421127319336e-01 1.229161955416202545e-02 5.648005753755569458e-03 1.176294535398483276e-01 4.462916331249289215e-05 7.288698107004165649e-02 2.814041078090667725e-02 1.365074887871742249e-03 1.758044026792049408e-02 5.281297117471694946e-02 7.722283154726028442e-02 1.298843789845705032e-02 3.777574747800827026e-04
9.847234934568405151e-03 8.982747676782310009e-04 1.403242322339792736e-06 7.233602926135063171e-03 3.323681303299963474e-04 3.333308559376746416e-04 4.465354140847921371e-03 2.581748180091381073e-02 2.164314764740993269e-06 9.996421337127685547e-01 2.428124753350857645e-05 3.613399565219879150e-01 2.166481129825115204e-02 7.174093298090156168e-06 3.663276584120467305e-05 5.170116946101188660e-02 8.805478573776781559e-04 6.712418980896472931e-03 8.274216725112637505e-07
4.788411408662796021e-02 1.090455893427133560e-02 1.586044381838291883e-04 3.856734186410903931e-02 4.061915911734104156e-03 4.125531297177076340e-03 3.007569164037704468e-02 9.802321344614028931e-02 1.456270110793411732e-04 9.930015802383422852e-01 8.672415278851985931e-04 3.820306658744812012e-01 7.888980209827423096e-02 4.170916217844933271e-04 1.172969932667911053e-03 1.079453676939010620e-01 9.050323627889156342e-03 3.455510362982749939e-02 7.977016502991318703e-05
6.210927665233612061e-02 2.558920159935951233e-02 7.194411009550094604e-04 5.829660221934318542e-02 1.031464617699384689e-02 9.459816850721836090e-03 6.787849962711334229e-02 1.592981666326522827e-01 8.072754717431962490e-04 9.804289340972900391e-01 3.402297152206301689e-03 4.021857082843780518e-01 1.161867976188659668e-01 1.730893622152507305e-03 3.719007829204201698e-03 1.568110287189483643e-01 2.301791869103908539e-02 5.313061922788619995e-02 4.613229830283671618e-04
9.988013505935668945e-01 2.085016816854476929e-01 1.547091448006465697e-11 3.835508550764643587e-07 3.076314227655529976e-03 7.459299844470024254e-09 3.984482288360595703e-01 7.619993266416713595e-05 1.540107838809490204e-02 2.425131533527746797e-04 1.431303553545149043e-05 7.027737498283386230e-01 9.846651926636695862e-03 9.090225794317063901e-10 5.615197976732710927e-12 1.469069247832521796e-04 1.276635794056346640e-05 7.141365188090276206e-08 7.048587780445814133e-03
2.143098274245858192e-03 1.122143468819558620e-03 3.361836206750012934e-05 4.831264615058898926e-01 3.457039594650268555e-02 5.406561307609081268e-03 8.517368435859680176e-01 8.844804950058460236e-03 4.868244286626577377e-03 6.154165416955947876e-02 2.495061744411941618e-05 4.079454764723777771e-02 1.979284547269344330e-02 1.569609506987035275e-03 2.227996848523616791e-02 3.781564533710479736e-02 8.380869776010513306e-02 1.107084006071090698e-02 2.555730461608618498e-04
7.624376303283497691e-05 4.148866707964771194e-07 1.722728903974513059e-10 5.537311153602786362e-05 1.812776178121566772e-01 7.826614819350652397e-06 1.483556181192398071e-01 4.716757393907755613e-05 4.678448988215677673e-07 9.955732822418212891e-01 7.460239537238066987e-09 9.921835064888000488e-01 3.284292470198124647e-04 1.728295395686529901e-09 9.506349485377540987e-09 4.995552599430084229e-01 5.262903141556307673e-05 8.346825779881328344e-05 7.194545403876873024e-09
4.879931220784783363e-04 4.735086278628841683e-08 1.327844084686446990e-10 1.349206827580928802e-02 8.431390523910522461e-01 8.715036301509826444e-07 4.401832222938537598e-01 2.408740101600415073e-06 5.665794446940708440e-07 5.778421089053153992e-02 6.623940840277953157e-10 9.961155652999877930e-01 4.054265809827484190e-05 1.459162657369006411e-08 4.661159636043521459e-08 5.567238926887512207e-01 1.049080281518399715e-03 5.193178076297044754e-03 3.670726167470661494e-09
2.230434148486892809e-08 4.088187254003283755e-12 1.050165068295673410e-13 1.229334429808659479e-06 4.219395816326141357e-01 1.724152348669960588e-10 9.175292253494262695e-01 3.828692030083402642e-08 9.398912759195354738e-09 2.002613991498947144e-02 1.829559995256829774e-13 9.997979998588562012e-01 1.005856211122591048e-05 3.290807947323171057e-12 2.550365951412003618e-12 8.192104101181030273e-01 1.151022734120488167e-04 1.939756111823953688e-05 1.397259391522354122e-11
1.312427500010926451e-09 4.408098774888458138e-09 3.206337417793747591e-10 5.751854041591286659e-04 1.158572118242773286e-07 7.474032504006800082e-11 9.998497962951660156e-01 1.728523347992449999e-04 4.284854071556765120e-07 1.010751944363619259e-07 4.575001835704917141e-11 7.863940481911413372e-06 4.563364927889779210e-05 1.329343740508193150e-05 2.672760747373104095e-03 2.277020576002541929e-05 9.987158775329589844e-01 1.623188268240483012e-06 1.227599341291352175e-06
1.304068177887529600e-07 3.276828053344615910e-08 1.889769229990179156e-09 2.992904279381036758e-03 3.730395110324025154e-04 7.547271252406062558e-09 9.995450377464294434e-01 1.063698146026581526e-04 1.859404619608540088e-06 7.444312359439209104e-05 5.218783183380537594e-10 2.752792276442050934e-02 8.523793658241629601e-04 2.335849558221525513e-06 2.513295621611177921e-04 7.569206412881612778e-03 5.957001447677612305e-01 3.855764225590974092e-05 2.890297139401809545e-07
2.140275028068572283e-04 3.462983295321464539e-04 4.432572677615098655e-05 2.233954332768917084e-02 8.809411083348095417e-04 5.246582077234052122e-05 9.700884222984313965e-01 4.580301418900489807e-02 1.423232955858111382e-03 4.168068524450063705e-03 5.163378955330699682e-05 1.101438142359256744e-02 1.962468773126602173e-02 5.352255422621965408e-03 6.035019829869270325e-02 1.224314980208873749e-02 9.062882661819458008e-01 5.349676124751567841e-03 1.715709571726620197e-03
2.137082163244485855e-03 1.135718310251832008e-03 3.207533518434502184e-05 4.883170425891876221e-01 3.402352705597877502e-02 5.449582356959581375e-03 8.486672639846801758e-01 8.894628845155239105e-03 4.878948908299207687e-03 6.256663799285888672e-02 2.530497658881358802e-05 3.993376716971397400e-02 1.964935287833213806e-02 1.602790784090757370e-03 2.214304171502590179e-02 3.747006878256797791e-02 8.393735438585281372e-02 1.125610712915658951e-02 2.515964151825755835e-04
4.564007838325778721e-09 2.836283954366081161e-07 7.166308080286398763e-08 1.405941043049097061e-02 1.435713556929840706e-07 2.099359264207123488e-08 2.301669120788574219e-01 6.107748951762914658e-03 7.155623734433902428e-06 6.983349067013477907e-06 3.818849958481251861e-10 1.451083903702965472e-06 3.322819975437596440e-05 3.997205290943384171e-03 1.718041137792170048e-03 5.668211815645918250e-05 9.984789490699768066e-01 9.792463183403015137e-01 2.599401511815813137e-07
4.366983662705548053e-13 1.007019398424624512e-10 1.016963804834070118e-10 3.199353814125061035e-03 7.787719358276490311e-10 1.595737864762414304e-12 9.999860525131225586e-01 3.568479223758913577e-05 2.264992815526056802e-07 2.987643465957035005e-10 4.853293873556541183e-13 3.718134689023600004e-09 1.863603074525599368e-06 9.266901543014682829e-06 5.140256253071129322e-04 1.055402663041604683e-06 9.989112615585327148e-01 1.788480830100525054e-07 3.209932231129641877e-08
6.612508893013000488e-01 5.197087526321411133e-01 1.238360303190688683e-09 2.126109153032302856e-01 6.633489313401241816e-09 9.573980497279421797e-10 7.863009727770986501e-07 1.049759685993194580e-01 6.086465966642640169e-13 6.683616042137145996e-01 1.563121854175619774e-09 2.073130803182721138e-03 7.755531072616577148e-01 2.860206412151455879e-03 3.157603345460557875e-10 1.383469207212328911e-04 1.080775433592862100e-07 3.549269586801528931e-02 6.526207352308688314e-11
1.702588237822055817e-02 8.541514873504638672e-01 2.519474029541015625e-01 5.244886279106140137e-01 7.538846148236189038e-06 9.677805792307481170e-06 4.241484217345714569e-03 4.457913935184478760e-01 4.574712306748551782e-07 1.585667580366134644e-02 4.057290425407700241e-05 1.879032643046230078e-04 2.459133416414260864e-02 9.875897169113159180e-01 2.708688552957028151e-04 6.319078616797924042e-03 1.279359334148466587e-03 2.021189406514167786e-02 4.919463663100032136e-07
5.173043608665466309e-01 3.328635822981595993e-03 6.693009709124453366e-06 1.765932654961943626e-03 5.770874023437500000e-01 6.970833055675029755e-06 2.530540823936462402e-01 1.522551407106220722e-03 8.806603000266477466e-05 6.607263535261154175e-02 1.249634351552231237e-05 9.559639096260070801e-01 3.248329460620880127e-02 4.217050445731729269e-06 1.928666648609578260e-07 1.703867763280868530e-01 8.016473148018121719e-04 5.474964855238795280e-04 1.618339774722699076e-05
2.972424263134598732e-03 1.580110052600502968e-03 5.595707261818461120e-05 4.681054949760437012e-01 3.881683200597763062e-02 6.523837801069021225e-03 8.391627073287963867e-01 1.154812984168529510e-02 6.093402393162250519e-03 7.364269345998764038e-02 4.253512088325805962e-05 4.866306111216545105e-02 2.407518960535526276e-02 2.005938673391938210e-03 2.561200223863124847e-02 4.338403046131134033e-02 9.021269530057907104e-02 1.369154453277587891e-02 3.755248617380857468e-04
2.334455028176307678e-03 2.612122334539890289e-04 1.399722677888348699e-04 9.999424219131469727e-01 6.285338895395398140e-04 3.108362434431910515e-04 2.382847853004932404e-02 1.433143764734268188e-02 2.132074223482050002e-05 9.611346176825463772e-04 3.409000370879766706e-08 7.032994062683428638e-07 3.178849117830395699e-03 1.376803964376449585e-02 5.625344440340995789e-02 6.232298619579523802e-05 3.028422594070434570e-01 2.347302855923771858e-03 2.001938099738254095e-07
5.428234572946166736e-08 7.983135219546966255e-08 7.455220440988341579e-08 9.117232561111450195e-01 1.259259452268679524e-08 1.564161152600718196e-06 3.532953560352325439e-01 1.907254452817142010e-03 1.979560266818225500e-07 7.128782044674153440e-07 3.549838103588526250e-13 1.064885055135356140e-10 2.063054307654965669e-05 6.192285567522048950e-03 3.958718180656433105e-01 1.830496643151491298e-08 9.938896894454956055e-01 5.599542637355625629e-04 5.421285642626116896e-10
9.990517497062683105e-01 9.067967184819281101e-04 1.079303543782307584e-13 3.113837188095658348e-09 1.006824001669883728e-01 8.849550259260041685e-11 9.213833212852478027e-01 2.886631600418354537e-09 3.407755866646766663e-02 3.191319208895038173e-08 2.769559444004698889e-07 9.327677488327026367e-01 5.649505965266143903e-06 1.092151542814168153e-12 1.368665516207970279e-13 7.621613622177392244e-05 5.105733293930825312e-07 3.055374009353073461e-10 8.399968035519123077e-03
9.999998807907104492e-01 1.477073691785335541e-02 4.895152479981318416e-15 3.493211053751110740e-09 4.051952362060546875e-01 3.065996688846918394e-15 1.930223591625690460e-02 5.488764642791466031e-08 1.739730208782930276e-07 6.295969967595738126e-09 4.856060553670715763e-10 9.592240452766418457e-01 2.339969942113384604e-04 7.529652628398414427e-14 1.075800020790011700e-19 1.859464646258857101e-05 3.008218785183203181e-09 1.596837028924880109e-12 8.745528390363688231e-08
3.897719085216522217e-01 4.039544612169265747e-03 2.368641435168683529e-05 3.692513564601540565e-05 2.822686135768890381e-01 3.114317223662510514e-05 8.803759217262268066e-01 2.046489244094118476e-04 4.974571615457534790e-02 1.139606116339564323e-03 1.972681493498384953e-04 8.027803301811218262e-01 1.765588857233524323e-02 1.830207111197523773e-06 3.204411086699110456e-06 3.390637785196304321e-02 3.078750101849436760e-03 3.946497599827125669e-05 1.260222122073173523e-02
1.643091905862092972e-03 4.509322170633822680e-04 3.760465915547683835e-06 3.571169450879096985e-03 1.245837379246950150e-02 2.337198384338989854e-04 1.437853425741195679e-01 2.646141126751899719e-02 5.091735147289000452e-05 9.927431344985961914e-01 3.990895129390992224e-05 8.029637932777404785e-01 1.255619525909423828e-02 2.489692269591614604e-05 8.004845585674047470e-05 3.258790969848632812e-01 8.902594447135925293e-03 6.613090168684720993e-03 9.377064998261630535e-06
1.715130731463432312e-02 1.851049996912479401e-02 2.014524787664413452e-01 3.370990604162216187e-02 4.023830965161323547e-02 3.690106794238090515e-03 4.435118436813354492e-01 3.290660977363586426e-01 5.536028183996677399e-03 8.400617241859436035e-01 4.594380501657724380e-03 5.565600395202636719e-01 1.562505811452865601e-01 9.368560276925563812e-03 1.131040975451469421e-02 3.859380185604095459e-01 1.246869340538978577e-01 5.760019645094871521e-02 3.807795466855168343e-03
3.769715875387191772e-02 5.555023744818754494e-05 1.763325769843504531e-07 9.432013612240552902e-04 7.709237337112426758e-01 3.570774197214632295e-06 3.747525513172149658e-01 1.110327284550294280e-04 1.872288885351736099e-05 9.505857527256011963e-02 4.348302411472104723e-07 9.905595183372497559e-01 3.803093684837222099e-03 3.450405756666441448e-07 3.745790166931328713e-08 3.662744462490081787e-01 5.500485422089695930e-04 5.349801504053175449e-04 8.189392701751785353e-07
9.999994039535522461e-01 1.169867627322673798e-02 2.480282472461237120e-12 1.658030555518053006e-06 7.584126591682434082e-01 1.500524531017344287e-12 1.706922948360443115e-01 2.079330130300149904e-08 9.365145524498075247e-05 9.914826598622639153e-11 2.191620609437450184e-07 8.131591677665710449e-01 2.430882659609778784e-06 7.922734690524180223e-11 2.303266220327407354e-14 2.631331517477519810e-05 8.038236956053879112e-07 1.740437308161979502e-11 1.683066147961653769e-05
1.328848447883501649e-04 4.374211712274700403e-04 1.338688049301595129e-09 4.089717403985559940e-04 1.502806844655424356e-04 6.235812907107174397e-05 3.356120735406875610e-02 1.245827320963144302e-02 3.205013172191684134e-06 9.997209906578063965e-01 2.722822046052897349e-06 4.865562915802001953e-01 7.510872557759284973e-03 2.971031278775626561e-07 7.000119239819468930e-07 9.659249335527420044e-02 3.692932659760117531e-04 3.590582346078008413e-04 3.703927689002739498e-07
8.434653153699400718e-08 2.971320043343439465e-07 3.621233418016345240e-06 6.548931123688817024e-04 4.167524166405200958e-03 3.005129300959197280e-08 9.956641793251037598e-01 1.578576047904789448e-03 1.620223702047951519e-05 3.355783643200993538e-03 1.160936875521656475e-07 5.236920118331909180e-01 5.363112781196832657e-03 6.295045295701129362e-06 1.351389619230758399e-05 3.430801630020141602e-01 1.458059549331665039e-01 3.263200342189520597e-04 3.004263817274477333e-06
5.745580885559320450e-03 2.783424258232116699e-01 6.034364105289569125e-06 9.766413569450378418e-01 5.131174111738801003e-05 4.460744548850925639e-06 2.758945804089307785e-03 4.135530292987823486e-01 8.205875445810306701e-08 2.325987815856933594e-02 9.606719686416909099e-07 2.284378570038825274e-05 1.498131640255451202e-02 9.881734251976013184e-01 2.812371239997446537e-04 3.128790296614170074e-03 5.019063595682382584e-03 6.194058060646057129e-02 5.462372243414392869e-08
1.172904376289807260e-05 5.998626723885536194e-02 5.549429715756559744e-07 9.996788501739501953e-01 7.113630999810993671e-07 4.316601298626210337e-09 5.567093193531036377e-02 1.002697199583053589e-01 1.036091816786210984e-07 5.880559456272749230e-06 3.979515383889520308e-09 5.506186062653739555e-10 1.604650169610977173e-04 9.922571182250976562e-01 1.074938991223461926e-04 2.475874498486518860e-05 7.150304317474365234e-02 1.369729172438383102e-03 2.259231246526383075e-09
4.118588694836944342e-04 5.773231387138366699e-01 3.234188170608831570e-06 9.984247684478759766e-01 2.530831579861114733e-06 7.679678759586749948e-08 2.866830211132764816e-03 1.609966456890106201e-01 2.763991346910188440e-08 4.669218469643965364e-06 5.056235607980852365e-08 5.487589493924360795e-09 2.063569409074261785e-04 9.995653033256530762e-01 2.845730341505259275e-05 1.844820944825187325e-04 1.365360920317471027e-03 1.286745304241776466e-03 2.484168648564377690e-09
9.980719089508056641e-01 3.123196959495544434e-01 1.671989768858850312e-09 3.775021832552738488e-05 5.571930203586816788e-03 1.208263178398283344e-08 1.516001764684915543e-02 2.961859805509448051e-03 2.536090505600441247e-05 5.254032090306282043e-03 4.943754902342334390e-06 6.644383072853088379e-01 5.011495947837829590e-01 7.941265778299566591e-08 4.345468429534093957e-11 1.643920317292213440e-03 9.272091119782999158e-06 1.085754774976521730e-05 3.114575520157814026e-05
1.488431462348671630e-05 1.604397693881765008e-04 7.207727321656420827e-05 4.528579665930010378e-06 9.036141447722911835e-03 9.999814033508300781e-01 5.492336349561810493e-04 3.162936081935185939e-07 1.450174301862716675e-01 1.546711719129234552e-04 2.393618814267028938e-08 9.603727812645956874e-05 2.753563967416994274e-05 2.084146217384841293e-05 8.383895037695765495e-04 1.281412987736985087e-04 1.661585520196240395e-05 5.851775640621781349e-04 7.836252450942993164e-02
1.974969357252120972e-02 4.249295685440301895e-03 5.235362186795100570e-05 1.421970408409833908e-02 1.380449533462524414e-02 4.504396580159664154e-03 1.038676053285598755e-01 6.817244738340377808e-02 6.148876273073256016e-04 9.897755384445190430e-01 5.669359234161674976e-04 5.406205654144287109e-01 6.359483301639556885e-02 1.061903385561890900e-04 5.778220947831869125e-04 1.835127621889114380e-01 1.019501872360706329e-02 2.049757167696952820e-02 1.765061606420204043e-04
6.436874855353380553e-08 1.285097539494017838e-07 9.950969735716963527e-12 4.617795354988629697e-07 1.580265234224498272e-05 1.014723522985150339e-07 3.244573771953582764e-01 3.614084329456090927e-03 2.905663620822451776e-07 9.998170733451843262e-01 1.624020562474015605e-08 9.006828665733337402e-01 3.209533460903912783e-04 3.852672070259188786e-10 8.086406211305074976e-09 2.926199138164520264e-01 8.030747412703931332e-04 3.423729503992944956e-05 8.254188443856946833e-09
2.389131253943688193e-11 3.992399466579144018e-10 1.892430379069054425e-10 2.331246854737401009e-03 4.450457335991586660e-09 2.290376915903280519e-11 9.986097812652587891e-01 5.355768371373414993e-04 9.286777213901586947e-08 4.610777182278980035e-07 3.097241430341513002e-12 3.136574093787203310e-07 1.743342545523773879e-05 2.680455872905440629e-05 7.532882154919207096e-04 1.813604467315599322e-05 9.993211030960083008e-01 3.545751314959488809e-05 5.601109975827966991e-08
4.490040242671966553e-03 1.175567285827128217e-05 2.563432625890538219e-11 9.999290704727172852e-01 6.080087189275218407e-08 1.440195319446502253e-06 5.141457108948088717e-07 9.759444219525903463e-05 1.112924551507129406e-14 9.999985694885253906e-01 6.556569523419319978e-13 3.078363661188632250e-04 3.018668154254555702e-03 9.153845326181908604e-08 7.462368216692993883e-07 1.555057110635971185e-06 1.639172069189953618e-06 1.186545432574348524e-05 1.467012889645573099e-15
4.353975100457319058e-07 1.072857855888287304e-07 1.347288253183975826e-11 5.083538326289271936e-06 8.355587851838208735e-06 4.424045130235754186e-08 1.031542941927909851e-02 1.615882036276161671e-03 1.625398926563548230e-09 9.999953508377075195e-01 2.828737244442436349e-09 8.716188669204711914e-01 1.129757365561090410e-04 6.960749754369999209e-10 2.252558672921622929e-08 2.000688910484313965e-01 1.654764346312731504e-04 9.141724876826629043e-05 7.767095994148931482e-11
9.712304919958114624e-03 2.295328676700592041e-02 9.160607121884822845e-03 7.580594718456268311e-02 3.046724945306777954e-02 1.638662070035934448e-03 8.856236934661865234e-01 2.357514798641204834e-01 3.204829245805740356e-02 7.019368559122085571e-02 9.475436992943286896e-03 1.780410856008529663e-01 1.220951229333877563e-01 3.718583658337593079e-02 7.027600705623626709e-02 1.615059077739715576e-01 6.172438263893127441e-01 4.731839895248413086e-02 2.490245550870895386e-02
8.495494723320007324e-01 5.012447834014892578e-01 2.539908885955810547e-02 4.423034191131591797e-02 7.173420488834381104e-02 3.462847322225570679e-03 2.412466704845428467e-01 3.141987919807434082e-01 4.703566804528236389e-02 8.815585076808929443e-02 2.791334874927997589e-02 3.302057087421417236e-01 6.373953819274902344e-01 1.838484779000282288e-02 2.053060568869113922e-03 9.158264100551605225e-02 4.162320494651794434e-02 3.887017816305160522e-02 3.896263986825942993e-02
9.176457371751212122e-10 7.069183460828298848e-09 2.921577646475270740e-09 9.592783451080322266e-01 2.678925303811752201e-09 3.568959711097718923e-11 9.596861600875854492e-01 5.980654386803507805e-04 1.017059947372445095e-08 2.277718778032067348e-07 3.879964180345842062e-14 6.521992390595698907e-10 1.727586641209200025e-05 4.278106207493692636e-04 2.901620464399456978e-03 4.900143721897620708e-07 9.990810155868530273e-01 2.096030129905557260e-06 1.941869581800759192e-10
1.147877739526848018e-07 5.185929694562219083e-07 5.708272254878465901e-08 2.965675294399261475e-01 1.658773840063076932e-06 4.428004629630777345e-08 9.796546101570129395e-01 4.760758951306343079e-03 1.877175463960156776e-06 2.976767718791961670e-04 4.470780967658072313e-10 9.837935067480430007e-06 6.158723263069987297e-04 1.249423250555992126e-03 6.911688484251499176e-03 2.529741905163973570e-04 9.703596830368041992e-01 3.058389702346175909e-04 1.462632326365564950e-07
5.772095177042704806e-14 3.958305471590817248e-12 3.428681644157549613e-11 6.088059023022651672e-02 4.100197611989209179e-12 1.503035062134106675e-14 9.958466887474060059e-01 6.248914723983034492e-05 2.429136336523640693e-10 6.265956642437231494e-10 1.496625558528277464e-16 2.102064702858008616e-11 3.473043364010663936e-07 1.568446350574959069e-05 1.852054265327751637e-04 7.872706220268810284e-08 9.999890327453613281e-01 1.965689307326101698e-06 9.255200078550629428e-11
7.414647936820983887e-01 4.949194788932800293e-01 3.152127144858241081e-03 4.013221859931945801e-01 1.067039966583251953e-01 3.753797616809606552e-03 4.167119264602661133e-01 1.532327979803085327e-01 1.075290217995643616e-01 1.863698102533817291e-02 1.878657937049865723e-01 1.569406241178512573e-01 6.541844457387924194e-02 6.070824339985847473e-02 1.055080723017454147e-02 4.120023921132087708e-02 1.113718748092651367e-01 1.057518832385540009e-02 3.365609422326087952e-02
3.931309038307517767e-06 7.943240234453696758e-06 1.394566573331701420e-09 1.393829297740012407e-04 1.685748611635062844e-05 4.722454889360960806e-07 3.531741723418235779e-02 1.387750077992677689e-02 7.353749253979913192e-08 9.999034404754638672e-01 1.325771989968416165e-07 7.278664112091064453e-01 9.615623857825994492e-04 2.062427455484794336e-07 8.351432256858970504e-07 2.035657167434692383e-01 1.937138033099472523e-03 7.253705989569425583e-04 9.316720728236305149e-09
1.561441109743100242e-07 9.267826328596129315e-08 3.648610857887035763e-10 1.049942511599510908e-04 1.665862073423340917e-04 2.723720626818249002e-07 7.215058803558349609e-01 2.897491678595542908e-03 2.000256671408351394e-07 9.955221414566040039e-01 8.868771494974225789e-09 9.113721251487731934e-01 4.404750652611255646e-04 3.881307719666438061e-08 2.220428996224654838e-06 3.502722382545471191e-01 1.086743827909231186e-02 5.862284451723098755e-04 2.317666236706372729e-08
8.005278706550598145e-01 1.947585679590702057e-02 1.053520648497396905e-07 6.783055141568183899e-04 3.282978013157844543e-02 4.219317020215385128e-07 2.281223237514495850e-02 6.088875699788331985e-03 3.658646846815827303e-06 5.008761286735534668e-01 7.937501322885509580e-06 8.554473519325256348e-01 2.778043746948242188e-01 3.386910520930541679e-07 7.205874563709357972e-09 5.254454165697097778e-02 9.077140566660091281e-05 3.736862563528120518e-04 6.452617071772692725e-06
2.318295883014798164e-04 5.715804581996053457e-05 7.151600698307447601e-07 6.343887071125209332e-04 3.511809557676315308e-02 7.427929631376173347e-06 6.746653318405151367e-01 8.275315165519714355e-03 5.288062675390392542e-05 6.917438507080078125e-01 9.260036677005700767e-06 9.474062919616699219e-01 1.965562812983989716e-02 3.219951395294629037e-06 5.537341621675295755e-06 4.912815690040588379e-01 2.236106991767883301e-02 2.198553876951336861e-03 9.537448022456374019e-06
1.305680605582892895e-03 5.924322249484248459e-05 5.865862107157227001e-08 3.279648954048752785e-04 6.896483898162841797e-02 5.665385833708569407e-05 2.330121695995330811e-01 2.141847508028149605e-03 3.003161145898047835e-05 9.812363386154174805e-01 3.282657644376740791e-06 9.450138211250305176e-01 6.499738432466983795e-03 3.333663585181056987e-07 8.861536002768843900e-07 3.718626201152801514e-01 1.186064211651682854e-03 9.735784842632710934e-04 2.493296960892621428e-06
2.931027906015515327e-03 1.644715666770935059e-03 4.096624252269975841e-05 6.854473948478698730e-01 3.976994007825851440e-02 4.319086205214262009e-03 8.340928554534912109e-01 8.927611634135246277e-03 5.969494581222534180e-03 2.702237479388713837e-02 3.136145096505060792e-05 2.385772578418254852e-02 1.528196781873703003e-02 2.851451979950070381e-03 3.672914952039718628e-02 3.069316595792770386e-02 1.101432666182518005e-01 1.262062788009643555e-02 2.703868376556783915e-04
7.719355789551329087e-24 6.488694238080342641e-20 1.749863491975335871e-19 3.257295247749425471e-06 6.534304977056516587e-18 2.503738016949286634e-24 1.000000000000000000e+00 3.278203664081047464e-08 1.231707200425799509e-14 3.713252680326555727e-16 6.556682889199572965e-24 1.676808106428062661e-14 5.630838503800639216e-11 1.813719036070082780e-10 9.084410379500695853e-08 2.300706847258027210e-10 9.999998807907104492e-01 3.939678444586647288e-12 2.222990705630454450e-14
3.273083489451262133e-25 5.489992272907867790e-22 5.188435785393740520e-20 7.440280914306640625e-01 2.751521088990942763e-22 1.963203044379945345e-27 9.999549388885498047e-01 5.135867731098642253e-09 1.113881671357848490e-19 6.508430250507975036e-19 2.262697908701488412e-32 2.308182269998692812e-22 5.364826421647150845e-13 1.852140107949651338e-09 1.218286200810325681e-07 4.390045557709897767e-15 1.000000000000000000e+00 1.726318334159884782e-13 2.363452515591118441e-21
6.961101833846683462e-12 1.122762161021029215e-10 5.613396032722040019e-13 5.532881710678339005e-03 9.128889644216542365e-09 7.385024015926777707e-12 9.997380375862121582e-01 1.754754775902256370e-04 1.651058179064079923e-09 2.313195582246407866e-04 1.932156183366649099e-14 1.103093563870061189e-05 2.889594725274946541e-05 1.944571749845636077e-06 7.584398554172366858e-05 9.105254139285534620e-05 9.241808056831359863e-01 7.485058631573338062e-06 5.537178701664480229e-11
5.592554007784536485e-14 1.759875994933324250e-10 2.355235960687512842e-13 1.449342653359053656e-05 4.199244840741300777e-10 7.509243877754090413e-14 9.999932050704956055e-01 3.905707271769642830e-04 4.345679815997982587e-09 2.901678817579522729e-05 1.956577938945838757e-13 1.400272321916418150e-05 1.498805522714974359e-05 7.578785243822494522e-07 5.901728400203865021e-06 2.393176109762862325e-04 9.612620472908020020e-01 4.654280019167345017e-07 5.140343151133208721e-10
5.304859944875971178e-14 7.949210040214538253e-11 3.336895918002596995e-13 1.125077415053965524e-05 2.798442311213733547e-10 5.748363346739712720e-14 9.999930858612060547e-01 3.756068763323128223e-04 5.641949130108514510e-09 6.829640369687695056e-06 2.856387815077660042e-13 6.127205779193900526e-06 1.199106282001594082e-05 8.547565357730491087e-07 9.886304724204819649e-06 1.495111500844359398e-04 9.898638129234313965e-01 5.205064894653332885e-07 1.147108519283790429e-09
1.453001411957192587e-21 3.334875057747681784e-19 3.891198635743882474e-18 9.988175034523010254e-01 9.819370061749610695e-19 5.131400165652005065e-25 9.999436140060424805e-01 1.119199222188171916e-08 9.244492770915057310e-18 4.510309161680525248e-17 1.445041186381095017e-29 6.573174581781295492e-20 1.778166329458041872e-11 7.368980536881508669e-09 4.187008926237467676e-07 1.149725795254394334e-13 9.999998807907104492e-01 2.772964624304756487e-14 9.680926878266399158e-21
1.449376868549734354e-04 7.177835504990071058e-05 1.160963847723905928e-06 1.245882478542625904e-03 1.499687582254409790e-01 2.349764853715896606e-02 9.814644455909729004e-01 5.153004894964396954e-05 9.998853504657745361e-02 7.571883033961057663e-04 1.119163880503037944e-05 1.076310053467750549e-01 2.053693868219852448e-03 6.801504787290468812e-05 1.698537962511181831e-03 3.930601105093955994e-02 4.083511885255575180e-03 2.532759914174675941e-03 1.555738155730068684e-03
6.704553578984473461e-10 3.912464130451098754e-09 6.430625365538844562e-09 8.368974179029464722e-02 7.876382213112265163e-09 8.291787811920414697e-10 9.735263586044311523e-01 1.089949044398963451e-03 1.269227141165174544e-07 5.230397732702840585e-07 3.178586300417451938e-12 2.526848952300042583e-08 2.664484054548665881e-05 3.509198431856930256e-04 7.211371324956417084e-03 3.579614940463216044e-06 9.995715022087097168e-01 1.683683512965217233e-04 3.880241905562797911e-08
2.470805959750430785e-16 1.592718470132259423e-12 2.759248721433821272e-13 8.549735497354049585e-08 1.054163787511663841e-11 8.495274592839642536e-17 9.999984502792358398e-01 7.359248120337724686e-04 1.946736993829745188e-08 4.723774438275540888e-08 1.524497433673388525e-12 1.340962739959650207e-06 1.374890302940912079e-06 2.910233831698860740e-07 1.486649125581607223e-06 1.768329530023038387e-04 9.998679161071777344e-01 2.854984870737098390e-07 2.740149440683126159e-08
4.468625719022262244e-13 1.004297978113299905e-09 3.859578490139625728e-10 1.370158656754938420e-06 1.235602287152914869e-09 2.522244023882291852e-13 9.999582767486572266e-01 1.244346983730792999e-02 3.075788981732330285e-06 3.561924359019030817e-06 1.429793283769242862e-09 1.618807436898350716e-05 2.170294465031474829e-05 2.701099765545222908e-05 2.487376150384079665e-05 1.763197709806263447e-03 9.991933703422546387e-01 1.994786725845187902e-04 1.270699158339994028e-06
5.343610609997995198e-06 1.433051656931638718e-03 4.988483487977646291e-05 3.983232658356428146e-03 4.448338222573511302e-05 6.597315973522199783e-07 9.907295107841491699e-01 1.831388920545578003e-01 1.162332366220653057e-03 6.944551132619380951e-03 8.178695134120061994e-05 5.860661156475543976e-03 1.014709845185279846e-02 1.674284227192401886e-02 4.401403944939374924e-03 4.708874225616455078e-02 8.885880708694458008e-01 4.334204830229282379e-03 5.642618052661418915e-04
2.061701864004135132e-01 3.020488975380430929e-06 3.249629081450433610e-12 9.999996423721313477e-01 7.380456924438476562e-01 7.262588042067363858e-08 1.695949351415038109e-03 1.298530776239203988e-07 2.115703523486445192e-08 3.398508124519139528e-04 4.007251475091067050e-11 1.213394291698932648e-02 2.618167491164058447e-05 8.721656996613091906e-08 2.506174723748699762e-06 8.499906398355960846e-03 6.714620976708829403e-04 1.851597097868307173e-08 1.156979893834897410e-11
4.979567452823019380e-11 1.044059838584132649e-09 7.867582453580101998e-13 2.982686460018157959e-01 3.107338898189482279e-06 7.578637717386982331e-11 9.999884366989135742e-01 5.351139975573460106e-07 1.196429707306378987e-06 1.444370489878110675e-08 9.478696446447651414e-14 1.050057676366122905e-06 6.118773853813763708e-06 3.642621550170588307e-06 1.775660784915089607e-04 3.576024755602702498e-05 1.005788445472717285e-01 2.236027007995744498e-08 9.307533632707531979e-10
6.446147171601523951e-09 1.000671758788485022e-07 8.457630429337115174e-11 9.993025064468383789e-01 4.498323278312454931e-07 7.369581056515528417e-10 9.953470826148986816e-01 1.792424336599651724e-05 2.826034233294194564e-06 4.293446043135418222e-09 1.463033253573664538e-12 1.678254479831053914e-10 3.656400394902448170e-06 4.985505947843194008e-04 1.812313799746334553e-03 2.833618282238603570e-07 4.446214139461517334e-01 8.329405609686091339e-09 1.038883090664910469e-09
2.433779090642929077e-02 5.297342780977487564e-03 9.253823373001068830e-05 1.445737387984991074e-02 4.282256588339805603e-03 3.222815226763486862e-03 3.403538465499877930e-02 7.576595246791839600e-02 1.496417971793562174e-04 9.950463771820068359e-01 6.376149831339716911e-04 4.186595678329467773e-01 6.013379245996475220e-02 1.541021920274943113e-04 6.088161608204245567e-04 1.301899254322052002e-01 6.763278041034936905e-03 2.121653594076633453e-02 5.921193223912268877e-05
2.849287986755371094e-01 2.053099423646926880e-01 2.678313553333282471e-01 2.076343297958374023e-01 5.139812827110290527e-02 2.513357065618038177e-02 1.869761794805526733e-01 3.973477184772491455e-01 8.868537843227386475e-03 7.723867893218994141e-01 3.103704005479812622e-02 3.958331346511840820e-01 3.599868416786193848e-01 8.595736324787139893e-02 3.586670011281967163e-02 2.313981056213378906e-01 9.039717912673950195e-02 2.096046507358551025e-01 1.194618456065654755e-02
9.778978228569030762e-01 3.627665936946868896e-01 7.603080477565526962e-03 1.019045785069465637e-01 3.879959881305694580e-02 7.942465163068845868e-05 1.350895501673221588e-02 9.878692030906677246e-02 2.477005727996584028e-05 3.731666132807731628e-02 3.410135395824909210e-04 3.179546892642974854e-01 7.406067848205566406e-01 9.000557474792003632e-03 9.962280455511063337e-05 1.648230850696563721e-02 1.190125825814902782e-03 2.431043982505798340e-02 1.196849334519356489e-04
7.143796086311340332e-01 4.224528074264526367e-01 7.816407084465026855e-01 1.460693627595901489e-01 1.406906694173812866e-01 2.451270632445812225e-02 4.393054544925689697e-01 2.969781458377838135e-01 1.107859760522842407e-01 7.514156401157379150e-02 4.818641021847724915e-02 2.330077737569808960e-01 2.859212160110473633e-01 1.143487542867660522e-01 3.982917591929435730e-02 8.895394206047058105e-02 1.384058445692062378e-01 4.665070772171020508e-02 1.234658807516098022e-01
9.976949095726013184e-01 6.405376195907592773e-01 9.999823570251464844e-01 1.138458144851028919e-03 2.807910321280360222e-03 1.757651091338630067e-07 1.688421517610549927e-02 2.306492775678634644e-01 1.894844353955704719e-05 1.241552527062594891e-04 9.179016160487663001e-06 1.201682910323143005e-02 6.053572297096252441e-01 2.948726154863834381e-02 3.354268187649722677e-07 1.430006814189255238e-03 1.095827785320580006e-03 7.363556505879387259e-05 6.946711800992488861e-04
2.128649130463600159e-02 1.651604287326335907e-02 5.779046099632978439e-03 4.360553994774818420e-02 1.130055263638496399e-01 6.386656165122985840e-01 5.123366713523864746e-01 2.437279932200908661e-02 1.150670275092124939e-01 9.771881997585296631e-02 1.635212800465524197e-03 7.040698081254959106e-02 6.045218184590339661e-02 1.472860574722290039e-02 1.002081781625747681e-01 4.832576215267181396e-02 4.465495795011520386e-02 4.803358390927314758e-02 3.084897063672542572e-02
6.566705703735351562e-01 3.373689949512481689e-01 1.120457964134402573e-04 9.972063899040222168e-01 1.497271060943603516e-01 1.940547081176191568e-04 4.689185321331024170e-02 4.046931117773056030e-02 3.096959087997674942e-03 8.572863414883613586e-03 1.483774743974208832e-02 1.149446517229080200e-02 2.639505080878734589e-02 1.241097375750541687e-01 4.243610019329935312e-04 6.832214444875717163e-02 1.471845898777246475e-02 4.938678466714918613e-04 7.608655723743140697e-04
7.077819108963012695e-01 8.724752068519592285e-02 1.569481719343457371e-05 9.981118440628051758e-01 6.249300837516784668e-01 1.765847700880840421e-04 8.979670703411102295e-02 3.540462581440806389e-03 1.254781428724527359e-02 3.270759014412760735e-03 1.675987057387828827e-02 4.971757158637046814e-02 4.644506145268678665e-03 1.312423497438430786e-02 5.353788146749138832e-04 1.250146776437759399e-01 2.724568732082843781e-02 1.006743405014276505e-04 6.618469487875699997e-04
6.157034542411565781e-03 1.088266633450984955e-02 1.701306365430355072e-02 2.836987078189849854e-01 3.686146438121795654e-02 1.368252444081008434e-03 8.717693090438842773e-01 1.372108906507492065e-01 2.265543863177299500e-02 3.242067992687225342e-02 2.894094679504632950e-03 9.895668178796768188e-02 7.357721775770187378e-02 3.735894337296485901e-02 8.055350184440612793e-02 1.290643066167831421e-01 5.817086696624755859e-01 6.449695676565170288e-02 1.100319344550371170e-02
2.114839851856231689e-03 1.206667860969901085e-03 3.416280378587543964e-05 3.702071309089660645e-01 3.431473299860954285e-02 5.639057606458663940e-03 8.595941066741943359e-01 9.698514826595783234e-03 5.608743522316217422e-03 7.864092290401458740e-02 3.290765016572549939e-05 5.266475304961204529e-02 2.294690720736980438e-02 1.430535921826958656e-03 1.824340783059597015e-02 4.279772192239761353e-02 7.830883562564849854e-02 1.115474291145801544e-02 3.371206985320895910e-04
2.226632568635977805e-05 3.510762762743979692e-04 7.514896083193889353e-07 9.997494816780090332e-01 7.358298262261087075e-06 2.142660981974131573e-08 1.944187432527542114e-01 3.150434792041778564e-02 3.593268502299906686e-06 2.137521805707365274e-04 6.204321501002141304e-09 3.501577694464685919e-08 7.568460423499345779e-04 1.137615963816642761e-01 2.650504466146230698e-03 3.603448931244201958e-05 7.872822284698486328e-01 1.803282939363270998e-04 1.756494150129128684e-08
6.919871339050587267e-06 6.218739872565492988e-05 3.288145364876982057e-07 9.999431371688842773e-01 1.390005763823864982e-06 6.014960085565235204e-09 8.910024166107177734e-02 2.461590990424156189e-02 5.686114832315070089e-07 6.040464722900651395e-05 3.063824194349251684e-10 1.380747960411099484e-09 3.395717940293252468e-04 6.759749352931976318e-02 3.876810427755117416e-03 3.837780695903347805e-06 9.280956387519836426e-01 5.570662906393408775e-04 1.353063328046744118e-09
1.166380570793990046e-06 3.801539151027100161e-06 5.782611278704052893e-09 4.875272214412689209e-01 4.053755765198729932e-05 1.820533839236304630e-07 9.044684171676635742e-01 2.336660632863640785e-03 1.808451770557439886e-06 2.150080949068069458e-01 1.374258373765258057e-09 2.314541488885879517e-03 2.054599812254309654e-03 5.164112735656090081e-05 4.945723339915275574e-04 4.330732859671115875e-03 1.273939311504364014e-01 7.814091077307239175e-05 2.759960970877273212e-08
6.016195470692764502e-07 2.240866706415545195e-05 4.041467960291811323e-08 9.999519586563110352e-01 5.165420446928692400e-08 2.432497536730693355e-10 9.037577360868453979e-02 2.350568212568759918e-02 5.771484623551259574e-08 6.978968031035037711e-06 1.246361347462254798e-11 3.750266763802301284e-11 9.293494804296642542e-05 1.287984400987625122e-01 1.901879324577748775e-03 3.768184342334279791e-07 9.784129261970520020e-01 1.415921258740127087e-03 1.484779382776579837e-10
2.963952952995896339e-03 1.447824295610189438e-03 5.576843977905809879e-05 3.846487402915954590e-01 3.942666202783584595e-02 6.604815833270549774e-03 8.284026980400085449e-01 1.241549197584390640e-02 5.780643783509731293e-03 1.119050458073616028e-01 4.451677887118421495e-05 6.688225269317626953e-02 2.763110399246215820e-02 1.498442259617149830e-03 1.956007257103919983e-02 5.058166012167930603e-02 7.867685705423355103e-02 1.369990408420562744e-02 3.773775533773005009e-04
1.698763575404882431e-03 3.200355649823904969e-06 3.033690745724015869e-06 9.999880790710449219e-01 5.627875361824408174e-05 1.484308741055428982e-04 6.403405684977769852e-03 3.524438070598989725e-04 4.426646000865730457e-07 2.446817961754277349e-05 1.834334767414347311e-11 5.360940136256431288e-09 1.978413492906838655e-04 6.376866949722170830e-04 2.293008714914321899e-01 5.517060799320461228e-07 9.072710573673248291e-02 1.931579317897558212e-04 4.590887114908070998e-10
9.522046446800231934e-01 3.227329850196838379e-01 2.848951680789468810e-06 1.072441134601831436e-02 1.370922178030014038e-01 1.806346972443861887e-06 6.512727737426757812e-01 6.164544727653264999e-03 1.224191561341285706e-01 1.441081531083909795e-05 2.461227625608444214e-01 1.952299326658248901e-01 2.130978507921099663e-03 4.537379427347332239e-04 1.788519330148119479e-05 4.321884363889694214e-03 7.392693310976028442e-02 2.810220576066058129e-05 1.281816046684980392e-02
9.090414643287658691e-01 2.675542533397674561e-01 3.250618232414126396e-03 1.011215597391128540e-01 1.966711431741714478e-01 2.911809831857681274e-03 3.405316770076751709e-01 9.739971905946731567e-02 3.479540348052978516e-02 3.917669132351875305e-02 1.959701441228389740e-02 4.168579578399658203e-01 1.565232276916503906e-01 9.342274628579616547e-03 3.768631257116794586e-03 4.392617940902709961e-02 5.582664534449577332e-02 1.114795450121164322e-02 2.025048993527889252e-02
9.366400241851806641e-01 3.006834685802459717e-01 1.100115128792822361e-03 2.151771215721964836e-03 5.479563027620315552e-02 5.234006675891578197e-04 3.771850764751434326e-01 3.857962042093276978e-02 1.343495249748229980e-01 5.020607635378837585e-02 1.106101926416158676e-02 5.166761875152587891e-01 3.296131789684295654e-01 2.994747192133218050e-04 5.383783718571066856e-05 3.082588501274585724e-02 9.692782536149024963e-03 2.351037692278623581e-03 2.278669625520706177e-01
9.999248981475830078e-01 4.733004048466682434e-02 6.323930534790633828e-08 3.906041849404573441e-03 9.157073497772216797e-01 5.797619717640145609e-09 1.478063315153121948e-01 2.913126991188619286e-05 5.065775985713116825e-05 1.106299833963930723e-07 5.698464883607812226e-05 6.417407989501953125e-01 1.310835214098915458e-04 2.512075525373802520e-06 2.487810402129753129e-09 2.554773585870862007e-03 2.195858396589756012e-04 2.820273152792651672e-07 7.278879365912871435e-06
7.970719337463378906e-01 6.986983865499496460e-02 2.134747410309500992e-05 2.412652596831321716e-03 2.194636017084121704e-01 1.753843098413199186e-04 8.646695613861083984e-01 6.459763972088694572e-04 4.444898366928100586e-01 3.284855920355767012e-04 1.870555244386196136e-02 5.255230665206909180e-01 2.051430754363536835e-03 1.399462489644065499e-04 1.565055863466113806e-04 1.392070110887289047e-02 1.818280108273029327e-02 5.084220319986343384e-04 1.798256933689117432e-01
9.836063385009765625e-01 3.368365764617919922e-01 7.621497206855565310e-05 6.931048701517283916e-04 3.965347260236740112e-02 2.448211489536333829e-05 1.627049744129180908e-01 2.664091810584068298e-02 1.208237558603286743e-02 1.755216531455516815e-02 1.207847148180007935e-03 5.618468523025512695e-01 4.851752221584320068e-01 5.346088073565624654e-05 1.155683548859087750e-06 1.653406210243701935e-02 1.306586898863315582e-03 6.355097866617143154e-04 1.890142261981964111e-02
3.749179029455262935e-07 3.392269136384129524e-04 5.418722692773769722e-10 9.999637603759765625e-01 4.912899953524174634e-07 4.424306841027680903e-12 9.325659871101379395e-01 5.237524746917188168e-04 9.800366387935355306e-05 4.746332660232610579e-09 8.277074243778770324e-07 3.669310133513903338e-10 2.606300085972179659e-06 2.794984541833400726e-02 1.394378341501578689e-05 1.825779122555104550e-06 3.428181111812591553e-01 1.612537547934778104e-09 1.242969887016442954e-07
3.373262734385207295e-05 3.024755415026447736e-06 3.496762985832901904e-07 9.999642372131347656e-01 5.736661933042341843e-06 3.518245472733383394e-09 1.461743861436843872e-01 1.872494816780090332e-03 1.720655973258544691e-07 3.202068000973667949e-06 9.064025918714690988e-11 5.541991310309413166e-09 1.101386005757376552e-04 1.371973310597240925e-03 3.587904386222362518e-03 1.800640120563912205e-06 9.849871993064880371e-01 3.126100182271329686e-06 3.296804773622596940e-10
4.187338650226593018e-01 2.886109352111816406e-01 4.072556272149085999e-03 9.959567189216613770e-01 1.626122742891311646e-02 1.205258304253220558e-03 1.080587226897478104e-02 1.440747827291488647e-01 1.451798889320343733e-04 1.879779808223247528e-02 7.816579891368746758e-04 1.029343809932470322e-03 1.227009743452072144e-01 5.742374062538146973e-01 1.149004511535167694e-02 1.860652677714824677e-02 1.841925270855426788e-02 6.564581394195556641e-02 1.824306091293692589e-04
1.185031025670468807e-03 1.628885729587636888e-05 7.722734951531862180e-11 1.000000000000000000e+00 1.019292976707220078e-03 4.752462867685380843e-10 5.855913460254669189e-02 1.107953812606865540e-05 4.772593456436879933e-06 2.693056089242418238e-08 2.369498197651864757e-08 7.438656357550144094e-09 3.216563072783173993e-06 1.442411448806524277e-04 1.750584669935051352e-05 6.100553491705795750e-06 2.098579853773117065e-01 8.137952117737157209e-11 7.272741853192599137e-10
3.479316085577011108e-02 2.459930256009101868e-02 4.311939483159221709e-05 1.303258538246154785e-01 2.445504069328308105e-04 1.176421879790723324e-03 6.138787604868412018e-03 1.535169631242752075e-01 7.469691809092182666e-06 9.964988231658935547e-01 3.450133372098207474e-04 1.695705205202102661e-01 7.445039600133895874e-02 1.807283260859549046e-03 4.936195909976959229e-04 4.557196423411369324e-02 4.404370207339525223e-03 5.023841932415962219e-02 9.881818186840973794e-06
3.148546093143522739e-04 6.862806912977248430e-06 1.293118057077435878e-09 9.576685988577082753e-05 1.335364117949211504e-06 3.297875991847831756e-06 7.071489380905404687e-05 2.627450739964842796e-03 7.315955063980084105e-10 9.999985694885253906e-01 8.133293505352412467e-08 2.185035645961761475e-01 1.910518622025847435e-03 4.770884576288381140e-09 6.738880387047174736e-08 1.158731430768966675e-02 9.160704394162166864e-06 2.737451577559113503e-04 1.706075281049379555e-10
1.324322223663330078e-01 1.672320067882537842e-01 8.642528206110000610e-02 7.248712182044982910e-01 5.651673302054405212e-02 6.525008380413055420e-02 3.437125682830810547e-01 4.064530730247497559e-01 2.073950506746768951e-02 2.264917343854904175e-01 1.030924450606107712e-02 4.060145094990730286e-02 1.999888271093368530e-01 3.788280487060546875e-01 4.112414419651031494e-01 8.168354630470275879e-02 3.231458961963653564e-01 5.133427381515502930e-01 9.227862581610679626e-03
3.450738950050435960e-05 2.903929008368777431e-08 1.735109167455561874e-09 9.999889135360717773e-01 4.505841352511197329e-04 7.800418734550476074e-01 1.409652177244424820e-03 6.485416292889567558e-07 1.077267297660000622e-04 3.194828082087042276e-07 1.763219697201515168e-13 9.684563151424185889e-10 4.964466825185809284e-06 2.083347681036684662e-06 1.547995489090681076e-02 1.216432110595633276e-07 5.988151533529162407e-04 2.279695218021515757e-05 2.205112092923400269e-09
1.505717448890209198e-02 5.181676745414733887e-01 3.923421900253742933e-04 8.875463157892227173e-02 5.424095317721366882e-03 7.646675705909729004e-01 1.683471798896789551e-01 5.087631940841674805e-02 9.879300370812416077e-03 1.974462904036045074e-02 3.312501939944922924e-04 2.036465797573328018e-03 9.935583919286727905e-03 6.014735102653503418e-01 2.961410675197839737e-03 3.710720455273985863e-03 1.818360411562025547e-03 7.126497570425271988e-03 3.634204622358083725e-04
3.587209433317184448e-02 6.173358298838138580e-03 3.846365416393382475e-06 8.686152432346716523e-05 1.584420166909694672e-02 1.905878889374434948e-03 5.924718976020812988e-01 8.504741825163364410e-03 1.881371624767780304e-02 7.068559527397155762e-01 9.287268039770424366e-04 6.238218545913696289e-01 2.726814448833465576e-01 2.054703600151697174e-06 1.215598786075133830e-05 1.041495054960250854e-01 1.576491398736834526e-03 1.174383680336177349e-03 1.439829636365175247e-02
9.628982543945312500e-01 5.118062254041433334e-04 7.267943469280169211e-10 9.999344348907470703e-01 7.834666371345520020e-01 7.906624688303054427e-08 1.263750903308391571e-02 3.045709263460594229e-06 1.721200760584906675e-06 8.693522431713063270e-06 2.153330029841526994e-07 1.878724433481693268e-02 7.273341179825365543e-05 8.252693078247830272e-06 9.272099305235315114e-06 5.452855024486780167e-03 4.630370996892452240e-03 6.969976595883053960e-08 3.647160440323204966e-08
3.454833640716969967e-04 3.278123404015786946e-05 2.446440383607750846e-08 3.236110205762088299e-05 2.413276815786957741e-03 5.647866637445986271e-04 1.152367666363716125e-01 3.169323084875941277e-03 7.637561793671920896e-05 9.989613294601440430e-01 5.496277935890248045e-06 6.908736228942871094e-01 1.074252836406230927e-02 1.530753479528357275e-08 9.613411293685203418e-07 1.357223093509674072e-01 2.199818991357460618e-04 2.942476421594619751e-04 6.489359748229617253e-06
1.343082520179450512e-03 1.538075593998655677e-04 2.735687871791014913e-07 2.941141137853264809e-04 3.133517457172274590e-03 7.239627884700894356e-04 6.285190582275390625e-02 9.960643947124481201e-03 6.745406426489353180e-05 9.988441467285156250e-01 2.138900526915676892e-05 6.271648406982421875e-01 1.567371003329753876e-02 3.149856411255314015e-07 7.682117939111776650e-06 1.452039033174514771e-01 7.161542307585477829e-04 1.432886696420609951e-03 7.886666935519315302e-06
1.396929292241111398e-04 1.333396630798233673e-05 4.771649297907742948e-09 6.052948083379305899e-05 3.313278721179813147e-04 2.500294976925943047e-05 1.819425635039806366e-02 5.039749201387166977e-03 1.234427259078074712e-06 9.999096393585205078e-01 7.819137977094214875e-07 6.856943368911743164e-01 3.349858336150646210e-03 1.920404812949527695e-08 4.996352345187915489e-07 1.284934729337692261e-01 2.572844678070396185e-04 5.103457369841635227e-04 9.063710848522532615e-08
2.687486703507602215e-04 5.875580768588406499e-07 1.476142070990643651e-13 1.064961683005094528e-02 1.130393284256570041e-04 1.392286037571466295e-07 9.034204413183033466e-05 1.602605152584146708e-05 3.612667023172866365e-12 9.999990463256835938e-01 2.725571331130272057e-11 7.678596377372741699e-01 1.216535456478595734e-04 1.896653667454728520e-11 2.552642763831158845e-09 1.496972888708114624e-02 8.516279876857879572e-07 4.867401912633795291e-06 1.245829882399324129e-13
2.796969711780548096e-01 5.417542706709355116e-05 2.580248167904919399e-11 1.752035170793533325e-01 2.393068075180053711e-01 7.936510826311860001e-08 9.588127955794334412e-03 1.767652429407462478e-05 3.802476555847533746e-09 9.179463982582092285e-01 1.099772606316662404e-09 9.470050930976867676e-01 3.254368668422102928e-03 9.522695965102911941e-10 2.814094290926050235e-09 3.260723128914833069e-02 2.430890708637889475e-05 1.423268804501276463e-05 1.426499196544028791e-10
2.308747963979840279e-03 1.143843983300030231e-03 3.736565849976614118e-05 5.129585266113281250e-01 3.374120965600013733e-02 4.594387020915746689e-03 8.202979564666748047e-01 1.045441534370183945e-02 4.001575987786054611e-03 8.560023456811904907e-02 2.624975240905769169e-05 4.651264473795890808e-02 2.076878212392330170e-02 1.525925821624696255e-03 2.204254642128944397e-02 4.233076795935630798e-02 8.626995235681533813e-02 1.337621267884969711e-02 2.179266157327219844e-04
4.998602438718080521e-03 1.533813774585723877e-04 1.496969161962624639e-07 4.859398468397557735e-04 1.985110138775780797e-04 2.922571002272889018e-05 3.870258573442697525e-03 1.157728116959333420e-02 3.601076059567276388e-07 9.997828602790832520e-01 4.447838819032767788e-06 4.795114099979400635e-01 2.038972079753875732e-02 2.219407519987726118e-07 1.570109361637150869e-06 6.908047944307327271e-02 2.495885128155350685e-04 2.571572549641132355e-03 1.735557617621452664e-07
1.933401508722454309e-04 5.795957404188811779e-04 1.751638410496525466e-05 1.293338485993444920e-03 4.773166961967945099e-03 1.795142889022827148e-04 8.061150312423706055e-01 1.103390082716941833e-01 1.071072532795369625e-03 8.648088574409484863e-01 2.550611388869583607e-04 7.343397140502929688e-01 3.886564448475837708e-02 9.285026317229494452e-05 3.493398544378578663e-04 3.883702456951141357e-01 9.181667119264602661e-02 7.150655612349510193e-03 3.583247307687997818e-04
8.840217196848243475e-05 5.154514383320929483e-06 8.658597172583881729e-10 1.518563749414170161e-05 3.342059208080172539e-04 3.295421993243508041e-05 1.947990432381629944e-02 2.013313816860318184e-03 1.410294999004690908e-06 9.999361038208007812e-01 3.538355883847543737e-07 7.041668891906738281e-01 2.797437133267521858e-03 1.778307168187609477e-09 1.063668548795249080e-07 1.047853380441665649e-01 7.360628660535439849e-05 1.637406530790030956e-04 7.571728843913660967e-08
6.042129098204895854e-05 1.092635648092254996e-04 1.412134793099539820e-06 9.863972663879394531e-04 8.669829112477600574e-04 2.489371763658709824e-05 3.169539868831634521e-01 7.509569823741912842e-02 2.795794171106535941e-05 9.941313862800598145e-01 1.609867467777803540e-05 7.724965214729309082e-01 5.708107259124517441e-03 2.280164881085511297e-05 1.100773952202871442e-04 3.648890554904937744e-01 3.411877527832984924e-02 6.484542042016983032e-03 4.619739229383412749e-06
4.856666718094926338e-12 6.027891963356069027e-09 1.273637098564428527e-11 4.277523203199962154e-06 1.468295408812991809e-06 2.079939137589192910e-10 9.999990463256835938e-01 3.593534711399115622e-05 3.403270238777622581e-05 1.141869915954885073e-06 1.604649524367118829e-09 5.251061520539224148e-04 3.167378599755465984e-04 3.463776238277205266e-06 3.074673077207989991e-05 3.193610813468694687e-03 1.430936902761459351e-01 1.060241970662900712e-06 1.124656932915968355e-06
2.627295492274583921e-09 8.977580279179164791e-08 4.635886674542177843e-10 1.168260569102130830e-04 4.738154530059546232e-04 7.985705430257894477e-09 9.999471902847290039e-01 5.194513141759671271e-05 9.197889448842033744e-05 2.494264663255307823e-05 2.341888638568434544e-08 4.312924668192863464e-02 1.027337042614817619e-03 3.189666358593967743e-06 3.243042738176882267e-05 5.614125356078147888e-02 6.555692851543426514e-02 2.006037902901880443e-05 3.002296125487191603e-06
3.048892831429839134e-03 1.019805628832415323e-10 4.791629979287359749e-17 3.329002993268659338e-07 9.910840988159179688e-01 1.457025824861193919e-13 2.913579642772674561e-01 5.405042385886460465e-11 1.487145302736525565e-11 3.329284954816102982e-04 2.491324538804278160e-16 9.999831914901733398e-01 4.923983283333654981e-07 6.972794280038713613e-16 4.110568174963864243e-18 3.050006628036499023e-01 4.629626104701856093e-08 1.829240225958983501e-08 5.976152020893254341e-15
9.997710585594177246e-01 1.054656808264553547e-03 5.810396868505263157e-12 1.118280465561838355e-06 9.165127277374267578e-01 5.062797837213084406e-12 1.742798686027526855e-01 2.104102065914048580e-07 3.524198461946070893e-07 4.551335734959138790e-07 2.906653584489049535e-09 9.804528951644897461e-01 1.330804952885955572e-04 1.698897966750934074e-11 5.692747078719700635e-15 2.788352081552147865e-03 4.165986524640175048e-07 1.748417632896348550e-09 2.623771422349818749e-08
1.993249505758285522e-01 5.841669189976528287e-05 3.338367138283615532e-09 4.792003892362117767e-06 3.500187993049621582e-01 1.225914925129245603e-08 1.508586257696151733e-01 3.899472358170896769e-05 1.147581542682019062e-06 7.722699642181396484e-02 5.023466798093068064e-08 9.948114156723022461e-01 1.236515957862138748e-02 8.842906407124928592e-10 8.165064110943198727e-12 1.098244786262512207e-01 8.031233846850227565e-06 6.139400738902622834e-06 1.376602227765033604e-07
2.011312404647469521e-03 9.872914524748921394e-04 2.996615512529388070e-05 3.656714856624603271e-01 3.314728662371635437e-02 5.899429321289062500e-03 8.492304086685180664e-01 8.879265747964382172e-03 4.811064805835485458e-03 9.398207813501358032e-02 2.444893652864266187e-05 5.416042730212211609e-02 2.261750027537345886e-02 1.067222328856587410e-03 1.573022827506065369e-02 4.174907505512237549e-02 6.841018795967102051e-02 1.023314986377954483e-02 2.723191573750227690e-04
1.967138996405992657e-05 2.289119584020227194e-05 2.384255424203729490e-07 1.619705744087696075e-02 1.205729618668556213e-01 4.223958821967244148e-04 9.980099797248840332e-01 4.021201311843469739e-05 1.966420561075210571e-01 4.491385698202066123e-05 5.307720130076631904e-05 1.001454368233680725e-01 4.428459506016224623e-04 1.229615154443308711e-04 3.711041528731584549e-03 1.164800003170967102e-01 1.003777328878641129e-02 9.715873748064041138e-03 1.014837762340903282e-03
9.998719185944082710e-09 3.856422154058236629e-06 4.043110379825520795e-08 7.399701862595975399e-04 7.081091462168842554e-05 4.801459567715937737e-07 9.999749660491943359e-01 3.339113318361341953e-04 3.556397929787635803e-02 3.145823484373977408e-06 5.166463324712822214e-06 5.750044947490096092e-04 3.073097032029181719e-04 7.072981679812073708e-04 2.975476672872900963e-03 7.202486973255872726e-03 1.055809557437896729e-01 4.438088217284530401e-04 3.210341383237391710e-04
8.394278287887573242e-01 4.484225213527679443e-01 7.703246176242828369e-02 2.953654341399669647e-02 4.854929819703102112e-02 3.411551471799612045e-03 1.843012720346450806e-01 2.890720963478088379e-01 5.046879500150680542e-02 8.847003430128097534e-02 1.258849818259477615e-02 2.469553202390670776e-01 7.043150067329406738e-01 1.544645056128501892e-02 1.566939754411578178e-03 7.579472661018371582e-02 2.745634876191616058e-02 2.908247523009777069e-02 6.835637241601943970e-02
1.350518800791178364e-06 9.906955710903275758e-06 3.305565314803970978e-06 1.083256151446221338e-07 2.107463515130802989e-04 9.999941587448120117e-01 3.854847745969891548e-04 2.602994042533168795e-09 2.366206198930740356e-01 5.679368769051507115e-06 2.675900334647707268e-10 1.002844874165020883e-05 5.075009426036558580e-07 2.200389275230918429e-07 6.410834612324833870e-05 2.263359192511416040e-06 1.608047114132205024e-06 1.022164797177538276e-04 4.021574258804321289e-01
1.380682988383341581e-05 6.626747199334204197e-05 2.599691697469097562e-06 3.081329168708180077e-06 6.266905367374420166e-02 9.999557733535766602e-01 1.712647150270640850e-03 3.924151599221659126e-07 8.459090441465377808e-02 2.178406575694680214e-03 1.953759998229998018e-08 8.116025128401815891e-04 7.481854117941111326e-05 2.281781007695826702e-06 1.053928863257169724e-04 1.428672811016440392e-03 7.355183242907514796e-06 3.423482412472367287e-04 1.122052315622568130e-02
1.859847642481327057e-02 1.576029807329177856e-01 1.746839006955269724e-05 9.999591112136840820e-01 4.462043289095163345e-04 5.105766376800602302e-06 4.628314054571092129e-04 5.425464734435081482e-02 9.905333087090184563e-08 1.309843210037797689e-04 8.085266358648368623e-07 3.517550055676110787e-07 3.000720171257853508e-03 9.886061549186706543e-01 1.434091245755553246e-04 1.140102278441190720e-03 1.022142358124256134e-03 6.631283555179834366e-03 1.098547173228325846e-07
8.569098114967346191e-01 1.757688261568546295e-02 6.481247692136093974e-05 8.921940922737121582e-01 7.471941709518432617e-01 3.483860054984688759e-04 2.363235205411911011e-01 2.361163031309843063e-03 1.520368037745356560e-03 2.387569285929203033e-03 5.921549163758754730e-04 3.481953740119934082e-01 7.740715518593788147e-03 1.151582808233797550e-03 2.529206220060586929e-03 9.391608834266662598e-02 5.573168769478797913e-02 1.259093172848224640e-03 1.495848700869828463e-04
2.873488469049334526e-03 1.475095748901367188e-03 4.870557313552126288e-05 4.082592427730560303e-01 3.894918039441108704e-02 7.342899218201637268e-03 8.385213613510131836e-01 1.098750717937946320e-02 6.368353962898254395e-03 8.547098934650421143e-02 4.148474545218050480e-05 5.454229936003684998e-02 2.514349855482578278e-02 1.623915275558829308e-03 2.096347324550151825e-02 4.481825232505798340e-02 7.927550375461578369e-02 1.283524185419082642e-02 3.945212811231613159e-04
1.360826310701668262e-03 2.356077893637120724e-04 6.792174076508672442e-07 1.237423974089324474e-03 1.125227310694754124e-03 1.487717818235978484e-04 2.524797059595584869e-02 2.220395766198635101e-02 7.303954134840751067e-06 9.993919134140014648e-01 1.525017523817950860e-05 6.038522720336914062e-01 1.141993235796689987e-02 2.698728394534555264e-06 2.043276617769151926e-05 1.580612063407897949e-01 1.898745540529489517e-03 3.965425305068492889e-03 1.421947217750130221e-06
1.322804838418960571e-01 2.340354174375534058e-01 2.400680817663669586e-02 9.419746398925781250e-01 3.404292836785316467e-02 1.650857739150524139e-02 1.023029610514640808e-01 3.494126498699188232e-01 2.488216850906610489e-03 6.133874133229255676e-02 2.389206551015377045e-03 4.109207540750503540e-03 1.061367392539978027e-01 7.210175395011901855e-01 1.307313591241836548e-01 4.126644879579544067e-02 1.142165958881378174e-01 3.553522229194641113e-01 1.306093647144734859e-03
1.926248967647552490e-01 2.308232933282852173e-01 1.285232454538345337e-01 2.364172786474227905e-01 4.321103543043136597e-02 2.904364652931690216e-02 4.797887802124023438e-01 4.137677550315856934e-01 6.003565341234207153e-02 1.785705536603927612e-01 2.959257923066616058e-02 1.479222625494003296e-01 2.735323905944824219e-01 2.078396528959274292e-01 1.479755043983459473e-01 1.216959059238433838e-01 2.444647401571273804e-01 2.786391675472259521e-01 3.098768368363380432e-02
2.222592476755380630e-03 1.104815397411584854e-03 3.594124427763745189e-05 3.548201620578765869e-01 3.493127971887588501e-02 6.285933777689933777e-03 8.480495810508728027e-01 9.677972644567489624e-03 5.251054652035236359e-03 9.711427241563796997e-02 2.963256156363058835e-05 5.817645415663719177e-02 2.423587813973426819e-02 1.155452802777290344e-03 1.631523668766021729e-02 4.425660893321037292e-02 7.027362287044525146e-02 1.080073136836290359e-02 3.150906704831868410e-04
4.618193954229354858e-03 9.790256153792142868e-04 9.899598808260634542e-06 9.995661377906799316e-01 6.456542760133743286e-03 3.733367339009419084e-05 1.964102685451507568e-01 7.035414222627878189e-03 2.632307878229767084e-04 2.345924265682697296e-03 1.444758368052134756e-06 6.970977847231552005e-05 4.872637800872325897e-03 8.761864155530929565e-03 8.546642027795314789e-03 1.549057662487030029e-03 2.857610583305358887e-01 6.101431790739297867e-05 2.175232111767400056e-06
3.744498640298843384e-02 5.897169932723045349e-02 1.010138948913663626e-04 7.724452298134565353e-03 2.497113868594169617e-02 6.807821802794933319e-03 4.571759402751922607e-01 1.326176077127456665e-01 1.392588019371032715e-02 8.184331059455871582e-01 6.597886327654123306e-03 5.125526785850524902e-01 2.062340527772903442e-01 4.638386017177253962e-04 6.941552856005728245e-04 2.064423114061355591e-01 2.661276422441005707e-02 1.588965021073818207e-02 7.675645872950553894e-03
4.470378626137971878e-03 2.059097401797771454e-03 8.486329898005351424e-05 3.532061576843261719e-01 4.700015485286712646e-02 9.857779368758201599e-03 8.003949522972106934e-01 1.546745095402002335e-02 7.723421789705753326e-03 1.430324316024780273e-01 7.507625559810549021e-05 8.362745493650436401e-02 3.465616703033447266e-02 1.694796024821698666e-03 2.035034634172916412e-02 6.023119762539863586e-02 7.653477787971496582e-02 1.697648316621780396e-02 5.807281704619526863e-04
1.122284203347589937e-07 1.686783321019902360e-06 7.601595797268601018e-08 1.071904043783433735e-04 4.535343032330274582e-05 7.107345267876041817e-10 9.998898506164550781e-01 9.608686668798327446e-04 2.154139219783246517e-04 3.106310487055452541e-06 1.926649474626174197e-06 8.498113602399826050e-03 5.774113815277814865e-04 3.720000677276402712e-05 4.518771311268210411e-04 4.341833759099245071e-03 9.727223515510559082e-01 1.122026787925278768e-05 4.495341272559016943e-04
2.945475534943398088e-05 4.077616608810785692e-07 4.968687683515327080e-10 4.143839305470464751e-06 1.488659530878067017e-01 1.033518159943014325e-07 7.586349844932556152e-01 3.852529698633588850e-05 5.383851657825289294e-06 1.895014792680740356e-01 3.196247533310270228e-08 9.951342940330505371e-01 3.831506241112947464e-03 1.200704313752964936e-09 1.268145588539937307e-09 5.471394658088684082e-01 6.720972014591097832e-04 4.837386950384825468e-05 1.426061828624369809e-07
3.233063733205199242e-03 1.628170488402247429e-03 6.107678200351074338e-05 3.230688869953155518e-01 4.131419956684112549e-02 6.763261277228593826e-03 8.362886309623718262e-01 1.361455861479043961e-02 6.580251269042491913e-03 1.228453665971755981e-01 5.840299127157777548e-05 7.998539507389068604e-02 3.166156634688377380e-02 1.458788872696459293e-03 1.813535578548908234e-02 5.683757737278938293e-02 7.814531028270721436e-02 1.372157782316207886e-02 4.828476521652191877e-04
4.319294475862989202e-06 2.909844806708861142e-05 1.255213760487094987e-06 8.402713547184248455e-07 3.835504129528999329e-02 9.999899864196777344e-01 5.833396571688354015e-04 6.961460030652233399e-08 7.724373042583465576e-02 6.910092197358608246e-04 3.102573309377021360e-09 2.367092674830928445e-04 2.252936610602773726e-05 9.331980663773720153e-07 5.563654849538579583e-05 4.839337198063731194e-04 2.275867700518574566e-06 1.709218195173889399e-04 1.101039815694093704e-02
5.243913392405374907e-08 2.763141049300088525e-09 2.939675447510836648e-10 9.999858140945434570e-01 7.981420822034124285e-07 9.192642758115709967e-10 7.393368482589721680e-01 2.432050314382649958e-05 4.306537348952588218e-08 5.886911580432752089e-08 1.263405545004307740e-14 2.537979826300329478e-10 5.933121883572312072e-06 1.607983358553610742e-05 1.256621559150516987e-03 1.502648956375196576e-07 8.726893067359924316e-01 2.092195927616558038e-08 6.219406933904991774e-12
5.707051604986190796e-03 1.267276355065405369e-03 4.030571726616472006e-04 8.571754395961761475e-02 9.557814337313175201e-03 9.781299829483032227e-01 3.101352602243423462e-02 1.929498394019901752e-03 1.845901645720005035e-02 1.978693902492523193e-02 8.217940376198384911e-06 6.117107113823294640e-04 6.324428599327802658e-03 7.544362451881170273e-03 5.031873583793640137e-01 3.450982039794325829e-04 1.036727149039506912e-02 3.263277560472488403e-02 7.766007911413908005e-04
1.257468312978744507e-01 8.041451871395111084e-02 1.157117076218128204e-02 1.548290401697158813e-01 1.295634638518095016e-02 1.718791760504245758e-02 8.064855635166168213e-02 2.824297547340393066e-01 1.846517901867628098e-03 9.473295807838439941e-01 1.038560830056667328e-02 3.487745821475982666e-01 1.957691013813018799e-01 1.728887110948562622e-02 1.360804121941328049e-02 1.629943996667861938e-01 4.611462727189064026e-02 1.268696933984756470e-01 1.630818122066557407e-03
3.493662178516387939e-02 6.836330983787775040e-03 2.472050487995147705e-02 1.660499349236488342e-02 5.287141073495149612e-03 4.136544186621904373e-03 3.669404238462448120e-02 1.286270618438720703e-01 2.099483390338718891e-04 9.925484061241149902e-01 1.296335831284523010e-03 4.041168689727783203e-01 1.178935393691062927e-01 7.980246446095407009e-04 1.724041416309773922e-03 1.611427068710327148e-01 9.022705256938934326e-03 4.084839671850204468e-02 1.366773503832519054e-04
7.537396252155303955e-02 5.788335693068802357e-04 9.075635034605511464e-07 8.605733455624431372e-05 4.789767861366271973e-01 1.661576061451341957e-05 6.131855249404907227e-01 2.927575842477381229e-04 1.479527098126709461e-03 2.409678697586059570e-02 1.968315336853265762e-05 9.610266089439392090e-01 2.121275663375854492e-02 4.299864713175338693e-07 9.888250218637040234e-08 1.888098120689392090e-01 7.786737405695021152e-04 1.486671390011906624e-04 1.335270499112084508e-04
5.577458813786506653e-02 3.457642451394349337e-04 1.494648950028931722e-05 6.381109356880187988e-01 5.226717591285705566e-01 2.250703546451404691e-04 8.488972187042236328e-01 8.257129811681807041e-04 2.988756867125630379e-03 7.517092162743210793e-04 3.176987593178637326e-05 2.599226236343383789e-01 3.365268930792808533e-03 3.281062527094036341e-04 1.925258524715900421e-02 6.371250748634338379e-02 2.504353821277618408e-01 1.931371749378740788e-03 1.328356884187087417e-04
4.669452609959989786e-04 5.644545240102161188e-07 2.234697669967200540e-11 7.988845027284696698e-06 8.944572210311889648e-01 1.009345282909634989e-06 9.945806860923767090e-01 6.353269910164272005e-09 1.038165688514709473e-01 2.485627987880434375e-07 2.859939058907912113e-07 8.622948527336120605e-01 6.986346761550521478e-06 2.621648897971340375e-09 1.700416873973153997e-07 5.520684644579887390e-02 2.009252202697098255e-04 5.893876277696108446e-06 9.341607074020430446e-05
3.794488334651902051e-11 1.297802282307358723e-10 2.034439519857400049e-15 1.870709099779932494e-12 5.349024385213851929e-02 9.999998807907104492e-01 2.403865073574706912e-04 1.995411485784109873e-13 1.174065400846302509e-03 1.054353429935872555e-03 1.725578299473318829e-16 1.387211668770760298e-04 1.656614045941751101e-08 1.668640337124278894e-14 7.651113076434512550e-11 1.872579596238210797e-04 6.034845539959476923e-11 2.949642308180955297e-08 1.231721398653462529e-06
2.169635280324655469e-07 2.014467259670027488e-09 2.785793954730459571e-14 2.073752503051196072e-09 1.296502500772476196e-01 5.064187943935394287e-02 5.032321214675903320e-01 1.774289870581924333e-08 1.302738382946699858e-04 5.707618594169616699e-01 4.373206310970267907e-11 9.301862120628356934e-01 6.233326712390407920e-05 1.251264310263636159e-13 7.852404143582347729e-11 1.383159458637237549e-01 4.636222854514926439e-07 1.547345391372800805e-06 3.284948775217344519e-07
5.320146101439604536e-08 1.953756947892237861e-11 7.792728922774674774e-17 5.412366735346729740e-11 6.503374576568603516e-01 9.446508641985928989e-08 9.986611604690551758e-01 2.470457215533738982e-12 2.209505066275596619e-03 1.780616685209679417e-07 1.709617690470732754e-12 9.713551998138427734e-01 9.067304063137271442e-07 1.567338542412806228e-15 6.884842630901222282e-13 3.033685684204101562e-02 1.984221285056264605e-07 5.399741098699450959e-09 1.104023255038555362e-07
2.400256704504499794e-08 5.663514812681569310e-08 2.171174529053132574e-08 9.854893088340759277e-01 2.240027185962389922e-07 1.799420279446906079e-09 9.838122725486755371e-01 4.055915924254804850e-04 1.934109548074047780e-07 4.713632222319574794e-07 1.536489468642598943e-12 1.091951684628611474e-08 5.436505671241320670e-05 4.087774141225963831e-04 6.224495358765125275e-03 1.875802809081505984e-06 9.847365021705627441e-01 8.770607564656529576e-07 1.378348213343372208e-09
1.926702825585380197e-04 1.742991735227406025e-04 3.616018489083216991e-07 1.319986651651561260e-03 2.553741633892059326e-02 6.240979954600334167e-02 9.810436367988586426e-01 4.674860974773764610e-05 6.566461920738220215e-02 4.920285427942872047e-04 2.620331315483781509e-06 1.142570469528436661e-02 1.517744734883308411e-03 6.900460721226409078e-05 2.036296995356678963e-03 4.904875066131353378e-03 1.386374118737876415e-03 7.568561122752726078e-04 2.444427227601408958e-03
