9.999990463256835938e-01 5.489463550389928059e-09 3.743735441884040840e-22 4.935649335384368896e-01 9.999201297760009766e-01 1.128525498542293358e-20 2.059295959770679474e-02 4.076159287896450809e-15 3.744548430145233989e-15 3.217907018678852838e-16 1.521603203566602194e-17 9.015069603919982910e-01 4.394986978517589904e-12 1.358634229950997320e-16 6.653965917085172634e-17 6.041576489224098623e-05 2.387780284607288195e-07 2.393418435650876940e-15 8.493381962239090581e-20
9.368987363700398419e-09 8.469876320305047557e-07 2.667569276582071325e-07 1.752507583496765164e-09 1.532835594844073057e-04 1.000000000000000000e+00 2.605996996862813830e-06 1.421807203222380522e-11 7.193504273891448975e-02 1.534661038249396370e-07 3.112020190154662913e-13 9.210096862943828455e-08 1.718192521593664424e-08 6.344505720790039049e-08 2.187964673794340342e-05 1.455947966633175383e-07 2.034147961182952713e-08 8.247987352660857141e-06 4.172910377383232117e-02
1.063209027051925659e-01 2.366622909903526306e-02 9.697896428406238556e-03 2.254587113857269287e-01 3.936869800090789795e-01 2.121634595096111298e-02 5.630767345428466797e-01 1.129992008209228516e-01 3.088669106364250183e-02 3.225628435611724854e-01 1.095112971961498260e-02 6.505265831947326660e-01 1.046608984470367432e-01 1.598026789724826813e-02 2.399265579879283905e-02 4.028112590312957764e-01 2.397547364234924316e-01 2.949351668357849121e-01 1.463903766125440598e-02
1.153109893202781677e-01 3.561281263828277588e-01 3.853535454254597425e-04 9.981790781021118164e-01 6.040979176759719849e-03 1.538966025691479445e-04 8.134821429848670959e-03 1.345253884792327881e-01 2.578315252321772277e-05 2.299384679645299911e-03 2.064671571133658290e-04 1.053785017575137317e-04 2.062832377851009369e-02 9.120678305625915527e-01 1.359070069156587124e-03 1.148215215653181076e-02 7.476316299289464951e-03 1.351536158472299576e-02 2.680271791177801788e-05
8.633053861558437347e-03 9.581270860508084297e-04 5.556616000831127167e-03 2.618120424449443817e-02 1.636054962873458862e-01 2.854309976100921631e-03 5.312916040420532227e-01 3.017900325357913971e-02 1.189396134577691555e-03 7.803921103477478027e-01 2.299594489159062505e-04 8.115029335021972656e-01 6.736557185649871826e-02 2.641960163600742817e-04 1.315759262070059776e-03 3.841940462589263916e-01 3.882717713713645935e-02 2.394752576947212219e-02 2.868759620469063520e-04
4.901609122753143311e-01 8.380216360092163086e-02 7.376757860183715820e-01 5.253052115440368652e-01 4.528087079524993896e-01 1.136523485183715820e-02 4.067405760288238525e-01 8.709641546010971069e-02 1.779225282371044159e-02 3.925701603293418884e-02 6.986108608543872833e-03 2.550011575222015381e-01 1.263798624277114868e-01 4.677076265215873718e-02 6.305238604545593262e-02 1.858098357915878296e-01 1.524332016706466675e-01 4.645391181111335754e-02 8.724570274353027344e-03
4.013231489352619974e-07 1.192332450356209730e-14 2.978581419927699435e-20 6.425064057111740112e-04 9.754677414894104004e-01 3.291217645640109879e-11 7.099723815917968750e-02 1.828524744812431990e-12 3.400037142022721559e-13 3.213951587677001953e-01 2.829149238941948959e-19 9.999942779541015625e-01 2.471724158681354311e-09 1.677030076705846571e-16 3.999576498036347752e-15 5.821999907493591309e-01 3.973039852667170635e-08 5.990667091282375623e-07 7.946088870086496147e-18
1.973019436718459474e-08 4.643014705346670823e-12 3.588581885245808351e-20 1.564499862993784518e-09 3.078575534689459436e-13 2.803156578384813358e-12 6.628262938512818891e-10 1.468522214054246433e-06 3.141931496331022803e-20 1.000000000000000000e+00 4.989850975242586008e-16 7.356587797403335571e-02 1.051624963110953104e-06 1.007968380052004850e-18 3.171028774306451636e-16 1.169416500488296151e-04 1.437327513953423619e-11 2.025070067190881673e-08 1.151081599091492037e-21
9.999977350234985352e-01 9.849281907081604004e-01 3.769898967220797203e-06 4.903151420876383781e-05 1.716041697363834828e-05 3.638072482159415699e-12 2.174850960727781057e-04 8.899912983179092407e-02 2.128924876387827680e-07 7.540554491924922331e-08 4.669017528158292407e-07 7.540279533714056015e-03 8.453374505043029785e-01 1.927744742715731263e-04 3.061878414657367986e-14 8.015524144866503775e-06 3.059098219182487810e-07 7.786692890476842877e-07 3.749858024093555287e-08
9.941303133964538574e-01 3.053207993507385254e-01 3.104274823306774067e-11 5.343876182450912893e-05 8.078824720314514707e-08 1.044939308691983371e-11 3.262168206674687099e-07 2.255414379760622978e-03 2.070769120413040731e-12 1.808347702026367188e-01 1.499724927578327538e-10 1.297746449708938599e-01 9.989010095596313477e-01 2.216173022873135778e-08 5.765966046636372688e-14 1.274276291951537132e-04 2.029251627844175232e-10 2.173518761992454529e-03 6.639891969584255094e-10
1.098175853257998824e-04 1.657453540246933699e-04 7.442997694015502930e-01 6.428359746932983398e-01 1.503985258750617504e-03 1.937515662575606257e-05 9.324377179145812988e-01 1.780172064900398254e-02 2.221709291916340590e-04 2.469160244800150394e-04 1.652384327144318377e-07 3.407550102565437555e-04 1.427515503019094467e-02 6.085627246648073196e-03 3.088122606277465820e-02 4.866899922490119934e-03 6.458343267440795898e-01 4.400347825139760971e-04 3.128614480374380946e-05
8.675928984303027391e-05 1.289945794269442558e-04 5.282273888587951660e-01 6.371633410453796387e-01 1.611895975656807423e-03 2.117975600413046777e-05 9.470721483230590820e-01 1.297575328499078751e-02 2.457047230564057827e-04 2.063783758785575628e-04 1.373643669921875698e-07 3.628549457062035799e-04 1.211551856249570847e-02 5.059359129518270493e-03 3.068389557301998138e-02 4.763895645737648010e-03 6.106286644935607910e-01 4.180629330221563578e-04 2.642103390826378018e-05
5.791962757939472795e-05 1.691682991804555058e-04 3.460655989329097793e-06 1.672021062404382974e-05 1.265910267829895020e-01 9.996046423912048340e-01 9.582850150763988495e-03 3.771261617657728493e-06 7.039364427328109741e-02 1.140106283128261566e-02 2.121950188893606537e-07 5.194505676627159119e-03 3.508241788949817419e-04 5.505306035047397017e-06 1.827087835408747196e-04 6.193944253027439117e-03 3.257092612329870462e-05 7.441009511239826679e-04 6.560000125318765640e-03
4.429127997696014063e-08 1.443067665273388054e-16 3.219088413846299113e-22 1.000000000000000000e+00 4.344906774349510670e-04 1.002502467599697411e-04 1.531694579171016812e-05 1.781435013677276809e-15 1.379076630669828774e-09 2.205140163893427874e-14 1.382800986079605972e-24 8.069818413763280018e-15 2.000442780175637481e-12 7.585723837814396797e-15 8.570648333261488006e-07 4.765141059515087818e-11 2.080998456222005188e-06 1.492650946420537306e-13 3.279529695431465816e-19
2.749647572636604309e-02 4.981949314891709335e-12 1.728302900062170494e-19 9.999983310699462891e-01 9.969252943992614746e-01 1.063253818323062205e-09 3.295206651091575623e-02 2.404607444422574708e-14 7.814596081345825951e-09 2.932115938936163957e-10 4.272164855943243644e-17 2.897779084742069244e-02 1.220587103611947555e-10 3.154099973822627190e-14 4.614460813456844335e-09 5.992201622575521469e-03 9.102658077608793974e-05 4.600724690106972048e-09 7.331634494187077612e-16
5.992330312728881836e-01 1.173533848486840725e-03 2.423830203213128698e-08 1.422910554538248107e-05 8.910433280107099563e-06 2.243741414886812890e-09 2.280647640873212367e-05 9.705232223495841026e-04 3.770300738281662234e-10 9.785786271095275879e-01 4.517311680274360697e-08 4.824483990669250488e-01 9.852861166000366211e-01 5.949939985150365374e-10 1.841054218798543474e-11 7.097342517226934433e-03 2.190149039904554229e-08 9.245388209819793701e-04 2.711197666371845116e-08
9.834879040718078613e-01 1.162360906600952148e-01 1.611579847349275951e-07 5.634908575302688405e-06 1.807597072911448777e-05 6.099874494402968139e-10 2.485623917891643941e-05 1.730472431518137455e-03 1.202835941960245236e-09 1.795244403183460236e-02 6.341962066613859861e-09 4.551920592784881592e-01 9.995353221893310547e-01 2.519178288196144422e-08 9.998589629856002858e-12 1.271185348741710186e-03 3.118653069122956367e-08 8.999701822176575661e-04 3.906887968696537428e-08
9.999589920043945312e-01 2.719958499073982239e-02 2.861899356821490104e-14 1.577808328434571195e-09 7.543903279838559683e-09 2.110127402865116686e-18 5.552632242888932979e-10 3.944475793105084449e-06 1.105808543675695793e-18 3.307910228613764048e-04 2.884359208335502247e-16 4.356537163257598877e-01 9.999977350234985352e-01 1.336704726941084775e-14 6.757392611542773954e-22 1.279587308999907691e-06 2.479285341887597569e-15 1.326049186900490895e-06 1.699922068547680097e-15
9.898390769958496094e-01 8.144965767860412598e-02 1.201855135150253773e-03 4.082503728568553925e-03 5.167890787124633789e-01 7.625583862136409152e-07 6.793180108070373535e-02 5.464809946715831757e-03 9.917646821122616529e-06 8.089516311883926392e-03 2.132033478119410574e-05 8.018714189529418945e-01 1.091158762574195862e-01 4.019130938104353845e-05 6.136850316806885530e-08 3.002433851361274719e-02 2.982088190037757158e-04 9.351180051453411579e-05 1.320230967394309118e-05
1.000000000000000000e+00 1.572358072735369205e-03 4.658299198039440175e-15 9.064851980156163336e-08 9.929534792900085449e-01 2.549039258655527237e-19 3.646387252956628799e-03 7.845087912627946025e-10 1.830093964826778885e-13 8.833352343855238598e-13 6.701164281678120838e-14 9.808597564697265625e-01 1.448049602004175540e-06 4.676231054939403164e-14 2.481197263215682487e-22 1.299751784245017916e-05 2.225196971128440282e-10 7.766917737759247709e-15 3.033863985773058158e-14
9.681925177574157715e-01 1.490277890115976334e-02 9.999996423721313477e-01 8.176557457773014903e-05 6.140627264976501465e-01 1.815880112943091262e-09 8.718136698007583618e-02 1.119671948254108429e-02 4.857676927372267528e-08 2.353475429117679596e-04 2.231139148989313981e-07 5.527925491333007812e-01 2.020347416400909424e-01 2.503299037925899029e-04 3.448203278466621668e-09 4.111980646848678589e-02 4.348391375970095396e-04 5.762262389907846227e-06 3.264609631514758803e-06
9.999498128890991211e-01 2.683960460126399994e-02 1.540711030978414442e-10 2.407951740224234527e-07 2.310008183121681213e-02 1.403358540486010497e-09 5.360680222511291504e-01 4.894259291177149862e-07 1.461026817560195923e-01 1.324585241491149645e-07 2.219282578153070062e-05 5.730711221694946289e-01 3.683018076117150486e-05 3.817873794886850192e-10 5.182305105877471618e-12 1.643789983063470572e-05 1.320117735303938389e-05 4.582919377327243637e-09 1.262824684381484985e-01
2.532379236072301865e-03 5.365701508708298206e-05 1.908055273815989494e-04 9.750913977622985840e-01 1.659605914028361440e-04 1.768356114625930786e-01 3.104425594210624695e-02 1.867624581791460514e-03 2.651691029313951731e-04 7.030465058051049709e-04 6.867295621049152032e-09 9.213168823407613672e-07 1.445145811885595322e-03 6.438285578042268753e-03 8.302329182624816895e-01 5.529367172130150720e-06 2.022085711359977722e-02 8.977487683296203613e-03 1.889939881039026659e-06
9.977598190307617188e-01 6.154503673315048218e-02 5.414623046817723662e-06 5.564466118812561035e-01 2.674127817153930664e-01 8.605738912592642009e-06 6.401014328002929688e-02 1.617164234630763531e-03 4.215877270326018333e-04 9.696059714769944549e-05 2.043393033090978861e-04 1.253416836261749268e-01 6.519969552755355835e-03 8.398315403610467911e-04 1.815333234844729304e-04 1.576871145516633987e-03 6.462699733674526215e-03 2.946683525806292892e-05 1.461673527956008911e-04
5.208067430892523450e-20 9.189018644335273280e-24 1.119413452559246326e-29 3.422761446867792437e-19 1.163997277617454529e-01 1.000000000000000000e+00 3.892632882696034358e-10 6.122071910014721427e-31 1.240480341948568821e-04 1.955182706275121474e-13 8.323202545367404189e-34 4.135550929484921312e-11 6.068117486802023505e-20 8.479855986590190975e-26 1.484415029552475143e-20 9.991636684691940218e-11 8.220837841124173412e-19 1.006027726402347611e-12 2.942390187293635051e-14
5.444006112879581916e-15 6.095524204743213437e-14 2.679123499321141999e-21 5.235504029533929972e-17 3.955584019422531128e-03 1.000000000000000000e+00 8.320314373122528195e-05 5.068601481233390429e-17 4.062183870701119304e-05 3.610185580328106880e-03 8.297859487548212808e-22 2.387819586147088557e-05 1.485833261982705267e-10 3.673780195869063088e-20 7.317583699899786465e-15 1.918783891596831381e-05 1.200666831040718419e-14 1.875726310385239515e-11 1.010289008007703160e-08
1.423910145348372680e-08 3.223079758640778891e-08 1.295911186520448677e-12 9.663614764576777816e-05 5.901510594412684441e-04 1.353034895146265626e-05 9.999691247940063477e-01 6.487718451353430282e-08 1.519731595180928707e-04 6.865871000627521425e-07 4.995165739374307634e-12 2.117579133482649922e-04 2.071318158414214849e-05 5.326405698724556714e-07 1.014008084894157946e-04 1.303139579249545932e-04 3.338715468998998404e-04 4.000338833520800108e-07 1.564258127473294735e-07
5.909926295280456543e-01 1.488678622990846634e-03 3.918935908586718142e-05 7.950301766395568848e-01 8.154357671737670898e-01 1.482014777138829231e-04 4.316698014736175537e-01 1.908439153339713812e-04 1.180894323624670506e-03 6.377128302119672298e-04 1.858344330685213208e-05 4.577661156654357910e-01 1.490897964686155319e-03 9.091988613363355398e-05 1.277618575841188431e-03 8.766138553619384766e-02 3.791867569088935852e-02 5.899716634303331375e-04 3.996459417976438999e-05
6.992167234420776367e-01 1.845065038651227951e-03 3.261957317590713501e-05 8.359993696212768555e-01 8.265086412429809570e-01 1.047051046043634415e-04 3.602310419082641602e-01 1.664737792452797294e-04 7.862871862016618252e-04 5.317911854945123196e-04 1.924499701999593526e-05 4.486345350742340088e-01 1.446228008717298508e-03 9.124993812292814255e-05 8.989198831841349602e-04 8.067196607589721680e-02 3.132745251059532166e-02 3.887350030709058046e-04 3.171251591993495822e-05
3.429426345974206924e-03 2.174848923459649086e-04 3.216060576960444450e-05 2.156007103621959686e-02 5.594145059585571289e-01 7.454141378402709961e-01 4.428402781486511230e-01 1.341274473816156387e-04 2.125834971666336060e-01 9.418153204023838043e-03 6.849676719866693020e-05 1.392512917518615723e-01 1.863423851318657398e-03 1.437121827621012926e-04 1.603011274710297585e-03 7.188530266284942627e-02 6.809862796217203140e-03 3.830789774656295776e-02 4.157057031989097595e-03
1.552396221086382866e-03 1.983664151339326054e-05 1.537146658847632352e-07 3.373981453478336334e-04 4.963235114701092243e-04 9.990172386169433594e-01 3.907050937414169312e-02 9.990125704462116119e-08 3.675534203648567200e-02 1.070242319656244945e-06 8.606978463276959701e-10 2.461679514453862794e-06 2.452729859214741737e-06 2.222650437033735216e-05 9.773237630724906921e-03 8.572253307193022920e-08 6.618505722144618630e-05 6.136774318292737007e-04 1.859700889326632023e-03
9.647536277770996094e-01 5.301226046867668629e-04 8.766103576363093453e-08 1.405175542458891869e-03 5.778651684522628784e-03 5.248603993095457554e-04 9.050329327583312988e-01 6.685118933091871440e-06 6.885899603366851807e-02 1.728980805637547746e-06 9.340012638858752325e-07 6.053452845662832260e-03 2.729516381805296987e-05 2.066695560642983764e-05 4.101808648556470871e-03 1.209975380334071815e-06 3.101197304204106331e-03 9.457453415961936116e-06 1.176954340189695358e-02
9.752211838076618733e-08 9.318048978457227349e-05 1.609125099832908745e-08 1.281633012695237994e-04 1.720692307571880519e-05 3.006568647379026515e-07 9.988875985145568848e-01 1.034855097532272339e-02 1.612206397112458944e-04 2.495814673602581024e-02 9.701652743387967348e-07 1.750686578452587128e-02 7.916442118585109711e-03 4.039820123580284417e-05 6.736862997058779001e-05 3.679974004626274109e-02 9.191343933343887329e-02 3.534758798195980489e-05 2.369276262470521033e-05
1.613492058822885156e-04 2.338181715458631516e-03 6.934544071555137634e-04 1.152754994109272957e-03 1.186478883028030396e-03 1.247300184331834316e-03 9.939765930175781250e-01 2.420851215720176697e-02 6.199675798416137695e-01 1.397535204887390137e-03 4.563310183584690094e-03 1.313298940658569336e-02 6.499067414551973343e-03 1.157463993877172470e-02 2.763188444077968597e-02 1.161401160061359406e-02 2.739149332046508789e-01 7.911648601293563843e-02 1.902501136064529419e-01
3.687813205033307895e-06 1.235100498888641596e-04 3.190388815710321069e-05 6.812720675952732563e-04 1.356256252620369196e-04 1.651506987400352955e-03 9.985364675521850586e-01 2.784322947263717651e-03 3.479571938514709473e-01 2.575059443188365549e-05 4.293008169042877853e-05 2.320808416698127985e-04 8.787077385932207108e-04 3.666615486145019531e-02 6.614928692579269409e-02 7.443516515195369720e-04 1.106838285923004150e-01 2.445604838430881500e-02 1.952316053211688995e-02
6.396071228209621040e-08 2.784411416711929377e-11 9.178917200674303488e-19 6.093830329234606324e-09 2.773168630496036791e-12 1.871905755401748195e-11 3.214164490117354944e-09 3.985277999163372442e-06 8.046992393711200659e-19 1.000000000000000000e+00 6.105189867110921709e-15 9.018379449844360352e-02 2.757067704806104302e-06 1.902085605825681099e-17 4.181187561707721406e-15 2.550239150878041983e-04 9.197250600001538601e-11 7.128763002128835069e-08 3.813575334977658657e-20
5.486436202772893012e-05 5.329917485141777433e-07 1.976934067837721187e-11 1.201873419631738216e-05 1.066510577629742329e-07 3.016241407749475911e-07 9.412266990693751723e-06 7.263788138516247272e-04 1.224800469379339063e-11 9.999998807907104492e-01 3.064784426243249982e-09 1.930730491876602173e-01 5.019595264457166195e-04 9.595712419097068846e-11 2.348749195135724221e-09 6.160639226436614990e-03 9.093214430322404951e-07 5.364431854104623199e-05 2.341762851340578599e-12
1.706412585917860270e-04 2.799654339469270781e-06 3.328053110873696596e-10 4.362635809229686856e-05 6.208591116774186958e-07 1.516875840934517328e-06 3.606054451665841043e-05 1.727393595501780510e-03 1.957264073038089691e-10 9.999995231628417969e-01 2.761777828652611788e-08 2.162370383739471436e-01 1.206640852615237236e-03 1.272948746411373122e-09 2.171870328027125652e-08 1.029600016772747040e-02 4.251150585332652554e-06 1.614333887118846178e-04 4.611992038272560990e-11
1.066675558686256409e-01 1.656458079814910889e-01 6.972865958232432604e-05 9.681049850769340992e-04 3.539658151566982269e-03 3.773373100557364523e-05 9.589968323707580566e-01 7.747693359851837158e-02 4.313938021659851074e-01 6.362633430399000645e-04 1.692856997251510620e-01 6.914666295051574707e-02 1.302707940340042114e-02 1.688545220531523228e-03 3.435214981436729431e-03 9.481220506131649017e-03 7.297401428222656250e-01 2.120850840583443642e-03 4.594914317131042480e-01
9.705806374549865723e-01 4.152007102966308594e-01 1.776970166247338057e-04 6.595693994313478470e-04 1.673090155236423016e-03 2.021149384745513089e-06 4.709051921963691711e-03 4.916885495185852051e-02 1.993863952520769089e-05 1.556526683270931244e-02 1.522236561868339777e-05 3.501202464103698730e-01 9.821871519088745117e-01 1.086528427549637854e-04 2.865497492621216225e-07 9.599664248526096344e-03 8.792775042820721865e-05 6.807860452681779861e-03 5.445560236694291234e-05
8.762584328651428223e-01 4.549298584461212158e-01 7.638967595994472504e-03 1.401699893176555634e-02 1.617280766367912292e-02 3.883314493577927351e-04 5.238116532564163208e-02 1.819548010826110840e-01 1.839582691900432110e-03 8.141060173511505127e-02 1.500407001003623009e-03 3.358260691165924072e-01 8.836067318916320801e-01 4.436483141034841537e-03 1.445071247871965170e-04 5.122672766447067261e-02 4.134046845138072968e-03 4.252522066235542297e-02 2.560101216658949852e-03
3.979389731162345731e-26 1.157196343957785979e-22 3.935002278310692856e-22 9.799255451525823446e-08 4.592317414082317434e-20 8.710107228491902611e-26 9.999995231628417969e-01 4.308673950959018839e-08 3.165106955213960009e-16 5.648249155747761627e-16 3.596285595517583387e-26 1.067430390734277253e-15 6.764197708897246031e-12 6.062812057949784617e-11 2.574313739955869096e-08 6.165468136032359325e-11 1.000000000000000000e+00 3.929453429307727674e-10 4.915790120103814224e-16
2.815101799285632020e-18 2.452466372953395098e-16 1.645202019619378185e-16 2.872292825486510992e-04 6.096532343357035505e-15 5.935996141010173587e-18 9.999707937240600586e-01 1.732752593852637801e-06 2.637302702612753791e-12 2.043363525258690139e-12 2.618720694963052866e-20 4.546889665994757745e-13 6.983866818188744219e-09 9.479555984626131249e-08 3.173157165292650461e-05 1.349810374584592410e-09 9.999985694885253906e-01 2.359423412201522297e-08 9.422982142834324115e-13
1.668694300567644506e-18 1.300469536254228583e-16 5.651322760380661666e-19 5.508712206392374355e-07 9.008330106169415430e-13 1.299422408316797706e-17 9.999989271163940430e-01 5.192311618884559721e-06 1.564846668043740063e-12 3.131776793452445418e-07 1.399911369698005954e-18 6.572579991370730568e-07 1.558782258825885947e-07 3.051547903254459015e-10 3.569803084246814251e-07 7.396205091936280951e-06 9.987006187438964844e-01 3.995526753897138406e-08 2.984472207128580079e-13
8.235365897417068481e-02 3.086808919906616211e-01 1.850442611612379551e-03 4.776373803615570068e-01 2.035165671259164810e-03 1.780253020115196705e-03 6.738591939210891724e-02 5.062310695648193359e-01 3.010244399774819613e-04 7.317649722099304199e-01 3.043120959773659706e-03 7.189218699932098389e-02 1.729684025049209595e-01 3.106270432472229004e-01 7.717244792729616165e-03 8.054400980472564697e-02 4.646436870098114014e-02 2.173307538032531738e-01 3.464995825197547674e-04
1.450991258025169373e-02 3.811983764171600342e-01 1.967709045857191086e-03 4.375357925891876221e-01 1.437852624803781509e-03 3.952442493755370378e-04 1.992793530225753784e-01 5.801254510879516602e-01 7.747439667582511902e-04 2.872863709926605225e-01 1.141807646490633488e-03 1.767439953982830048e-02 8.517618477344512939e-02 7.570027709007263184e-01 9.759910404682159424e-03 8.041460812091827393e-02 1.664035171270370483e-01 1.179605126380920410e-01 2.453954366501420736e-04
1.266812235116958618e-01 6.683514267206192017e-02 4.264074936509132385e-02 1.100273132324218750e-01 2.590497769415378571e-02 2.415420301258563995e-02 1.140608787536621094e-01 2.751621305942535400e-01 3.629071405157446861e-03 9.351872205734252930e-01 1.465088594704866409e-02 4.009710848331451416e-01 2.143065929412841797e-01 1.656362041831016541e-02 2.026947215199470520e-02 2.088984251022338867e-01 5.574991181492805481e-02 1.239103525876998901e-01 3.076242515817284584e-03
5.189449526369571686e-03 7.088634674801141955e-07 2.479558875931320294e-12 1.000000000000000000e+00 1.300017349421977997e-03 3.386488311996060929e-11 5.326058249920606613e-03 1.170723521681793500e-06 2.063113413441897137e-08 4.866290037597309492e-09 3.821004623816293133e-11 7.341983687680908588e-10 8.819566232887154911e-07 9.417941328138113022e-06 1.631262603041250259e-05 3.260970515839289874e-07 3.066111207008361816e-01 6.755133345054398220e-12 1.225461247235382078e-12
9.147198200225830078e-01 7.420793175697326660e-01 1.780721140676178038e-05 2.918992890045046806e-03 5.243401043117046356e-03 6.154871243779780343e-06 1.737202703952789307e-01 3.860849142074584961e-01 6.884484086185693741e-03 6.437995471060276031e-03 6.978031713515520096e-03 2.527594566345214844e-01 5.049396157264709473e-01 1.193850650452077389e-03 6.609844604099635035e-06 2.368716709315776825e-02 4.079259186983108521e-02 3.760556923225522041e-03 9.579156758263707161e-04
1.957734206681476657e-14 6.566365784443917164e-10 8.772588233098288502e-13 1.570557244122028351e-03 4.555086342838965408e-12 5.704470099412994877e-13 9.999988079071044922e-01 1.970003540918696672e-05 1.486236669734353200e-06 8.981827434584310765e-12 4.318956216969871420e-13 1.670887386784336570e-12 1.990433844412109465e-07 9.037167765200138092e-04 8.246942888945341110e-04 1.447381947627945920e-08 9.978265166282653809e-01 3.686856473450461635e-07 1.203789068426885933e-08
4.148826375603675842e-02 3.607366816140711308e-04 1.929399586515501142e-04 9.484623670578002930e-01 2.870901823043823242e-01 6.282526534050703049e-03 2.719680070877075195e-01 1.115650753490626812e-03 4.908634582534432411e-04 1.075906381011009216e-01 4.210375209368066862e-06 2.413938194513320923e-01 1.085173338651657104e-02 9.252227027900516987e-05 9.116672910749912262e-03 5.244993045926094055e-02 3.376308828592300415e-02 2.486614976078271866e-03 6.274451152421534061e-06
4.669148474931716919e-02 4.967355052940547466e-04 3.424460301175713539e-04 9.438459277153015137e-01 2.745286822319030762e-01 7.867143489420413971e-03 2.781637012958526611e-01 1.531975809484720230e-03 6.793590146116912365e-04 1.040543615818023682e-01 6.503938038804335520e-06 2.157446593046188354e-01 1.289658993482589722e-02 1.417807652615010738e-04 1.158321928232908249e-02 5.251436680555343628e-02 3.852672502398490906e-02 3.004850121214985847e-03 1.013222299661720172e-05
5.417985096573829651e-02 5.578330531716346741e-02 3.320655599236488342e-02 4.030806571245193481e-02 2.382098138332366943e-01 7.765998840332031250e-01 2.863363623619079590e-01 3.843848779797554016e-02 2.953568100929260254e-01 1.921967566013336182e-01 1.029544603079557419e-02 1.732297539710998535e-01 9.008105844259262085e-02 1.926625333726406097e-02 8.540315926074981689e-02 1.311444789171218872e-01 5.034137889742851257e-02 8.598632365465164185e-02 1.572972238063812256e-01
6.531202816404402256e-04 2.773865824565291405e-03 2.018404891714453697e-03 9.649299900047481060e-04 1.158004044555127621e-03 1.420741062611341476e-02 9.661040306091308594e-01 8.192852139472961426e-03 6.709771156311035156e-01 1.830953871831297874e-03 2.369232475757598877e-03 9.582600556313991547e-03 3.527492051944136620e-03 4.843853414058685303e-03 1.928496547043323517e-02 5.087928380817174911e-03 1.177529469132423401e-01 9.766596555709838867e-02 4.343226253986358643e-01
8.903290108719374985e-06 1.800859123468399048e-01 2.191068304568943859e-08 9.901115298271179199e-01 5.642656333293416537e-07 1.314886066694498368e-08 1.864650845527648926e-01 9.707150608301162720e-02 6.747895895387046039e-07 3.035496338270604610e-04 1.870224153321942140e-08 7.253783707028560457e-08 3.157946630381047726e-04 9.939138293266296387e-01 5.483136646944331005e-06 1.404566719429567456e-04 1.551257353276014328e-02 6.481328455265611410e-05 8.215268465505687345e-09
8.416577657044399530e-06 2.075228095054626465e-01 3.119488610536791384e-06 4.143751561641693115e-01 2.717320057854522020e-06 2.535283556426293217e-07 5.507647991180419922e-01 3.283914625644683838e-01 1.869004699983634055e-05 2.363831549882888794e-02 1.338606580247869715e-06 4.883905785391107202e-05 2.090585883706808090e-03 9.603411555290222168e-01 7.654879300389438868e-05 5.832274910062551498e-03 7.953403145074844360e-02 8.957778336480259895e-04 6.613342407035815995e-07
3.215199336409568787e-02 9.610605426132678986e-03 2.197116737079340965e-05 2.788995159789919853e-03 1.981934607028961182e-01 6.079452577978372574e-04 9.618086218833923340e-01 2.506801858544349670e-03 5.980050563812255859e-02 2.299300627782940865e-03 1.319379080086946487e-03 4.351295232772827148e-01 2.432643808424472809e-02 3.410382487345486879e-04 1.869641826488077641e-03 6.188860908150672913e-02 6.461435556411743164e-02 9.455888066440820694e-04 1.139958575367927551e-02
4.048462869832292199e-05 7.247808184729365166e-07 1.622309127924381755e-06 1.000000000000000000e+00 9.666763389759580605e-08 6.352549007715424523e-06 3.596753958845511079e-05 2.042675390839576721e-03 5.247326878565772290e-11 3.012693377968389541e-05 1.687246538129374713e-15 2.509173424591892854e-13 7.100518268998712301e-05 3.382006287574768066e-02 1.106211617588996887e-01 1.060431120691873730e-08 4.163908306509256363e-03 5.528866648674011230e-01 8.441549325874375675e-14
1.207863260788144544e-05 2.599557956273201853e-05 4.427105071425074811e-10 9.999973773956298828e-01 1.485068933106958866e-04 3.178967089567663606e-09 4.166980981826782227e-01 3.882703822455368936e-05 7.303354777832282707e-06 1.529200176264566835e-06 4.129184771883842586e-10 3.283297189682343742e-08 1.965782939805649221e-05 1.365659874863922596e-03 1.383357084705494344e-05 3.399598426767624915e-05 1.909408718347549438e-02 8.769071579983744869e-10 1.670810267917488545e-09
1.786314385299192509e-07 7.315658422157866880e-06 8.882264523890626151e-07 8.291324484162032604e-04 4.375864136818563566e-06 3.040453748326399364e-06 9.991804957389831543e-01 8.323489688336849213e-03 1.977354288101196289e-02 6.369139555317815393e-06 1.045374119712505490e-05 1.998369771172292531e-05 5.473571945913136005e-04 5.641253199428319931e-03 3.609891608357429504e-02 2.209379017585888505e-04 9.556165933609008789e-01 1.949378056451678276e-03 1.840153476223349571e-03
2.240711012291285442e-07 2.015994304827017913e-08 4.808324386564088719e-19 4.753037865157239139e-05 5.311250686645507812e-02 4.144243632708821679e-07 9.999926090240478516e-01 5.386221186404714645e-14 6.029461622238159180e-01 2.826536476662616648e-13 2.097332169048726769e-10 1.556560513563454151e-03 5.167896319213660661e-11 2.373622409734821304e-09 2.727492301346501336e-06 1.637134846532717347e-05 1.808046761198056629e-07 3.954924565618966881e-08 1.883172626548912376e-05
9.984167814254760742e-01 1.748838424682617188e-01 4.200501280138269067e-06 4.095643816981464624e-04 1.783451288938522339e-01 3.362196139278239571e-06 2.989483475685119629e-01 1.057612360455095768e-03 5.723758041858673096e-02 1.001029449980705976e-04 1.960940891876816750e-03 5.400481224060058594e-01 8.268633857369422913e-03 1.014409554045414552e-05 2.119343349704649881e-07 2.520647132769227028e-03 1.413652906194329262e-03 1.579817762831225991e-05 3.756864741444587708e-02
3.701161767821758986e-05 3.812460818153340369e-07 7.685726512683677125e-13 1.121266977861523628e-04 8.870108203495874477e-09 3.070134084737219382e-07 1.010193727779551409e-06 3.398803237359970808e-04 4.476473716447798568e-13 1.000000000000000000e+00 1.998335941166828889e-10 8.689783513545989990e-02 2.145202743122354150e-04 3.645006171892894997e-11 2.565342827054450936e-09 9.298862423747777939e-04 2.524277249449369265e-07 1.271972814720356837e-05 1.026074909174674865e-13
3.755289944820106030e-04 1.672440930633456446e-06 1.486257644733868233e-11 8.682388067245483398e-01 2.540942602990980959e-07 2.364195643167477101e-05 1.025831625156570226e-05 6.132798444014042616e-05 1.528873924162843512e-12 9.999998807907104492e-01 2.220773391570229904e-11 1.106859464198350906e-02 7.855454459786415100e-04 7.219297382121681039e-10 2.279623458889545873e-06 4.040359272039495409e-05 1.412445953974383883e-06 5.983335086057195440e-06 8.869662816712864384e-14
1.104613840579986572e-01 9.825262427330017090e-02 9.989255070686340332e-01 9.719050526618957520e-01 1.582933776080608368e-02 3.509208094328641891e-03 3.506556525826454163e-02 9.811347723007202148e-02 1.908766716951504350e-04 1.567208394408226013e-02 3.274375107139348984e-03 9.413447696715593338e-04 2.288172245025634766e-01 5.065177679061889648e-01 2.396863549947738647e-01 6.432984024286270142e-02 1.390300691127777100e-02 2.062972635030746460e-01 1.074614934623241425e-03
6.246649622917175293e-01 1.798117388318587473e-08 1.193640752465684224e-18 1.000000000000000000e+00 6.620966196060180664e-01 2.154131040210671699e-11 1.044270084094023332e-05 1.391779595218134435e-12 2.478777849646007780e-09 1.423853569770816563e-11 7.594583802442676779e-15 7.643058808071145904e-08 1.201604593603633475e-09 1.350289435819718165e-09 6.830962462345269159e-10 1.881298703665379435e-05 1.733818749016791116e-06 1.893349665349724868e-15 5.988661172864895299e-14
8.695718050003051758e-01 1.905677199829369783e-04 2.647174200762908436e-13 1.000000000000000000e+00 2.620737627148628235e-02 2.187270503606342231e-10 2.229781870255465037e-07 7.922535871784930350e-08 3.281290794632241159e-10 4.193918101691451739e-08 2.484379368894451545e-11 1.187327391960479872e-08 6.845785719633568078e-06 3.712691541295498610e-04 2.208487837052075520e-09 1.523979008197784424e-04 6.680235173917026259e-07 1.426430501494380110e-11 1.514346287256884693e-11
9.966135621070861816e-01 7.336023449897766113e-01 1.608074895464994825e-09 1.000000000000000000e+00 4.271108264219947159e-05 9.476880218073358009e-12 4.344455462046425964e-08 1.244753831997513771e-03 1.421378206106771458e-12 2.041479234549115063e-07 2.930956100044568302e-08 6.407732655588915804e-08 3.631211817264556885e-03 5.282564163208007812e-01 1.071886815418032768e-10 3.059011578443460166e-05 1.254534680583674344e-07 1.222362243424868211e-06 3.773853105015767539e-11
1.088890130631625652e-04 1.163301931228488684e-05 2.256953912649350968e-08 1.000000000000000000e+00 8.130808419082313776e-05 4.732793001949175959e-08 1.252168696373701096e-02 3.997232124675065279e-04 7.180776151471945923e-07 5.880587650608504191e-06 1.924811005027393662e-10 1.492830636884434625e-09 9.609526750864461064e-05 1.565174665302038193e-03 3.365370503161102533e-04 2.941392040156642906e-06 2.482056468725204468e-01 1.450450071160958032e-07 3.145449178898473974e-10
2.213801479911126080e-07 2.003222789426217787e-06 1.969530956102971686e-07 8.990111351013183594e-01 2.163612151662164251e-07 6.949414910195628181e-08 6.670282036066055298e-02 2.235427498817443848e-02 1.680061529896192951e-07 1.143996778409928083e-04 2.491730259623903265e-11 1.759610057661120663e-07 1.734260295052081347e-04 2.369716018438339233e-02 4.062464833259582520e-02 7.518497568526072428e-06 9.977257847785949707e-01 5.365046262741088867e-01 8.792523153999809438e-09
1.967780553968623281e-05 6.052787284716032445e-05 1.762527062965091318e-06 9.994313120841979980e-01 1.728514121168700512e-06 4.029395313409622759e-06 1.209202036261558533e-02 5.346076563000679016e-02 3.678261606410160311e-08 6.860569701530039310e-04 6.420128317863316170e-11 1.589944353952432721e-08 5.715510342270135880e-04 8.766332268714904785e-02 2.569875419139862061e-01 1.772754330886527896e-06 7.580940723419189453e-01 7.447602152824401855e-01 5.577640571630126942e-10
9.983891248703002930e-01 2.509274343864831280e-09 2.558802574823067192e-18 9.999980926513671875e-01 9.790639281272888184e-01 3.772961896250995317e-14 1.251437794417142868e-02 4.416229534842663895e-12 4.814765773575313546e-12 1.627214205393578972e-12 2.596792528594292146e-15 3.720626933500170708e-03 1.035211916189382464e-09 1.014508616004050623e-11 1.146204056112765102e-07 1.748595786921214312e-05 2.474959939718246460e-03 1.642548944080779449e-13 2.005825767517304520e-16
1.463929599765378953e-08 2.407988461134834973e-15 4.743089201145400468e-18 1.000000000000000000e+00 1.405497442874548142e-07 4.847333184443414211e-04 7.222064368761493824e-07 2.468601495095312792e-12 7.337147382713293808e-12 3.997241340009116684e-12 2.686302124092322343e-25 6.254994208338185945e-18 1.416116390817734327e-10 1.261620755782510983e-11 6.563428905792534351e-05 1.600608073816164878e-13 1.767973003552469891e-06 5.079117335049510018e-11 4.009220351952642186e-20
1.000000000000000000e+00 1.221299469470977783e-01 6.811611533472745547e-15 4.478411312902608188e-07 6.201773885550210252e-07 6.571644943882925948e-20 2.834195655943005931e-10 6.681677405140362680e-06 7.929181291903563726e-21 7.876055008182447637e-08 1.100397624416741418e-17 1.253215372562408447e-01 9.998320341110229492e-01 5.399701952929492066e-12 1.251447829326458577e-21 8.036020737733906572e-09 6.492151363349891666e-15 2.003860721799810563e-08 4.686954243235714351e-18
3.769114482565782964e-05 2.419712836854159832e-05 7.248872293530439492e-07 7.137196511030197144e-02 8.499390631914138794e-02 7.160156656027538702e-06 9.937786459922790527e-01 5.635216948576271534e-04 1.825749292038381100e-03 5.719114560633897781e-04 6.403861334547400475e-06 2.244723439216613770e-01 2.934543183073401451e-03 1.643931755097582936e-04 1.133337384089827538e-03 2.315211594104766846e-01 1.070967465639114380e-01 2.906399080529808998e-03 6.946670328034088016e-05
3.460712614469230175e-04 2.003184285115366947e-08 4.287778465617009260e-11 3.589239344000816345e-02 8.107453584671020508e-01 2.629212190186080988e-07 6.521061658859252930e-01 3.264815177317359485e-06 3.736429050604783697e-07 1.514353230595588684e-02 4.884178617103884790e-10 9.860279560089111328e-01 2.192194187955465168e-05 1.223742263078975157e-08 9.580127624531087349e-08 5.813397169113159180e-01 8.768189698457717896e-03 5.082113295793533325e-02 7.473355267961778736e-09
1.225685477256774902e-01 4.471311985980719328e-04 6.967975423322059214e-07 9.907642602920532227e-01 7.953716516494750977e-01 9.837271645665168762e-04 3.477155268192291260e-01 1.166257134173065424e-04 4.419918172061443329e-03 1.879459246993064880e-03 1.911159415612928569e-05 1.779354065656661987e-01 7.219441467896103859e-04 1.112390527850948274e-04 2.741008298471570015e-03 1.473186016082763672e-01 5.550900101661682129e-02 1.501736347563564777e-03 2.809261604852508754e-05
5.248830814430505143e-10 4.517648051205469528e-07 1.944803251774374075e-08 2.658089670148910955e-06 4.498859595969406655e-08 2.301464921417029075e-11 9.999325275421142578e-01 6.112465634942054749e-03 2.454433124512434006e-03 2.369302194438205333e-07 6.159181339171482250e-06 1.434129171684617177e-05 3.855238537653349340e-05 1.008552790153771639e-04 3.301703545730561018e-04 4.845981602557003498e-04 9.993649125099182129e-01 1.231624046340584755e-04 3.190659452229738235e-03
9.063640609383583069e-04 4.610646516084671021e-03 1.582674012752249837e-04 1.989552518352866173e-03 1.432080985978245735e-03 1.889759005280211568e-05 9.912393689155578613e-01 5.257957801222801208e-02 4.428694397211074829e-02 7.450318662449717522e-04 7.510196883231401443e-03 2.481255494058132172e-02 1.294831279665231705e-02 3.741806605830788612e-03 2.946805395185947418e-02 1.476824656128883362e-02 9.276407361030578613e-01 1.694560400210320950e-03 1.256411671638488770e-01
1.436444132323655442e-16 6.311367850867985463e-14 3.169787837157406196e-13 9.373105058330111206e-06 1.703065314641316608e-13 5.477204881032944573e-17 9.995941519737243652e-01 1.975139093701727688e-05 1.390908610510166454e-09 5.745595839379280534e-12 2.104808687774682371e-15 2.575071232635561813e-11 1.871698174227276468e-08 4.586257773553370498e-07 3.120923065580427647e-05 5.760334076398976322e-08 9.999996423721313477e-01 1.093660011974861845e-05 6.764994786578881758e-09
5.852016329299658537e-07 1.472458279749844223e-05 3.854653698454058031e-07 2.116476971423253417e-04 3.860871220240369439e-05 5.078756544207863044e-07 9.081616997718811035e-01 2.781682014465332031e-01 1.345747568848310038e-05 9.699687361717224121e-01 3.043032393179601058e-06 6.899970173835754395e-01 3.073722822591662407e-03 3.566982195479795337e-05 9.931691602105274796e-05 3.626520633697509766e-01 2.618778645992279053e-01 3.401189576834440231e-03 3.776494850171729922e-06
1.105973569792695343e-04 9.483455869485624135e-06 3.514341928578801344e-09 1.180176404886879027e-04 3.760225808946415782e-05 4.610751147993141785e-06 2.893741242587566376e-03 5.216526333242654800e-03 3.255584601902228314e-08 9.999841451644897461e-01 2.041323341472889297e-07 5.945984721183776855e-01 1.671151258051395416e-03 3.488963784548104741e-08 5.219509944254241418e-07 8.970513939857482910e-02 1.845459919422864914e-04 6.378523539751768112e-04 4.526615970945613299e-09
7.836718170615333990e-20 3.160027669206190394e-16 2.465037807292802841e-21 4.395129659523488996e-12 2.442885574816672234e-13 1.121895035240744230e-18 9.924117922782897949e-01 5.116782151162624359e-03 7.966280812060058582e-16 9.999990463256835938e-01 8.792566779149773405e-18 9.876206517219543457e-01 9.083211516269784624e-09 2.931258522652466399e-15 9.871674333007673940e-14 4.764108955860137939e-01 4.730950109660625458e-03 4.460759228663846443e-08 1.291712671417497211e-17
8.000024109833248076e-08 1.778817718123271163e-11 4.703621389948176024e-14 9.986358284950256348e-01 7.591048415633849800e-06 9.999984502792358398e-01 1.632253770367242396e-06 3.612469351432778808e-11 3.782383646466769278e-05 5.394379821305195222e-12 2.349835038601092884e-19 4.104980007443252005e-15 2.704977353218396274e-09 2.000103371813111153e-08 1.530198613181710243e-03 2.755794507522391079e-12 9.811512427404522896e-06 2.793070962070487440e-05 6.535659166639895545e-12
4.090764559805393219e-05 1.250349583870047354e-07 4.032057354663720616e-09 9.974096417427062988e-01 3.733793506398797035e-03 9.769210219383239746e-01 1.733602024614810944e-02 2.359691819719955674e-07 2.999479183927178383e-03 6.489252513119936339e-08 3.850133753480200482e-12 8.542217599938339845e-09 2.318640099474578165e-06 4.074734988535055891e-06 1.667909510433673859e-02 3.920810911495209439e-07 1.510624191723763943e-03 9.337395022157579660e-05 9.475344597831281135e-08
2.653805131558328867e-05 3.839595663635009259e-08 2.673463228575201356e-09 9.999918937683105469e-01 2.691474743187427521e-03 1.500870183690494741e-07 3.868920505046844482e-01 7.379662747553084046e-06 1.960047484317328781e-06 6.333055466711812187e-07 2.362932592647748464e-11 1.529118435428244993e-06 1.856201197369955480e-05 2.254674882351537235e-06 8.791303262114524841e-04 4.850070763495750725e-05 3.562789857387542725e-01 1.896396639722297550e-07 7.529510348547319154e-10
1.384363509714603424e-03 4.316513612866401672e-02 1.139670930569991469e-04 9.994532465934753418e-01 2.083366998704150319e-04 1.313895609200699255e-05 1.945778541266918182e-02 1.540434658527374268e-01 5.852100002812221646e-06 4.119778459426015615e-04 5.695944196304481011e-07 2.858520815607334953e-07 3.134011989459395409e-03 9.055085182189941406e-01 1.081395894289016724e-02 4.089937428943812847e-04 7.842124998569488525e-02 7.022297382354736328e-02 4.406755920172145125e-07
3.252322812841157429e-06 1.790632307529449463e-02 1.728016286506317556e-06 4.855468273162841797e-01 3.883293118178698933e-07 1.404177680797147332e-07 9.664676785469055176e-01 5.814852938055992126e-02 4.393410199554637074e-05 8.379479368159081787e-06 3.406492226076807128e-07 7.814390556859507342e-08 3.063566691707819700e-04 9.891681671142578125e-01 8.229538798332214355e-04 1.030299754347652197e-04 3.175610899925231934e-01 1.038576513528823853e-01 4.079277573509898502e-07
5.690439939498901367e-01 6.316767334938049316e-01 2.909804694354534149e-03 8.418959379196166992e-02 3.697283193469047546e-02 1.171230571344494820e-03 5.990099310874938965e-01 3.679318726062774658e-01 1.980386972427368164e-01 1.206168066710233688e-02 3.679933249950408936e-01 1.412520408630371094e-01 8.776951581239700317e-02 4.726259782910346985e-02 5.051087588071823120e-03 5.085299164056777954e-02 2.691111266613006592e-01 1.905074343085289001e-02 4.169007018208503723e-02
3.875782713294029236e-02 2.233143430203199387e-03 1.865856465883553028e-03 9.522135257720947266e-01 9.695269982330501080e-04 4.735960438847541809e-02 3.465114161372184753e-02 3.467598184943199158e-02 4.995200288249179721e-05 9.543790221214294434e-01 7.272288257809123024e-06 5.618094000965356827e-03 4.004837572574615479e-02 5.802561994642019272e-03 2.603904902935028076e-01 1.212969655171036720e-03 2.170351333916187286e-02 3.090269863605499268e-02 2.847534005923080258e-06
3.861132247262588635e-10 2.455240917242917931e-07 2.512368091345251742e-09 2.446910229991772212e-06 3.103253334302280564e-07 1.244872871453139851e-09 9.999810457229614258e-01 5.435603205114603043e-03 1.550516899442300200e-04 1.368232624372467399e-04 2.159709708848822629e-07 1.073416206054389477e-03 1.501805032603442669e-03 2.604786641313694417e-05 1.454916782677173615e-04 3.650781232863664627e-03 7.674619555473327637e-01 1.503782186773605645e-05 3.304063284303992987e-05
2.780661532142403303e-07 1.691190391284180805e-06 2.440543539705686271e-06 2.383996546268463135e-01 7.076159249663760420e-07 2.882952401250804542e-07 6.113142967224121094e-01 1.485397387295961380e-02 6.642217158514540642e-06 4.159891977906227112e-05 2.628633977153072010e-09 1.137590629696205724e-06 3.946739889215677977e-04 8.108098059892654419e-03 3.122006170451641083e-02 6.475409463746473193e-05 9.977756142616271973e-01 1.891127787530422211e-02 1.892277168735745363e-06
3.789590664382558316e-06 1.255281972589727957e-06 9.561343716768533341e-08 2.050954103469848633e-02 5.004229024052619934e-06 9.999119043350219727e-01 6.737254443578422070e-05 3.152764747937908396e-06 5.722029600292444229e-04 1.588696136423095595e-06 2.460789558234033336e-11 6.024774013013711738e-10 4.897036887996364385e-06 1.179899321869015694e-03 8.521376848220825195e-01 2.997576853402961206e-09 3.399021807126700878e-04 1.728509785607457161e-03 4.061572269620228326e-07
2.662076242268085480e-02 3.571258485317230225e-02 2.425320819020271301e-02 6.461693346500396729e-02 5.579659342765808105e-02 9.519109725952148438e-01 7.789288461208343506e-02 2.390191331505775452e-02 1.491179168224334717e-01 2.326582372188568115e-02 1.579031581059098244e-03 8.763379417359828949e-03 3.409637883305549622e-02 8.936608582735061646e-02 4.243167340755462646e-01 7.893844507634639740e-03 5.212641879916191101e-02 9.036103636026382446e-02 4.005604982376098633e-02
1.826614886522293091e-01 1.888035982847213745e-01 1.097099483013153076e-01 3.263967931270599365e-01 5.238816887140274048e-02 8.362907171249389648e-02 4.424648582935333252e-01 3.727996647357940674e-01 6.560748070478439331e-02 2.001964151859283447e-01 2.577186375856399536e-02 1.020837277173995972e-01 2.256369590759277344e-01 2.335623353719711304e-01 3.038303852081298828e-01 9.257876127958297729e-02 2.495649904012680054e-01 2.733555138111114502e-01 2.556477673351764679e-02
1.340604467259254307e-05 4.222701181777477331e-12 2.364638717792678772e-17 9.998599290847778320e-01 8.482659459114074707e-01 4.273186787031590939e-04 7.292661666870117188e-01 1.073731490004725675e-12 3.105714276898652315e-04 2.551327205058129266e-10 1.969643616974814208e-15 4.782860924024134874e-05 1.770384394639279435e-09 9.725760127810012534e-12 1.895243804028723389e-05 1.116834246204234660e-04 7.192134944489225745e-05 5.607144544228503946e-07 1.304308883121052531e-10
1.207390917389201956e-14 3.476311599692749610e-11 2.475967037377169644e-16 6.801142760082257155e-09 3.836466930806636810e-06 6.285107989612015444e-10 1.000000000000000000e+00 9.943978973581124592e-10 2.638941863551735878e-03 6.190535306593858422e-10 7.496357701253231198e-12 1.717389968689531088e-04 8.821702977002132684e-07 4.385321883404458276e-09 6.748057330696610734e-07 8.699959143996238708e-04 9.257301280740648508e-05 8.187146960381141980e-08 3.519660651818412589e-07
9.089545009820133862e-26 4.656264808534231333e-19 3.975138572010896775e-20 9.282876117094884805e-13 1.011685833122394726e-18 1.763985120562721882e-26 1.000000000000000000e+00 1.886491809273138642e-04 1.669361697487214968e-12 7.373232580043520557e-11 1.133946643175335567e-18 1.112099856648285368e-09 6.131918861562724032e-10 2.242144664377221375e-10 2.464242976341068925e-10 1.081179470929782838e-05 9.999995231628417969e-01 1.936119486956044966e-09 1.112053591573181066e-12
5.005477368831634521e-02 3.236595541238784790e-02 1.545625971630215645e-03 9.997288584709167480e-01 2.414347138255834579e-03 8.955781231634318829e-04 2.409285400062799454e-03 9.510185569524765015e-02 3.451832299106172286e-06 5.215457640588283539e-03 2.388837856415193528e-06 5.847001375514082611e-06 2.295221760869026184e-02 8.362543582916259766e-01 3.533144295215606689e-02 1.676516956649720669e-03 1.006379630416631699e-02 4.305770993232727051e-01 2.697246145544340834e-06
1.342963543720543385e-03 2.564956545829772949e-01 9.845987733569927514e-06 9.996836185455322266e-01 3.746856600628234446e-05 7.237950967464712448e-07 1.073452527634799480e-03 1.144276186823844910e-01 2.314454405905053136e-08 1.750651244947221130e-05 8.791052152901102090e-08 2.089392658888300502e-08 4.874041187576949596e-04 9.992475509643554688e-01 1.090478981495834887e-04 4.729849461000412703e-04 9.876568801701068878e-04 5.123923532664775848e-03 7.876532315265194484e-09
1.408937573432922363e-02 3.658851841464638710e-03 5.930980842094868422e-05 6.754525471478700638e-03 1.710899733006954193e-02 5.515474826097488403e-03 1.353680640459060669e-01 5.993063002824783325e-02 1.084520248696208000e-03 9.876579046249389648e-01 7.760887965559959412e-04 5.569992661476135254e-01 6.154460832476615906e-02 7.120433292584493756e-05 4.872590070590376854e-04 2.076836973428726196e-01 9.349205531179904938e-03 1.513440348207950592e-02 2.762094954960048199e-04
9.748493321239948273e-04 8.795395700644803583e-08 2.846091973207620640e-10 9.999452829360961914e-01 1.057224422693252563e-01 2.010525763034820557e-02 6.717463582754135132e-02 2.827978562436328502e-07 2.289596450282260776e-04 2.451757382004871033e-06 1.842389088513307627e-11 1.598910967004485428e-05 1.054546009982004762e-05 2.599691413252003258e-07 2.664484782144427299e-03 9.935565321939066052e-05 3.520543454214930534e-03 5.294285983836743981e-06 1.533108395790350187e-08
