6.705010158203350557e-11 1.277742633920553317e-10 2.231728316349503548e-15 7.415884733200073242e-01 6.915506673976778984e-05 4.396569774911540662e-09 9.999955892562866211e-01 1.306370900344688835e-09 2.609015245980117470e-05 3.653350885701733830e-11 2.886502953433796315e-14 2.222527513140448718e-07 5.345983566940049059e-08 3.324367696677654749e-07 6.591684068553149700e-04 8.493442692270036787e-06 4.763660486787557602e-03 3.570844597788891406e-08 8.342805335459502203e-10
1.271184713047546211e-09 1.353231193768067442e-09 3.425944017408991127e-14 9.776340126991271973e-01 7.026706589385867119e-05 8.168248086803941987e-07 9.999142885208129883e-01 3.037919249493370444e-09 1.941154041560366750e-04 1.362774563334889777e-11 1.384484432480348470e-13 3.448104246572825105e-09 3.233886403108954255e-08 2.333525117137469351e-06 4.865339025855064392e-03 5.912957021791953593e-07 2.485044533386826515e-03 2.946678812065783859e-08 2.122990894193321765e-09
3.331121802330017090e-02 1.278235614299774170e-01 5.276377123664133251e-06 3.010712389368563890e-04 7.912933826446533203e-03 2.732059510890394449e-04 7.503522038459777832e-01 4.358083382248878479e-02 9.490275755524635315e-03 2.466838359832763672e-01 8.733510621823370457e-04 6.255989670753479004e-01 1.766200065612792969e-01 4.009966141893528402e-05 8.818188689474482089e-06 4.771188274025917053e-02 5.852778907865285873e-03 2.609595831017941236e-04 4.501453600823879242e-03
9.966509938240051270e-01 1.732302755117416382e-01 1.885952505276122793e-09 4.479796643863664940e-06 1.429873332381248474e-02 5.930581892243935727e-08 2.358977049589157104e-01 5.448883166536688805e-04 4.319992847740650177e-03 2.274952596053481102e-03 4.930834620608948171e-05 7.611865997314453125e-01 7.946121692657470703e-02 1.690796302966646181e-08 1.375542596493417591e-10 1.701151602901518345e-03 4.767632708535529673e-05 1.387113684359064791e-06 4.493588116019964218e-03
2.550898352637887001e-04 2.426393143832683563e-02 5.926339419204396108e-09 2.336994409561157227e-01 1.700252823866321705e-06 4.562261437968118116e-06 1.690500532276928425e-03 1.118197217583656311e-01 1.830318474560499453e-08 9.992901086807250977e-01 1.477492901358345989e-06 3.545039519667625427e-02 6.469218526035547256e-03 3.557448042556643486e-03 3.309713292765081860e-06 1.415552757680416107e-02 6.302873371168971062e-04 4.098399542272090912e-03 7.243811772639219271e-09
7.684544107178226113e-05 1.605657234904356301e-05 1.498081255704164505e-04 6.207556128501892090e-01 5.355676694307476282e-05 9.900823235511779785e-01 1.113903825171291828e-03 1.627826568437740207e-04 1.227044383995234966e-03 1.405443072144407779e-05 1.733339693998914299e-09 1.731539533977866085e-08 1.343519834335893393e-04 7.449401542544364929e-03 6.883620023727416992e-01 3.178845133788854582e-07 3.114709397777915001e-03 1.379828993231058121e-02 1.681789512986142654e-06
1.415996080407983132e-27 1.177265678264431349e-19 2.649926268638384200e-25 2.780367226395638082e-15 1.085420745237114291e-20 1.071355504233962556e-21 1.000000000000000000e+00 1.464369958625866275e-09 7.589714974164962769e-02 1.502353357981386032e-21 2.145478207113489153e-16 5.107010454924432695e-17 7.319946244196268159e-14 9.010118873220562818e-09 4.292064659239258617e-07 6.342453960032218285e-14 9.999314546585083008e-01 1.641900837512366707e-09 1.850864919106243178e-07
6.804424524307250977e-02 1.077419985085725784e-02 2.142885699868202209e-02 3.141089081764221191e-01 4.208782315254211426e-01 2.209571935236454010e-02 7.268071174621582031e-01 3.363897278904914856e-02 5.946669355034828186e-02 5.165775120258331299e-02 2.412113361060619354e-03 3.896882236003875732e-01 6.387348473072052002e-02 8.781271055340766907e-03 5.245201662182807922e-02 2.274620085954666138e-01 2.103356122970581055e-01 7.680157572031021118e-02 9.528855793178081512e-03
8.361984491348266602e-01 1.029791161417961121e-01 5.378957372158765793e-03 7.946027517318725586e-01 5.269790887832641602e-01 2.561621135100722313e-03 1.981338262557983398e-01 2.537565678358078003e-02 3.763681044802069664e-03 2.678563632071018219e-02 5.085575859993696213e-03 3.256339430809020996e-01 6.818045675754547119e-02 1.363341696560382843e-02 8.402847684919834137e-03 1.126345917582511902e-01 6.844231486320495605e-02 6.794409360736608505e-03 1.546511659398674965e-03
4.728091589640825987e-04 1.324740471318364143e-03 1.635253283893689513e-05 1.061374670825898647e-03 6.037916056811809540e-03 5.997047410346567631e-04 7.382076382637023926e-01 9.699217230081558228e-02 2.612982876598834991e-03 9.045689702033996582e-01 4.951254231855273247e-04 6.694921255111694336e-01 5.410308018326759338e-02 6.797614332754164934e-05 2.794199390336871147e-04 3.363494575023651123e-01 4.803203791379928589e-02 6.226486526429653168e-03 8.252418483607470989e-04
4.408897439134307206e-06 9.397478424943983555e-04 4.435299842953099869e-07 9.139786958694458008e-01 7.834661664674058557e-05 4.324081714912608732e-07 9.934400916099548340e-01 1.895178458653390408e-03 4.662944469600915909e-03 4.599130988935939968e-06 9.231838703271932900e-06 5.870814675290603191e-06 2.685266081243753433e-04 3.384517878293991089e-02 5.793033167719841003e-03 4.292197118047624826e-04 1.938555538654327393e-01 1.368859921058174223e-05 4.989844455849379301e-05
2.740103303489668102e-15 3.877389538999367891e-14 9.120495699822817048e-14 9.999003410339355469e-01 4.032439597620625371e-14 3.500055529750220148e-19 9.928379654884338379e-01 1.765497927408432588e-06 7.021313597806860818e-14 1.316348939572886678e-12 1.114521745775715618e-22 6.729630708518909241e-16 1.006131533642928844e-08 8.605120456195436418e-07 1.079935645975638181e-05 6.212142605876991297e-11 9.999848604202270508e-01 2.425884666756861208e-11 7.255093288350728821e-17
1.204446925839874893e-05 4.692991205956786871e-05 2.617359106964635733e-30 9.256858009341981802e-15 2.792611411214784845e-12 1.101134995832991062e-20 1.000000000000000000e+00 3.350575473101578751e-17 9.893440008163452148e-01 7.954162604573078914e-24 7.177165528560180974e-09 6.525756646169611486e-08 4.392197220746451315e-19 6.067184345800568507e-15 4.793774071139766599e-15 1.979260829057939534e-16 2.505782731532235630e-06 3.449480003106666177e-16 2.885270304977893829e-02
3.086770651862025261e-03 1.490485301474109292e-04 8.851435268297791481e-06 4.969102442264556885e-01 2.511777682229876518e-03 6.470944266766309738e-03 2.583709657192230225e-01 1.085592713207006454e-02 2.966937790915835649e-05 9.784492850303649902e-01 2.730581627474748529e-06 8.611842989921569824e-02 1.742390356957912445e-02 1.016655078274197876e-04 2.288876660168170929e-02 1.236733142286539078e-02 4.401541873812675476e-02 1.439482625573873520e-02 3.140697572234785184e-06
1.377062289975583553e-04 6.013286474626511335e-05 5.111827249493217096e-06 1.238388475030660629e-03 2.997396746650338173e-03 9.998722076416015625e-01 1.698054373264312744e-03 1.467133097321493551e-05 5.892157554626464844e-03 1.750094350427389145e-03 1.902003532450180501e-08 2.108421540469862521e-05 2.696567389648407698e-04 4.281763976905494928e-04 1.582360267639160156e-01 1.352110029984032735e-05 2.995523391291499138e-04 3.099788213148713112e-03 1.007149548968300223e-04
4.155248461756855249e-04 5.680202593794092536e-05 4.565351900964742526e-06 1.851911540143191814e-03 1.259346026927232742e-02 9.978920817375183105e-01 3.126259148120880127e-02 3.828033004538156092e-05 4.902671556919813156e-03 1.889962889254093170e-02 7.145683866838226095e-08 5.805328255519270897e-04 1.092138467356562614e-03 7.263146108016371727e-05 3.255553916096687317e-02 1.996771461563184857e-04 5.539614940062165260e-04 2.699550474062561989e-03 1.350312668364495039e-04
9.954871535301208496e-01 1.156937405467033386e-01 6.086350090583891870e-09 8.000297384569421411e-06 3.166486276313662529e-03 6.145236852717061993e-08 8.119819760322570801e-01 5.300593329593539238e-05 5.635115504264831543e-01 2.483571506672888063e-06 1.725362264551222324e-03 1.633694916963577271e-01 1.803546037990599871e-04 1.609357269671818358e-07 7.063333473666943974e-09 3.664398172986693680e-05 1.492389477789402008e-03 7.646111725989612751e-07 3.647906184196472168e-01
4.426747909747064114e-04 4.033002915093675256e-05 1.753066025678151618e-09 2.724593318998813629e-02 2.868515206500887871e-03 2.283709049224853516e-01 1.394800543785095215e-01 5.852235699421726167e-05 2.773085543594788760e-05 9.615874290466308594e-01 6.088997306363808093e-09 1.091986615210771561e-02 2.962925937026739120e-03 4.830218927054374944e-07 3.893734829034656286e-04 8.467109291814267635e-04 7.370884122792631388e-05 4.527767305262386799e-05 2.475434541793219978e-07
4.759720395597355491e-10 5.791676358057884499e-06 1.334305794109189036e-13 8.871854515746235847e-04 7.629118954355362803e-07 6.228096793847726076e-08 9.999996423721313477e-01 1.703419485465929029e-07 3.019766183570027351e-03 8.955949870603774343e-11 2.918902342052831500e-10 4.281197973909911525e-08 2.402286440883472096e-07 1.181530067697167397e-03 9.307895670644938946e-04 6.715219456054910552e-07 1.055175322107970715e-03 5.419389026428689249e-08 1.950042587850475684e-06
5.214387588381441674e-09 2.302705581769259879e-09 1.885697761133675598e-12 7.216901281026366632e-07 3.204231907147914171e-04 9.867827892303466797e-01 9.422066211700439453e-01 1.209351889464027607e-11 5.804470553994178772e-02 4.627670469048439372e-10 4.358834595889239660e-14 2.729745745000400348e-07 3.513530799637010205e-09 7.668545549677219242e-07 7.537323836004361510e-05 1.156012672254291829e-07 4.756531097882543691e-07 2.461377334839198738e-05 1.117046122089959681e-05
2.738613372535447787e-12 6.312105949035640151e-09 1.290718334146759468e-16 1.287332906940719113e-06 1.149653030552144628e-06 2.391957387715137884e-08 1.000000000000000000e+00 1.470078947463093755e-09 1.241367863258346915e-04 9.031219522226408003e-11 9.605605021242510921e-14 4.111745681711909128e-07 4.159122966029826785e-07 1.176209366349212360e-06 3.037604437849950045e-05 1.658441647123254370e-06 9.702376701170578599e-05 3.075025345466997351e-09 6.067552504873674479e-08
1.142775758466996194e-07 7.636239729436056223e-08 6.787699200448693571e-14 2.135203794750850648e-05 1.892363798106089234e-06 1.000000000000000000e+00 2.615599896671483293e-07 3.704589066066965586e-11 4.830504167330218479e-06 2.864327264262556128e-08 4.020880289867189664e-18 1.367194660435722131e-12 5.040423189939247095e-09 1.881896878330735490e-06 1.370520185446366668e-04 4.300700854470429491e-12 1.736546240138636676e-09 3.255475348851177841e-06 5.419215770574581370e-11
9.787567023522569798e-07 8.453849176248695585e-09 1.163841565439069359e-14 3.838102102804441529e-08 5.665887329087127000e-06 4.715718091574672144e-07 1.378418295644223690e-03 4.665214873966760933e-05 1.559789297722602441e-09 9.999997615814208984e-01 1.449383391083358674e-10 7.638179659843444824e-01 1.433638535672798753e-04 2.695216147702642062e-14 1.731788150383106739e-11 3.451393544673919678e-02 2.286206211010721745e-07 1.410811591995297931e-06 1.811844077548308007e-11
1.020875953217093013e-10 1.612613792500994236e-10 1.411597744304930627e-16 1.892284331006521825e-06 2.967107109725475311e-03 1.537231946713291109e-05 9.999982118606567383e-01 1.989905419261250863e-12 3.666618764400482178e-01 2.306289707820763368e-11 9.005225384828285939e-12 3.166551177855581045e-04 2.743448135333892424e-09 9.805233069926089229e-09 1.245283874595770612e-05 1.359451707685366273e-04 1.271232463295746129e-06 4.186316346022067592e-06 3.477777454463648610e-06
1.038301457073793899e-15 3.325273945087303673e-10 2.658211522874411904e-15 2.228812689963888261e-09 2.263500220589520495e-10 1.322525818920521415e-14 1.000000000000000000e+00 8.976313381481304532e-08 1.089786067605018616e-01 8.416420907647950700e-14 2.771221474517915340e-09 6.744473779463078245e-08 1.243480518553496950e-08 2.383821993134915829e-06 5.639732262352481484e-05 5.735036552323435899e-07 4.099331200122833252e-01 1.615186278058899916e-07 1.173175915027968585e-04
3.303742269054055214e-03 2.634228169918060303e-01 1.733360841171815991e-04 4.338191449642181396e-01 1.953391620190814137e-04 5.007381332688964903e-05 9.481013566255569458e-02 5.993840098381042480e-01 6.181956268846988678e-05 6.014026999473571777e-01 1.944481045939028263e-04 1.445501763373613358e-02 4.831433668732643127e-02 7.295747995376586914e-01 2.041425788775086403e-03 6.555353105068206787e-02 9.501690417528152466e-02 8.388424664735794067e-02 2.642960134835448116e-05
1.076226330276597309e-09 4.312531382311135530e-05 7.716290384429669302e-10 9.933152794837951660e-01 1.037502375678123201e-10 8.879264511152396011e-13 9.376870989799499512e-01 1.341840345412492752e-02 6.620700787607347593e-08 4.764884309338413004e-08 7.151547149614190246e-12 1.192697633364825371e-12 7.336975613725371659e-06 9.418692588806152344e-01 7.365368219325318933e-05 1.341284701084077824e-07 9.850008487701416016e-01 4.765734076499938965e-03 1.985770853307755601e-10
2.157724520657211542e-05 8.192243967641843483e-07 1.285254427330073668e-07 9.999680519104003906e-01 1.501645601820200682e-05 4.601843655109405518e-01 1.326797297224402428e-03 3.817100878222845495e-05 1.846747727540787309e-05 3.666946213343180716e-07 2.659872918708144907e-13 1.289169118678934467e-11 1.196362518385285512e-05 6.661332445219159126e-04 9.446903318166732788e-02 1.404794769399586585e-08 1.902131014503538609e-03 1.950039877556264400e-04 1.385647041551862912e-09
1.624900847673416138e-01 8.394694924354553223e-01 1.610276871360838413e-03 3.032565116882324219e-01 4.124265979044139385e-04 1.814931893022730947e-04 8.750044554471969604e-02 7.315278053283691406e-01 8.813772001303732395e-04 2.653596736490726471e-02 1.702826935797929764e-03 7.815282791852951050e-03 1.037878245115280151e-01 6.144757866859436035e-01 1.453449600376188755e-03 2.683801949024200439e-02 5.841906741261482239e-02 8.092814683914184570e-02 8.737434836803004146e-05
1.770919859409332275e-01 6.848503947257995605e-01 2.645770320668816566e-03 7.407212257385253906e-01 4.840071313083171844e-03 1.138241379521787167e-03 9.601789712905883789e-02 4.917312264442443848e-01 1.617660163901746273e-03 4.671904444694519043e-02 4.031261894851922989e-03 9.653863497078418732e-03 1.069202646613121033e-01 6.763991713523864746e-01 4.782581236213445663e-03 4.525977745652198792e-02 6.036496907472610474e-02 5.318258702754974365e-02 4.605764697771519423e-04
1.015799790620803833e-01 3.367603312653955072e-06 2.804688703506030834e-10 1.231988426297903061e-02 9.760612249374389648e-01 1.149206923400925007e-06 8.819876909255981445e-01 4.188897761991938751e-08 1.688989927060902119e-03 3.324004637761390768e-06 1.176487032239492692e-07 8.894243240356445312e-01 2.476539975759806111e-06 1.333441712603189444e-08 5.537920628739811946e-07 1.607975214719772339e-01 1.275731832720339298e-03 3.834851668216288090e-04 3.695343366416636854e-06
9.588123559951782227e-01 4.431614279747009277e-01 6.620843894779682159e-03 2.298850100487470627e-03 5.142681766301393509e-03 6.172095891088247299e-05 2.869329415261745453e-02 1.598668694496154785e-01 1.913238433189690113e-03 1.613147929310798645e-02 2.456677029840648174e-04 1.439018845558166504e-01 9.356898069381713867e-01 1.346936915069818497e-03 1.063141189661109820e-05 1.818647421896457672e-02 1.104281400330364704e-03 6.296328268945217133e-03 2.794946776703000069e-03
1.000000000000000000e+00 1.732224375009536743e-01 3.214819903341048501e-13 1.664385296251680302e-09 3.100618161261081696e-02 2.579445929109234516e-15 1.195041229948401451e-03 4.436472863744711503e-06 6.197121393825000268e-08 7.310937633064895635e-09 6.453119150151565009e-10 8.290997147560119629e-01 5.463576316833496094e-02 3.773944698415299115e-12 1.085412958107128928e-19 4.485922545427456498e-06 2.076297356268241856e-09 1.928495557690368400e-11 1.011851509247208014e-07
7.687720682270082762e-09 2.200234439087012106e-09 8.454780209277146241e-10 2.261648623971268535e-04 2.376830066097568306e-09 9.999951124191284180e-01 3.125328021269524470e-06 4.569740497117891209e-08 3.749336974578909576e-05 1.962181173098542786e-08 2.872633466548864950e-15 1.082057417300420765e-13 4.505841744162353280e-08 6.816392997279763222e-04 9.991617202758789062e-01 5.508972184681271145e-13 1.563947444083169103e-05 2.285515984112862498e-05 8.173315357851151930e-10
4.904274208961112436e-11 4.697612437931653062e-11 5.404730482605479835e-12 2.853190608220756985e-06 1.051305015264958342e-10 1.000000000000000000e+00 1.237140434540151546e-08 8.820363189832036710e-11 7.925240424810908735e-06 2.270928063652366546e-11 6.744629606470960706e-19 6.635664711468559408e-17 3.582055485562563035e-10 8.861798414727672935e-05 9.988683462142944336e-01 5.469898957165080216e-16 3.756562705348187592e-07 2.348028374399291351e-06 3.764622294455399754e-11
1.047975664580924615e-10 6.340648839309181994e-11 9.096304438849234231e-12 8.251071449194569141e-06 1.063543350610096638e-10 1.000000000000000000e+00 4.099048211969602562e-08 3.150342486879509352e-10 9.495400263404008001e-06 8.848959759388819180e-11 2.792927775400076145e-18 1.620431070472518205e-16 7.880405217264296880e-10 1.408936950610950589e-04 9.994311928749084473e-01 1.293666749957033280e-15 7.981770977494306862e-07 2.617102154545136727e-06 4.258006794377600102e-11
7.882388996073921850e-14 1.213308425083992059e-13 2.670480915948383363e-21 4.256959982740227133e-06 9.027165681629867322e-09 3.204277121415799456e-10 9.997481703758239746e-01 6.924774087480045637e-09 1.148966338737622550e-11 7.417353987693786621e-01 1.872273039442171403e-19 5.127033800818026066e-04 2.457652044540736824e-06 3.006553271861327203e-14 2.032498613857569580e-09 2.330281677132006735e-05 1.814746246964205056e-05 1.172062030763143525e-10 3.337350469763411542e-15
2.215038059186664563e-29 9.491513019308126123e-20 2.440229661365110660e-33 3.528937667258980060e-13 4.083158056441817075e-17 6.261354854855884365e-22 1.000000000000000000e+00 2.648763675029090076e-14 1.061393675857655317e-13 1.879128871549919783e-14 1.032484663543056358e-28 1.145187243645207076e-12 5.796496962973129996e-11 9.078161162525636568e-15 8.750246078929879712e-13 7.919114253240877588e-10 8.596208317612763494e-06 8.963073725610482138e-19 7.535293813894952129e-19
2.011231500147085355e-27 2.556130533290337147e-17 4.868709973399614008e-29 4.972492854785956739e-20 2.709634410028742747e-17 3.753201520311203311e-22 1.000000000000000000e+00 3.393333969370360137e-08 4.723830701602871329e-11 1.275662384614406619e-07 1.803530840870805595e-19 4.213139163766754791e-06 4.074777734786039218e-06 1.241389484491608666e-17 2.684244762870917605e-16 4.609054594766348600e-04 9.329384920420125127e-05 4.056519399646261364e-16 1.909104249469759096e-13
1.423879803041927516e-05 9.984723925590515137e-01 1.000000000000000000e+00 9.195961952209472656e-01 4.366502819042050731e-12 1.130440345823401083e-13 4.253364750184118748e-06 6.074900925159454346e-02 6.119993567809203523e-16 3.385827642560235162e-12 2.324544778886661334e-09 1.794469791944336423e-14 7.146050506889878307e-07 9.999996423721313477e-01 1.605448431973854895e-07 8.029410878407361452e-07 2.634593165851129015e-08 6.391607598743576091e-07 2.069002487511874960e-14
9.982938170433044434e-01 3.772865533828735352e-01 5.209400200101299561e-08 4.104310180991888046e-03 2.486769668757915497e-02 4.625579492767428746e-07 4.109247922897338867e-01 7.691151695325970650e-04 1.248842477798461914e-01 7.901399840193334967e-06 8.649740368127822876e-03 1.659796237945556641e-01 5.101531278342008591e-04 2.629174014145974070e-05 2.294156473681141506e-07 1.404073991579934955e-04 2.276723971590399742e-03 1.498872165939246770e-06 1.628816872835159302e-02
3.009826979663565716e-12 3.724495972051711234e-12 1.439246547646111335e-24 1.201995232811897338e-15 1.130724626818846446e-06 1.692273625731769782e-16 1.000000000000000000e+00 1.451541667427850793e-17 9.415689110755920410e-01 1.438702004523680186e-18 3.417535135094573739e-12 1.131177647039294243e-03 6.092142171591416466e-14 1.079160314746091618e-15 1.700489749012490392e-11 5.986383655454119435e-08 1.619968543309369124e-06 5.565650371130992369e-11 2.245654584839940071e-03
2.160861768061295152e-04 3.326793418523266155e-08 3.615501995013481462e-11 5.943722790107131004e-04 8.555257320404052734e-01 3.608884526329347864e-06 5.536912679672241211e-01 5.234160198597237468e-07 5.226680968917207792e-06 1.125936880707740784e-01 3.920739566343200977e-10 9.974038004875183105e-01 5.926113226450979710e-05 1.314928055329289691e-09 6.760364268387775155e-09 5.463955998420715332e-01 1.010614942060783505e-04 1.709702337393537164e-04 7.940505142300935404e-09
2.654696442186832428e-02 1.507066073827445507e-03 3.407406579114535816e-09 9.954752326011657715e-01 5.821029543876647949e-01 3.139116743113845587e-04 6.536196470260620117e-01 6.571843186975456774e-06 7.668871432542800903e-02 6.323624984361231327e-05 6.456491973949596286e-05 1.670188456773757935e-02 7.395258580800145864e-05 9.347773448098450899e-05 1.161944674095138907e-04 3.706322982907295227e-02 1.193024800159037113e-03 9.723718903842382133e-06 1.755027624312788248e-04
4.451882748037944734e-17 1.593625405249543547e-14 5.592576603303473046e-21 5.134194793754431885e-07 6.908632693702898564e-11 5.904829983261958293e-14 9.999985694885253906e-01 1.704784722278418485e-07 6.013298799872890399e-12 2.935321768745779991e-03 1.192197580790720613e-19 3.227622437407262623e-05 1.342487848887685686e-06 3.406043242587530884e-12 1.313452369089418426e-08 2.524970659578684717e-05 4.629082977771759033e-03 3.987331298471730179e-10 8.043540910640609859e-15
2.728215133868386993e-21 5.554869199617793363e-17 8.415061688196602051e-24 1.835321427279268391e-06 5.536219201715368576e-14 2.416146592791865763e-18 1.000000000000000000e+00 4.225253924516891857e-09 1.779898250271402804e-13 1.407052518942464303e-08 3.575388201752116309e-24 7.432567894483099735e-10 2.813505162180263142e-08 6.114280609592626092e-11 2.343179872354994586e-08 5.493016885793622350e-08 9.307893365621566772e-02 2.133826969286101161e-12 3.834923801592613640e-17
6.419429773179847337e-15 3.216550018957792245e-13 2.100876760833527909e-16 1.270447000933927484e-06 3.465052689222147819e-10 3.028839725143124550e-14 9.999939203262329102e-01 5.223099651630036533e-05 3.221962280308687809e-11 1.757629448547959328e-03 2.006071539420906276e-15 7.839873433113098145e-04 7.257543984451331198e-06 7.465231766090596466e-10 5.095678830002725590e-07 5.908815655857324600e-04 7.873730063438415527e-01 3.347911672335612820e-07 6.012885935685607919e-12
2.390004194552375338e-09 2.812100648880004883e-01 6.732656099295297736e-10 5.326347351074218750e-01 4.531498440374370773e-12 1.557391542117425587e-11 9.212999939918518066e-01 2.223862335085868835e-02 1.504254942830129949e-09 5.583005169285115699e-10 9.732236717907571943e-12 5.873077089761646885e-14 2.944662185200286331e-07 9.999934434890747070e-01 4.241765338974801125e-07 9.281252744131052168e-08 4.126699175685644150e-03 2.112303773174062371e-04 5.772571548372240624e-13
3.483638408852129942e-07 3.783819973468780518e-01 1.493818957420955940e-09 5.603818595409393311e-02 8.197791750985672365e-11 1.852378493649720070e-11 9.805881381034851074e-01 4.259427636861801147e-02 4.362409526947885752e-06 5.303042893700649074e-09 9.268087524105794728e-07 4.963335853425121513e-10 2.613009655760833994e-06 9.945205450057983398e-01 4.536086919415538432e-07 1.259392433894390706e-06 2.299450784921646118e-01 6.969117093831300735e-04 2.622944306196473008e-09
5.512508778338087723e-06 9.296545982360839844e-01 1.071018274068080700e-10 3.558372333645820618e-02 8.748230438671011910e-12 9.923423844801493310e-13 8.831991553306579590e-01 1.003062948584556580e-01 2.461355506966356188e-06 2.951654198835029774e-10 5.975568001304054633e-06 1.478353273132171353e-10 6.629481958952965215e-07 9.910548329353332520e-01 1.261793514117925952e-08 1.416031949474927387e-07 1.129473149776458740e-01 3.818717232206836343e-05 2.557387912549557996e-10
3.657568959170021117e-05 4.286165931262075901e-04 7.406035001622512937e-05 8.920628715713974088e-06 6.018635816872119904e-03 9.999116659164428711e-01 2.845490118488669395e-03 9.950017556548118591e-07 1.436523497104644775e-01 2.077297394862398505e-04 5.632210076100818696e-08 1.611694606253877282e-04 2.717459756240714341e-05 5.939997572568245232e-05 8.275443105958402157e-04 1.840035838540643454e-04 1.878851435321848840e-05 7.586444262415170670e-04 7.688062638044357300e-02
1.358283800072968006e-03 4.482688847929239273e-03 2.575363591313362122e-02 1.498003490269184113e-03 2.649452351033687592e-02 9.774950146675109863e-01 1.434828341007232666e-01 6.438411655835807323e-04 2.731349766254425049e-01 5.337888374924659729e-03 4.218967660563066602e-05 6.071085110306739807e-03 2.293315017595887184e-03 2.136906143277883530e-03 1.916996762156486511e-02 7.302656304091215134e-03 3.373172134160995483e-03 1.028234045952558517e-02 1.400820910930633545e-01
6.868525408208370209e-03 1.821039244532585144e-02 8.017259836196899414e-01 8.995046839118003845e-03 1.955724693834781647e-02 6.578462123870849609e-01 4.895157814025878906e-01 1.046633068472146988e-02 3.680770397186279297e-01 1.227529253810644150e-02 4.977873177267611027e-04 1.269394997507333755e-02 1.237041316926479340e-02 6.180011667311191559e-03 4.910436645150184631e-02 1.775353588163852692e-02 4.665327444672584534e-02 1.432655006647109985e-02 2.085812240839004517e-01
6.089887708699004421e-14 8.998281009198194624e-10 1.883939446943084812e-16 6.079285412852186710e-06 3.732808284695465773e-09 1.942344169947318733e-05 9.999998807907104492e-01 3.270568538216167553e-10 2.304322551935911179e-03 2.314782988498045174e-14 3.443565648492022228e-15 4.188833741675113131e-12 1.771423840946084738e-10 9.038015268743038177e-04 1.624241704121232033e-03 1.512263980707473365e-09 1.306664489675313234e-05 8.860997269266590592e-08 2.886286054604170204e-08
1.737767457962036133e-01 1.766741462051868439e-02 2.684981795027852058e-03 9.878572225570678711e-01 1.256097946316003799e-02 8.030793070793151855e-02 3.164495527744293213e-02 2.746224030852317810e-02 2.012347336858510971e-03 2.615823037922382355e-02 2.762432814051862806e-05 4.947347915731370449e-04 3.863300755620002747e-02 4.890451207756996155e-02 1.992820054292678833e-01 1.974290935322642326e-03 2.470165863633155823e-02 3.289137408137321472e-02 3.130204859189689159e-04
2.325671628798734727e-16 2.693169992573629656e-11 9.116999147816551297e-14 3.141430171549330908e-11 1.809843507699637755e-12 7.134254667064132693e-13 1.000000000000000000e+00 6.664823217761295382e-07 9.847013950347900391e-01 1.628955488292699316e-13 3.825872507690064594e-09 3.689819116914350161e-09 7.431972814941900651e-10 1.744511678225535434e-06 5.809527920064283535e-06 1.098138202593190726e-08 6.509632468223571777e-01 7.966001285240054131e-04 1.221988070756196976e-02
3.557395655661821365e-03 1.889702491462230682e-02 6.116238888353109360e-03 3.269848972558975220e-02 8.796690963208675385e-03 2.677805256098508835e-03 8.642722964286804199e-01 2.714286148548126221e-01 1.326676458120346069e-01 3.036378696560859680e-02 1.272650063037872314e-02 5.013096332550048828e-02 6.287389248609542847e-02 1.205992549657821655e-01 6.606750190258026123e-02 1.028789281845092773e-01 5.639246702194213867e-01 5.679296851158142090e-01 3.339931368827819824e-02
2.586823999881744385e-01 3.090303242206573486e-01 8.192756175994873047e-01 2.136460989713668823e-01 7.391929626464843750e-02 1.933309063315391541e-02 4.379613399505615234e-01 4.490684270858764648e-01 4.018430784344673157e-02 1.951247602701187134e-01 3.837446495890617371e-02 1.446236073970794678e-01 2.727023661136627197e-01 1.950298398733139038e-01 8.487248420715332031e-02 1.886691600084304810e-01 2.080673426389694214e-01 1.057460457086563110e-01 4.469613730907440186e-02
2.761948667466640472e-02 7.183473557233810425e-02 1.588152796030044556e-01 1.314757466316223145e-01 2.584696933627128601e-02 8.502285927534103394e-03 7.395300865173339844e-01 4.130512773990631104e-01 1.079845055937767029e-01 9.986356645822525024e-02 2.671528793871402740e-02 9.057025611400604248e-02 1.503465324640274048e-01 2.049558311700820923e-01 1.402348279953002930e-01 1.632761508226394653e-01 5.028810501098632812e-01 4.219338297843933105e-01 4.967266693711280823e-02
1.274242933391178667e-10 1.017313566720190465e-09 2.939256368676701481e-13 1.434032004254959247e-09 4.521318187471479177e-04 4.483831528290238566e-09 9.991441965103149414e-01 2.977841177198570222e-06 2.513698063921765424e-06 6.127460394054651260e-03 2.189816800113320028e-10 9.232636094093322754e-01 2.374516567215323448e-03 3.839669034111370394e-12 8.255424122083354632e-11 3.185347318649291992e-01 2.566477051004767418e-04 1.104636240256695601e-07 5.093696486824228487e-08
3.415773518110763371e-17 1.228914786908586257e-14 6.148790214745818201e-19 9.484674330650921803e-12 9.385189514432568103e-06 9.858860418581610885e-14 1.000000000000000000e+00 7.411245228627905135e-11 2.101395040199349751e-07 6.562963950074163222e-09 4.817511534211857925e-16 4.692546278238296509e-02 1.837768081713875290e-06 3.137276205424262276e-14 3.791571223654699452e-12 1.205055415630340576e-02 1.881802927528042346e-05 1.108490729762046101e-10 3.804598303069894882e-11
1.229644429692029482e-17 1.102293949205909035e-14 3.158852509736560676e-20 3.192149710252827066e-14 3.020533085873466916e-07 1.121882941363880337e-13 9.999997615814208984e-01 1.521673231863474030e-09 1.877758926127626182e-08 7.415981144731631503e-06 1.044654204178201151e-15 2.792303562164306641e-01 4.534663821686990559e-05 2.023131709420893944e-16 2.218648814742828906e-14 4.024240002036094666e-02 8.479660209559369832e-06 1.836221626139167284e-11 3.392468250762448179e-11
3.059314022409555592e-15 1.633797128619204897e-13 4.730061520087996559e-18 2.179912250710458466e-09 4.684558296830232393e-11 3.975185379385948181e-02 9.999998807907104492e-01 2.375563870507350905e-14 5.047532729804515839e-03 2.292374937350096817e-18 3.720036394216969818e-20 2.780674911113728207e-15 1.357519782349547732e-13 9.344262070953845978e-05 1.533240731805562973e-02 1.109994833949166232e-14 5.901469535274372902e-07 7.815120994791868725e-08 1.537661376005416969e-07
1.836937855515322071e-13 6.181093137325177622e-11 4.422051917349345551e-13 1.353032530460041016e-06 2.055346171037086833e-10 2.336606830358505249e-01 9.999680519104003906e-01 8.084057867563387845e-10 6.807103636674582958e-04 4.122888486233870775e-14 4.073170677725851819e-17 2.839145849572576735e-14 4.224647298656236671e-10 1.463793776929378510e-02 1.363113671541213989e-01 4.127928467795305423e-12 1.279236312257125974e-04 3.183943590556737036e-06 3.959551619914236653e-08
8.660400635562837124e-04 1.972433092305436730e-04 2.133513362423400395e-06 8.644470572471618652e-02 1.300281728617846966e-03 9.856380820274353027e-01 1.242863684892654419e-01 4.791895480593666434e-05 1.344995200634002686e-02 1.082579547073692083e-05 2.873701276939755189e-08 1.090662181013613008e-06 4.529935176833532751e-05 5.873410031199455261e-03 2.035292536020278931e-01 1.911116669361945242e-06 2.272828016430139542e-03 2.584005473181605339e-03 9.256180783268064260e-05
6.176929920911788940e-02 9.211928397417068481e-02 4.106793552637100220e-02 1.474283337593078613e-01 3.167012706398963928e-02 1.160244643688201904e-02 6.175389885902404785e-01 3.130685985088348389e-01 6.226053461432456970e-02 8.484978228807449341e-02 1.800364442169666290e-02 1.220247223973274231e-01 1.429526954889297485e-01 1.467051953077316284e-01 8.701229840517044067e-02 1.167981922626495361e-01 2.912485301494598389e-01 3.521874547004699707e-01 2.609115280210971832e-02
1.306206919252872467e-03 3.165141970384865999e-05 3.578235919121652842e-06 3.970529139041900635e-02 5.204436182975769043e-01 8.309016266139224172e-05 8.559133410453796387e-01 1.427805167622864246e-03 7.953732274472713470e-04 2.532826736569404602e-02 9.661675903771538287e-06 8.774713873863220215e-01 4.498261958360671997e-03 8.253847045125439763e-05 2.242751797894015908e-04 5.036485791206359863e-01 7.304366677999496460e-02 6.033780798316001892e-02 5.644908742397092283e-05
1.780163216835717321e-07 7.889797322413460989e-12 5.192936060544398047e-14 3.698724640344153158e-06 5.697205066680908203e-01 1.729851928367054370e-09 5.240014195442199707e-01 6.665504059810700710e-08 2.026170120572601263e-09 7.989526987075805664e-01 8.527025114647701631e-14 9.999107122421264648e-01 4.390548838273389265e-06 5.823078130795522611e-12 4.386034938019811591e-12 8.371228575706481934e-01 1.215350766869960353e-05 2.640481397975236177e-05 1.511024595376997404e-12
8.512268436788872350e-07 1.217376166096073575e-06 2.393708200543187559e-07 2.591770316939800978e-04 3.018913730556960218e-06 9.999959468841552734e-01 1.872503162303473800e-05 6.489951260846282821e-07 1.092871767468750477e-03 3.639960937107389327e-07 1.017035067274463245e-11 4.972280920334526400e-10 2.260807377751916647e-06 2.233250765129923820e-03 9.198815822601318359e-01 1.244478742279397920e-09 7.619607640663161874e-05 5.661257309839129448e-04 1.220661374645715114e-06
1.787486667126358952e-06 2.287018332935986109e-06 5.313463589118327945e-07 4.197617236059159040e-04 5.083552423457149416e-06 9.999904632568359375e-01 3.625636963988654315e-05 1.504905071669782046e-06 1.476014615036547184e-03 8.523973633600689936e-07 3.941709458832320934e-11 1.490082612853882438e-09 4.541052476270124316e-06 3.102512331679463387e-03 9.219375252723693848e-01 3.398585413094679097e-09 1.322805474046617746e-04 7.869059336371719837e-04 2.168107812394737266e-06
1.174501107925607357e-06 1.801684788915736135e-06 3.437036184550379403e-07 2.961227728519588709e-04 4.576777428155764937e-06 9.999952316284179688e-01 2.330377174075692892e-05 8.574646130909968633e-07 1.318193855695426464e-03 4.857820954384806100e-07 1.779947543523174858e-11 8.601430123711395481e-10 3.023486442543799058e-06 2.473846543580293655e-03 9.027781486511230469e-01 2.124671993897209177e-09 8.982868894236162305e-05 6.896512932144105434e-04 1.845629640229162760e-06
1.244875329575734213e-05 1.470325750041467927e-09 2.342155136503265567e-09 1.000000000000000000e+00 6.347101475512317847e-07 1.728042610920965672e-03 5.445695205708034337e-05 1.364920990454265848e-06 5.168413697020923792e-09 2.294110430511864251e-07 4.123165143076311791e-17 3.265328003647371968e-13 1.850945864134700969e-06 4.514191005000611767e-06 6.111433357000350952e-02 4.846982815109868170e-10 3.626784018706530333e-04 3.447331619099713862e-05 1.153138728168107141e-13
2.451460110023617744e-03 2.860085679401436209e-08 5.992369361135230221e-12 9.999984502792358398e-01 2.895604670047760010e-01 8.207809878513216972e-04 1.385328639298677444e-02 2.938876875191454019e-08 1.115634495363337919e-05 1.675689759395027068e-06 1.312851823781491234e-11 6.116298754932358861e-05 2.722001681831898168e-06 1.037002839154865796e-08 2.487370802555233240e-04 2.886130532715469599e-04 1.195654505863785744e-03 4.459905085241189227e-07 3.114601909715020156e-10
3.270279921707697213e-05 1.215939664689358324e-05 1.916768326282181079e-07 1.935553969815373421e-03 1.149556133896112442e-03 9.999953508377075195e-01 9.579499601386487484e-05 5.267013420962030068e-07 4.326310474425554276e-03 3.358081357873743400e-06 3.316729113578276156e-10 1.122434127864835318e-07 8.950035407906398177e-06 2.241559122921898961e-04 2.019351162016391754e-02 5.115120416121499147e-07 1.526048436062410474e-04 3.680905560031533241e-03 1.640366826904937625e-05
5.763763329014182091e-05 6.197165891563827245e-09 2.399996694435468925e-11 9.999998807907104492e-01 1.897356123663485050e-03 8.989943563938140869e-02 1.314864261075854301e-03 2.944274157812287740e-08 2.241554830106906593e-05 3.146610083604173269e-08 2.597616268135496953e-14 1.224236489960617291e-09 9.145865078608039767e-07 1.226597277081964421e-07 1.431733253411948681e-03 2.804895586905331584e-07 3.323658893350511789e-04 5.458430223370669410e-07 1.767239132810516367e-10
7.138259243220090866e-04 5.396639153332216665e-07 1.058594101266407961e-08 9.999971389770507812e-01 3.531131427735090256e-03 2.313027158379554749e-02 4.481643904000520706e-03 4.582297606248175725e-06 2.538229273341130465e-05 1.090110254153842106e-05 5.050849669063772751e-11 2.695158514143258799e-07 4.316234480938874185e-05 5.271056124911410734e-06 7.215670775622129440e-03 9.278299330617301166e-06 2.171484520658850670e-03 1.191360934171825647e-05 4.876473447268381278e-09
8.921745029510930181e-05 2.608771154655187274e-08 1.069959121302588301e-09 9.999998807907104492e-01 2.521982532925903797e-04 1.930377073585987091e-02 5.421005189418792725e-04 8.166051657099160366e-07 2.175151166738942266e-06 4.656735086427943315e-07 1.672710499842425258e-13 7.271632185279486293e-10 6.292218586168019101e-06 1.979758053494151682e-06 6.903488188982009888e-03 1.799047595341107808e-07 5.847611464560031891e-04 8.857219654601067305e-06 1.258655402125441469e-10
1.516484189778566360e-05 1.373421982862055302e-04 3.782693966059014201e-05 8.420833386480808258e-03 1.868162304162979126e-02 1.268443535082042217e-03 9.976309537887573242e-01 3.998619213234633207e-04 1.462751328945159912e-01 9.450496145291253924e-05 3.689416189445182681e-05 1.138453744351863861e-02 1.458624959923326969e-03 1.802405226044356823e-03 1.919190585613250732e-02 2.426089346408843994e-02 2.623680606484413147e-02 3.649813588708639145e-03 2.435147529467940331e-03
8.462033292744308710e-06 1.252766960533335805e-04 3.711374884005635977e-04 4.723580554127693176e-03 8.580011315643787384e-03 1.240689656697213650e-03 9.973637461662292480e-01 1.013314700685441494e-03 1.553281545639038086e-01 1.583330740686506033e-04 4.192884807707741857e-05 8.307520300149917603e-03 2.081273822113871574e-03 2.160539617761969566e-03 1.934667304158210754e-02 2.406967617571353912e-02 4.466875270009040833e-02 4.304214380681514740e-03 3.828791435807943344e-03
9.999896287918090820e-01 1.816844940185546875e-02 1.708525099175517425e-09 3.085001371800899506e-03 9.704784750938415527e-01 1.564687129862463166e-10 8.432378619909286499e-02 2.209718786616576836e-06 1.902277631415927317e-06 5.396076030450558392e-09 2.605817826406564564e-06 7.022102475166320801e-01 1.846029408625327051e-05 1.963246774039362208e-07 5.937534491851081953e-11 1.165263471193611622e-03 3.334952998557128012e-05 1.801357818465021410e-08 1.954854553787299665e-07
1.229399815201759338e-01 1.793032884597778320e-01 4.761068895459175110e-02 2.181615829467773438e-01 3.229156509041786194e-02 6.311863660812377930e-03 5.287182331085205078e-01 3.363112211227416992e-01 2.263850718736648560e-02 1.097594574093818665e-01 1.090049650520086288e-02 1.021544709801673889e-01 1.567473560571670532e-01 1.473390609025955200e-01 4.936153069138526917e-02 1.048451736569404602e-01 1.923011094331741333e-01 1.393477469682693481e-01 9.440493769943714142e-03
7.536602616310119629e-01 4.310213327407836914e-01 2.726935148239135742e-01 6.590602546930313110e-02 8.357156068086624146e-02 1.088532526046037674e-02 2.762259542942047119e-01 3.174646794795989990e-01 7.089475542306900024e-02 8.289676159620285034e-02 1.663921773433685303e-02 1.906111240386962891e-01 4.916654527187347412e-01 3.772428631782531738e-02 7.201564498245716095e-03 8.416692912578582764e-02 6.518869847059249878e-02 3.983676061034202576e-02 8.362957835197448730e-02
8.475320889544946112e-09 1.667039441599627025e-06 1.075543536899203900e-06 1.498268393334001303e-04 1.538232027087360620e-06 7.053331252393491013e-09 9.983254075050354004e-01 6.759236752986907959e-02 5.922443815506994724e-04 1.753768010530620813e-04 2.175645022362004966e-06 3.869337087962776423e-04 7.262033177539706230e-04 2.160356612876057625e-03 1.014192122966051102e-03 1.266613695770502090e-02 9.882269501686096191e-01 2.728201262652873993e-02 1.196091907331719995e-04
1.000000000000000000e+00 9.649137035012245178e-03 7.920816763856094677e-26 7.562087489532132167e-08 1.269379556179046631e-01 1.663134245840631375e-25 6.314327947620768100e-06 2.365209590682315621e-11 6.030978769503130693e-15 5.831305151748032711e-15 1.181943421851546286e-15 7.520499229431152344e-01 1.141273287430522032e-06 8.551030040284289324e-18 9.288096277801932544e-29 4.885613025251700492e-10 9.558943670244166024e-14 7.350549874170681102e-20 1.121220688654069562e-15
9.999681711196899414e-01 7.194440355962061773e-15 5.134889403205462733e-31 1.886208519863430411e-05 9.999024868011474609e-01 8.589627657683903136e-21 9.994588494300842285e-01 1.208628978461537692e-24 2.421020894871617202e-08 7.933449034657827776e-28 1.020108663828330307e-22 1.035890914499759674e-02 2.281772226731271606e-20 3.410298452287775216e-21 1.651747721887961151e-13 2.631843354361507181e-10 1.066778843039628555e-08 1.942107794968703443e-20 3.688210574757455965e-15
1.000000000000000000e+00 1.607561425771564245e-04 2.634333263735896702e-18 9.919734001159667969e-01 9.953638315200805664e-01 5.322466186491180399e-21 3.831596131931291893e-06 9.572041076433279727e-11 2.678258829009146992e-18 5.935370772614748797e-15 8.098116090465151684e-14 5.865814164280891418e-02 5.603001795861928258e-08 2.450597710867974399e-11 3.467923285265291512e-17 1.800669622298300965e-07 5.963304072764685770e-09 1.417355053717197708e-16 7.194261723000058496e-19
9.956264402717351913e-04 3.220120836644468909e-10 3.053960350666434787e-16 1.000000000000000000e+00 2.005470246076583862e-01 1.821191375483977026e-08 2.294994890689849854e-03 1.354253098551083667e-10 1.743936337561535765e-07 2.061384535290144981e-10 2.008572785362500862e-14 3.908147405695672205e-08 6.485141312850828399e-09 1.043699349168036861e-09 1.947709961314103566e-06 6.320768534351373091e-06 1.359411864541471004e-03 3.211487933224566049e-12 2.153196512148097819e-13
9.243583676266098337e-09 2.733775363594759256e-05 2.948584665318776388e-08 9.985365867614746094e-01 4.744506298948181211e-08 9.077256307721270900e-12 9.905627965927124023e-01 2.064213389530777931e-03 2.201409915869589895e-05 4.561789879176103568e-08 1.161968654628253717e-08 7.740553753521339786e-10 2.309945739398244768e-05 4.331854358315467834e-02 2.002976252697408199e-04 5.592806246568216011e-06 8.724790811538696289e-01 5.605786554951919243e-07 1.173182937463934650e-07
6.921596825122833252e-02 1.120103821158409119e-01 3.234355716585923801e-08 1.000000000000000000e+00 1.062722876667976379e-04 3.202202947250043508e-08 4.613007604348240420e-06 3.159409621730446815e-03 1.817365563594464106e-10 2.035298393820994534e-06 1.175788888474471605e-08 2.777762464489796912e-09 4.949057474732398987e-04 9.875410199165344238e-01 5.536145977202977519e-07 1.247450418304651976e-04 1.274917758564697579e-05 6.805838347645476460e-05 6.332687152443838841e-10
9.677826166152954102e-01 2.840817570686340332e-01 5.787838745163753629e-06 1.013469649478793144e-03 2.423148415982723236e-02 8.762926881900057197e-06 7.905743271112442017e-02 2.348887547850608826e-02 7.223736029118299484e-04 6.429996341466903687e-02 3.506576758809387684e-04 6.065280437469482422e-01 5.545595884323120117e-01 1.723239438433665782e-05 3.284723391061561415e-07 1.825025677680969238e-02 5.481737316586077213e-04 7.644435390830039978e-04 1.277754199691116810e-03
9.998818635940551758e-01 2.143774777650833130e-01 9.971758127212524414e-01 1.702846348052844405e-04 3.177407681941986084e-01 1.301392771324572095e-08 3.006938472390174866e-02 4.994761664420366287e-03 1.449688284083094914e-06 1.512030667072394863e-05 3.692240170494187623e-06 3.886850476264953613e-01 1.673681288957595825e-01 3.938925510738044977e-04 4.729875602293986958e-09 1.514761243015527725e-03 7.722773443674668670e-05 2.366737589909462258e-06 1.241403369931504130e-04
9.999858140945434570e-01 1.003933078891350306e-07 2.511540576549084265e-19 1.690847128976713520e-09 9.997078776359558105e-01 1.378191338721770980e-19 9.362515807151794434e-01 1.960214022689505710e-15 2.738136828384085675e-09 1.631620905101339547e-16 2.107440673251685659e-14 9.975776076316833496e-01 4.504253567350069432e-11 1.954946458793790450e-18 1.487788052370616180e-20 1.352004182990640402e-04 4.834658895447319082e-09 6.051855061158515400e-16 1.046933698588270456e-12
2.332458248678038294e-17 4.023903538391375434e-14 1.666456855592846759e-16 1.678383227954327594e-06 1.795903161426470884e-12 1.956179445943055867e-16 1.000000000000000000e+00 1.166157062471029349e-06 6.700641153045694409e-10 3.798043823888264114e-11 5.169516854220369763e-17 1.511707203860623849e-09 2.573882795786630595e-07 5.507850175945350202e-08 1.161609179689548910e-05 1.058255350017134333e-07 9.989345669746398926e-01 5.064483277195108712e-10 7.669976459512284350e-11
6.109170499257743359e-06 6.519762246171012521e-05 5.248698350945879554e-11 9.933421015739440918e-01 1.135920733213424683e-02 6.724384320477838628e-07 9.970568418502807617e-01 1.763929390108387452e-06 2.169821411371231079e-02 1.817764854195047519e-07 1.153438574874598999e-06 5.876131035620346665e-05 5.660281658492749557e-06 2.407803694950416684e-04 2.407392603345215321e-04 2.440859097987413406e-03 1.720497268252074718e-03 2.043571214471739950e-07 5.316041097103152424e-06
2.334460410895709825e-14 1.562782455527544911e-12 6.820562452498901695e-13 1.201175691676326096e-04 4.052900376416701533e-12 3.617643836405226576e-13 9.999493360519409180e-01 2.007348848565015942e-05 6.180170686320707318e-08 6.212565618196608241e-12 9.842604162257906353e-15 9.836632376691856194e-12 1.033175252018736501e-07 6.415672032744623721e-06 3.448752686381340027e-03 6.102310212696693270e-09 9.999760389328002930e-01 4.548476226773345843e-07 1.538319338578730822e-08
4.663289754347488270e-10 2.225271344968859921e-08 4.618482263296641577e-10 1.441544668523420114e-06 5.018988304072991014e-06 9.744148850440979004e-01 9.876598715782165527e-01 1.089345147420317517e-08 7.600914686918258667e-03 2.370405649543272375e-09 3.054611956172098575e-13 7.804928259247390088e-09 1.537275693408446386e-07 4.366918292362242937e-04 2.037376863881945610e-03 1.791092500980084878e-07 1.122076082538114861e-05 5.122989750816486776e-05 7.955499313538894057e-06
3.652377269440336416e-14 1.328801790823064266e-10 2.782334258821794748e-12 7.428280923704733141e-08 6.317089629170880016e-10 5.604868638329207897e-04 9.999980926513671875e-01 9.558840829981818388e-09 2.659652009606361389e-02 4.562475072224236872e-13 4.069457309107890608e-14 1.357037052174270286e-11 3.553774607922832729e-09 4.101387690752744675e-03 6.913021206855773926e-03 1.741372157582077307e-09 3.604626981541514397e-04 3.418013875489123166e-05 4.240242105879588053e-06
4.079786231070414715e-10 2.036493543244866089e-11 9.264028990273436709e-15 2.874740403058240190e-06 8.292733400594443083e-05 7.163622416555881500e-03 9.998522996902465820e-01 9.389108379664889981e-10 3.591151426007854752e-06 6.321292858046945184e-06 2.184499691504514685e-16 1.014945610222639516e-05 3.888484570779837668e-06 1.508826619200931418e-09 4.136067218496464193e-05 3.056277364521520212e-06 1.395153867633780465e-05 2.267149881163277314e-07 7.930496259689334693e-10
7.284217048436403275e-03 9.720663656480610371e-04 3.043889300897717476e-03 5.545077919960021973e-01 8.995973039418458939e-04 4.659512937068939209e-01 9.387233108282089233e-02 2.081783115863800049e-02 2.756430534645915031e-03 1.942062526941299438e-01 8.832942512526642531e-06 6.178804324008524418e-04 1.419531647115945816e-02 2.652425691485404968e-02 8.779109716415405273e-01 3.286829160060733557e-04 4.760854691267013550e-02 3.124574571847915649e-02 9.395396773470565677e-05
7.163544185459613800e-03 7.976543201948516071e-06 4.439751322138363321e-08 9.977638721466064453e-01 2.507642875571036711e-06 6.367972237057983875e-04 1.120041270041838288e-04 2.445308200549334288e-04 1.318860853860570614e-10 9.999897480010986328e-01 1.360910273362492262e-10 1.470193965360522270e-03 3.361790440976619720e-03 2.224111170789910830e-07 5.255327560007572174e-04 9.756816325534600765e-06 3.350189581396989524e-05 7.286260370165109634e-05 3.234133230320401786e-12
4.435870796442031860e-03 2.056805649772286415e-03 9.530471870675683022e-04 3.083815611898899078e-02 8.862420916557312012e-03 9.892940521240234375e-01 2.134207449853420258e-02 2.164821373298764229e-03 3.123924881219863892e-02 1.316401362419128418e-02 1.953829087142366916e-05 6.374922231771051884e-04 6.581713911145925522e-03 1.722559891641139984e-02 5.923287272453308105e-01 3.418215492274612188e-04 1.012862846255302429e-02 2.920635044574737549e-02 1.971459249034523964e-03
4.359286265298578655e-09 1.258188007113858475e-07 6.147775066800420518e-10 2.399516176865290618e-07 1.157530050477362238e-06 1.000000000000000000e+00 8.734009497857186943e-06 2.010232535987199753e-10 4.268391057848930359e-04 3.274170101708051561e-10 2.466445857654439274e-16 4.558763089246298250e-12 3.263360914829149806e-09 8.269856334663927555e-05 2.093073213472962379e-03 3.533689660328853677e-11 1.198895205334338243e-07 1.676518877502530813e-05 2.396435547780129127e-07
3.985502989962697029e-04 1.326278553648307934e-08 5.360158999057236529e-14 1.322671741945669055e-04 9.774775505065917969e-01 2.961768430509437167e-08 9.980247020721435547e-01 2.995910464154150077e-11 1.179167926311492920e-01 4.692036204012595135e-10 1.905725710571459786e-08 7.355513572692871094e-01 2.247456087900445709e-08 2.068146348621624497e-10 1.488182306275120936e-07 2.317072264850139618e-02 1.208888206747360528e-04 3.256776381022064015e-06 1.238447930518304929e-05
1.924279846576837372e-09 4.788647603448659140e-11 3.281430659876689243e-20 2.126901155197202797e-10 4.472265485674142838e-03 4.631794670029165673e-10 9.999998807907104492e-01 1.842448490933898571e-15 9.198072552680969238e-01 7.551412566000198501e-14 1.935257336327378397e-11 4.514835402369499207e-02 1.645664507443633795e-11 8.731573407014248112e-13 5.488981713597240741e-09 3.298619776614941657e-05 2.278177362313726917e-07 6.081386061396187870e-08 1.658280234551057220e-04
1.726367486298840959e-06 2.785141361982823582e-07 1.656543090939521790e-02 3.099786583334207535e-03 4.287145659327507019e-02 1.094439198823238257e-06 9.745974540710449219e-01 3.912085085175931454e-04 7.345343328779563308e-05 1.435874000890180469e-04 3.926444058777178725e-09 8.913765847682952881e-02 8.918310049921274185e-04 7.636859663762152195e-06 1.026752670441055670e-05 1.549703627824783325e-01 1.305820345878601074e-01 6.090619717724621296e-04 1.384790039082872681e-06
9.493095198820356018e-11 2.736556052695959806e-05 1.723993580238344838e-15 3.083344995975494385e-01 3.987229035828931956e-07 7.389575062966002861e-12 9.999989271163940430e-01 1.403298170998823480e-07 4.548660945147275925e-03 4.443012364269138814e-12 9.961376434830526705e-08 1.538680294288496953e-08 1.546609951219579671e-08 6.496740388683974743e-04 2.963812585221603513e-05 3.920503786503104493e-06 3.373194485902786255e-03 9.570330083974454283e-10 6.302767019406019244e-07
1.519068722169739717e-17 3.569313594686818192e-11 6.334809175836157292e-19 1.288362545892596245e-05 8.637842524583660975e-11 1.468500689782535477e-17 1.000000000000000000e+00 2.997581987074227072e-07 5.167596128785589826e-09 1.786660486224889155e-09 1.069611077056983450e-15 2.054130163742229342e-07 4.054849682688654866e-07 5.975022077109315433e-08 3.422897876248498505e-08 3.188481787219643593e-05 1.217042580246925354e-01 2.577110226609224952e-11 1.110542907634126664e-11
8.421322490903548896e-06 1.197902092826552689e-04 1.015181805996689945e-05 2.194236814975738525e-01 3.036700582015328109e-05 8.597380656283348799e-06 1.745071709156036377e-01 4.733253270387649536e-02 1.334520784439519048e-04 4.695907409768551588e-04 2.635279656715283636e-07 8.663850167067721486e-05 1.172140124253928661e-03 4.915241152048110962e-02 3.028729185461997986e-02 7.954376633279025555e-04 9.857321381568908691e-01 9.127088189125061035e-01 1.214677467942237854e-05
7.679415830352809280e-06 1.006009333650581539e-04 2.449775365676032379e-06 6.243827342987060547e-01 1.664148294366896152e-05 3.739091880561318249e-06 9.579122066497802734e-02 5.429916828870773315e-02 2.391383713984396309e-05 3.533872077241539955e-04 3.407277660016916343e-08 2.286588642164133489e-05 9.905979968607425690e-04 7.453788071870803833e-02 4.532485082745552063e-02 2.536632528062909842e-04 9.889340996742248535e-01 9.205957055091857910e-01 1.920720251291641034e-06
1.737496204441413283e-04 4.152465262450277805e-04 2.294607693329453468e-04 4.191226065158843994e-01 1.393823768012225628e-04 3.951903781853616238e-04 5.207244753837585449e-01 7.904432713985443115e-02 8.112565265037119389e-04 1.064557465724647045e-03 3.737861788977170363e-06 6.707350257784128189e-05 6.004432216286659241e-03 6.312074512243270874e-02 2.704300582408905029e-01 5.696135922335088253e-04 9.526672959327697754e-01 5.254370719194412231e-02 1.389444805681705475e-04
2.541592984925955534e-04 9.497924474999308586e-04 1.773308904375880957e-04 2.012140583246946335e-03 2.873840974643826485e-03 9.968150258064270020e-01 5.853737890720367432e-02 1.692721998551860452e-04 4.635120555758476257e-02 1.336975110461935401e-04 5.123371238369145431e-07 4.013772922917269170e-05 3.698604996316134930e-04 1.844429224729537964e-02 6.256925314664840698e-02 8.042006811592727900e-05 1.716169412247836590e-03 9.494866244494915009e-03 2.369042253121733665e-03
7.220564293675124645e-05 5.667714285664260387e-04 3.024867910426110029e-04 3.659617141238413751e-05 9.126081131398677826e-03 9.998968839645385742e-01 1.612309017218649387e-03 3.109259750999626704e-06 1.800170540809631348e-01 2.882929402403533459e-04 3.124548300093010766e-07 2.150271029677242041e-04 9.339175448985770345e-05 1.379660679958760738e-04 4.039593040943145752e-03 2.075944939861074090e-04 1.073163002729415894e-04 1.806974294595420361e-03 1.251613795757293701e-01
2.303282497450709343e-03 8.191143570002168417e-05 6.281024980125948787e-06 5.537706613540649414e-01 1.117026507854461670e-01 9.646487832069396973e-01 1.155041754245758057e-01 3.927469879272393882e-05 6.927814334630966187e-02 1.130388918682001531e-04 3.321363806207955349e-07 1.619789109099656343e-04 4.174773348495364189e-04 3.068337100557982922e-04 2.616912126541137695e-02 5.693681887350976467e-04 8.822126314043998718e-03 1.159386429935693741e-02 2.248033415526151657e-04
8.434603810310363770e-01 4.621418118476867676e-01 4.357847571372985840e-02 2.447355724871158600e-02 2.795911580324172974e-02 1.975951017811894417e-03 1.156005412340164185e-01 2.833851277828216553e-01 1.624403707683086395e-02 7.972318679094314575e-02 5.874801892787218094e-03 2.288638800382614136e-01 8.075204491615295410e-01 1.395063847303390503e-02 8.107109460979700089e-04 6.832903623580932617e-02 1.469312235713005066e-02 3.847144916653633118e-02 1.902032271027565002e-02
4.228520822380232858e-08 2.962648348869834081e-09 2.966132764750661899e-12 2.652501052580191754e-06 9.860608261078596115e-04 1.000000000000000000e+00 4.804693389814929105e-07 1.169345436452529086e-12 6.128714303486049175e-04 3.878072529772680355e-09 4.389155855477925531e-16 2.540619936652888100e-10 2.973455481836140279e-09 2.017355882344418205e-08 5.068135124020045623e-06 4.124424801688064690e-09 1.302873471331622568e-07 4.100321893929503858e-05 5.871090280606949818e-08
2.612907564980559982e-06 5.584240716416388750e-05 7.376688699878286570e-07 2.056460361927747726e-03 5.170074873603880405e-04 3.778583959501702338e-06 9.971455931663513184e-01 1.649898104369640350e-02 4.764098557643592358e-04 1.424558926373720169e-02 1.139843789133010432e-05 6.541850417852401733e-02 1.329004205763339996e-02 3.473184769973158836e-04 1.923704636283218861e-03 6.807920336723327637e-02 3.394015133380889893e-01 9.690707665868103504e-04 1.896215690067037940e-04
2.658325456650345586e-06 5.640334347845055163e-05 7.353874593718501274e-07 2.030008239671587944e-03 5.208386573940515518e-04 3.834045401163166389e-06 9.970756769180297852e-01 1.676872000098228455e-02 4.731718800030648708e-04 1.502847857773303986e-02 1.150610205513658002e-05 6.748025119304656982e-02 1.342397741973400116e-02 3.383433795534074306e-04 1.880781841464340687e-03 6.947911530733108521e-02 3.359668850898742676e-01 9.769938187673687935e-04 1.885664532892405987e-04
6.049876901670359075e-07 2.365957152505870908e-05 1.847787416409119032e-07 1.104500843212008476e-03 2.207763754995539784e-04 1.202883481710159685e-06 9.990274906158447266e-01 7.481052074581384659e-03 3.734973142854869366e-04 3.255222458392381668e-03 3.939096131944097579e-06 2.595387957990169525e-02 9.218903258442878723e-03 2.411408058833330870e-04 1.377653214149177074e-03 3.611591458320617676e-02 3.432593941688537598e-01 3.571629640646278858e-04 1.184867142001166940e-04
1.605581343173980713e-01 1.873995214700698853e-01 1.238026767969131470e-01 1.156909316778182983e-01 7.137351483106613159e-02 1.680621206760406494e-01 5.447410345077514648e-01 2.401935458183288574e-01 2.316078394651412964e-01 1.608334034681320190e-01 5.001372843980789185e-02 1.698364019393920898e-01 1.836507320404052734e-01 1.033288314938545227e-01 1.388885229825973511e-01 1.049867197871208191e-01 1.769931167364120483e-01 1.707258224487304688e-01 1.813045442104339600e-01
1.917298050102544948e-06 7.114622712833806872e-05 3.763738050110987388e-07 2.733593806624412537e-03 5.573865491896867752e-04 8.607430572737939656e-06 9.986770749092102051e-01 5.878053139895200729e-03 1.039567985571920872e-03 3.486522706225514412e-03 8.711283044249285012e-06 2.202572114765644073e-02 1.176451891660690308e-02 4.444231162779033184e-04 2.500371308997273445e-03 3.490050882101058960e-02 1.944345980882644653e-01 6.403682054951786995e-04 2.364708198001608253e-04
3.612996079027652740e-03 3.644066629931330681e-03 8.451802134513854980e-01 3.220533952116966248e-02 9.604869037866592407e-02 2.683298080228269100e-04 6.886987090110778809e-01 1.403563320636749268e-01 2.189164981245994568e-03 1.008049696683883667e-01 1.046307515935041010e-04 3.148620128631591797e-01 7.630753517150878906e-02 6.945006083697080612e-03 2.113120630383491516e-03 3.504121601581573486e-01 2.575160264968872070e-01 8.707568049430847168e-03 9.889114880934357643e-04
