7.877908956288592890e-07 6.605263024539453909e-06 4.593098168470532983e-08 7.257226854562759399e-02 1.629441510885953903e-03 2.327904985577333719e-05 9.992685914039611816e-01 1.265619212063029408e-04 3.128757467493414879e-03 4.657568933907896280e-05 4.859308546656393446e-07 1.212837290950119495e-03 3.807987668551504612e-04 4.005988594144582748e-04 6.348654162138700485e-03 6.413893308490514755e-03 5.414767563343048096e-02 4.381612234283238649e-04 3.585459489841014147e-05
2.771662366285454482e-06 2.581367937182221795e-07 3.891810429479392042e-09 9.437376260757446289e-01 3.178208367899060249e-03 2.337352139875292778e-03 9.927368164062500000e-01 1.096288087865104899e-06 2.622832544147968292e-03 4.642598128157260362e-08 1.468528354475751030e-10 1.032891077556996606e-06 6.365259650920052081e-06 5.736159801017493010e-05 5.500406399369239807e-02 1.869772859208751470e-05 1.094704028218984604e-02 1.843761492636986077e-05 4.552798600343521684e-07
5.777950207175308606e-08 1.098907276286809065e-08 8.819640157087249577e-11 9.428242444992065430e-01 3.383554576430469751e-04 2.416812640149146318e-04 9.989371895790100098e-01 9.358668506820322364e-08 5.391052109189331532e-04 1.076191358251321617e-09 1.165655571198909168e-12 3.176877072519346257e-08 6.300609811660251580e-07 1.817808515625074506e-05 3.242772817611694336e-02 1.598341555109072942e-06 6.699482444673776627e-03 1.642611664465221111e-06 2.368328111401751812e-08
1.146235018968582153e-01 3.194874525070190430e-02 3.180420957505702972e-03 9.431527256965637207e-01 2.129082530736923218e-01 9.442397393286228180e-03 4.668892323970794678e-01 2.454939857125282288e-02 3.234940022230148315e-02 2.282753400504589081e-02 1.877827569842338562e-03 3.662982955574989319e-02 3.625167906284332275e-02 2.819331362843513489e-02 4.782109707593917847e-02 7.222392410039901733e-02 1.437777727842330933e-01 4.146328195929527283e-03 2.370632719248533249e-03
4.716401919722557068e-02 2.528109028935432434e-02 4.001254681497812271e-03 8.748866319656372070e-01 1.028623208403587341e-01 7.645038422197103500e-03 6.061554551124572754e-01 3.763873875141143799e-02 2.667224965989589691e-02 3.957490250468254089e-02 1.108252443373203278e-03 3.285361081361770630e-02 4.920092970132827759e-02 3.005202487111091614e-02 7.094553858041763306e-02 5.775201693177223206e-02 1.746875196695327759e-01 5.251953843981027603e-03 1.926185563206672668e-03
1.535380572681432909e-10 3.530859979394840309e-11 7.755865784212371606e-17 3.200947503501083702e-06 2.831510007381439209e-01 4.289821102509971951e-12 9.999996423721313477e-01 6.809322203316092725e-12 4.149885103106498718e-02 8.010968190891309959e-13 2.627736694904569958e-09 2.813647985458374023e-01 6.958298381931626864e-09 5.174001158070318240e-11 1.278952481698070187e-07 2.949874661862850189e-02 3.805349697358906269e-04 5.710205073228280526e-07 6.157321195132681169e-07
6.492871642112731934e-01 3.993085324764251709e-01 1.889660954475402832e-02 5.050740391016006470e-02 8.519245684146881104e-02 4.845966119319200516e-03 3.198289871215820312e-01 2.923312187194824219e-01 3.102229721844196320e-02 2.370125055313110352e-01 3.549462929368019104e-02 4.705764055252075195e-01 5.763690471649169922e-01 1.406895089894533157e-02 4.516757559031248093e-03 1.600162982940673828e-01 7.086511701345443726e-02 6.262127310037612915e-02 3.230403363704681396e-02
3.513037808518162247e-15 6.750386382682604935e-14 5.073526827378200278e-20 2.280784792674239725e-05 5.199661927690613084e-07 2.759810990848876600e-10 1.000000000000000000e+00 1.331536096660368429e-11 1.453739031376244384e-07 9.165583222947581987e-12 2.100400922084229483e-19 4.727063895870742272e-08 2.094236073446609225e-08 1.878911692898554975e-09 7.734060091024730355e-06 3.542630508945876500e-07 2.310129784746095538e-04 3.463083708687975104e-10 4.569244288488150119e-12
6.474840108516843884e-11 3.239640733454507426e-08 8.418443622325993969e-14 2.450424071867018938e-04 3.625239332905039191e-05 2.666760394731682027e-07 9.999996423721313477e-01 1.240263802770869006e-08 1.792111992835998535e-02 1.453646925053675432e-10 2.644009178265349647e-10 3.322990096421563067e-06 1.689526669679253246e-07 2.246408439532388002e-05 8.450191235169768333e-04 7.618982635904103518e-05 2.888762392103672028e-04 1.866496972979803104e-06 2.184145614592125639e-06
4.531106299054954434e-07 2.200532890128670260e-06 9.358182673224746395e-09 5.626313577522523701e-05 4.159396121394820511e-05 3.055237982607650338e-07 4.946278929710388184e-01 4.741469025611877441e-02 8.946859679781482555e-07 9.984689354896545410e-01 2.732165285124210641e-07 8.597800135612487793e-01 7.741263252682983875e-04 7.565064947812061291e-07 5.109395260660676286e-06 4.031175673007965088e-01 2.489672973752021790e-02 1.164034940302371979e-03 1.055558129792188993e-07
1.288254861719906330e-03 2.104364102706313133e-03 4.934307071380317211e-04 4.713753238320350647e-02 9.664957411587238312e-03 1.060382695868611336e-03 8.301223516464233398e-01 1.701335310935974121e-01 2.948607550933957100e-03 5.783596634864807129e-01 5.531552596949040890e-04 3.469578027725219727e-01 5.742853507399559021e-02 4.566503688693046570e-03 2.541534602642059326e-02 2.212530672550201416e-01 3.504568338394165039e-01 6.029728055000305176e-02 1.250738860107958317e-03
4.224716499447822571e-02 2.630377653986215591e-03 9.641675205784849823e-06 1.057897577993571758e-03 2.861363813281059265e-03 7.279663259396329522e-05 3.128470107913017273e-02 3.858439624309539795e-02 2.601355845399666578e-05 9.861517548561096191e-01 1.435802842024713755e-04 6.038401722908020020e-01 2.474262267351150513e-01 5.419587523647351190e-06 9.124555617745500058e-06 1.505403667688369751e-01 1.717919367365539074e-03 1.231428515166044235e-02 3.883118552039377391e-05
2.313460527147981338e-06 2.522733966170420672e-10 1.400110389353386212e-16 9.999729394912719727e-01 2.589029669761657715e-01 2.237410626548808068e-06 9.854975342750549316e-01 5.768394442662305721e-11 5.716114537790417671e-04 5.318251394825779244e-11 4.033387935708371286e-13 3.132922756776679307e-06 5.607510900063061854e-09 3.586651642351057490e-09 1.878291077446192503e-04 7.327014463953673840e-05 4.382771730888634920e-04 6.697616239392800708e-09 4.721085744563424669e-10
1.380308094667270780e-04 1.777955617399129551e-06 5.293460114685899498e-10 8.745735394768416882e-04 1.415307670831680298e-01 7.009210548858391121e-06 7.359933853149414062e-02 1.149691161117516458e-04 1.411936665363100474e-07 9.983313679695129395e-01 1.302607266495670046e-08 9.863076806068420410e-01 2.834687475115060806e-04 1.769929625083932478e-08 1.103821105630231614e-07 4.465196728706359863e-01 1.141099928645417094e-04 1.955176558112725616e-04 3.155016470302030029e-09
1.510141032667888794e-06 2.147887978587448288e-10 1.353830567617231306e-12 9.999998807907104492e-01 1.355804852209985256e-04 4.942005872726440430e-01 1.056966721080243587e-03 1.708140517919787271e-09 2.061925260932184756e-05 4.903946693168848014e-11 1.863525092646419119e-17 3.141612946351568514e-13 1.762306389707646304e-08 4.485219662342387892e-08 2.349352696910500526e-03 8.622751401787809300e-10 1.299445575568825006e-04 1.147362311826327641e-07 1.139583826609280592e-11
2.257764873340265586e-18 1.154322676940461312e-13 1.854453242602306382e-19 5.652415757673168173e-10 1.596471754794492881e-08 6.176070072028139180e-12 1.000000000000000000e+00 3.838878000206324970e-12 2.245111614465713501e-01 1.047192338404648662e-14 9.427473314808573757e-14 1.390017416724731447e-07 2.086435468839908935e-10 4.616485860253760620e-09 8.749263429308484774e-07 8.269332283816765994e-06 1.104062903323210776e-05 1.719393054600004689e-07 2.996490024997910950e-07
2.701457191278677783e-08 3.449525109999740380e-09 7.895521056074973620e-15 9.854904448047818732e-08 8.053172379732131958e-03 1.003612123895436525e-05 9.999874830245971680e-01 1.106778904635952188e-11 8.235016465187072754e-01 1.551649919662168031e-09 4.240510720343593221e-10 2.234335616230964661e-02 1.213137945654807481e-08 1.552496686763049638e-09 1.802310180210042745e-06 2.653340052347630262e-04 2.683696038729976863e-06 1.798127232177648693e-05 4.849040415138006210e-04
5.973178895946062994e-11 1.945204761155672202e-11 3.195592928300173359e-17 4.005225093806075165e-07 3.723094984889030457e-02 9.562270406604511663e-07 9.999984502792358398e-01 1.145117421025299009e-12 3.148384690284729004e-01 1.205021499250946704e-10 1.741068227090192266e-11 1.863894239068031311e-02 9.632930897396363434e-09 1.004025543260844699e-10 5.905602051825553644e-07 2.621812280267477036e-03 1.521961962680506986e-06 2.351358261876157485e-06 1.423151843482628465e-06
9.999997615814208984e-01 1.071518361568450928e-01 7.239280789411717265e-13 2.397417090833187103e-03 4.927439987659454346e-01 1.373757607236320011e-13 2.863096306100487709e-03 4.775024535774718970e-06 6.856645029529317981e-08 4.467799463725441456e-09 3.541570094967028126e-07 4.628059566020965576e-01 1.760776794981211424e-04 1.469306099011191691e-08 2.689028910836128300e-14 2.247374686703551561e-05 8.083285365501069464e-07 6.436091243289254749e-11 1.181821396301074856e-08
2.999583445489406586e-02 1.362808325211517513e-05 1.134911435662910861e-11 1.107875618799880613e-06 2.033960074186325073e-01 1.452939613955095410e-06 9.954835176467895508e-01 1.469249055752186450e-09 7.444195747375488281e-01 5.830646898630220676e-08 2.512020500944345258e-06 7.087920904159545898e-01 4.006928691069333581e-07 2.348086391990023003e-09 7.437340343585674418e-08 7.090079598128795624e-04 4.222570350975729525e-05 2.433733470752486028e-06 2.676714770495891571e-02
9.396511912345886230e-01 4.521941840648651123e-01 1.261707581579685211e-02 4.528070334345102310e-03 8.731729350984096527e-03 1.717019767966121435e-04 4.426770284771919250e-02 1.926443874835968018e-01 3.727830946445465088e-03 2.494307234883308411e-02 6.331755430437624454e-04 1.658143401145935059e-01 9.095265865325927734e-01 2.742819488048553467e-03 3.829300112556666136e-05 2.670823596417903900e-02 2.415323629975318909e-03 1.060984469950199127e-02 5.120587069541215897e-03
6.889271140098571777e-01 4.773212075233459473e-01 1.293899714946746826e-01 1.012841239571571350e-01 7.647547870874404907e-02 1.610131002962589264e-02 2.528995871543884277e-01 3.853974640369415283e-01 5.947998538613319397e-02 1.913851648569107056e-01 4.056387022137641907e-02 3.008439540863037109e-01 6.458523869514465332e-01 5.652023106813430786e-02 1.228659413754940033e-02 1.446132659912109375e-01 7.123605161905288696e-02 1.120046898722648621e-01 5.992999672889709473e-02
5.711029171943664551e-01 4.969957172870635986e-01 1.810172796249389648e-01 1.765042692422866821e-01 8.759474009275436401e-02 2.357955276966094971e-02 3.796374797821044922e-01 4.628461003303527832e-01 9.077350050210952759e-02 1.998459994792938232e-01 8.963784575462341309e-02 2.761830687522888184e-01 4.589360654354095459e-01 1.076214388012886047e-01 3.704479709267616272e-02 1.598694473505020142e-01 1.535516828298568726e-01 1.374637037515640259e-01 6.909004598855972290e-02
9.997408986091613770e-01 2.439603582024574280e-02 1.004083494409065136e-13 7.611362234927199211e-11 1.389193204914818125e-09 3.335767533929838216e-18 9.816512047677861119e-10 3.796626515395473689e-06 1.257374418956950905e-17 3.837619733531028032e-04 1.822817284771418482e-16 4.794572889804840088e-01 9.999997615814208984e-01 4.066933405034956969e-15 6.494308383175780365e-22 3.857808678731089458e-06 3.879185164144252282e-15 1.744501560096978210e-06 1.217710489192190548e-14
9.999932050704956055e-01 4.368248879909515381e-01 1.258103343726446610e-10 1.290924811492288882e-09 1.159525027105701156e-07 8.851366714469758364e-16 3.221122995000769151e-07 3.525775682646781206e-04 1.609318147494098739e-12 1.844864186750783119e-06 3.999715665549581634e-14 1.216477900743484497e-01 9.999914169311523438e-01 1.315123149270291947e-10 7.908014160080986560e-19 3.617184802351403050e-06 8.485611519004621073e-12 6.833815291429345962e-07 1.173425766276547932e-11
9.999221563339233398e-01 4.466982483863830566e-01 1.587550535475656943e-08 8.222216507647317485e-08 2.650518581504002213e-06 1.115541903642935928e-12 9.009552741190418601e-06 2.162891905754804611e-03 6.548580011589422156e-10 2.483695243427064270e-05 2.475132598878104773e-11 1.374625563621520996e-01 9.998930692672729492e-01 1.304790497869134924e-08 4.482201895338218389e-15 4.275684841559268534e-05 1.762550994044431718e-09 1.006943693937500939e-05 2.556877154447079192e-09
5.277066957205533981e-03 1.686522737145423889e-03 9.999512434005737305e-01 9.998464584350585938e-01 1.615715300431475043e-04 1.728633797029033303e-04 1.227959292009472847e-03 5.042104516178369522e-03 1.669410067961507593e-07 1.761633320711553097e-04 6.701566803712921683e-07 2.071307250162135460e-07 4.640208184719085693e-02 2.774723768234252930e-01 1.166129037737846375e-01 7.839734898880124092e-04 4.259093548171222210e-04 1.077837795019149780e-01 2.704424844068853417e-07
6.238278782433326342e-10 1.106278498068911671e-15 2.646451707863982323e-17 1.000000000000000000e+00 2.007586097363400768e-09 4.807275831699371338e-01 5.343924414091816288e-08 4.160661398744380790e-12 1.386212117315821502e-10 2.337788911565240324e-14 1.107690711201546713e-27 5.512446409714078671e-22 2.767452586538432513e-11 2.150774003339961382e-10 1.586226513609290123e-03 3.765330912901710281e-16 1.581980200171528850e-07 1.541247485192798194e-08 2.685644259409538415e-19
5.026555061340332031e-01 8.028468000702559948e-04 1.366882429465476889e-07 9.999902248382568359e-01 5.939754247665405273e-01 5.554181552724912763e-05 9.223102591931819916e-03 3.876580740325152874e-05 2.093765942845493555e-04 1.057263652910478413e-04 2.663311761352815665e-06 2.695272443816065788e-03 3.857884148601442575e-04 3.014434769283980131e-04 2.102127473335713148e-04 2.005299367010593414e-02 4.744517616927623749e-03 3.788427193285315298e-06 3.070923639825196005e-06
1.977129839360713959e-02 9.543548367219045758e-05 1.864257114903011825e-06 9.909814000129699707e-01 3.459576691966503859e-05 2.806777367368340492e-03 9.280642843805253506e-04 1.609744154848158360e-03 1.737169874616029119e-08 9.998416900634765625e-01 1.555514828055493126e-08 5.175971891731023788e-03 1.080145407468080521e-02 6.269480763876345009e-06 3.009864129126071930e-03 9.697548375697806478e-05 3.121685003861784935e-04 6.035341648384928703e-04 8.233271842073008884e-10
6.173761357786133885e-05 1.168231596238911152e-03 1.560530051847308641e-07 9.999998807907104492e-01 8.472461558994837105e-07 4.247638685228594113e-08 2.331617542949970812e-05 1.997563242912292480e-02 9.192003061486708759e-12 9.617958767194068059e-07 3.646518037612317409e-13 4.440993742454296678e-13 3.129775359411723912e-05 9.978325963020324707e-01 7.986127166077494621e-04 6.918895110175071750e-07 5.096180248074233532e-04 2.429167181253433228e-01 4.122120125706757454e-13
9.126221266342326999e-05 4.529174789786338806e-02 3.299038553450373001e-07 1.378882152494043112e-04 1.912248786538839340e-03 9.644540548324584961e-01 5.586239099502563477e-01 6.431985093513503671e-05 5.693953111767768860e-02 1.745892805047333241e-04 1.845921815402107313e-06 2.026473957812413573e-04 1.285801117774099112e-04 6.885257549583911896e-03 3.152556309942156076e-04 3.232693998143076897e-04 7.728247146587818861e-05 4.434206639416515827e-04 2.890865784138441086e-03
2.892139309551566839e-05 2.373271371092222637e-11 1.465982818172373065e-16 1.870529195002745837e-05 9.951494336128234863e-01 6.096882027017969108e-11 9.970541000366210938e-01 7.693661246283012289e-13 2.051572664640843868e-04 4.282908749875247167e-10 3.975587220539367195e-12 9.892320036888122559e-01 2.260670983744716978e-09 1.202542161985939440e-13 2.320922447285322932e-11 1.461632251739501953e-01 3.104208735749125481e-05 9.435934202883800026e-07 3.200284037774281387e-09
6.312955065368441865e-06 1.261072156921727583e-05 6.465479707173926727e-09 8.087949156761169434e-01 3.057074034586548805e-03 1.384346006716441480e-07 9.971991777420043945e-01 5.008952575735747814e-05 4.914575838483870029e-04 3.416523895793943666e-06 6.334276037023300887e-08 4.884795052930712700e-04 1.574194466229528189e-04 2.707929234020411968e-04 1.637164154089987278e-03 2.391105284914374352e-03 1.008389294147491455e-01 2.541968342484324239e-06 2.794882220769068226e-06
9.488134980201721191e-01 4.176148195256246254e-06 1.020827481700570453e-17 9.996615648269653320e-01 8.976203799247741699e-01 3.491724867143303213e-13 2.137986593879759312e-04 3.997103092956422188e-09 6.621707847841162842e-13 1.963809831067919731e-03 4.909114293457500500e-14 8.059815764427185059e-01 1.563974365126341581e-05 5.054762858280881233e-11 8.907915637762497951e-13 8.615302853286266327e-03 1.671890800025721546e-06 6.438587440982246335e-10 6.770005063345377501e-16
9.955240488052368164e-01 4.351666271686553955e-01 4.455351287901976320e-08 9.997749924659729004e-01 1.186342686414718628e-01 2.240697760669263516e-08 1.105462433770298958e-03 4.214280750602483749e-03 3.678076836877153255e-06 1.730198346194811165e-05 1.967552583664655685e-03 2.388096181675791740e-03 2.519084373489022255e-03 1.248962339013814926e-02 6.022906973157660104e-08 3.346352837979793549e-03 4.707377811428159475e-04 3.266971759785519680e-07 8.200171350836171769e-07
5.225845711720467079e-07 7.568289106529846322e-09 1.512045154881958009e-12 3.067459212616086006e-03 3.333863914012908936e-01 1.455395704397233203e-06 9.997934699058532715e-01 6.621493575664771924e-09 3.352060914039611816e-03 4.675602838233317016e-08 5.528221769246499662e-10 5.485391989350318909e-02 2.370769834669772536e-06 4.999511915571019927e-08 4.649315087590366602e-05 1.630050502717494965e-02 9.362939745187759399e-04 1.940740548889152706e-05 8.254875183411058970e-07
1.018275767564773560e-01 3.522385284304618835e-02 2.512131351977586746e-03 7.931157946586608887e-01 2.468195259571075439e-01 4.235167056322097778e-02 6.318581104278564453e-01 1.816471107304096222e-02 9.060189872980117798e-02 2.162543870508670807e-02 2.371913287788629532e-03 6.003744155168533325e-02 3.296020627021789551e-02 2.311122231185436249e-02 6.718095391988754272e-02 6.986382603645324707e-02 9.001179784536361694e-02 7.704172749072313309e-03 6.209958344697952271e-03
1.270175744139123708e-06 1.214223654955048914e-08 2.898938034068265779e-11 2.629550363053567708e-05 2.552247941493988037e-01 9.999859333038330078e-01 1.144399750046432018e-03 6.977401989516351932e-11 3.940471634268760681e-02 4.395345513330539688e-06 4.700944494784309313e-12 5.385550684877671301e-05 1.926289883158460725e-07 5.024537230724490655e-09 5.500470479091745801e-07 6.879521242808550596e-05 1.902292069644317962e-06 1.573786430526524782e-04 5.498961854755179957e-06
9.651997685432434082e-01 1.603073883416072931e-06 3.335758153701691864e-16 2.037684367905967520e-07 7.865068912506103516e-01 5.339300558621215206e-15 1.619436219334602356e-02 1.702520613378055714e-08 9.051288364647636087e-12 8.936444064602255821e-04 4.762834752785292947e-14 9.995992779731750488e-01 1.258004049304872751e-04 2.587300042112650016e-15 3.412032655829038245e-19 1.087826397269964218e-02 3.425881134333508271e-09 1.158564466585687569e-09 1.442519470843880991e-13
4.902990369259896397e-08 3.531600668793544173e-06 4.293544186850795086e-09 4.035561505588702857e-05 1.226004387717694044e-04 9.156673286270233802e-08 9.999890327453613281e-01 8.501030242769047618e-05 1.526058767922222614e-03 1.211311086990463082e-06 3.652580460311583010e-07 2.336930716410279274e-03 9.443851304240524769e-04 1.142673208960331976e-04 1.688807504251599312e-03 1.950898207724094391e-03 2.205597758293151855e-01 1.274880196433514357e-05 1.757926656864583492e-04
3.536350093781948090e-03 3.051498671993613243e-03 4.289595017326064408e-05 6.322316527366638184e-01 2.513008117675781250e-01 3.207198111340403557e-03 9.628669023513793945e-01 2.407320542261004448e-03 1.412044167518615723e-01 1.380996312946081161e-03 1.746818539686501026e-03 7.934113591909408569e-02 5.497571546584367752e-03 5.725961178541183472e-03 5.120314657688140869e-02 1.568676531314849854e-01 7.306116819381713867e-02 1.188364904373884201e-02 4.216328728944063187e-03
8.056109557230684004e-09 6.333231161725905167e-10 8.030523294955127511e-12 1.513184201940021012e-06 1.757093891501426697e-02 1.323804867808808794e-11 9.952325224876403809e-01 6.847737950010923669e-06 4.809176701314754609e-08 6.308928132057189941e-04 8.660261396897794839e-11 9.930054545402526855e-01 5.245533538982272148e-04 4.007154053020656193e-10 9.818252877380473365e-10 5.990167856216430664e-01 1.878643594682216644e-02 8.300272384076379240e-06 3.056862318828734715e-09
2.406672574579715729e-03 2.528216747066380776e-09 5.134160105521243245e-14 1.899044946185313165e-05 9.919117093086242676e-01 1.216451765706505483e-11 9.492040872573852539e-01 2.624429285003060386e-10 4.664860568937001517e-07 1.904737843005932518e-07 2.254015333755243766e-12 9.986177682876586914e-01 1.783032956836905214e-07 6.790900849464043265e-13 7.893993076400762643e-13 2.318017780780792236e-01 5.921819683862850070e-05 6.871346727166383062e-07 1.217306533352058295e-10
1.144176557593129581e-23 2.822531068482762856e-26 1.797846081581243008e-31 5.975813377120942071e-14 8.449901361018419266e-04 1.572918078937535192e-26 1.000000000000000000e+00 1.078891755670975252e-17 2.638560040860756916e-16 1.508887741315245723e-12 5.597959591278449308e-27 9.999179840087890625e-01 2.343538210713980163e-11 4.616970164291541899e-24 1.728742099444003123e-22 7.795739173889160156e-01 3.917846242984523997e-06 2.318217232760710900e-13 2.434303685451196352e-21
2.722437511549838509e-19 5.011062797824201824e-16 4.735446028203064778e-24 9.999810457229614258e-01 1.130561681599029367e-12 1.968261470963132004e-15 1.000000000000000000e+00 2.047762797546294478e-14 1.553826733946550576e-09 1.046286135754762978e-21 1.591471255426597414e-26 7.208370128452460007e-22 1.270900431334792691e-14 4.105659812125850294e-08 1.662842623773030937e-05 2.395637873730920020e-15 3.733536286745220423e-04 3.918370443531453114e-17 2.934890166487651861e-18
2.926278102677315474e-04 2.591857016086578369e-01 2.657527033989026677e-07 5.746100214309990406e-04 4.785199507750803605e-06 5.540416125882074994e-09 9.050679802894592285e-01 6.555888652801513672e-01 5.573679809458553791e-04 1.507434993982315063e-03 1.178610909846611321e-04 1.588248647749423981e-02 5.977822002023458481e-03 1.181513071060180664e-02 1.195417189592262730e-05 1.423415634781122208e-02 8.710876703262329102e-01 7.260428392328321934e-04 3.862632001983001828e-05
5.843297578394412994e-03 2.760298782959580421e-03 1.831504341680556536e-04 5.020610243082046509e-02 3.241007924079895020e-01 2.946063503623008728e-02 9.445762634277343750e-01 2.254987368360161781e-03 3.682746887207031250e-01 5.223055370151996613e-03 3.578338306397199631e-03 3.136301636695861816e-01 1.025926228612661362e-02 2.815229818224906921e-03 2.786488458514213562e-02 1.658522337675094604e-01 4.131947457790374756e-02 5.612417683005332947e-02 2.567300759255886078e-02
2.248990582302212715e-03 1.227393466979265213e-02 5.745416274294257164e-04 5.338830407708883286e-03 7.275050971657037735e-03 6.458130519604310393e-05 9.545564651489257812e-01 2.387560606002807617e-01 1.295921392738819122e-02 4.105025902390480042e-02 5.421872716397047043e-03 2.635638415813446045e-01 8.749023079872131348e-02 6.024312227964401245e-03 9.777734056115150452e-03 1.530658304691314697e-01 7.387484312057495117e-01 7.009946275502443314e-03 1.874900981783866882e-02
9.872006485238671303e-04 2.015531808137893677e-01 2.686945890673086978e-06 4.467340651899576187e-03 1.369908452033996582e-03 7.708585858345031738e-01 7.282251715660095215e-01 4.695848620031028986e-04 1.034957915544509888e-01 7.807849033270031214e-05 5.859020529896952212e-05 1.508075074525550008e-04 1.280339492950588465e-04 1.202252507209777832e-01 1.477451180107891560e-03 2.553996164351701736e-04 4.311873635742813349e-04 1.029283623211085796e-03 3.394866362214088440e-03
1.220437980009592138e-06 2.223209958174265921e-05 1.463983068106244900e-07 9.981056451797485352e-01 2.132686631739488803e-07 5.436976646677749159e-09 1.003878042101860046e-01 3.772991150617599487e-02 1.591477172269151197e-07 4.361267565400339663e-05 9.530759514930764453e-11 3.747646637464185915e-09 2.143591555068269372e-04 8.327994495630264282e-02 9.358908981084823608e-03 2.046107510977890342e-06 9.927190542221069336e-01 5.294609814882278442e-02 2.661141529358701519e-09
1.258975887950819494e-12 1.379048431005003295e-08 1.277174893621335627e-10 1.057927511283196509e-05 3.434568185411990271e-10 2.754470262988917284e-12 9.997475743293762207e-01 1.537103089503943920e-03 3.171617572661489248e-04 8.616229507651951280e-09 1.008328753826503998e-09 9.088530816825368674e-09 4.529003035713685676e-06 5.157246068120002747e-02 2.260410838061943650e-05 6.724373088218271732e-05 9.841729402542114258e-01 9.996466636657714844e-01 1.339385278242843924e-07
1.898354007323632686e-08 4.652621100831311196e-06 3.098979846072325017e-07 2.454151108395308256e-04 5.653882340084237512e-07 3.901191902855316584e-08 9.904620051383972168e-01 1.581540703773498535e-02 6.483808159828186035e-03 7.086518508003791794e-06 1.103702629734470975e-06 8.116902790789026767e-06 2.380588994128629565e-04 4.994271695613861084e-02 6.323396228253841400e-04 1.532654394395649433e-03 9.070933461189270020e-01 9.976002573966979980e-01 3.755470243049785495e-05
1.262024209913969172e-20 8.330866159522072882e-17 1.207768079984790615e-15 8.146813343046233058e-06 3.326126594998022419e-16 3.438083158257747315e-20 9.999945163726806641e-01 1.767135131558461580e-06 3.798557995926543640e-11 5.377524190915486391e-15 3.811322818772100194e-19 2.166919157401293178e-14 4.135166931096279086e-10 3.768341727550250653e-08 4.213512511341832578e-06 7.079434261036965381e-10 9.999998807907104492e-01 1.504950297714913177e-08 4.343222656522094383e-11
9.999887943267822266e-01 9.743077158927917480e-01 1.050246348222039217e-11 2.189542783526121639e-06 4.378193363407945071e-09 3.192392004027389159e-15 7.128463863637080067e-08 7.047259248793125153e-03 5.780490289989531627e-14 1.277131468668812886e-05 4.635492944354835387e-12 1.141608413308858871e-02 9.997097849845886230e-01 3.057094488667644328e-07 1.075965356099885150e-17 1.595470735082926694e-06 8.812742202657375401e-12 3.631585423136129975e-05 1.227163986747270563e-12
9.999687671661376953e-01 9.999926090240478516e-01 5.439099420422727205e-14 1.141878328780876473e-05 2.251191312356570773e-13 1.263619922094940658e-18 2.887679784180363640e-07 9.150820970535278320e-01 3.414796928297852974e-13 1.943859379016643629e-10 7.939599498685279144e-12 2.568169747974025086e-07 5.558168292045593262e-01 2.423940895823761821e-04 2.316707230550168394e-19 8.727665345986679313e-08 9.589277150112707204e-10 1.276500029234739486e-06 2.963184623802579470e-17
9.999792575836181641e-01 9.999985694885253906e-01 1.706335505562758120e-14 4.908082773908972740e-04 4.024490810050629364e-12 2.812514791919872426e-18 9.316275281889829785e-06 9.844877123832702637e-01 5.020865390115147875e-10 5.404820471385796132e-13 9.718991123008891009e-08 5.963110449869191143e-09 8.134433301165699959e-04 3.453504759818315506e-04 2.939762673885895470e-19 6.736387803130128304e-08 4.068445491611782927e-08 7.686753455971029325e-09 2.300139144092733928e-15
6.418050033971667290e-04 7.401536805673458730e-08 3.013083706149277674e-12 9.998242259025573730e-01 2.278927527368068695e-02 4.243292551109334454e-06 9.584533981978893280e-04 3.889979609539295780e-07 9.026101047138190836e-12 9.997269511222839355e-01 1.707518132963714574e-13 6.377659440040588379e-01 7.727510819677263498e-05 2.070672522336280963e-10 5.886237431695917621e-06 4.569574259221553802e-03 3.664114774437621236e-05 2.331423047507996671e-06 2.309732003978625693e-15
1.780733279883861542e-02 4.260799381881952286e-03 6.278757064137607813e-05 1.516931131482124329e-02 4.717577621340751648e-02 3.219802165403962135e-03 1.686965525150299072e-01 4.910892993211746216e-02 7.007134263403713703e-04 9.751739501953125000e-01 5.606891354545950890e-04 6.995416879653930664e-01 4.476295784115791321e-02 1.892139262054115534e-04 5.824166000820696354e-04 2.855442464351654053e-01 1.449485775083303452e-02 1.762721315026283264e-02 1.666667521931231022e-04
2.136785724360379390e-06 1.559308475407306105e-05 2.249844874313566834e-05 8.983112871646881104e-02 1.371789767290465534e-05 2.951366923298337497e-06 4.796815812587738037e-01 2.981846593320369720e-02 1.010931082419119775e-04 3.430475771892815828e-04 1.733195489350691787e-07 6.669871072517707944e-05 1.233523013070225716e-03 1.201872620731592178e-02 2.177125215530395508e-02 9.276717319153249264e-04 9.921770691871643066e-01 3.601525425910949707e-01 2.763800148386508226e-05
6.174620240926742554e-02 4.409702960401773453e-03 7.306396582862362266e-05 7.808789610862731934e-01 1.149110496044158936e-01 7.050433009862899780e-02 7.638111710548400879e-01 1.556559698656201363e-03 9.194161742925643921e-02 4.224964068271219730e-04 1.295481633860617876e-04 2.890571719035506248e-03 1.923799980431795120e-03 9.817842394113540649e-03 2.628100514411926270e-01 2.090855501592159271e-03 5.965884402394294739e-02 3.101962618529796600e-03 3.014631336554884911e-03
9.999684095382690430e-01 5.142074823379516602e-01 8.204275481205058895e-09 9.991996884346008301e-01 6.982687860727310181e-02 7.058128387305018236e-11 5.722730566048994660e-05 1.182813197374343872e-03 5.191167051776801600e-09 4.819488594876020215e-07 3.709412339958362281e-05 2.994105452671647072e-03 4.949930123984813690e-03 3.881027922034263611e-03 5.100370126243092272e-10 2.529310004319995642e-04 1.328042435488896444e-05 3.628688816093017522e-08 1.863227794274280313e-08
9.842072725296020508e-01 7.222511172294616699e-01 1.025971287162974477e-04 5.851832628250122070e-01 2.663983032107353210e-02 1.188855094369500875e-05 1.997936330735683441e-02 1.124126017093658447e-01 2.520069247111678123e-04 3.784718690440058708e-03 6.225834134966135025e-03 8.956139534711837769e-02 1.984553635120391846e-01 2.796988748013973236e-02 1.870225969469174743e-05 1.056063361465930939e-02 3.144999733194708824e-03 1.064208569005131721e-03 2.084475563606247306e-04
6.248953013709979132e-06 6.725097136950353161e-06 5.894612733038998020e-14 3.328878665342926979e-04 6.115887885016491055e-08 6.342981606621833635e-08 5.112019061925821006e-05 9.407359175384044647e-04 4.725081003548181613e-12 9.999998807907104492e-01 5.203972253120525693e-10 2.184449136257171631e-01 3.146358649246394634e-04 8.870137957472934431e-10 1.004024197115427341e-09 8.626200258731842041e-03 2.977704752993304282e-06 2.475879227858968079e-05 7.696640633853002456e-13
1.181466245725459885e-06 9.771218895912170410e-01 6.420354914382642164e-09 9.038698077201843262e-01 1.147308636983979113e-11 5.404884439313972777e-12 2.112491201842203736e-04 4.228816330432891846e-01 3.020332193983538138e-13 6.780014327745220726e-10 1.437496714544461707e-12 1.357221389582888987e-14 1.136685114033753052e-06 9.999997615814208984e-01 5.654253598663672165e-08 1.367295681120594963e-07 1.312387939833570272e-05 4.251310383551754057e-05 1.298071215403637235e-15
1.458739512600004673e-03 8.680828809738159180e-01 8.141857571899890900e-03 6.670536100864410400e-02 2.672013215487822890e-05 2.815154790878295898e-01 8.570788055658340454e-02 1.207172498106956482e-02 2.566929615568369627e-04 2.758830078164464794e-06 4.947201523464173079e-05 5.174241550776059739e-07 7.085393735906109214e-05 9.894088506698608398e-01 1.197155215777456760e-04 3.530476533342152834e-05 3.251896850997582078e-05 1.848737156251445413e-04 3.188246182617149316e-06
1.622084272456802978e-10 1.973479539507660974e-11 3.915230714080385587e-18 4.295215148886200041e-06 1.266781687736511230e-01 2.647201036154456233e-08 9.999995231628417969e-01 3.930361895318479348e-13 5.162278413772583008e-01 5.015778157396733050e-12 1.147803935230840011e-10 3.927585855126380920e-02 1.537963645326101414e-09 7.792722717114841657e-11 8.084642217909276951e-07 5.280602257698774338e-03 2.463729742885334417e-06 3.073484094784362242e-06 1.125756739384087268e-06
3.568459305824944749e-09 3.457531483341824696e-11 2.773456150575731012e-18 3.466158432274824008e-06 5.446041226387023926e-01 3.886478694425932190e-08 9.999969005584716797e-01 1.277440880940311496e-13 6.585122942924499512e-01 6.101148232462438870e-12 2.203862092819974805e-10 1.744341999292373657e-01 8.343665203192074387e-10 1.668887944505925702e-11 1.933504876205915934e-07 6.172345951199531555e-03 1.573315444147738162e-06 2.421574208710808307e-06 2.393809381828759797e-06
8.297067199958263473e-11 1.322387976898653505e-09 1.865458776220772080e-14 9.040832082973793149e-05 5.083315540105104446e-03 1.467625487805435114e-08 9.999992847442626953e-01 2.068147653133678432e-09 8.001152426004409790e-02 5.143884207470250658e-10 5.469261488144638861e-09 5.394694395363330841e-03 2.846795439381821780e-07 6.581707623354304815e-08 3.177163307555019855e-05 1.547909621149301529e-02 2.880385145545005798e-04 2.368232890148647130e-05 2.896033038268797100e-06
1.848051761044189334e-04 1.942964047193527222e-01 8.182178490301339480e-09 8.997190161608159542e-04 2.707472231122665107e-05 4.909767303615808487e-04 9.988118410110473633e-01 2.034630451817065477e-04 5.058903098106384277e-01 1.558809117341297679e-06 3.619776980485767126e-04 1.372642873320728540e-04 5.935974058957071975e-06 1.707608811557292938e-02 2.903266286011785269e-04 2.389806104474700987e-05 1.763575361110270023e-03 2.341438375879079103e-04 1.205027662217617035e-02
9.998121857643127441e-01 2.089991867542266846e-01 7.289855830094893463e-09 9.999358654022216797e-01 2.316955663263797760e-02 8.470194545751041915e-10 4.533768878900445998e-05 4.560804227367043495e-04 2.322059877712945308e-08 5.055444489698857069e-06 1.422952482243999839e-05 4.280174616724252701e-04 4.341741092503070831e-03 3.151251934468746185e-03 5.016974569116428029e-08 1.594365894561633468e-04 4.228397301631048322e-05 1.260098372313223081e-07 1.314428885734741925e-07
9.999979734420776367e-01 8.936554789543151855e-01 7.420615771164262853e-13 1.164167886599898338e-03 9.665930992923676968e-04 8.044638631458933542e-13 2.154484763741493225e-02 2.013862977037206292e-04 9.385657613165676594e-04 5.199537467248660505e-10 1.361784408800303936e-03 9.907325729727745056e-03 3.538883902365341783e-05 4.209397843624174129e-07 5.871709639771599543e-14 4.471727947930048686e-07 1.324493405263638124e-05 6.621246606552944058e-11 6.450586624850984663e-06
9.587507843971252441e-01 2.402763493591919541e-05 2.128285747507799308e-13 9.949514865875244141e-01 9.809877872467041016e-01 1.920725384296773086e-10 9.092162549495697021e-02 2.157992007312259375e-08 6.016820748300233390e-07 8.828504860503016971e-08 1.452168607585235804e-08 3.719804584980010986e-01 7.128639367692812812e-07 1.053847764609372462e-08 1.257648918340237287e-08 1.870204135775566101e-02 1.468734350055456161e-03 8.031209475234390993e-09 3.257836500569766258e-10
4.437081515789031982e-04 8.972406387329101562e-02 3.941418526665074751e-06 2.677137963473796844e-03 4.356266581453382969e-04 3.114029709649912547e-07 9.685748815536499023e-01 2.344858050346374512e-01 2.134704031050205231e-03 6.462375633418560028e-03 9.136286098510026932e-04 1.202566996216773987e-01 2.109986916184425354e-02 4.222184885293245316e-03 9.547571244183927774e-05 4.803913831710815430e-02 5.929672122001647949e-01 3.188148839399218559e-04 5.592051311396062374e-04
1.526429696241393685e-04 9.939280509740910929e-09 3.856568113903141581e-14 4.841032932745292783e-06 7.522465586662292480e-01 2.587127734265948220e-11 7.650708556175231934e-01 4.025082489533815533e-08 2.740965143743778754e-08 3.772307827603071928e-04 6.547974402276723893e-12 9.993155002593994141e-01 4.616070509655401111e-05 1.073475401451584599e-12 5.587012514955691511e-13 2.465713620185852051e-01 5.647934449370950460e-05 1.605106945135048591e-07 6.506047783849666644e-11
3.859964431418561048e-12 8.582986819081780149e-19 8.656478152699562195e-34 1.133036501806735513e-14 7.039938569068908691e-01 5.216533382015366149e-14 1.000000000000000000e+00 4.416996297563706891e-27 9.884293079376220703e-01 1.799172358368604069e-21 4.498980550960335886e-19 6.186830401420593262e-01 8.708943161918878210e-19 5.198154443198802827e-23 2.093221171177125136e-16 1.173749751615105197e-06 4.403300098675122509e-13 6.196538508002058521e-13 2.139349142282753746e-08
3.584800651879049838e-06 4.753623841224907665e-07 9.532045197602201370e-08 1.350603561149910092e-04 3.157266378402709961e-01 4.020890992251224816e-05 9.994148015975952148e-01 9.810007384203345282e-08 2.882486581802368164e-01 2.167364527849713340e-07 4.238558233282674337e-07 1.345306932926177979e-01 1.022692231344990432e-05 6.753329557795950677e-07 1.937635242938995361e-04 2.023099549114704132e-02 1.512971473857760429e-03 1.901674695545807481e-04 5.266015650704503059e-04
3.627901405396476153e-15 1.353933241562965684e-13 1.801023680806803896e-24 5.557881668210029602e-04 7.954130414873361588e-04 1.858908686702687163e-11 1.000000000000000000e+00 2.594929638445483923e-16 3.768960386514663696e-02 2.971266178387222550e-17 1.170859572220250139e-14 2.100460505971568637e-06 5.142865842390487163e-13 3.446687033004103284e-11 5.017208764002134558e-07 1.613144413568079472e-04 6.463361756914309808e-08 1.881547584403620021e-09 5.722568530153182564e-10
4.517532512545585632e-02 2.147413766806494095e-07 5.245135575870918387e-11 3.645484447479248047e-01 9.762476682662963867e-01 3.278191229583171662e-08 9.020244479179382324e-01 2.124843412332211301e-08 5.085359589429572225e-05 9.607043693904415704e-08 7.065907414727234936e-09 7.852734327316284180e-01 4.238178519244684139e-07 9.970191783281734388e-09 4.083495241502532735e-06 1.025567427277565002e-01 1.625849679112434387e-02 8.753663860261440277e-05 3.416883487261657137e-08
9.998329877853393555e-01 1.282806770177558064e-04 5.592727344606862605e-13 8.947396278381347656e-01 9.933506846427917480e-01 1.432791992689308458e-11 4.249403253197669983e-02 1.617016742727628298e-08 1.737517862920867628e-08 1.440037311617459181e-09 5.675764747081757378e-09 5.035799741744995117e-01 3.101480956502200570e-07 8.793495709369381075e-09 5.951370507517594888e-10 3.850908949971199036e-03 1.405910734320059419e-04 2.430708745393417303e-09 4.790739679960687170e-11
2.116158306598663330e-01 8.956235575396931381e-08 7.762197053737610042e-14 9.324040412902832031e-01 9.895985126495361328e-01 2.517419162018086354e-09 4.513650536537170410e-01 1.579645192428813516e-09 6.610504215132095851e-07 1.757148453407353372e-07 5.223132343301628566e-11 8.032148480415344238e-01 1.382585992359963711e-07 4.448732493500529017e-10 3.859810604467384110e-08 1.143386512994766235e-01 1.947338925674557686e-03 4.405064373713685200e-06 6.756786102846135122e-11
8.310881094075739384e-04 1.233569264513789676e-06 8.213858038175203546e-09 9.594646692276000977e-01 1.566510349512100220e-01 1.501554436345031718e-07 9.767480492591857910e-01 5.122851689520757645e-06 1.480147766415029764e-04 1.719260183108417550e-07 7.858813688699228805e-08 4.741240292787551880e-03 2.644732740009203553e-05 8.859686204232275486e-06 3.985700663179159164e-03 2.636845456436276436e-03 3.865943849086761475e-01 3.524605517668533139e-06 9.250577477359911427e-07
2.205470373155549169e-04 1.447196362747149578e-09 3.964763630251444404e-13 1.198534071445465088e-01 9.416163563728332520e-01 2.085915218330569587e-09 9.932152032852172852e-01 1.648144731802858587e-09 1.444766530767083168e-05 7.134662638463851181e-09 4.779358853124193729e-11 6.249759197235107422e-01 1.675077925256118760e-07 6.783092421080993972e-10 2.805930762406205758e-06 3.498776257038116455e-02 1.105759292840957642e-02 7.320767508645076305e-06 4.498506012140524035e-09
6.437374395318329334e-04 2.889604947995394468e-04 6.859271373116371251e-09 2.905120481955236755e-07 2.314774505794048309e-02 1.839646444068421260e-07 9.981546998023986816e-01 4.729716238216497004e-05 1.101598609238862991e-02 4.281911242287606001e-05 6.068200673325918615e-05 7.196020483970642090e-01 1.153386197984218597e-02 1.552037502960956772e-07 1.116815042223606724e-06 3.607169538736343384e-02 2.022879384458065033e-02 4.085738964931806549e-06 3.987716976553201675e-03
9.968824087991379201e-06 3.360300979693420231e-05 3.994015003172535216e-07 1.976951898541301489e-04 1.478528883308172226e-02 6.571872290805913508e-07 9.990411400794982910e-01 4.786320496350526810e-04 2.469748025760054588e-03 1.258248958038166165e-04 1.686687755864113569e-05 3.066318631172180176e-01 8.654538542032241821e-03 3.338768510730005801e-05 3.014650428667664528e-04 8.651982992887496948e-02 1.468919515609741211e-01 1.862929057097062469e-04 4.345755733083933592e-04
9.858486652374267578e-01 5.335761904716491699e-01 5.420492016128264368e-06 1.314334687776863575e-03 1.713284477591514587e-02 2.943998879345599562e-06 3.363005518913269043e-01 5.568458139896392822e-02 1.193699538707733154e-01 2.355978940613567829e-04 4.088200256228446960e-02 1.148000881075859070e-01 7.265999168157577515e-02 2.426974824629724026e-04 2.475593191775260493e-06 3.558912081643939018e-03 2.277205511927604675e-02 1.451741991331800818e-04 4.758832603693008423e-02
6.284133200514917944e-15 1.033774992720282171e-06 3.623827340288353948e-19 4.839449374571813678e-08 2.022364914422425386e-11 4.389137497895490014e-09 1.000000000000000000e+00 2.236196339211460327e-09 1.642417907714843750e-01 2.089090085614247506e-15 1.462403462215711158e-11 9.326059022263244458e-12 1.332313426249953636e-11 1.100976485759019852e-02 2.686364268811303191e-06 1.042706476717114583e-09 9.779023457667790353e-06 8.833548577058536466e-07 2.593018962215865031e-06
7.361839138514750247e-14 7.667078898521140218e-05 2.181049093103589010e-19 1.996249068270117277e-07 1.989189195306106939e-11 1.943376304325283854e-07 1.000000000000000000e+00 2.189784575890030283e-09 6.108530238270759583e-02 3.774147572970561887e-15 1.186148748666404629e-11 2.691771718715818551e-12 3.087197381415607289e-12 8.685687184333801270e-02 1.168948031704530877e-07 2.727699732751887041e-10 4.659204932977445424e-07 5.169619399225666712e-08 2.776183407604548847e-07
9.164107805936794193e-10 1.393566131591796875e-01 3.590934177072867273e-14 9.038408279593568295e-06 2.269336107918462631e-10 9.560334729030728340e-05 9.999694824218750000e-01 1.010288997349562123e-06 1.015872508287429810e-02 6.210646146670439904e-12 4.344660187172166843e-09 5.096137747906404059e-11 3.157157868471927031e-10 9.030696749687194824e-01 1.003031684376765043e-07 2.906570539806807574e-09 9.130701528192730621e-07 1.851482949177807313e-07 2.242506695893098367e-07
4.134863024890522709e-12 3.593719810623952071e-08 8.861798962830555459e-14 9.999997615814208984e-01 5.076203739577851703e-14 7.321230017919038617e-18 7.329549640417098999e-02 2.442175988107919693e-03 8.594562236376168674e-13 3.479072863132870452e-10 9.046786471552379921e-19 5.400166427979068718e-19 7.805736146337949322e-08 3.018099963665008545e-01 7.215591267595300451e-06 9.106112565382407098e-12 9.994072914123535156e-01 4.271474608685821295e-05 1.453054845466006297e-16
6.748919258825480938e-05 1.079575886251404881e-04 5.353749088499171194e-08 9.999998807907104492e-01 2.628876063681673259e-05 3.891454269933092291e-09 2.147671952843666077e-02 1.421568216755986214e-03 1.489593842052272521e-06 2.796991338982479647e-06 3.914778279323627430e-09 6.686075026962612355e-10 1.133782934630289674e-04 1.505168806761503220e-02 9.644824604038149118e-05 5.030407464801101014e-06 2.505165636539459229e-01 1.090488979116344126e-07 2.157710898842424285e-09
7.564761089241388048e-18 5.398404082460896928e-16 3.653784151461056406e-18 1.933419298438820988e-06 5.614557777033901687e-11 8.248072245804599002e-19 1.000000000000000000e+00 4.511099549464603342e-10 1.644420599689055962e-09 2.744244076991879952e-16 1.848402411251602156e-17 8.813225704784599657e-09 2.056417924833908728e-09 5.768551747387107298e-10 8.101288585748989135e-06 2.283283784265677241e-08 9.980536699295043945e-01 4.257566521559397188e-12 1.999849730260905289e-10
1.656014388118354219e-11 4.873061065779893397e-09 3.360657085949014800e-09 5.567978855758326517e-10 1.826492068701668359e-09 3.831333287962479517e-06 9.999893903732299805e-01 1.271926919343968621e-07 9.715484976768493652e-01 5.858007967596279286e-10 5.606719533091109042e-09 2.371164811165726860e-07 1.331693155748325808e-08 5.034804644310497679e-07 1.215436532220337540e-05 1.982728861094074091e-07 3.918013535439968109e-03 4.800621885806322098e-03 5.025557875633239746e-01
7.918534941251872961e-15 6.304627653275218790e-11 5.668853407525542565e-12 7.252454713169154132e-12 7.875274217472583160e-12 1.541096805723896068e-09 1.000000000000000000e+00 1.899328161414359784e-08 9.908760786056518555e-01 9.891356397145889545e-13 4.124934283034065174e-10 6.074810432465937993e-09 2.029197365693846677e-10 1.363603843174132635e-07 1.646345594963349868e-06 7.159965065284268348e-09 1.307071745395660400e-02 2.501502633094787598e-03 2.851774096488952637e-01
5.590874962990710628e-08 1.069999866487592044e-09 9.607784945235564589e-14 3.478388825897127390e-04 4.131729006767272949e-01 1.860097981989383698e-04 9.998558759689331055e-01 1.144190645008258400e-10 4.054008424282073975e-01 9.945994250415424176e-09 4.024574007388537211e-09 7.099692523479461670e-02 9.107328935442637885e-08 4.429649980153271827e-09 8.478496056341100484e-06 1.565014943480491638e-02 1.633306419535074383e-05 3.950404352508485317e-04 1.012327902571996674e-05
1.319860767394839688e-16 4.174140416993155078e-13 1.554112233990427563e-19 2.491088366696203593e-07 5.220156822360877413e-07 5.866785390828965774e-10 1.000000000000000000e+00 1.720822594662718696e-12 9.392899228259921074e-04 1.046637193011018194e-14 3.440176404972261756e-16 2.362435758129777241e-08 6.992180168197137391e-10 3.297927264611644205e-08 1.699263339105527848e-05 1.417703629158495460e-06 9.350874279334675521e-06 5.935524516331724953e-09 2.211168581567335423e-09
2.537461907259341842e-10 1.069816346621621506e-09 8.435916964977252519e-10 3.972071409225463867e-01 5.129423552574507994e-10 2.059201520410169906e-08 9.144445061683654785e-01 3.140931075904518366e-04 3.706043116835644469e-08 9.533676958994874440e-09 1.910804515645441598e-14 8.955672141375270456e-12 2.998779109475435689e-06 1.339848735369741917e-03 2.040396332740783691e-01 4.512289208946640429e-09 9.995527863502502441e-01 4.159134550718590617e-05 4.176989865101177202e-10
2.584861249488312751e-06 5.064613225330694135e-12 1.576007712869717178e-15 1.000000000000000000e+00 2.022276632487773895e-03 1.027068563530519896e-07 3.356108441948890686e-02 2.577088542565775242e-09 7.563796811105305551e-10 3.328872537622373784e-07 1.651110508696298520e-18 7.978127314345329069e-08 8.481809743443591287e-08 1.792841708425640945e-10 7.165518036345019937e-05 4.633942296550230822e-07 9.072000160813331604e-03 2.266282161933474981e-10 1.084252359187629251e-15
4.542493325931928894e-10 3.791849889633880366e-10 4.410423052838468097e-15 5.683123017661273479e-04 5.955983069725334644e-04 1.659900546073913574e-01 9.990946054458618164e-01 1.080236108896848179e-10 4.004203656222671270e-04 5.123959478936512824e-09 5.964036485132202456e-15 1.715620925324401469e-07 9.252336496956559131e-08 1.032066307971035712e-07 7.345111953327432275e-05 1.505052750871982425e-06 9.970021892513614148e-06 1.246658825948543381e-06 9.128715561246281140e-09
5.935519584454596043e-04 4.329240255174227059e-05 6.017008490744046867e-05 6.397237181663513184e-01 5.713689461117610335e-05 3.114635683596134186e-02 4.716486036777496338e-01 3.324362682178616524e-03 4.697769763879477978e-04 2.036934602074325085e-04 1.833319629440666176e-08 1.597539949216297828e-06 9.562829509377479553e-04 3.488487005233764648e-02 9.362794756889343262e-01 4.021939275844488293e-06 2.750498056411743164e-01 3.349953563883900642e-03 4.191729658487020060e-06
7.236363330775930081e-07 2.639527849623846123e-07 2.483587202561921004e-08 9.991790652275085449e-01 1.993310434045270085e-05 4.848198841500561684e-06 8.991096019744873047e-01 6.435917748603969812e-05 2.296709317306522280e-05 2.229902946737638558e-07 1.530955397177624633e-11 5.050556417529605824e-09 2.748940823948942125e-05 3.032594977412372828e-04 2.028501592576503754e-02 1.336385821559815668e-06 3.709895908832550049e-01 1.972573727471171878e-06 1.282311856698470365e-08
1.155038364231586456e-03 1.563072601129533723e-06 5.925757107227980214e-11 5.675300955772399902e-01 4.091469570994377136e-02 1.698083906376268715e-05 1.009820587933063507e-02 1.123218498833011836e-05 3.675616477849530384e-09 9.995991587638854980e-01 2.145329053293565380e-10 8.883468508720397949e-01 3.840199788101017475e-04 1.321939113729797555e-09 1.381605557071452495e-06 5.489566177129745483e-02 4.950094444211572409e-05 3.399643901502713561e-05 1.758425696718468600e-11
4.935259145799619773e-11 3.798625580753167696e-10 8.942463943276655891e-15 4.922457446809858084e-05 2.517430459647584939e-07 2.135976062689337596e-09 9.976589679718017578e-01 3.830761124845594168e-05 6.871881286230063779e-09 7.324384450912475586e-01 3.479711093920534459e-13 1.632672920823097229e-02 1.189561808132566512e-04 6.549242259623611062e-10 9.255112445316626690e-07 2.891964279115200043e-03 5.589137785136699677e-03 7.662207508474239148e-07 9.281309748532251547e-11
1.913271097109259244e-09 1.757033537760910313e-12 5.415878727753481314e-22 8.105657256507470265e-10 1.998819410800933838e-01 2.018813782811434976e-09 9.999995231628417969e-01 3.238446177986340532e-17 9.320830702781677246e-01 3.651736234905854361e-14 9.194504966419936309e-13 2.325700670480728149e-01 2.956118856645151283e-12 2.069515620071321615e-14 5.856019003047663318e-10 9.990687249228358269e-05 1.576067631958721904e-08 2.486691919045824761e-08 8.585393516113981605e-06
9.355201946448232775e-09 2.000126193141271713e-12 7.883371803398178308e-20 3.860013464418443618e-07 9.196794629096984863e-01 7.017981196177913716e-10 9.999942779541015625e-01 3.330114690811491682e-15 2.139219045639038086e-01 3.609896398731188283e-13 7.881525293518265585e-12 4.310473501682281494e-01 1.609774119559759242e-10 1.498864644596323292e-13 2.567163592814836193e-09 5.816142540425062180e-03 8.097072736745758448e-07 6.649504769029590534e-08 2.531145071316132089e-07
5.063833203166723251e-03 7.758137653581798077e-04 1.053249525284627452e-05 6.963063497096300125e-03 2.614651024341583252e-01 5.337462644092738628e-04 7.079769968986511230e-01 5.424838047474622726e-03 2.172298030927777290e-03 2.981463372707366943e-01 1.083241877495311201e-04 8.736929893493652344e-01 3.918579593300819397e-02 4.044746674480848014e-05 1.171361654996871948e-04 4.140989482402801514e-01 2.311220206320285797e-02 6.379389669746160507e-03 2.641315513756126165e-04
3.104276174781261943e-06 7.473625009879469872e-05 7.119346179251806461e-08 2.078862237908651878e-08 1.025309046553957160e-07 5.265783187269335031e-08 9.999872446060180664e-01 4.636170615412993357e-06 8.940198421478271484e-01 3.926168545831387746e-08 2.968149055959656835e-05 1.107648495235480368e-04 2.924579121099668555e-07 1.404384306624706369e-06 4.276753315934911370e-05 1.001233613351359963e-06 1.769419908523559570e-01 9.018978016683831811e-05 9.056354761123657227e-01
9.729220867156982422e-01 3.948180675506591797e-01 5.934711080044507980e-04 4.755241970997303724e-04 1.551994821056723595e-03 1.918483121698955074e-06 4.885352216660976410e-03 4.227360710501670837e-02 1.655628875596448779e-05 1.460042502731084824e-02 1.145118221757002175e-05 3.675512671470642090e-01 9.825304150581359863e-01 9.901856537908315659e-05 2.494428485988464672e-07 8.462986908853054047e-03 7.447060488630086184e-05 5.921813193708658218e-03 7.798310252837836742e-05
9.825356006622314453e-01 1.831827908754348755e-01 9.999568462371826172e-01 2.165889833122491837e-03 3.777584806084632874e-02 1.067774178409308661e-06 1.927256211638450623e-02 9.861770272254943848e-02 1.719501028674130794e-06 3.182550892233848572e-02 3.102243863395415246e-05 2.812124788761138916e-01 8.303424715995788574e-01 5.976215470582246780e-03 2.863281679310603067e-06 2.420950308442115784e-02 6.739592063240706921e-04 7.813317934051156044e-04 1.925347460201010108e-04
9.986898303031921387e-01 9.530106186866760254e-01 9.999928474426269531e-01 2.610487630590796471e-03 1.316319867328274995e-05 1.842468178026024361e-09 3.615959140006452799e-04 4.316985309123992920e-01 1.455932174820873115e-08 5.951374532742192969e-06 8.053990541156963445e-07 8.074590004980564117e-04 7.009770870208740234e-01 5.126199126243591309e-01 1.292346940573452230e-08 1.960938243428245187e-04 1.535199953650590032e-05 9.037539712153375149e-05 8.043144816838321276e-07
9.990087151527404785e-01 2.409614920616149902e-01 1.993371918797492981e-02 2.164034231100231409e-05 4.126391373574733734e-03 2.291469201054496807e-07 1.261161118745803833e-01 7.855264469981193542e-03 4.297042638063430786e-02 3.797216049861162901e-04 4.418856042320840061e-05 1.218142285943031311e-01 2.703602313995361328e-01 7.334589554375270382e-06 1.375446956330961257e-08 6.427795160561800003e-04 6.291148602031171322e-04 7.360727067862171680e-06 2.550141811370849609e-01
9.998936653137207031e-01 2.872536182403564453e-01 9.990299940109252930e-01 1.236931439052568749e-06 3.750987234525382519e-04 3.035230400350030777e-10 1.347599178552627563e-01 2.057473408058285713e-03 3.731211647391319275e-03 1.126319489230809268e-06 2.532308656100212829e-07 6.670514121651649475e-03 5.062598362565040588e-02 1.486773840042587835e-06 2.314252262047844511e-11 1.215569682244677097e-05 2.521059359423816204e-04 1.302810836989465315e-08 6.520345062017440796e-02
3.321736496975091768e-10 6.246184511837782338e-07 1.986212936344600166e-07 2.182257473468780518e-01 1.343438693623966174e-08 1.695479694141521776e-11 9.994698166847229004e-01 1.515737967565655708e-03 7.259980975504731759e-06 4.228827066299345461e-08 1.261985405065502164e-09 1.718880682233248081e-08 3.053727050428278744e-05 3.959010355174541473e-03 6.086354260332882404e-04 1.661408168729394674e-05 9.958528280258178711e-01 2.038043749053031206e-05 5.116920647196820937e-07
5.251706019043922424e-02 4.107843339443206787e-02 9.160058652923908085e-06 9.999994039535522461e-01 5.022038822062313557e-04 9.526920621283352375e-06 1.019988558255136013e-04 1.130518503487110138e-02 7.749424213443489862e-08 7.464287773473188281e-05 1.570137868611709564e-07 6.071292091291979887e-08 3.899387083947658539e-03 8.833604454994201660e-01 1.958466164069250226e-04 3.145803639199584723e-04 7.452306454069912434e-04 1.879286603070795536e-03 8.474565049709781306e-08
2.574685822764877230e-06 2.298723533749580383e-02 4.568625655565483612e-08 3.970517311245203018e-03 4.648938727314089192e-07 3.765480371953344729e-09 9.983558058738708496e-01 3.527599573135375977e-02 4.586203489452600479e-03 1.354039568468579091e-06 1.552887726575136185e-03 1.081921072909608483e-05 1.753926771925762296e-04 5.159485712647438049e-02 2.269829856231808662e-04 2.868614392355084419e-04 9.608230590820312500e-01 1.715410384349524975e-03 3.081696922890841961e-04
2.532451678916025628e-11 6.280272742825721011e-12 3.104752681348538906e-16 2.536066749598830938e-04 4.639310017228126526e-02 2.597952061811348301e-11 9.999963045120239258e-01 5.964541083258723120e-10 2.176682755816727877e-05 2.946806576531457722e-09 2.600409687927851543e-12 1.651797890663146973e-01 3.779823884997313144e-07 4.721770197058106078e-10 6.197382163009024225e-08 1.222328543663024902e-01 9.718130459077656269e-04 2.173859229515073821e-06 2.573114832316036882e-09
1.864300145371089457e-07 1.213046996184630189e-09 1.021457224359423321e-12 5.464454079628922045e-05 6.190148368477821350e-02 9.180311622003500815e-09 9.152518510818481445e-01 1.422686409568996169e-06 8.726117073365458054e-08 2.695150673389434814e-01 2.637726669030282522e-11 9.934351444244384766e-01 1.094469989766366780e-04 1.170158830943179851e-10 1.838396213038606675e-09 6.165415048599243164e-01 4.046118701808154583e-04 2.068219328066334128e-05 5.349456433378918518e-10
2.916605623681789439e-09 1.268276150767633226e-09 2.983477415636424370e-16 1.347193392575718462e-05 9.217797924065962434e-06 1.239269520336705455e-10 1.751932948827743530e-01 2.432210203551221639e-05 1.891945801413275063e-11 9.999556541442871094e-01 1.099802323864529363e-12 9.637643694877624512e-01 1.819733915908727795e-05 1.059963748717418497e-12 1.710555586065254374e-10 2.022573649883270264e-01 3.879121140926145017e-05 1.711229970169370063e-06 2.700981528280105293e-13
1.684111339272931218e-08 3.319411234770086594e-06 3.800154357858076537e-10 2.135145012289285660e-03 2.906725276261568069e-04 7.678256679355399683e-07 9.999842643737792969e-01 1.191656429000431672e-05 3.579584416002035141e-03 4.882059556621243246e-07 1.280266843650679220e-07 3.010537184309214354e-04 7.862930942792445421e-05 1.874128356575965881e-04 2.345799934118986130e-03 1.868577790446579456e-03 2.023879997432231903e-02 2.258811764477286488e-05 2.883084744098596275e-05
1.029888507808607301e-09 7.061838225297378813e-09 1.172270830754329474e-12 5.375073997004875537e-11 1.435267622582614422e-03 1.000000000000000000e+00 3.185886043866048567e-07 5.730440468388990627e-15 4.573760088533163071e-03 3.253536107195031946e-08 3.610529222869433483e-17 1.347894507119917762e-08 2.647915220421737104e-10 3.242132950997955732e-11 1.379035197146549763e-08 2.726349990211929253e-08 3.883420321426633848e-11 4.481482847040751949e-07 8.847309072734788060e-05
1.494666079793205427e-08 1.575385113160299166e-12 1.654991099981457329e-15 1.004458889365196228e-01 8.296750783920288086e-01 1.795653729874668869e-11 9.999499320983886719e-01 3.160102388100050064e-11 1.488964062446029857e-05 8.167700543681988279e-11 7.494895546203417247e-13 3.078700304031372070e-01 3.882483667894121027e-09 3.838587087079403659e-11 1.577402031216479372e-07 7.471398264169692993e-02 3.705796785652637482e-03 3.359458060003817081e-05 5.799274949147559255e-10
2.205354926454461406e-10 2.292874820130491598e-13 1.894469654664231867e-15 8.178863674402236938e-02 2.147438377141952515e-01 4.337851218093498329e-14 9.999939203262329102e-01 7.597452528207426781e-11 3.833472135283955140e-07 1.339843774122995157e-11 2.995637388863471584e-14 8.756639063358306885e-02 4.429641098369074825e-09 2.608911350843179378e-11 5.275010650507283572e-08 3.636518120765686035e-02 3.593185916543006897e-02 4.011906639789231122e-06 5.504408734369192757e-11
1.734039717371516076e-10 1.514910125241433064e-14 1.031328684333538336e-18 3.219945821911096573e-03 9.404280781745910645e-01 8.829616725269939792e-12 9.999946355819702148e-01 1.103961079452694949e-13 2.278062165714800358e-04 2.553827158427446342e-12 1.881780457369322535e-13 5.262163281440734863e-01 8.916559851579464180e-11 6.208700545871914667e-13 2.986129343796051216e-09 2.164633572101593018e-01 1.068894998752512038e-04 8.692059782333672047e-05 4.110796703038488431e-10
1.254342123502283357e-07 8.290418698764234762e-12 2.783123617189791385e-17 1.008584660233680097e-09 2.025427222251892090e-01 1.515023729300318811e-13 6.829403042793273926e-01 6.561711618502386045e-09 1.236249991265481185e-10 5.787075683474540710e-02 1.888218890326674032e-14 9.999758005142211914e-01 4.361159153631888330e-05 2.068440031165118503e-16 2.663110794528555280e-17 6.235400438308715820e-01 1.196475295728305355e-06 2.095890572206826619e-08 2.072194548114261736e-13
9.086520869061587291e-09 9.806741464897517080e-14 8.368729462842529230e-19 2.532863641047100600e-10 4.740324020385742188e-01 1.535702581810863276e-14 8.781490921974182129e-01 1.225665818838095333e-10 4.387033097907888646e-11 3.243574872612953186e-03 1.902434808393076485e-16 9.999932050704956055e-01 3.588956815292476676e-06 9.072537637996921364e-18 1.916951571717392229e-18 6.974782347679138184e-01 5.766884783042769413e-07 3.828186656562593271e-09 1.339987403128168816e-14
2.430828499200288206e-05 2.280035049651019108e-10 4.051354351552582250e-16 7.700007387256846414e-08 7.821200489997863770e-01 1.900143237199003465e-12 4.957271814346313477e-01 4.631655503573028909e-09 4.561394317814659871e-10 6.084020715206861496e-03 4.962294071204735590e-14 9.999595880508422852e-01 2.127136940544005483e-05 6.540350079147503118e-15 3.420365098429371722e-16 4.240354597568511963e-01 1.139526602855767123e-06 5.182324613883793063e-08 5.660476969961136806e-13
1.840030847688467475e-07 1.109089016915372483e-14 4.673276294819267193e-19 7.719344466750044376e-06 9.688597917556762695e-01 5.363471125563457065e-11 3.734787106513977051e-01 1.298774802982460841e-11 1.780691219477326115e-11 4.329756274819374084e-02 8.272496821341758527e-18 9.999918937683105469e-01 1.003048488712465769e-08 7.267949263256578973e-16 2.669154976794700651e-15 7.411254644393920898e-01 2.817888571371440776e-07 4.264501512807328254e-06 5.976514127478205554e-16
4.238863482441956876e-09 1.088469616661313921e-06 7.364614162952420884e-08 2.261148074467200786e-05 5.168741950001276564e-07 1.039158536997319970e-09 9.990284442901611328e-01 1.613372266292572021e-01 2.135784052370581776e-05 1.908035017549991608e-02 7.854937962292751763e-07 1.458409335464239120e-02 1.153131132014095783e-03 1.217325843754224479e-04 1.475151511840522289e-04 5.775107070803642273e-02 9.645072817802429199e-01 4.479638591874390841e-04 1.603557757334783673e-05
2.502139424905180931e-03 1.415998558513820171e-04 1.635708457570217433e-07 9.164686780422925949e-04 8.691239054314792156e-05 6.578053580597043037e-05 1.703189336694777012e-03 1.168162468820810318e-02 2.388527207131119212e-07 9.999233484268188477e-01 4.403065304359188303e-06 3.540736436843872070e-01 9.599759243428707123e-03 4.944594138578395359e-07 4.185637862974544987e-06 4.525778815150260925e-02 2.301959611941128969e-04 1.973058562725782394e-03 6.172725619535412989e-08
2.119727657290404466e-11 4.772638395600381500e-10 3.076987153095779755e-15 6.868096534162759781e-04 7.350197392952395603e-06 7.940342072743078461e-08 9.999934434890747070e-01 9.133473355404930771e-08 1.441432118554075714e-06 2.502007419025176205e-06 4.706555512077464920e-14 1.964214425242971629e-05 6.703869530610973015e-06 1.117277861339971423e-07 3.433892197790555656e-05 7.264746091095730662e-05 1.776383025571703911e-03 1.406154410688031930e-07 1.452447717653626569e-09
2.260579398995329878e-21 2.556090249594505814e-18 1.212173912909910880e-26 1.060766852134520377e-08 6.362061988340883545e-09 4.553878352730469318e-16 1.000000000000000000e+00 1.188644193618156649e-15 1.655788617327402790e-09 6.265026254807229064e-17 7.356477505174561146e-25 2.090547290833910665e-09 4.801818317967665450e-11 1.012152059214066480e-12 1.109255354236893254e-08 2.850560143485836306e-08 1.379022342007374391e-05 3.652112317534435271e-14 2.596852032658836761e-15
