1.109530869958241794e-11 1.626109735752834240e-08 2.590114928091580282e-11 7.300191521644592285e-01 7.106037713811019785e-08 4.164317779498105665e-10 9.999924898147583008e-01 7.637862040610343684e-07 9.170232260657940060e-06 9.678041007488147329e-11 2.061184746103214560e-13 2.747059524299544364e-10 6.481409400294069201e-07 4.271710349712520838e-04 1.405136077664792538e-03 3.501718310872092843e-07 5.928498879075050354e-02 6.000464569666519310e-09 2.090786654918019849e-09
1.496099230280378833e-05 5.195389363166214025e-08 1.011090031144412649e-10 5.803673528134822845e-03 6.523205637931823730e-01 5.945406155660748482e-04 9.960334897041320801e-01 1.343938471620731434e-08 5.888791009783744812e-02 3.914877595434518298e-07 5.575601313978495455e-09 3.997645899653434753e-02 3.899060629919404164e-06 1.393276960470757331e-07 1.110564408008940518e-04 1.035428047180175781e-02 3.468143986538052559e-04 1.934651663759723306e-04 1.050974788086023182e-05
1.500573125667870045e-05 4.755617919727228582e-05 9.323364302815662086e-10 9.590412378311157227e-01 8.652100339531898499e-03 3.157973424094961956e-06 9.957147240638732910e-01 6.899194886500481516e-06 5.259310360997915268e-03 1.349096351077605505e-06 1.140655854214855935e-07 1.058446869137696922e-04 3.185749301337637007e-05 3.460153529886156321e-04 9.422680013813078403e-04 1.410242985002696514e-03 5.409548990428447723e-03 8.172050911525730044e-07 4.634915057977195829e-06
2.803792931160842272e-08 3.165488919876224827e-07 4.140060627833008766e-05 2.731615495576988906e-06 7.874189759604632854e-04 1.510318980990632554e-08 9.961146116256713867e-01 2.195665612816810608e-03 1.180518211185699329e-05 7.101022638380527496e-03 6.583929490489026648e-08 6.112382411956787109e-01 2.268728613853454590e-02 1.641069218294433085e-07 2.664236262717167847e-07 2.994182109832763672e-01 3.869444876909255981e-02 7.392263341898797080e-06 1.637826585465518292e-06
1.622798744612286709e-14 2.646542152096031941e-10 9.662952382694101061e-11 1.610565192322610528e-08 2.059628485540088150e-07 5.531048397067195310e-10 9.999998807907104492e-01 1.621557430553366430e-06 1.559098018333315849e-04 2.854259939510939148e-08 2.120653826154228483e-11 3.561366975191049278e-05 5.465522190206684172e-05 2.646199845912633464e-07 3.734127858479041606e-06 4.852829733863472939e-04 4.564748611301183701e-03 1.658775516943933326e-07 5.427286282611021306e-07
7.822070248464374487e-12 1.342019118055759463e-07 2.920030055975075811e-05 8.448720109299756587e-06 1.640837723471122445e-07 5.103557398911107157e-08 9.999982118606567383e-01 2.548178308643400669e-04 4.788908362388610840e-02 3.069864007443356968e-08 2.983204794304583629e-08 1.131687895394861698e-06 2.401466917945072055e-05 6.955982535146176815e-04 2.599988132715225220e-03 1.386718358844518661e-04 1.030491068959236145e-01 7.180347893154248595e-05 1.904202217701822519e-04
6.758472181900287978e-08 1.334178184597689665e-10 1.153919321206231530e-10 2.575985490693710744e-05 3.297607600688934326e-01 2.428729883874325424e-09 9.637826681137084961e-01 1.017276190395932645e-06 2.207032707701728214e-07 3.476087469607591629e-03 2.130680007428331635e-11 9.980156421661376953e-01 4.269068085704930127e-05 1.201400645634009834e-09 7.631034137922654281e-10 7.627616524696350098e-01 2.204527612775564194e-03 5.878636729903519154e-04 1.275889949248210087e-09
5.147018270511842223e-20 3.412026588459245169e-15 1.489245704565985567e-15 7.651121514129499701e-09 7.891309269448046337e-14 4.234114733881442196e-19 1.000000000000000000e+00 2.023210981860756874e-06 1.337448374272298679e-08 2.157485344891907353e-12 3.101984154160438226e-15 7.845266658534910675e-10 5.157171045766517636e-08 1.051205966717816409e-08 5.159458851267118007e-07 3.110743875822663540e-07 9.996905326843261719e-01 3.732180120508132859e-10 2.496399309492858265e-09
7.500396511417411859e-18 2.201106999574417578e-13 9.823388505165393304e-17 6.308215061423538828e-10 1.659236116557938345e-11 3.644737442537686453e-17 1.000000000000000000e+00 3.337215093779377639e-05 4.915948093042743494e-09 4.081740883066231618e-07 8.393704161628948168e-14 5.880133176106028259e-05 9.236955520464107394e-06 1.407427618893564158e-09 4.573219669623540540e-08 2.623610780574381351e-04 8.822958469390869141e-01 1.379997560668755341e-09 8.112447935637590035e-10
5.675621084222370882e-10 1.073729430020597952e-12 1.466954846712862498e-14 2.988379321777756559e-07 9.017070755362510681e-03 6.189303930481671046e-11 8.854143023490905762e-01 7.149166094677639194e-07 3.387646274610744968e-10 8.595991730690002441e-01 6.939526129299058987e-14 9.995632767677307129e-01 1.082739618141204119e-05 1.641275114948326230e-12 7.624842597586667381e-12 8.544133305549621582e-01 1.505623804405331612e-04 8.494302164763212204e-06 1.852409284991418659e-12
7.790842559188604355e-03 4.704560851678252220e-04 7.123397011143950408e-11 9.999988079071044922e-01 4.960459136782446876e-07 2.552067712713323999e-07 5.181045708013698459e-07 1.061770599335432053e-03 1.002378450967560120e-13 9.807854294776916504e-01 1.188000110612097426e-12 1.335393449153343681e-06 4.374439828097820282e-03 7.597983814775943756e-03 9.863711056823376566e-07 2.563535190347465687e-06 1.150994376075686887e-05 1.105374685721471906e-04 2.561375963487221713e-14
5.063755065202713013e-02 2.035281807184219360e-02 1.962956048373598605e-05 9.999462366104125977e-01 7.325892220251262188e-04 1.234657363966107368e-03 4.464704834390431643e-04 2.342114970088005066e-02 8.351631208824983332e-07 1.185143366456031799e-02 8.133961415524026961e-08 2.814123035932425410e-06 2.929370477795600891e-02 4.440364241600036621e-01 1.736286212690174580e-03 2.845692215487360954e-04 1.278073177672922611e-03 1.012409757822751999e-02 2.242076817537963507e-07
4.891997741651721299e-05 1.692841010481060948e-06 1.813556527174853272e-10 1.838627213146537542e-05 8.303533832076936960e-06 4.934786375088151544e-07 1.100544934161007404e-03 2.380160847678780556e-03 2.270484467103983661e-09 9.999964237213134766e-01 2.453262482049467508e-08 5.977786183357238770e-01 1.114503946155309677e-03 1.492375223399733386e-09 2.862868875297408522e-08 6.717161834239959717e-02 4.475924288271926343e-05 2.549383498262614012e-04 3.549437410654832092e-10
3.573694118408354825e-11 1.696904838865975762e-09 5.145519749080165392e-15 7.873314222806016005e-10 2.203595954597403761e-07 6.340567515472628202e-10 9.423894286155700684e-01 1.635802327655255795e-03 3.206126564236910781e-08 9.997290968894958496e-01 2.963325140825645576e-10 9.289224147796630859e-01 1.455356687074527144e-04 1.166623113217635233e-12 2.940111348825880100e-11 3.130804002285003662e-01 2.923542633652687073e-04 5.102199338580248877e-07 1.527005411006143731e-09
9.972832202911376953e-01 4.670760333538055420e-01 4.486742710696489667e-08 2.089081826852634549e-04 3.694524057209491730e-04 4.836946398967256755e-09 2.335009048692882061e-04 1.020615454763174057e-02 2.440153501481745479e-08 6.190460640937089920e-03 1.480412379351037089e-07 3.856245875358581543e-01 9.758367538452148438e-01 2.281663455505622551e-06 6.047347345106146577e-11 1.127887167967855930e-03 6.473601388279348612e-07 5.363191012293100357e-04 1.339156483481929172e-07
1.957217454910278320e-01 4.304204881191253662e-01 9.866574406623840332e-01 1.117266193032264709e-01 2.641116268932819366e-02 3.359470143914222717e-02 4.423541128635406494e-01 4.138279855251312256e-01 5.755218118429183960e-02 5.025747418403625488e-02 1.241842191666364670e-02 3.095918707549571991e-02 1.444767266511917114e-01 4.386156201362609863e-01 6.330729275941848755e-02 8.727750182151794434e-02 1.397027522325515747e-01 3.053344413638114929e-02 5.516552180051803589e-02
5.051202606409788132e-03 1.054569496773183346e-03 1.061093098542187363e-05 3.236209275200963020e-03 8.742354810237884521e-03 1.454377197660505772e-03 9.639093279838562012e-02 3.685341030359268188e-02 1.994410267798230052e-04 9.950770735740661621e-01 1.550245069665834308e-04 6.083518266677856445e-01 3.072934225201606750e-02 1.853970206866506487e-05 1.441148197045549750e-04 2.054625302553176880e-01 5.338708404451608658e-03 8.548144251108169556e-03 4.048566916026175022e-05
3.933305561076849699e-05 3.978175227530300617e-04 1.416307355839308002e-07 1.384659437462687492e-03 6.141582707641646266e-05 3.502397021293290891e-06 7.841705530881881714e-02 8.470787853002548218e-02 2.262200268887681887e-06 9.987856745719909668e-01 6.315279279078822583e-06 5.909839272499084473e-01 5.811365786939859390e-03 3.240403020754456520e-05 1.710527249088045210e-05 2.472071796655654907e-01 1.357047725468873978e-02 4.411367699503898621e-03 5.102467639517271891e-07
9.987697335844814006e-10 4.892844884807345807e-08 7.278265212740109291e-10 2.939316618721932173e-04 1.275663362321211025e-05 3.022095906857202863e-09 9.999802112579345703e-01 1.270317588932812214e-04 1.625299773877486587e-05 5.712798156309872866e-06 1.954042261331778718e-09 9.335802169516682625e-04 6.273847538977861404e-04 1.676881765888538212e-05 3.311283071525394917e-04 2.155807800590991974e-03 4.452268481254577637e-01 6.469752861448796466e-06 1.284639552068256307e-06
5.675964212525919095e-11 2.026205869753994193e-08 8.376577209645574840e-10 2.211649371020030230e-05 3.348249890677834628e-07 1.520720632752770030e-10 9.999926090240478516e-01 5.775421159341931343e-04 3.908642247552052140e-05 2.047921043413225561e-06 1.481163192096346393e-08 1.468038535676896572e-04 2.676070434972643852e-04 2.056803532468620688e-05 2.255094295833259821e-04 7.943291566334664822e-04 9.103617072105407715e-01 4.895243819191819057e-06 9.052882887772284448e-06
1.355954795144498348e-03 2.606781665235757828e-03 1.006050617434084415e-03 2.302877604961395264e-02 7.995339110493659973e-03 2.354806638322770596e-04 9.697447419166564941e-01 7.756605744361877441e-02 5.961460992693901062e-03 1.304585300385951996e-02 4.205808218102902174e-04 7.027390599250793457e-02 6.419202685356140137e-02 8.502310141921043396e-03 3.989564999938011169e-02 4.900897666811943054e-02 6.715878248214721680e-01 7.597225718200206757e-03 4.622742068022489548e-03
2.598011866211891174e-03 1.769605660228990018e-05 4.320660309531376697e-07 9.317927993834018707e-03 6.313335299491882324e-01 1.015566958812996745e-04 2.906140089035034180e-01 3.345473087392747402e-04 2.611654053907841444e-05 7.438263893127441406e-01 6.863801900180988014e-07 9.865712523460388184e-01 2.040394116193056107e-03 4.051226824230980128e-06 3.608794941101223230e-06 5.367870330810546875e-01 1.653480110689997673e-03 4.895314108580350876e-03 1.015393877423775848e-06
6.936481595039367676e-01 3.985091298818588257e-02 9.966879487037658691e-01 9.509967640042304993e-03 1.223466098308563232e-01 9.774987847777083516e-05 7.258079200983047485e-02 9.336509555578231812e-02 6.880905129946768284e-05 4.362275004386901855e-01 3.967981319874525070e-04 4.346609115600585938e-01 7.759140133857727051e-01 2.938210498541593552e-03 2.701212069950997829e-04 1.206029132008552551e-01 4.595468752086162567e-03 1.030283421277999878e-02 8.751391433179378510e-04
2.245561070424173522e-09 5.036889305642944237e-08 1.119830672635657720e-09 1.057669942383654416e-04 7.585244475194485858e-06 2.808860477543362322e-09 9.992218017578125000e-01 4.875855054706335068e-03 9.990646958613069728e-07 4.118157178163528442e-02 5.994379215223943902e-09 1.106041595339775085e-01 9.006744949147105217e-04 1.284007566937361844e-06 2.875539212254807353e-05 5.997746065258979797e-02 3.842415511608123779e-01 9.015607793116942048e-05 3.731610718205047306e-07
9.845030494034290314e-03 2.715773880481719971e-01 1.332657178863883018e-03 6.836499087512493134e-03 2.724311687052249908e-02 9.448283910751342773e-01 2.368932515382766724e-01 2.168871648609638214e-02 4.221411794424057007e-02 2.383442968130111694e-02 6.288466393016278744e-04 1.324985735118389130e-02 1.193301659077405930e-02 1.285603046417236328e-01 6.370102055370807648e-03 1.277349703013896942e-02 4.423138219863176346e-03 1.135138701647520065e-02 5.080743227154016495e-03
6.151950628918712027e-07 7.036610245704650879e-01 4.826487209896868080e-09 7.200145628303289413e-03 8.036572296532540349e-09 1.320424780715256929e-05 9.972627162933349609e-01 1.087551587261259556e-03 7.438365137204527855e-04 6.341441594059915587e-09 6.145717179606435820e-07 1.006799088543175458e-09 3.311972420760866953e-07 9.973236322402954102e-01 1.350481397821567953e-06 6.050800038792658597e-07 7.473696314264088869e-05 5.324488938640570268e-06 1.212478082379675470e-07
1.983282156288623810e-02 3.355962783098220825e-02 1.561593031510710716e-03 9.982164502143859863e-01 2.344270702451467514e-03 1.518751028925180435e-03 1.251012925058603287e-02 1.656887382268905640e-01 1.662246540945488960e-05 5.106972530484199524e-03 3.712177658599102870e-06 1.000694373942678794e-05 1.567925699055194855e-02 8.539367318153381348e-01 9.112150967121124268e-02 1.731171039864420891e-03 3.312320634722709656e-02 5.778138637542724609e-01 3.513554474920965731e-06
7.413952562984604810e-09 1.292742354053189047e-06 3.179275722686725203e-07 6.374646909534931183e-05 8.731641969461634289e-07 2.253980113664511009e-09 9.988741278648376465e-01 9.882591664791107178e-02 8.576708205509930849e-05 1.569853862747550011e-03 1.222411128765088506e-06 2.250987105071544647e-03 1.005846424959599972e-03 4.370499809738248587e-04 4.659824189729988575e-04 2.430186793208122253e-02 9.843834638595581055e-01 1.230391091667115688e-03 5.793487798655405641e-05
6.303891539573669434e-02 5.334367156028747559e-01 6.251012382563203573e-05 9.815342426300048828e-01 9.825015440583229065e-03 4.721063596662133932e-04 2.482338994741439819e-01 5.875393748283386230e-02 4.734822548925876617e-03 3.205021610483527184e-03 3.362107090651988983e-03 1.473776646889746189e-03 8.719598874449729919e-03 5.234234333038330078e-01 4.526136908680200577e-04 1.477121748030185699e-02 9.131248109042644501e-03 2.930714981630444527e-04 3.938508743885904551e-04
8.045285358093678951e-04 7.508700489997863770e-01 1.180884355562739074e-04 6.136903166770935059e-01 7.136603926483076066e-06 7.581982572446577251e-06 1.875723600387573242e-01 3.377301096916198730e-01 1.269495805900078267e-05 1.162267144536599517e-04 8.003379662113729864e-06 1.483229084442427848e-06 1.752927200868725777e-03 9.961973428726196289e-01 6.844077142886817455e-04 7.230733172036707401e-04 2.192759327590465546e-02 8.274891413748264313e-03 5.492796049111348111e-07
6.678721983917057514e-04 9.590915869921445847e-04 7.190950782387517393e-06 9.999986886978149414e-01 1.458602218917803839e-05 8.911231816455256194e-06 1.130136806750670075e-04 2.833766490221023560e-02 8.734850620584211356e-10 3.393088263692334294e-05 3.340579896038420316e-11 1.080487435634047699e-10 4.090132424607872963e-04 9.724265933036804199e-01 1.516831479966640472e-02 5.616886937787057832e-06 1.546655199490487576e-03 7.356680631637573242e-01 6.327879192857821522e-11
1.044469263433711603e-05 2.607262103992979974e-06 2.337475564218038926e-07 9.975311160087585449e-01 1.521298981970176101e-04 3.215517790522426367e-04 8.001170754432678223e-01 1.493720774305984378e-04 2.088072214974090457e-04 1.755585230966971722e-06 3.937721815283623528e-10 6.136276908819127129e-08 7.309957436518743634e-05 7.714424864389002323e-04 6.881360709667205811e-02 4.637957317754626274e-06 2.002363502979278564e-01 2.393094837316311896e-05 2.105790457562761731e-07
4.920725477859377861e-04 4.872292629443109035e-04 7.438586180796846747e-05 9.128860831260681152e-01 4.583104746416211128e-04 7.214796642074361444e-05 6.082772612571716309e-01 6.178718432784080505e-02 1.723952591419219971e-04 2.950746938586235046e-02 1.374117005070729647e-06 4.158353258389979601e-04 1.378040760755538940e-02 2.308811247348785400e-02 7.051637768745422363e-02 2.915752818807959557e-03 7.986291646957397461e-01 8.478169329464435577e-03 1.003802663035457954e-05
2.263518148956644715e-13 7.686624774183581366e-12 6.506538472068890133e-13 1.218463177792727947e-03 1.162558764533638822e-11 1.257746462535180854e-09 9.999241828918457031e-01 7.168410775193478912e-06 2.186109639978894847e-07 3.306940875649755363e-12 9.706503120051322188e-16 3.237445847428105372e-13 9.478869600343386992e-08 2.470983017701655626e-04 1.615761071443557739e-01 2.255806930140380473e-10 9.992986917495727539e-01 1.155710037892276887e-06 1.695057760819906889e-09
2.540893717650760664e-08 2.481345087289810181e-01 4.002481013287706446e-09 3.629818558692932129e-02 6.539618291334647893e-10 1.535637039751236443e-08 9.981650710105895996e-01 4.475210793316364288e-03 1.591784530319273472e-05 6.583901868140173974e-09 8.506416016018647497e-09 1.123081350140608947e-10 6.383493200701195747e-07 9.996291399002075195e-01 8.689682999829528853e-07 9.130632747655909043e-07 1.320206676609814167e-03 2.175983172492124140e-05 5.442756023654737874e-09
9.270380735397338867e-01 3.916612267494201660e-01 9.984498023986816406e-01 5.891821905970573425e-02 6.966554373502731323e-02 9.025476756505668163e-04 1.880448013544082642e-01 1.735403537750244141e-01 5.541564896702766418e-03 9.083980694413185120e-03 3.569574328139424324e-03 8.439852297306060791e-02 3.171394467353820801e-01 1.028239652514457703e-01 2.671910449862480164e-03 2.240398898720741272e-02 3.128773719072341919e-02 7.649803999811410904e-03 3.859397768974304199e-02
2.787531614303588867e-01 3.249325156211853027e-01 9.817075729370117188e-01 1.761248111724853516e-01 5.640914291143417358e-02 1.374973505735397339e-01 4.712510108947753906e-01 2.693553864955902100e-01 1.437742859125137329e-01 4.710482433438301086e-02 1.287614740431308746e-02 3.900166228413581848e-02 1.386246830224990845e-01 2.511956095695495605e-01 1.347634196281433105e-01 6.143536418676376343e-02 1.466412842273712158e-01 4.467349126935005188e-02 1.103285476565361023e-01
6.099576239648740739e-06 2.623388450917474302e-10 1.619251603563246194e-15 1.000000000000000000e+00 1.899367453006561846e-05 4.229115430250118823e-13 4.058672115206718445e-03 1.661458526314163464e-08 2.455258774070046002e-10 1.942650033892601158e-11 1.137153378391922952e-16 1.030715701048727506e-13 1.126450666077971619e-08 1.286443875869736075e-07 1.713782467049895786e-06 1.701818685972966705e-09 2.478995323181152344e-01 1.641943383286128405e-14 1.186908358411436571e-16
5.992496386170387268e-02 1.543609129406320335e-09 1.456891587079713057e-14 9.871087670326232910e-01 9.717149138450622559e-01 5.260838431553338523e-10 8.698642253875732422e-01 2.569048307421439858e-10 3.310273939405306010e-07 5.250843648774150552e-10 2.656021019439847031e-12 1.579305380582809448e-01 2.084218309050811513e-08 2.239575747076116841e-10 1.501140013715485111e-05 3.091693157330155373e-03 3.334898874163627625e-02 4.155063138000514300e-08 3.754905067432368071e-11
3.120655310340225697e-04 1.473627442294400680e-09 2.726482336071461149e-14 1.000000000000000000e+00 1.534635317511856556e-03 1.679439226576207034e-10 1.152111496776342392e-02 2.922431718843654380e-08 4.217798110772719156e-09 7.645967747826887262e-10 7.099239358404835568e-15 4.252197760568066087e-10 8.901076142819874804e-08 1.008947378977609333e-07 2.706403756747022271e-05 8.936203954590382637e-08 1.593472212553024292e-01 1.518985566668906717e-12 1.434364745847484940e-14
6.248881618375889957e-06 1.162598724476993084e-03 1.127886571339331567e-05 4.553564786911010742e-01 2.601794949441682547e-05 3.473490721717098495e-07 9.416590929031372070e-01 8.878970891237258911e-02 1.537518401164561510e-04 6.853261496871709824e-03 5.897480832572910003e-07 1.261757133761420846e-04 5.832510534673929214e-03 7.878894358873367310e-02 4.675973672419786453e-03 5.143760237842798233e-03 6.712812781333923340e-01 1.091562211513519287e-03 1.048407193593448028e-05
3.516993729135720059e-06 4.979274794459342957e-02 9.113181249631452374e-07 9.747280478477478027e-01 5.023006792725936975e-07 6.933867258140935519e-09 7.201961874961853027e-01 8.976808190345764160e-02 9.040174518304411322e-06 2.489761027391068637e-05 2.363766071766804089e-07 2.305387347689702437e-08 2.209054364357143641e-04 9.773300886154174805e-01 1.294968969887122512e-04 8.638646249892190099e-05 2.508346438407897949e-01 3.259655495639890432e-04 1.330601833160471870e-07
2.220626321713936591e-10 5.190288447920465842e-07 9.973649382591247559e-01 9.063797534736295347e-08 2.628298023665820438e-09 1.886293102870695293e-05 9.999270439147949219e-01 6.662637315457686782e-05 7.914820313453674316e-01 2.723647440916465712e-08 7.970028526038674954e-10 1.116412562396362773e-08 5.398971438808075618e-07 1.590942338225431740e-05 1.150956886704079807e-04 2.084363131871214136e-06 6.386370956897735596e-02 1.111108795157633722e-04 4.895068705081939697e-02
7.632747905939041289e-11 2.905314249801449478e-05 6.543482422571855750e-11 9.973700046539306641e-01 8.217951492917041634e-12 2.607897554049269651e-14 9.763122797012329102e-01 6.044355686753988266e-03 1.107238745134964120e-08 4.356750959999544648e-09 8.862479977320147917e-13 3.265749758292468830e-14 1.386699636896082666e-06 9.827437400817871094e-01 1.053264531947206706e-05 2.901614415407038905e-08 9.725898504257202148e-01 5.784891545772552490e-04 1.872916405298852283e-11
6.856046617031097412e-02 2.380065321922302246e-01 7.118015289306640625e-01 1.664450913667678833e-01 4.108729213476181030e-02 6.532731000334024429e-03 5.292678475379943848e-01 5.049676895141601562e-01 2.556666918098926544e-02 2.920516729354858398e-01 2.590943500399589539e-02 1.651455610990524292e-01 2.105244994163513184e-01 2.465969920158386230e-01 7.754667848348617554e-02 2.613086402416229248e-01 2.681946158409118652e-01 9.460110217332839966e-02 2.418974041938781738e-02
2.713508138185716234e-06 1.051306724548339844e-02 5.476101136991928797e-07 9.956248402595520020e-01 5.162391971680335701e-07 3.409662108211364284e-09 6.563577651977539062e-01 8.325532078742980957e-02 5.016705017624190077e-06 1.315959616476902738e-05 6.247549322324630339e-08 6.011301234565280538e-09 2.814973122440278530e-04 9.457862973213195801e-01 3.355449007358402014e-04 3.680353620438836515e-05 5.687505602836608887e-01 1.100394991226494312e-03 8.105742921316050342e-08
3.673117365821099156e-11 5.396698712911707219e-11 1.960921182375674476e-11 9.999911785125732422e-01 1.021684403745837244e-10 8.571361529612422925e-14 8.865598440170288086e-01 1.946509109984617680e-05 7.690881265176585657e-11 1.817407196957887550e-10 4.360313854228324570e-18 2.571440070153318408e-14 2.183430183322343510e-07 1.337751382379792631e-05 2.128816704498603940e-04 4.086078697618233946e-10 9.987937211990356445e-01 6.816229247696981020e-10 1.513653805974065486e-14
1.387133495882153511e-03 2.479376053088344634e-05 1.076974695024546236e-05 9.996145963668823242e-01 5.643696640618145466e-04 1.152855293184984475e-05 1.793757826089859009e-01 2.741683740168809891e-03 1.098046141123631969e-05 4.863566937274299562e-05 1.056951770550540459e-08 1.506774765402951743e-06 7.357912254519760609e-04 2.038750099018216133e-03 5.060009285807609558e-02 3.088105222559534013e-05 8.403736352920532227e-01 5.321865683072246611e-05 6.729786150572181214e-08
7.540349677981339482e-09 8.411960572551890891e-10 7.229590814894493178e-10 9.999709129333496094e-01 1.110289860051238975e-09 1.887572563530337533e-12 3.815763592720031738e-01 1.001756099867634475e-04 1.730491305806935998e-10 4.696228739220487114e-09 2.954292101345389401e-16 9.795455462383029221e-13 1.383004246235941537e-06 6.125632353359833360e-05 1.218717778101563454e-03 2.655244912830312387e-09 9.996696710586547852e-01 3.474963961025423487e-08 1.991483827889009572e-13
4.066858673468232155e-05 1.191526826005429029e-05 3.783747715147001145e-08 1.851357705891132355e-02 2.818065229803323746e-03 3.013014975294936448e-05 8.151242136955261230e-01 1.887643942609429359e-03 1.512285871285712346e-05 8.489615917205810547e-01 1.560775615416787332e-07 3.894589543342590332e-01 7.088661193847656250e-03 1.837783884184318595e-06 1.706077309790998697e-04 7.546536624431610107e-02 1.562114525586366653e-02 6.446399493142962456e-04 8.610801955910574179e-07
7.075663466867432999e-15 1.115823319158826266e-11 3.825732832370414439e-17 1.406783525226273923e-07 8.763695547031602473e-08 1.536998474457526576e-13 9.999996423721313477e-01 5.801106226499541663e-07 1.053922105143101362e-08 6.011492132529383525e-06 2.669212236221935042e-14 2.012977609410881996e-03 4.049405106343328953e-05 1.478429462187236254e-10 1.088296475160177579e-08 3.317124908789992332e-03 8.704650215804576874e-03 2.430717849222219229e-09 1.266172861003056482e-10
7.971586768462657346e-08 3.944157889179678023e-09 4.781156753060761266e-14 5.053717000436108719e-09 4.888250492513179779e-03 7.138682178720046068e-08 8.829063773155212402e-01 5.085647444502683356e-06 5.978886292723473161e-07 8.242754936218261719e-01 3.638832291041893541e-10 9.945054650306701660e-01 7.940763607621192932e-04 3.516299393584859656e-13 6.301883060527702085e-12 4.999831914901733398e-01 2.076159580610692501e-05 1.310447942159953527e-06 1.175459196645078919e-08
2.460376918315887451e-01 1.230753660202026367e-01 9.876383543014526367e-01 5.874750390648841858e-02 9.343889355659484863e-02 2.068242523819208145e-03 2.405138611793518066e-01 3.736987113952636719e-01 1.981961308047175407e-03 4.436385929584503174e-01 4.730730317533016205e-03 2.854483723640441895e-01 4.300484657287597656e-01 6.209412217140197754e-02 7.723195478320121765e-03 2.654339671134948730e-01 6.142400205135345459e-02 4.129709675908088684e-02 6.009696517139673233e-03
8.089147508144378662e-02 8.631828823126852512e-04 7.963470238792069722e-07 1.000000000000000000e+00 7.638802635483443737e-04 3.459061554167419672e-05 2.585426045698113739e-05 2.932702191174030304e-04 6.652777528870501556e-08 2.836778185155708343e-05 9.009495371969933331e-10 1.378785263739246147e-08 1.342662959359586239e-03 2.613841742277145386e-02 2.720983175095170736e-04 3.159090192639268935e-05 2.161471638828516006e-04 3.409185228520072997e-05 7.737265939056214847e-09
3.603844002733613827e-12 7.202871632472351848e-11 7.090084812658159485e-13 1.403474403360860379e-08 4.692092048230733781e-09 1.000000000000000000e+00 2.978931823438557558e-10 8.867751232757500879e-14 1.361930026178015396e-05 3.848626875090771504e-13 1.953512224546851533e-21 4.887068424002502976e-17 9.077463607176650129e-12 1.275093495678447653e-06 2.009880393743515015e-01 8.102170837183658020e-16 3.267427883812956679e-09 1.508415266471274663e-06 5.861908181081787461e-10
2.606332483168216640e-09 9.063568562339696655e-09 1.747068201912727048e-12 2.284769777816109126e-07 1.202357179863611236e-05 4.925418295442796079e-09 7.796402573585510254e-01 2.524551469832658768e-03 3.845041263161874667e-08 9.990248680114746094e-01 1.109942582289136226e-09 9.669317007064819336e-01 1.465508539695292711e-04 2.226619028045107029e-10 2.928305598004499188e-09 4.613276720046997070e-01 2.105038845911622047e-03 1.607465128472540528e-05 1.752330502924337452e-09
4.057314928473942928e-09 6.039089672782438356e-09 7.332987841078553171e-13 4.523011227774986764e-07 8.624151632830034941e-06 2.824811939916571646e-09 3.478035628795623779e-01 1.582039170898497105e-03 5.349356957395912104e-09 9.998923540115356445e-01 3.647205315537860315e-10 9.688585400581359863e-01 4.773287582793273032e-05 1.847799135923366975e-10 2.832781342831935945e-09 4.259256720542907715e-01 1.001765369437634945e-03 2.029055031016469002e-05 1.766470858477475758e-10
6.581154821105883457e-08 5.264934044291180726e-10 1.517349278374037990e-16 4.147173342516907724e-07 1.671763893682509661e-04 5.491356258602309026e-10 4.054357297718524933e-03 4.104007530258968472e-06 1.995979553512383653e-12 9.999992847442626953e-01 2.845756128574267185e-13 9.952113032341003418e-01 2.637409352246322669e-06 1.383740127688937172e-13 1.598006991489209216e-12 3.056881725788116455e-01 6.102266070229234174e-07 6.870521360724524129e-07 1.321945770758241670e-14
4.058315607835538685e-05 3.657070192275568843e-05 4.569408702082000673e-05 9.960481524467468262e-01 3.508610097924247384e-05 2.703470727283274755e-07 5.190278887748718262e-01 1.301316265016794205e-02 1.478011108702048659e-05 9.204539674101397395e-05 2.791243325361847383e-08 2.401425717835081741e-06 1.407526782713830471e-03 5.177229642868041992e-03 1.112075988203287125e-02 1.327435020357370377e-04 9.662253260612487793e-01 1.711561926640570164e-04 4.201015997296053683e-07
2.779589965939521790e-02 2.203672891482710838e-03 1.331693638348951936e-04 8.219647407531738281e-01 3.635732829570770264e-01 1.499015837907791138e-01 6.811551451683044434e-01 2.252423670142889023e-03 1.064242050051689148e-01 3.316513495519757271e-03 2.192111569456756115e-04 2.819843962788581848e-02 7.409807760268449783e-03 3.490391420200467110e-03 1.055807098746299744e-01 3.807475045323371887e-02 7.155987620353698730e-02 2.232115902006626129e-02 3.037800546735525131e-03
5.194394662976264954e-02 5.111477803438901901e-04 2.030129144259262830e-05 3.954615592956542969e-01 6.565999388694763184e-01 1.438717590644955635e-03 5.934556126594543457e-01 2.416584175080060959e-03 1.760606304742395878e-03 6.092147156596183777e-02 4.697329859482124448e-05 7.724647521972656250e-01 6.949012167751789093e-03 2.404348779236897826e-04 1.797626144252717495e-03 3.943847715854644775e-01 1.028310433030128479e-01 1.400389820337295532e-01 1.399717439198866487e-04
3.589007135929023207e-08 2.191462115941344990e-11 1.942405159936567721e-19 5.053199103599581576e-08 2.382509969174861908e-02 5.226652999290593016e-10 5.877805873751640320e-02 1.773846669550493971e-08 1.067526188974765589e-11 9.999320507049560547e-01 4.988160085721629611e-15 9.996491670608520508e-01 8.413828140874102246e-07 1.670925483785205227e-16 4.341283988518835832e-15 4.803003072738647461e-01 3.525198977172294690e-08 4.165092093444400234e-08 1.379125831005474645e-14
5.954226362518966198e-04 6.202417425811290741e-04 4.180467840342316777e-06 1.642094692215323448e-03 1.321775186806917191e-02 9.999473094940185547e-01 1.320765004493296146e-03 9.599333679943811148e-06 1.564151979982852936e-02 1.313382672378793359e-04 9.663205702281629783e-08 1.847727435233537108e-05 1.267637417186051607e-04 9.594137081876397133e-04 5.219353362917900085e-03 4.517817069427110255e-05 2.423055848339572549e-04 5.348613485693931580e-03 2.834887418430298567e-04
2.887729522171866847e-07 1.634420598861652252e-09 6.884664046345828452e-19 9.699018846731632948e-05 2.718868012674402479e-11 4.978344958495029005e-10 3.459746622525017301e-08 7.741447006992530078e-06 1.872909994363231377e-18 1.000000000000000000e+00 1.001703281005303717e-14 8.184696733951568604e-02 7.218543942144606262e-06 7.405196552799035020e-15 4.754380916738298879e-12 2.040929830400273204e-04 4.280338306017483774e-09 1.803168316882874933e-07 4.616294924347786190e-19
1.000000000000000000e+00 1.243213424459099770e-03 2.690530488493373361e-15 1.535293563392770011e-06 9.930196404457092285e-01 6.328269837465073390e-17 1.295845769345760345e-02 2.220589268020489726e-09 2.107504448733976687e-11 1.026293112993403867e-11 4.873165239394072756e-12 9.638749957084655762e-01 1.054460994964756537e-06 6.013307798750922029e-13 3.404725290598956514e-19 8.131521462928503752e-05 6.776643246553248900e-09 7.074321597272392736e-13 1.261733122495667381e-12
2.289346233010292053e-02 1.460577459511114284e-05 3.158877248665703519e-08 7.932674488984048367e-04 8.421176671981811523e-01 1.265321429855248425e-06 4.245603680610656738e-01 3.002531411766540259e-05 8.631646778667345643e-06 4.583575204014778137e-02 7.989807215835753595e-08 9.936508536338806152e-01 1.377790933474898338e-03 1.073109530125293531e-07 1.226134749288121384e-08 4.017772078514099121e-01 4.393183044157922268e-04 3.801908751484006643e-04 2.129406340145578724e-07
8.663717657327651978e-02 1.027990947477519512e-03 1.980567867576610297e-05 7.668248564004898071e-02 8.104089498519897461e-01 1.429309049854055047e-04 9.068366289138793945e-01 2.649085654411464930e-04 4.676210880279541016e-02 2.202257601311430335e-04 9.812321513891220093e-04 7.161169648170471191e-01 9.519056184217333794e-04 1.790950627764686942e-04 1.535090501420199871e-03 2.034548670053482056e-01 1.035546511411666870e-01 6.883285474032163620e-03 2.037001773715019226e-03
1.766361918953407439e-07 3.430173159402194472e-11 1.011275007419161487e-14 1.000000000000000000e+00 5.397018394432961941e-04 3.069669185506995746e-09 5.899939537048339844e-01 6.793273055194504195e-09 2.151176943243626738e-07 2.507674901064405049e-10 1.197012243862318696e-15 1.275439864834027048e-09 4.761531968711096852e-08 1.166979313182991973e-08 5.475225407280959189e-05 4.300714238070213469e-07 5.682669207453727722e-02 1.011325190258816065e-10 5.849669164857684844e-13
9.017917977031247867e-14 4.199957603923110128e-10 3.421505700290650154e-13 1.744084215715702157e-06 2.917373231881015272e-09 2.442698496452067047e-05 9.999998807907104492e-01 1.927696935410949663e-08 7.366334088146686554e-03 1.163545388510600631e-12 8.288513511601688921e-14 3.196998568655295969e-11 9.506639919720782927e-09 2.448630752041935921e-03 1.083286851644515991e-02 6.191376744624221828e-09 6.162252393551170826e-04 4.367067504063015804e-06 5.002712555324251298e-07
1.726837076110321334e-11 2.253000954202666328e-12 2.810180880314858132e-15 2.741376192716415972e-06 1.382068785460432991e-05 9.999886751174926758e-01 2.228519171476364136e-01 1.145736744411277042e-14 9.865405736491084099e-04 1.938439914226514071e-13 1.389736615186251830e-20 1.236876052967961215e-12 9.076529458584836618e-12 4.377827522716870590e-08 4.416480078361928463e-05 2.654801899149017430e-11 6.481533887381374370e-08 2.180663614126387984e-06 3.842992035707482046e-10
2.209634780883789062e-01 1.850479929998982698e-05 7.127872181378336336e-10 9.796746373176574707e-01 9.195521473884582520e-01 2.439898935335804708e-06 2.153327614068984985e-01 1.699841050140094012e-06 1.728745337459258735e-05 3.688307479023933411e-04 2.000130017165702156e-08 6.907969117164611816e-01 7.695581007283180952e-05 2.097672933132344042e-07 1.472555140935583040e-05 9.016877412796020508e-02 7.207205053418874741e-03 4.167019142187200487e-05 2.382432207070905861e-08
1.129851261794101447e-05 3.589744210330536589e-06 5.189872354094404727e-08 1.226552012667525560e-05 1.129795387387275696e-01 9.999928474426269531e-01 6.114719435572624207e-04 9.331820649549626978e-09 4.157234728336334229e-02 9.037384734256193042e-05 8.847496069108728989e-10 1.366122014587745070e-04 4.923419510305393487e-06 5.576837907028675545e-07 2.206889621447771788e-05 2.071290655294433236e-04 7.716702384641394019e-06 4.620956897269934416e-04 4.889944684691727161e-04
6.275057967286556959e-05 9.401247650384902954e-02 7.384428499790374190e-06 4.170155618339776993e-03 1.339792834187392145e-05 1.686572659309604205e-07 8.698951005935668945e-01 6.445843577384948730e-01 4.043377120979130268e-04 4.102008417248725891e-02 6.094256605138070881e-05 1.723676733672618866e-02 1.094813365489244461e-02 5.355482921004295349e-02 1.512062153778970242e-04 5.108350142836570740e-02 7.059153914451599121e-01 4.160888493061065674e-03 5.143274756846949458e-05
5.125511884689331055e-01 1.895814836025238037e-01 1.559344585984945297e-02 6.310949474573135376e-02 3.940823674201965332e-02 6.691430695354938507e-03 1.076505631208419800e-01 2.048237174749374390e-01 5.152442026883363724e-03 6.320593357086181641e-01 1.436207816004753113e-02 4.473263025283813477e-01 6.539866328239440918e-01 7.070808205753564835e-03 3.730732714757323265e-03 1.617207527160644531e-01 1.859105192124843597e-02 1.342490911483764648e-01 1.009967830032110214e-02
1.278403487958712503e-05 7.156732806379295653e-08 2.451966147481998703e-12 5.308175968821160495e-05 5.792424082756042480e-02 4.133665072458825307e-07 3.251530602574348450e-02 1.886749851109925658e-05 3.330194564554744829e-09 9.998028874397277832e-01 2.348327088341761737e-10 9.946662187576293945e-01 4.792846448253840208e-05 2.356816686255314153e-10 1.435994434473286674e-09 4.613283276557922363e-01 1.156768121290951967e-05 2.251834848721046001e-05 3.627119785076793335e-11
8.305762410163879395e-01 3.332333406433463097e-03 3.030483952670692815e-08 9.999963045120239258e-01 7.320954799652099609e-01 1.691324200692179147e-06 4.301819950342178345e-03 3.751908661797642708e-05 6.045241752872243524e-05 8.808317215880379081e-05 6.508319074782775715e-06 4.455205518752336502e-03 3.661119553726166487e-04 7.543333922512829304e-04 1.441273798263864592e-05 3.846746310591697693e-02 2.349592978134751320e-03 4.907402058051957283e-07 1.289164629270089790e-06
3.051676787436008453e-03 6.790771149098873138e-03 9.244201183319091797e-01 4.383293092250823975e-01 2.402459736913442612e-03 5.593592068180441856e-04 7.129090428352355957e-01 1.725112497806549072e-01 1.947949640452861786e-03 5.149887874722480774e-03 7.839018508093431592e-05 1.166820758953690529e-03 6.380489468574523926e-02 1.007168740034103394e-01 1.831470578908920288e-01 1.065057143568992615e-02 8.702720403671264648e-01 2.624893561005592346e-02 3.377064829692244530e-03
1.801624596118927002e-01 4.893234074115753174e-01 9.867568016052246094e-01 3.621758818626403809e-01 3.186232596635818481e-02 1.137896813452243805e-02 1.963208317756652832e-01 4.155447185039520264e-01 5.214616656303405762e-03 4.485147818922996521e-02 2.242898382246494293e-02 1.834679022431373596e-02 1.792640984058380127e-01 7.009278535842895508e-01 1.512301415205001831e-01 1.236057952046394348e-01 9.245143830776214600e-02 7.986188679933547974e-02 1.412314455956220627e-02
4.349036131223726898e-10 5.530041136125873891e-08 4.040164500474929810e-02 8.280974725494161248e-05 2.004820316869881935e-06 3.430585676644781756e-11 9.991016387939453125e-01 1.394090242683887482e-02 6.608474905078765005e-07 1.249861525138840079e-04 4.675393405761951726e-10 1.649212208576500416e-03 2.752431668341159821e-03 9.283973668061662465e-06 8.831932063912972808e-06 1.684190519154071808e-02 7.387008666992187500e-01 4.034859102830523625e-06 2.397427465439250227e-07
9.280205368995666504e-01 1.521679945290088654e-02 5.624714471963443430e-09 1.236922742009483045e-07 1.275021350011229515e-03 8.090858614195894916e-07 7.315269112586975098e-01 2.891367148549761623e-05 6.496070325374603271e-02 9.684552438557147980e-03 3.525087231537327170e-05 6.818382143974304199e-01 2.696082182228565216e-02 1.247420833294654585e-09 7.252739520069440005e-10 9.947612415999174118e-04 2.861115899577271193e-05 1.059501073541468941e-06 3.122832477092742920e-01
5.487500131130218506e-02 2.659203857183456421e-02 3.980870533268898726e-04 2.863199682906270027e-03 5.740736052393913269e-02 2.290048077702522278e-02 6.383238434791564941e-01 5.075001344084739685e-02 7.002249360084533691e-02 6.050353050231933594e-01 8.133740164339542389e-03 5.318688750267028809e-01 2.667867541313171387e-01 2.767010882962495089e-04 1.214262563735246658e-03 1.802478730678558350e-01 1.775025203824043274e-02 1.309269480407238007e-02 4.607085511088371277e-02
8.494058996438980103e-02 2.098807832226157188e-03 2.361066253797616810e-05 1.132047502323985100e-03 3.471938543953001499e-04 5.260394027573056519e-05 3.082739422097802162e-03 2.574145048856735229e-02 1.888727069854212459e-06 9.970653653144836426e-01 5.117906403029337525e-05 3.837739229202270508e-01 2.889278233051300049e-01 2.188192411267664284e-06 2.498819412721786648e-06 5.448511615395545959e-02 1.486813125666230917e-04 1.023681182414293289e-02 7.185417871369281784e-06
9.544175554765388370e-05 3.009868320077657700e-03 3.346170783042907715e-01 2.062776766251772642e-04 7.972196675837039948e-03 9.994854927062988281e-01 2.562404237687587738e-02 5.865611456101760268e-05 1.757583320140838623e-01 2.693563583306968212e-04 5.294056109050870873e-07 8.796607289696112275e-05 1.801792968763038516e-04 3.643730655312538147e-03 1.701276749372482300e-02 7.211629999801516533e-04 8.563203737139701843e-04 1.770572736859321594e-03 3.080695681273937225e-02
8.086968213319778442e-02 6.379389166831970215e-01 9.603131413459777832e-01 4.158549606800079346e-01 6.783564109355211258e-03 3.122351365163922310e-03 2.443782538175582886e-01 4.237017035484313965e-01 3.285046434029936790e-03 1.383112370967864990e-02 2.012783847749233246e-02 4.415478557348251343e-03 7.080622762441635132e-02 8.274074792861938477e-01 6.832110136747360229e-02 6.200925633311271667e-02 6.232185289263725281e-02 4.762113094329833984e-02 3.543070983141660690e-03
3.993985243141651154e-03 1.824073726311326027e-03 2.842399664223194122e-02 5.558903794735670090e-03 1.184902489185333252e-01 9.546589571982622147e-04 6.100680828094482422e-01 9.763981401920318604e-02 2.068201312795281410e-03 6.400822401046752930e-01 5.273414426483213902e-04 8.265956044197082520e-01 1.067400872707366943e-01 5.249617388471961021e-04 4.950246657244861126e-04 4.735080003738403320e-01 5.886659771203994751e-02 1.433901954442262650e-02 7.187270675785839558e-04
2.705387538298964500e-03 5.781363579444587231e-04 9.999988079071044922e-01 2.749491250142455101e-04 4.972695751348510385e-05 3.838021456203932757e-08 2.213876723544672132e-04 4.219206795096397400e-02 4.029547182038406561e-11 9.965098500251770020e-01 1.423464723870893067e-08 2.771671302616596222e-02 1.002209708094596863e-01 9.901584126055240631e-04 8.658207093503733631e-07 5.066177621483802795e-02 1.512334893050137907e-05 3.327263693790882826e-04 2.839803059373480210e-09
1.074614077806472778e-01 6.689763665199279785e-01 9.644025564193725586e-01 3.720696270465850830e-01 1.915181637741625309e-03 1.066714292392134666e-03 4.251692444086074829e-02 4.551100134849548340e-01 1.610356557648628950e-04 4.694394022226333618e-02 4.192814230918884277e-03 7.132924627512693405e-03 1.194931194186210632e-01 8.823481202125549316e-01 1.607833243906497955e-02 5.305326730012893677e-02 1.567520201206207275e-02 6.421571969985961914e-02 4.869576659984886646e-04
5.066431127488613129e-03 1.857310980558395386e-01 4.159502168477047235e-06 6.098060011863708496e-01 2.121429361068294384e-06 5.489091108756838366e-06 1.270375563763082027e-03 4.212278723716735840e-01 2.682372723938897252e-08 9.561223387718200684e-01 8.894047823559958488e-06 3.702787449583411217e-03 2.420782297849655151e-02 5.542541146278381348e-01 4.142995021538808942e-05 9.397378191351890564e-03 1.609390834346413612e-03 5.498255416750907898e-02 7.461153472831938416e-08
7.316370426169171992e-11 1.308305408453946939e-10 6.029135519930786929e-16 4.970085574313998222e-04 3.559870878234505653e-03 3.946955530409468338e-06 9.999982118606567383e-01 1.812286605507029691e-11 3.948456048965454102e-02 9.618025993696210918e-12 3.752340018564614965e-12 2.282329478475730866e-05 8.084093394700175850e-09 8.814136265300476225e-08 1.820410252548754215e-04 1.621379342395812273e-04 1.231312398886075243e-05 2.567643377915374003e-06 1.970162344377968111e-07
1.829409956854988195e-09 8.879455037913430715e-08 1.731946530636463422e-11 3.442944725975394249e-03 2.369667345192283392e-05 1.168939070339547470e-05 9.999971389770507812e-01 2.386327935255394550e-07 5.147531628608703613e-03 4.282540988498340084e-10 1.146012312824851165e-10 2.355638031303897151e-07 7.377659017038240563e-07 6.829348858445882797e-04 4.515194147825241089e-02 3.959403784392634407e-06 3.875453723594546318e-03 6.957032837817678228e-06 2.696215233299881220e-06
1.122109210882626940e-06 4.471450578421354294e-03 5.644586131836604181e-09 9.999943971633911133e-01 2.376586394348123576e-08 6.333055174029267320e-12 8.931527286767959595e-02 2.316388860344886780e-02 5.903238076143679791e-08 1.979412900254828855e-07 7.021260794992656429e-10 2.566772966047792259e-12 2.321438296348787844e-05 8.747589588165283203e-01 1.999002597585786134e-05 4.533206663381861290e-07 4.078549742698669434e-01 9.458806744078174233e-06 3.475404686259508935e-10
9.769034981727600098e-01 9.689623117446899414e-01 9.937759637832641602e-01 8.091743290424346924e-02 4.543095928966067731e-05 4.262620905137737282e-07 1.474585267715156078e-03 5.511465668678283691e-01 4.723801794170867652e-07 9.833898366196081042e-05 7.639236719114705920e-05 1.884515630081295967e-03 3.751305043697357178e-01 8.320862650871276855e-01 1.585844302098848857e-06 1.602118718437850475e-03 1.373932755086570978e-04 1.929293735884130001e-03 1.585045879437529948e-06
6.594409942626953125e-01 4.607815444469451904e-01 5.565107464790344238e-01 6.964791417121887207e-01 1.085799708962440491e-01 1.870861835777759552e-02 1.071241348981857300e-01 3.257690668106079102e-01 5.358132068067789078e-03 1.594839394092559814e-01 4.239285364747047424e-02 1.429627835750579834e-01 4.653737843036651611e-01 3.489600718021392822e-01 6.074081733822822571e-02 1.621602028608322144e-01 5.390176922082901001e-02 2.205444574356079102e-01 1.069569494575262070e-02
1.262517720460891724e-01 2.915551662445068359e-01 7.859905958175659180e-01 9.646345973014831543e-01 3.614177927374839783e-02 1.384103205054998398e-02 5.426611006259918213e-02 2.438062429428100586e-01 1.463031279854476452e-03 2.525547891855239868e-02 9.896615520119667053e-03 1.624082447960972786e-03 1.033224686980247498e-01 7.815428972244262695e-01 1.603565961122512817e-01 9.894624352455139160e-02 4.255434498190879822e-02 3.273733258247375488e-01 3.066611941903829575e-03
4.818676039576530457e-03 2.418419905006885529e-02 3.694068000186234713e-04 1.356149790808558464e-03 1.972040161490440369e-03 5.741129280067980289e-05 9.853416681289672852e-01 1.220308840274810791e-01 2.298878133296966553e-01 1.878519309684634209e-03 4.089458286762237549e-02 4.536401852965354919e-02 2.084673009812831879e-02 6.229154299944639206e-03 2.171233296394348145e-02 2.329299971461296082e-02 8.848426342010498047e-01 5.287647712975740433e-03 3.313687443733215332e-01
3.603632421800284646e-06 3.841003854176960886e-05 1.687390795268584043e-05 1.219656169414520264e-01 1.589695602888241410e-05 4.280857410776661709e-06 2.680225074291229248e-01 3.454300016164779663e-02 1.142231994890607893e-04 3.656361950561404228e-04 1.973206593675058684e-07 6.668306741630658507e-05 9.211368742398917675e-04 2.097566425800323486e-02 2.305492013692855835e-02 6.827412289567291737e-04 9.904394149780273438e-01 7.361406683921813965e-01 1.897330730571411550e-05
2.502513041235943092e-07 9.571160262566991150e-06 4.638311111193615943e-06 1.224097516387701035e-02 7.456965249730274081e-06 6.412989250748069026e-07 8.566288948059082031e-01 2.156419865787029266e-02 6.449561333283782005e-04 7.090003782650455832e-05 4.037901248921116348e-07 4.516503395279869437e-05 6.321471300907433033e-04 2.780799567699432373e-02 5.310489796102046967e-03 1.549612148664891720e-03 9.797658324241638184e-01 9.276385903358459473e-01 2.790978032862767577e-05
1.531976323576600407e-07 8.283540076092776872e-09 1.025354523509491855e-10 6.644587963819503784e-02 1.096163941838312894e-05 3.232830204069614410e-03 9.998588562011718750e-01 3.338429337418347131e-07 1.695868995739147067e-04 1.126394200134939183e-09 1.455348021999272601e-13 3.027438078007094191e-09 9.395670304002123885e-07 9.067372302524745464e-04 6.472469568252563477e-01 9.987530802391120233e-09 2.014783397316932678e-02 4.027516752103110775e-06 9.229176356484458665e-08
6.104941666126251221e-02 5.602506399154663086e-01 9.995261430740356445e-01 9.720793962478637695e-01 3.470403375104069710e-03 3.014196117874234915e-04 2.176384208723902702e-03 1.136235147714614868e-01 3.115608706139028072e-06 9.928032523021101952e-04 3.447985975071787834e-03 7.718577398918569088e-05 3.461342677474021912e-02 9.724113941192626953e-01 2.939575165510177612e-02 5.980768054723739624e-02 1.437823870219290257e-03 5.273177474737167358e-02 1.677026157267391682e-04
6.074008345603942871e-01 5.303677320480346680e-01 9.715284705162048340e-01 9.945178627967834473e-01 2.277009887620806694e-03 1.147049770224839449e-04 2.458406379446387291e-04 7.410592585802078247e-02 4.345143906903103925e-07 4.572911188006401062e-03 3.264245751779526472e-04 4.750883672386407852e-04 2.237123996019363403e-01 9.310684204101562500e-01 1.224581501446664333e-03 3.628190979361534119e-02 1.627716264920309186e-04 8.212896436452865601e-02 1.116661678679520264e-05
1.484385430812835693e-01 2.021699398756027222e-01 8.283909559249877930e-01 9.940578937530517578e-01 2.379146032035350800e-02 3.118843026459217072e-02 1.345312874764204025e-02 1.165389493107795715e-01 1.261252560652792454e-03 9.152793325483798981e-03 2.781643066555261612e-03 3.465737972874194384e-04 9.507147222757339478e-02 6.711248159408569336e-01 1.144259199500083923e-01 5.816796422004699707e-02 1.222481299191713333e-02 1.457088589668273926e-01 1.824298524297773838e-03
5.766274407505989075e-02 5.527521483600139618e-03 3.428204655647277832e-01 9.999283552169799805e-01 2.227853285148739815e-03 1.686394913122057915e-03 2.361156279221177101e-03 1.736519858241081238e-02 1.114057795348344371e-05 3.012440633028745651e-03 2.252831109217368066e-06 4.106117557967081666e-06 2.871365286409854889e-02 2.228034734725952148e-01 8.234085887670516968e-02 2.775131259113550186e-03 6.025828886777162552e-03 8.980748057365417480e-02 4.142788384342566133e-06
2.921243431046605110e-03 1.356876455247402191e-03 4.630950861610472202e-04 9.980233907699584961e-01 1.381509471684694290e-03 5.899871030123904347e-05 1.868864446878433228e-01 3.906701877713203430e-02 1.527830609120428562e-04 7.300057914108037949e-03 1.921488092193612829e-06 3.187828042428009212e-05 1.210032217204570770e-02 3.156088292598724365e-02 4.219768568873405457e-02 9.970882674679160118e-04 6.539309620857238770e-01 1.192130148410797119e-03 2.295010517627815716e-06
5.382762174122035503e-04 8.759282645769417286e-04 1.108514727093279362e-03 8.761775493621826172e-01 1.080877991626039147e-04 2.288373000919818878e-02 7.346200942993164062e-02 5.810135602951049805e-02 1.183313361252658069e-04 9.763303212821483612e-03 3.811384488017210970e-07 8.287198397738393396e-06 6.561000831425189972e-03 1.420267969369888306e-01 7.804022431373596191e-01 1.351973332930356264e-04 2.718771994113922119e-01 4.909580945968627930e-01 3.062001496800803579e-06
1.246443616764736362e-06 1.429147022946608558e-09 4.772007018461225589e-15 4.485387762542814016e-06 4.059465602040290833e-02 1.446520858650046648e-08 1.457242667675018311e-02 1.134680360337370075e-06 3.510975191134413365e-11 9.999700784683227539e-01 1.228077210237155104e-12 9.987263083457946777e-01 5.284999133436940610e-06 1.045466989889332066e-12 8.754990656056893528e-12 4.800991415977478027e-01 7.051961006254714448e-07 1.791379077076271642e-06 1.479518818656849755e-13
7.903012715360091534e-07 1.051728704126730918e-09 3.526570589218648187e-16 1.092283312686959107e-07 1.052994774708437831e-10 5.601692998347118646e-10 5.662877100576224620e-08 2.521841997804585844e-05 2.504732276265925683e-16 1.000000000000000000e+00 5.899024758254656220e-13 1.156968474388122559e-01 1.893601620395202190e-05 4.812628177512700070e-15 4.625316514343669194e-13 7.108027348294854164e-04 2.321566938690011739e-09 7.960614993862691335e-07 1.934288243380737998e-17
1.901604793965816498e-02 6.705861199662876970e-09 2.798166723809680746e-16 9.494205733062699437e-05 9.804499149322509766e-01 4.625725225082533143e-08 9.971230626106262207e-01 3.085094029200985410e-13 1.231668293476104736e-01 2.633628124609765919e-12 1.360928453264520499e-10 2.709585726261138916e-01 4.543698195469403345e-10 2.787972110118719371e-11 1.605263122428368661e-07 3.494257980491966009e-04 8.048239578783977777e-06 6.252460593714204151e-08 8.907502888177987188e-06
6.735366696375422180e-06 1.297374183195643127e-05 7.698538695422030287e-08 5.602942837867885828e-05 9.022564627230167389e-03 6.678263162029907107e-06 9.611990451812744141e-01 2.580432686954736710e-03 2.440863900119438767e-04 1.819946914911270142e-01 6.048117029422428459e-06 8.548519015312194824e-01 2.272708527743816376e-02 7.100603625076473691e-07 4.551514393824618310e-06 4.452906548976898193e-01 2.243970893323421478e-02 3.931522078346461058e-04 3.245855259592644870e-05
1.085765782837810889e-10 2.998184166214112878e-12 7.650962209532804603e-16 2.249240083074255381e-08 1.660264388192445040e-04 4.298339028457887068e-12 7.300194501876831055e-01 8.626503586128819734e-06 2.354937252146971360e-11 9.975792765617370605e-01 9.667344236328340168e-14 9.994225502014160156e-01 8.619736036052927375e-06 1.248646639643441469e-13 7.313572490674769000e-13 7.623164653778076172e-01 9.921287710312753916e-05 1.337451749350293539e-06 3.474557880994710857e-13
1.016657948493957520e-01 3.293617069721221924e-01 7.662556599825620651e-03 7.853676080703735352e-01 7.007440179586410522e-02 3.543058037757873535e-02 5.799356698989868164e-01 5.787326022982597351e-02 1.243029907345771790e-01 8.821971714496612549e-03 2.818678505718708038e-02 1.537431869655847549e-02 2.400965057313442230e-02 2.340247035026550293e-01 2.155121415853500366e-02 4.004742577672004700e-02 2.981404587626457214e-02 4.905631765723228455e-03 1.582003943622112274e-02
9.988658428192138672e-01 3.543814644217491150e-03 1.348795658495660632e-10 9.870483279228210449e-01 9.754126071929931641e-01 3.312298879620811931e-09 3.128523752093315125e-02 1.069856580215855502e-06 2.881687578337732702e-06 9.613074780645547435e-08 7.884291335358284414e-06 2.501869201660156250e-01 4.118054675927851349e-06 2.291673126819659956e-06 1.535789273532373045e-08 1.196330692619085312e-02 5.794523749500513077e-04 1.798096782579250430e-08 2.200004800556598639e-08
5.923912860453128815e-03 4.194037046545417979e-06 2.094770357174979836e-09 1.407146602869033813e-01 8.362996578216552734e-01 1.400492601533187553e-05 2.085991501808166504e-01 1.329762199020478874e-05 2.775211896732798778e-06 2.691047787666320801e-01 1.391248893867214065e-08 9.885097146034240723e-01 2.403619873803108931e-04 4.142876264268124942e-07 6.412714128600782715e-07 4.521233439445495605e-01 9.774272330105304718e-04 2.337028505280613899e-03 2.103836749256515759e-08
2.493665306246839464e-05 1.033088494750700193e-07 1.727300191767255910e-09 3.908216953277587891e-02 2.355295047163963318e-02 9.999414682388305664e-01 2.385349944233894348e-03 3.452783392532410289e-09 1.776688732206821442e-02 1.322831764127840870e-07 3.262366505413227813e-12 2.311340523419858073e-07 5.054673692939104512e-07 9.056363978743320331e-07 5.437725340016186237e-04 1.103188083106942941e-06 8.333964797202497721e-05 1.210459275171160698e-03 1.769801656337222084e-06
5.852582862786448459e-09 3.470927651960664662e-07 2.367336300677490984e-14 6.055420921635690235e-13 1.750771923270111330e-11 2.830607102877191750e-11 9.999998807907104492e-01 1.907553004443229838e-10 9.752864241600036621e-01 2.466093084949050329e-12 2.064723503281129524e-08 8.753536917538440321e-07 1.011330515859887313e-11 1.132459889752190918e-10 1.940468230543501704e-08 1.682331079999599410e-10 4.182626958936452866e-03 1.290376189899689052e-06 9.880614280700683594e-01
1.521022890971224228e-13 2.739748185265344915e-11 2.189902339327920444e-12 5.801368951797485352e-01 5.379494766311054832e-11 1.788197229179999681e-10 9.999834299087524414e-01 8.347809057340782601e-07 2.148365574328181538e-08 2.069904360760266293e-12 2.404066943434508878e-17 7.113203120056796336e-14 8.885808711056597531e-08 1.358698791591450572e-04 1.348809618502855301e-02 2.577436319928239072e-10 9.761867523193359375e-01 1.053060039168940420e-08 1.423462563099331391e-11
1.996734271726848496e-15 1.028026841544480829e-15 4.633390162669843044e-19 2.486690573277883232e-05 9.622880270399036817e-10 2.328818019502187919e-13 9.998527765274047852e-01 8.531114872312173247e-07 3.077213505710274521e-13 4.477781951427459717e-01 8.570064706950053320e-19 3.199142403900623322e-03 8.247769756053457968e-07 1.766523017275589691e-12 2.398612366505403770e-07 4.070204158779233694e-04 2.746194601058959961e-02 6.238504965949687175e-07 3.045190806805274202e-15
2.030807314440608025e-03 3.727019475263659842e-06 3.701379203135957141e-09 9.767781496047973633e-01 4.264246672391891479e-04 3.299182653427124023e-02 9.894682094454765320e-03 3.266994463047012687e-05 1.178501634058193304e-07 9.950832128524780273e-01 3.489597846795255975e-11 2.660354832187294960e-03 1.765783643350005150e-03 2.508642182874609716e-07 4.174093715846538544e-03 6.697168282698839903e-05 2.317717153346166015e-04 3.511977774905972183e-05 2.659293063533851864e-10
2.022518403828144073e-02 3.598607331514358521e-02 1.008785620797425508e-04 7.907168865203857422e-01 4.950094502419233322e-03 9.669936299324035645e-01 5.162698216736316681e-03 6.484560202807188034e-03 4.202636890113353729e-03 4.181657859589904547e-04 6.027008566888980567e-06 9.809024049900472164e-06 3.670149017125368118e-03 3.015909790992736816e-01 1.807678304612636566e-02 1.410501572536304593e-04 1.246427767910063267e-03 1.907640695571899414e-02 1.848753017839044333e-04
4.014084342696122576e-10 3.708514606515223022e-10 1.845746003432449363e-17 9.964046478271484375e-01 3.842761041596531868e-03 1.275619831986318786e-09 9.999853372573852539e-01 5.741381675639090076e-11 1.017969800159335136e-03 4.775684188385032058e-12 3.309483763425102865e-12 1.304238935517787468e-06 3.740027398890788390e-09 4.393319485984648054e-08 5.670255268341861665e-05 2.470756880939006805e-04 1.966915297089144588e-04 2.103691221222447894e-09 1.321439846435623622e-09
1.119305743486620486e-04 8.055910584516823292e-04 1.064989133737981319e-03 9.856839478015899658e-02 2.383116632699966431e-03 2.688256245164666325e-05 9.708088636398315430e-01 6.434647738933563232e-02 6.347204558551311493e-03 2.587506547570228577e-03 2.956319658551365137e-04 1.799562573432922363e-02 1.589581929147243500e-02 1.348515786230564117e-02 2.579369954764842987e-02 4.566671326756477356e-02 8.217403292655944824e-01 1.275163330137729645e-02 3.705736715346574783e-03
6.900622393004596233e-04 1.418453121004858986e-05 2.149267714912639349e-07 9.966686367988586426e-01 2.359905838966369629e-02 1.519743091193959117e-05 7.559075355529785156e-01 2.371959126321598887e-04 2.366120461374521255e-04 8.890356548363342881e-05 6.653183959315356333e-08 4.596773360390216112e-04 5.989042110741138458e-04 1.485726097598671913e-04 1.080662198364734650e-02 2.027540700510144234e-03 2.457249611616134644e-01 2.937901081168092787e-05 8.921477956391754560e-07
3.730813041329383850e-02 2.440344978822395205e-04 3.584396424116675917e-08 9.909323453903198242e-01 5.452637196867726743e-06 8.053510828176513314e-05 3.816136086243204772e-05 1.113899517804384232e-03 1.153650924790028398e-10 9.999787807464599609e-01 4.678000653512981444e-09 8.731176145374774933e-03 1.897425577044487000e-02 9.672024816609336995e-07 2.052995841950178146e-05 8.845680713420733809e-05 2.167694401578046381e-05 2.738566254265606403e-04 4.423566374311960203e-11
2.714166939258575439e-01 1.148361989180557430e-04 8.173964977098435725e-11 1.000000000000000000e+00 4.188289344310760498e-01 2.349212877561512869e-07 2.990408102050423622e-03 1.046723241415747907e-06 3.558396565495058894e-05 1.302444161410676315e-06 1.919999021993135102e-07 4.528242425294592977e-05 9.360090189147740602e-06 3.833567825495265424e-05 3.857102456095162779e-06 2.746143145486712456e-03 1.380376284942030907e-03 2.329906712006390990e-09 4.814664222863029863e-08
4.636350495275110006e-04 8.221857715398073196e-04 3.462024324107915163e-04 6.569359302520751953e-01 2.223641931777819991e-04 9.121898910962045193e-04 5.333216190338134766e-01 7.171980291604995728e-02 8.374497992917895317e-04 1.546590356156229973e-03 3.318958533782279119e-06 4.466748214326798916e-05 7.243252359330654144e-03 7.686641067266464233e-02 3.483467698097229004e-01 3.940656897611916065e-04 9.056136608123779297e-01 2.355234697461128235e-02 6.205659155966714025e-05
1.450895369052886963e-01 2.950133197009563446e-02 3.077202243730425835e-03 2.967472970485687256e-01 4.442787170410156250e-01 1.125708967447280884e-02 4.312715530395507812e-01 6.262601166963577271e-02 9.562934748828411102e-03 4.718242287635803223e-01 3.807269036769866943e-03 7.385724782943725586e-01 1.044249981641769409e-01 7.721350062638521194e-03 9.546726010739803314e-03 3.735532462596893311e-01 9.210299700498580933e-02 8.994505554437637329e-02 2.306859707459807396e-03
8.628129363059997559e-01 3.687593042850494385e-01 9.996926784515380859e-01 3.159486502408981323e-02 8.672341704368591309e-02 3.725368296727538109e-04 2.626661360263824463e-01 3.317961990833282471e-01 3.882229793816804886e-03 9.517628699541091919e-03 1.050994964316487312e-03 5.258687213063240051e-02 3.156680762767791748e-01 8.590950816869735718e-02 1.329555409029126167e-03 4.097769781947135925e-02 8.085131645202636719e-02 3.431656165048480034e-03 2.769128791987895966e-02
3.437173739075660706e-02 1.880853436887264252e-03 3.826669752597808838e-01 2.986462553963065147e-03 2.545271441340446472e-02 2.659646561369299889e-04 8.933583647012710571e-02 6.999595463275909424e-02 4.625915244105271995e-05 9.646754264831542969e-01 1.620240072952583432e-04 6.542083024978637695e-01 2.345666438341140747e-01 1.646870514377951622e-04 1.242322323378175497e-04 2.466195523738861084e-01 4.717502743005752563e-03 1.383966580033302307e-02 5.574456372414715588e-05
4.768218786921352148e-04 4.550150549675890943e-07 3.987858444452285767e-02 6.056961154854434426e-08 1.888680417323485017e-04 4.107303386291505376e-09 1.132975984364748001e-02 1.117262989282608032e-03 1.726404130764080946e-09 9.980296492576599121e-01 3.801316150742195532e-09 8.267861008644104004e-01 3.225356936454772949e-01 1.555572476386046787e-10 8.858399430655694573e-11 7.803382724523544312e-02 1.199528014694806188e-06 1.380567118758335710e-05 5.589518625725986567e-09
3.904011828126385808e-05 3.478741347789764404e-01 4.007199549960205331e-06 5.419242009520530701e-02 3.708526037371484563e-06 6.950612441869452596e-05 9.875594973564147949e-01 1.962702721357345581e-02 4.169438499957323074e-03 5.317222530720755458e-06 3.283251135144382715e-05 1.433900820302369539e-06 1.129778975155204535e-04 9.772293567657470703e-01 2.546613977756351233e-04 1.320879528066143394e-04 6.816522683948278427e-03 8.629024960100650787e-04 2.116741779900621623e-05
3.169026970863342285e-01 2.682817280292510986e-01 2.732460561674088240e-04 9.755267500877380371e-01 1.453908346593379974e-02 8.024608832783997059e-04 3.926207870244979858e-02 1.382510364055633545e-01 4.406726220622658730e-04 1.581944972276687622e-01 6.025036564096808434e-04 1.280852779746055603e-02 1.371345520019531250e-01 2.206269055604934692e-01 3.291436703875660896e-03 2.193909510970115662e-02 2.949588559567928314e-02 9.218916296958923340e-03 1.741164596751332283e-04
1.628019090276211500e-04 8.415727061219513416e-04 1.585171389706374612e-06 3.488568108878098428e-05 3.927072882652282715e-02 6.712625622749328613e-01 3.998454809188842773e-01 8.206152124330401421e-04 1.177752576768398285e-02 4.298285245895385742e-01 8.205935046134982258e-06 1.713834851980209351e-01 9.173973463475704193e-03 6.340401341731194407e-06 6.442481389967724681e-05 7.119046151638031006e-02 5.481299012899398804e-04 5.845713894814252853e-04 1.595895504578948021e-03
7.533995509147644043e-01 3.712505400180816650e-01 1.993105252040550113e-05 5.016146972775459290e-02 2.317447913810610771e-03 7.772354729240760207e-05 1.694273576140403748e-02 1.558929681777954102e-01 1.027074467856436968e-04 5.636165142059326172e-01 5.587477935478091240e-04 3.288270235061645508e-01 6.222341060638427734e-01 9.024604805745184422e-04 1.984244772756937891e-05 2.871397696435451508e-02 1.303434255532920361e-03 3.507724776864051819e-02 2.463321725372225046e-04
4.454516619443893433e-02 8.221318721771240234e-01 8.465468287467956543e-01 5.418040752410888672e-01 6.044544279575347900e-04 6.141879712231457233e-04 7.641880959272384644e-02 4.216855764389038086e-01 2.464740828145295382e-04 1.426995731890201569e-03 3.706203307956457138e-03 3.061811730731278658e-04 2.062796615064144135e-02 9.609726667404174805e-01 1.458659395575523376e-02 1.173636224120855331e-02 1.572135649621486664e-02 2.597443945705890656e-02 1.586588914506137371e-04
2.609829534776508808e-04 4.883584752678871155e-02 2.585176616776152514e-06 9.999612569808959961e-01 9.983960808312986046e-06 1.602138581802137196e-07 7.123615359887480736e-04 8.597871661186218262e-02 3.291974470798209040e-09 1.124752361647551879e-05 1.518527414923198648e-09 5.850470663482099098e-10 1.837190502556040883e-04 9.988835453987121582e-01 3.198338381480425596e-04 6.469403888331726193e-05 2.542988630011677742e-03 2.467855438590049744e-02 3.529528613821497629e-10
6.645995890721678734e-04 1.104088220745325089e-02 1.945577196238446049e-06 9.999967813491821289e-01 1.752007483446504921e-05 3.446285745667410083e-07 8.683369378559291363e-05 4.867136850953102112e-02 2.764336259897248738e-10 1.072882332664448768e-05 2.063981069388987066e-10 1.666071169914573602e-10 1.855849550338461995e-04 9.988824725151062012e-01 7.476024911738932133e-04 2.538539229135494679e-05 6.306761060841381550e-04 1.634576022624969482e-01 5.617300374849421019e-11
2.146117854863405228e-03 4.430769011378288269e-03 5.192513981455704197e-06 9.999985694885253906e-01 2.899316314142197371e-05 3.741638920473633334e-06 4.742516102851368487e-05 2.921008318662643433e-02 4.082822135931252205e-10 6.341143307508900762e-05 1.566427959565075412e-10 4.948872978083329599e-10 7.305353647097945213e-04 9.865084886550903320e-01 1.948275370523333549e-03 1.654200423217844218e-05 6.971555412746965885e-04 3.114140331745147705e-01 1.274464006550957151e-10
1.246740808710455894e-03 7.094543892890214920e-03 9.909315109252929688e-01 2.754086554050445557e-01 2.674975898116827011e-03 5.812340896227397025e-05 8.019704818725585938e-01 2.373985052108764648e-01 3.068548627197742462e-03 2.362941857427358627e-03 6.680265505565330386e-05 1.792847877368330956e-03 4.480955749750137329e-02 9.400100260972976685e-02 3.592156618833541870e-02 3.420992568135261536e-02 7.656868696212768555e-01 1.078711636364459991e-02 2.644575433805584908e-03
9.347552657127380371e-01 6.565905809402465820e-01 9.993742108345031738e-01 3.820967301726341248e-02 6.486603990197181702e-03 8.265717042377218604e-05 3.329782187938690186e-02 4.217872917652130127e-01 1.309524814132601023e-04 6.674322299659252167e-03 6.505058845505118370e-04 3.936025872826576233e-02 5.547587871551513672e-01 3.222647011280059814e-01 4.100075457245111465e-04 1.952669769525527954e-02 7.260681595653295517e-03 7.125540170818567276e-03 1.193108852021396160e-03
8.932202458381652832e-01 7.699820995330810547e-01 9.996176958084106445e-01 8.139126747846603394e-02 1.184569904580712318e-03 3.138643296551890671e-05 1.120945531874895096e-02 4.866771101951599121e-01 1.111688925448106602e-05 5.108850542455911636e-03 3.048782527912408113e-04 1.444730907678604126e-02 5.472627878189086914e-01 6.689009070396423340e-01 4.288334457669407129e-04 1.448888424783945084e-02 2.594941761344671249e-03 1.312587782740592957e-02 1.298460847465321422e-04
1.117301872000098228e-05 6.682222010567784309e-05 9.033195169649843592e-07 9.975243210792541504e-01 2.249827275591087528e-06 1.696966137387789786e-06 1.906806044280529022e-02 6.439236551523208618e-02 7.580138827734117513e-08 5.234709824435412884e-04 1.799587423523263396e-10 8.300893483692561858e-08 5.721633788198232651e-04 9.389814734458923340e-02 1.842938363552093506e-01 4.150725089857587591e-06 9.107591509819030762e-01 7.885636687278747559e-01 2.071858906660395405e-09
4.226125893183052540e-04 2.160777512472122908e-04 4.685434396378695965e-05 9.992806315422058105e-01 5.258849341771565378e-05 8.864976553013548255e-05 3.366965427994728088e-02 5.691010504961013794e-02 2.904081156884785742e-06 1.197979878634214401e-02 1.602998267458133341e-08 9.365022037854942027e-07 3.138664877042174339e-03 3.286551311612129211e-02 1.557919681072235107e-01 3.460833613644354045e-05 6.400764584541320801e-01 6.122154369950294495e-02 3.675708981631942152e-08
2.354248426854610443e-03 1.159042585641145706e-03 7.115267362678423524e-05 8.670386672019958496e-01 2.544524148106575012e-03 6.449408247135579586e-04 4.109015762805938721e-01 5.976605787873268127e-02 1.445054658688604832e-04 6.270177960395812988e-01 6.417385520762763917e-06 1.426208950579166412e-02 2.935167774558067322e-02 6.013754289597272873e-03 5.199390277266502380e-02 1.291850954294204712e-02 3.340915739536285400e-01 1.685509644448757172e-02 1.148506453318987042e-05
2.575871188269157495e-19 2.074943271672055611e-13 9.423110352528819190e-20 2.272400149994080465e-12 1.955460793290342281e-11 2.317410145887249112e-15 1.000000000000000000e+00 1.006494627225906768e-11 7.183041572570800781e-01 3.521997405396863016e-17 1.172968623272541144e-12 3.933700032376918898e-09 7.386587001778632811e-12 6.260011176095758856e-09 5.178951028028677683e-07 5.303652272914405330e-08 3.723782720044255257e-04 2.355069597115289071e-07 2.787700759654399008e-05
5.901120737894505197e-12 5.810017800200739657e-09 1.541227269506034725e-15 1.978544261760362133e-08 2.226690867246361449e-06 2.152882559725011191e-11 1.000000000000000000e+00 1.718945541462346682e-09 5.004568696022033691e-01 2.638082460815205366e-12 2.004483867779072170e-08 6.027983909007161856e-05 1.516137615453772014e-08 1.518250627441375400e-07 1.651038837735541165e-05 5.139156201039440930e-05 1.790814567357301712e-03 2.410406295894063078e-06 2.815171901602298021e-04
5.599668639888477628e-08 7.100270522641949356e-06 6.014857056868549989e-09 2.939748083008453250e-05 1.579048839630559087e-04 1.717621489483178721e-09 9.999939203262329102e-01 4.403380080475471914e-05 4.523773863911628723e-02 5.037619033032569860e-08 8.112878276733681560e-05 7.349878549575805664e-03 7.064964302117004991e-05 3.370407284819521010e-05 7.338927243836224079e-04 2.943313447758555412e-03 5.472877621650695801e-01 2.540810965001583099e-05 3.621327690780162811e-03
8.222538205870932870e-10 1.504429913978810873e-09 1.155730622315331857e-09 9.998602867126464844e-01 1.047314249214004178e-10 1.553134031974379159e-12 1.887286305427551270e-01 5.083638825453817844e-04 1.600390792111383576e-10 3.636338163914842880e-08 1.871711864604978944e-16 5.144965399897505343e-13 2.338194235562696122e-06 3.119941684417426586e-04 9.991507977247238159e-04 3.108876045487818374e-09 9.998282194137573242e-01 3.074938376812497154e-06 2.845761820635672734e-13
3.356948535761830306e-16 1.712513933286620438e-14 1.729032600417384352e-14 1.844417769461870193e-03 1.168551800462269696e-12 4.943996648119627446e-17 9.999963045120239258e-01 8.710641168363508768e-07 2.349974902171592106e-11 1.772520498433127756e-12 6.893099737630220798e-19 2.565443170399195338e-11 3.930394143480953062e-08 8.222137637403648114e-08 4.540128793451003730e-05 1.082850786815470201e-08 9.999763965606689453e-01 8.484067337555245558e-10 7.596912682261702798e-12
1.251567627313932007e-09 1.792491310936839000e-08 2.837481893891435902e-08 9.422545321285724640e-03 1.568923302386338037e-08 9.280429202895845719e-10 9.775901436805725098e-01 1.600537565536797047e-03 1.701576479717914481e-06 1.612652908988820855e-07 2.254249703570465613e-10 6.064949076289849472e-08 2.670507819857448339e-05 3.171662974637001753e-04 8.474875241518020630e-03 7.104321866790996864e-06 9.997838139533996582e-01 4.425444349180907011e-04 2.276329951200750656e-06
3.292677686062006615e-09 8.297993403516557009e-09 3.204505898662105738e-16 2.068716639769263566e-05 5.164079740643501282e-02 2.372946839024336896e-10 9.999996423721313477e-01 5.108555592436836434e-11 2.801430821418762207e-01 2.427980559660536386e-12 1.003429730417337851e-07 2.134951576590538025e-02 1.500498925111060089e-08 7.329101769926182897e-09 1.481591425545047969e-05 4.960771650075912476e-03 3.469877119641751051e-04 8.787654337538697291e-07 1.893110311357304454e-05
2.991495841864668935e-19 5.480240488297226376e-15 9.752342796803968412e-23 1.222787346932818764e-07 8.464030543109402061e-07 4.427243486044603197e-16 1.000000000000000000e+00 1.975790001442281896e-13 1.565521350130438805e-03 2.419672168911464775e-16 2.775451851851074014e-14 4.261192316334927455e-06 8.405332679872756785e-11 6.425113913133273513e-11 1.478287856571114389e-07 2.530899946577847004e-04 7.050575368339195848e-05 2.271537180575933235e-09 7.703349624854638478e-10
3.301203709639366126e-21 7.934954674934397573e-15 3.118394976729621381e-21 3.933887882112685475e-09 1.953716910474412316e-10 9.547878010976284408e-19 1.000000000000000000e+00 4.169688552768668899e-11 2.510663471184670925e-04 2.047393380008217276e-16 7.225785318394975509e-14 5.301053107586994884e-08 3.675200699326808262e-10 1.452403308732641563e-09 1.765744030990390456e-07 7.341840046137804165e-06 1.354578975588083267e-02 4.111502249770637718e-10 3.930880065894371000e-09
8.133655683195684105e-06 1.813618582673370838e-04 2.287307552251149900e-07 3.257580392528325319e-04 1.308189384872093797e-04 3.574655011107097380e-06 5.053483247756958008e-01 1.094138696789741516e-01 2.270311779284384102e-05 9.931117296218872070e-01 1.030728981277206913e-05 7.066264748573303223e-01 5.404110532253980637e-03 1.438412346033146605e-05 2.514848711143713444e-05 3.497425019741058350e-01 3.856266289949417114e-02 2.239503897726535797e-03 3.647884796009748243e-06
2.507914900779724121e-01 2.851707935333251953e-01 1.718369685113430023e-02 9.190183877944946289e-01 5.786412209272384644e-02 9.482676163315773010e-03 2.301552146673202515e-01 3.032165765762329102e-01 1.575263589620590210e-02 7.514726370573043823e-02 1.722044125199317932e-02 1.470860838890075684e-02 1.473016142845153809e-01 3.463303446769714355e-01 1.154888793826103210e-01 5.389054864645004272e-02 2.902911305427551270e-01 7.808431237936019897e-02 5.513439886271953583e-03
1.911876536905765533e-02 1.202458702027797699e-02 4.586828436003997922e-05 3.346934542059898376e-02 5.057799164205789566e-03 2.789345104247331619e-03 6.103145703673362732e-02 9.940955787897109985e-02 2.213937987107783556e-04 9.917381405830383301e-01 7.048515253700315952e-04 4.348914921283721924e-01 6.474911421537399292e-02 4.175330395810306072e-04 7.563975523225963116e-04 1.516971737146377563e-01 1.285588461905717850e-02 2.236255444586277008e-02 8.725994121050462127e-05
5.103867501020431519e-03 6.067573110613011522e-09 4.250218883436462924e-14 9.999766349792480469e-01 5.962959570560144584e-10 5.636536002384673338e-07 2.165942447618363076e-08 3.777337553856341401e-07 1.332298453608534025e-18 1.000000000000000000e+00 2.439384081431950437e-17 4.633270145859569311e-05 3.275058988947421312e-04 7.914964799023149755e-13 6.683352182790258667e-08 4.414847154521339689e-09 3.470438825203814304e-09 6.439895372523096739e-08 2.506715431703257851e-20
9.990428090095520020e-01 3.578198552131652832e-01 9.887611269950866699e-01 5.510812625288963318e-03 1.159148812294006348e-01 4.293308961678121705e-07 1.012616138905286789e-02 3.590767458081245422e-02 6.962110887798189651e-07 6.020594155415892601e-04 4.794071355718187988e-05 3.102490305900573730e-01 5.562171339988708496e-01 1.041691843420267105e-02 6.360031648000585847e-07 5.281960126012563705e-03 1.656090171309188008e-04 3.607614489737898111e-04 3.488591391942463815e-05
2.386728823184967041e-01 3.536717891693115234e-01 9.930417537689208984e-01 4.315490722656250000e-01 5.110462754964828491e-02 2.091119810938835144e-02 1.983614861965179443e-01 3.860217630863189697e-01 4.491899628192186356e-03 7.387142628431320190e-02 2.122619561851024628e-02 2.825422771275043488e-02 3.052883744239807129e-01 5.304410457611083984e-01 2.339570373296737671e-01 1.295346468687057495e-01 1.072476580739021301e-01 1.665449440479278564e-01 2.318593859672546387e-02
1.920551540024462156e-08 2.256857488435251580e-13 1.179814816267772500e-19 9.878254658701735025e-09 2.743034362792968750e-01 3.971575956995820889e-09 6.792822480201721191e-02 4.760900562672532033e-10 9.258972928638531386e-12 9.998517036437988281e-01 1.243816928717206781e-16 9.999374151229858398e-01 1.737389254685695050e-07 5.123496329968737047e-18 7.152514025017986821e-16 5.799752473831176758e-01 4.092390426535530423e-09 1.638688473803995294e-08 1.581971036576624266e-15
2.073934115469455719e-02 5.280084280911978567e-08 1.412128443692428625e-12 1.247635955223813653e-04 9.904696941375732422e-01 8.090516451231266615e-11 9.498303532600402832e-01 1.341187605419236206e-09 3.433305892031057738e-06 7.785885713929019403e-08 1.150102790781204476e-10 9.939836859703063965e-01 3.013975629073684104e-07 2.024082117191294827e-11 4.101169404080451386e-11 1.548395454883575439e-01 2.474047651048749685e-04 1.339379195997025818e-06 2.184078473632666828e-09
9.960729628801345825e-02 2.359474599361419678e-01 8.803711272776126862e-03 8.178383708000183105e-01 6.020033732056617737e-02 5.074101965874433517e-03 4.746816754341125488e-01 1.817447990179061890e-01 2.602004073560237885e-02 9.990682452917098999e-02 1.111029833555221558e-02 5.078268051147460938e-02 9.540951251983642578e-02 1.792137473821640015e-01 2.709989808499813080e-02 9.742378443479537964e-02 1.404353380203247070e-01 1.340479310601949692e-02 4.849669523537158966e-03
1.843805308453738689e-03 8.509573340415954590e-01 9.160268382402136922e-05 6.832549571990966797e-01 6.429336281144060194e-06 4.044613888254389167e-06 2.270975522696971893e-02 5.113679766654968262e-01 1.347983925370499492e-06 6.327594746835529804e-05 2.533898850742843933e-06 4.820766434932011180e-07 1.903862576000392437e-03 9.986258745193481445e-01 4.164497950114309788e-04 5.376882618293166161e-04 5.043135490268468857e-03 9.768490679562091827e-03 8.131447515324907727e-08
8.480186760425567627e-02 1.046973629854619503e-03 1.306201852457888890e-06 9.120041504502296448e-03 3.682155311107635498e-01 1.179423634312115610e-04 2.344401478767395020e-01 1.871651154942810535e-03 8.131497452268376946e-05 6.815618872642517090e-01 1.060682279785396531e-05 9.323822855949401855e-01 2.596221119165420532e-02 2.443524408590747043e-06 3.270458819315535948e-06 2.374482750892639160e-01 1.693020341917872429e-03 1.847665058448910713e-03 8.125398380798287690e-06
5.477559566497802734e-02 1.072623490472324193e-05 2.672651266966141748e-10 3.510920691951469053e-07 4.400893449783325195e-01 7.429708404060875182e-09 3.967635035514831543e-01 4.370825990918092430e-06 4.562535650620702654e-06 9.471212513744831085e-03 1.919145553586076858e-08 9.969231486320495605e-01 4.590423777699470520e-03 7.982834532294091900e-11 1.183655170405861767e-12 1.121648252010345459e-01 5.432477337308228016e-06 9.251724009118333925e-07 2.092262434416625183e-07
7.356951755355112255e-06 1.015647157487364893e-07 9.257065320655822292e-16 1.108277137973345816e-04 3.353522182170110000e-10 1.451240994043700994e-08 1.168033136877966172e-07 9.006258915178477764e-05 1.308831180811727019e-15 1.000000000000000000e+00 4.862849706244176673e-12 7.212305068969726562e-02 7.319109863601624966e-05 2.207684339158855202e-12 5.857200141567986407e-11 3.934958658646792173e-04 2.744558891265569400e-08 2.310567879248992540e-06 5.296251379626436273e-16
5.472266639827694235e-09 1.344576576814415780e-12 1.305798432283642200e-16 4.618187787741590000e-08 7.945906519889831543e-01 9.993152618408203125e-01 5.857042595744132996e-02 1.886255976174706916e-15 1.086731329560279846e-01 2.059532278053666232e-07 3.895794209690488230e-15 3.419080283492803574e-03 3.638478129897038116e-10 4.510032348666384583e-14 1.059732440689131749e-10 1.960463414434343576e-04 7.137875179807906534e-09 3.014224603248294443e-06 2.107180705479549943e-07
5.830112215221561200e-08 8.007510245988669340e-07 4.840141742262771274e-12 9.168011239069073781e-09 9.702788665890693665e-03 1.000000000000000000e+00 3.703072707139654085e-06 5.697152276849803965e-13 3.070555161684751511e-03 3.083846422669012100e-07 3.190907959952152262e-14 1.250069345815063571e-07 4.524708607789307280e-09 7.768734100466190284e-09 4.400716591135278577e-08 3.660621814560727216e-07 8.422750275016710475e-10 4.461510343389818445e-06 1.286853239435004070e-05
9.882503747940063477e-01 9.911450743675231934e-01 7.302378890017280355e-06 9.581994265317916870e-03 1.902661279018502682e-05 6.339957536738438648e-08 9.139384143054485321e-03 7.805434465408325195e-01 7.772806566208600998e-05 3.842165097012184560e-05 3.046579950023442507e-04 1.694698352366685867e-03 2.324634194374084473e-01 1.709103770554065704e-02 3.494951883453722985e-08 1.220229081809520721e-03 5.931507912464439869e-04 1.314133056439459324e-03 8.068128636296023615e-07
4.585205391049385071e-02 3.738139523193240166e-03 2.020298270508646965e-04 5.683518052101135254e-01 3.987484276294708252e-01 5.024051642976701260e-04 8.858462572097778320e-01 4.310997668653726578e-03 2.662876993417739868e-02 8.803088567219674587e-04 2.881205640733242035e-03 2.012369334697723389e-01 7.359981071203947067e-03 3.387181088328361511e-03 4.702496901154518127e-02 9.672220796346664429e-02 3.467342853546142578e-01 5.307951010763645172e-03 2.398832933977246284e-03
5.759578347206115723e-01 5.997851490974426270e-01 3.185922279953956604e-03 3.450991213321685791e-02 1.302060019224882126e-02 5.632406100630760193e-04 2.610556781291961670e-01 5.133274197578430176e-01 1.634304784238338470e-02 8.111961930990219116e-02 1.669412665069103241e-02 2.522100210189819336e-01 4.541405439376831055e-01 2.456548810005187988e-02 1.258298405446112156e-03 8.752536773681640625e-02 1.164568439126014709e-01 5.820509791374206543e-02 5.313719622790813446e-03
8.931935191469619895e-10 7.120133460603028652e-08 2.259583214980764865e-10 8.229045271873474121e-01 4.092281180589907308e-09 2.971634327497696404e-10 1.755562610924243927e-02 5.882551893591880798e-03 6.741796010345524337e-09 9.620372338758897968e-07 4.743922201138998929e-14 4.032526756958532133e-09 5.856868028786266223e-06 1.454978622496128082e-02 5.122790578752756119e-03 5.008236030334956013e-07 9.998223185539245605e-01 9.788259863853454590e-01 1.358990836530793445e-10
1.499468216259458586e-09 2.376370503043290228e-05 2.960853606737146038e-08 5.634289383888244629e-01 9.383521737404976193e-10 5.096060032294680298e-11 9.864307641983032227e-01 9.036071598529815674e-03 1.854660013123066165e-06 1.467631562945825863e-07 2.536784671214320497e-10 2.006884380900686438e-10 2.446449252602178603e-05 8.215274810791015625e-01 6.210103747434914112e-04 2.504738858988275751e-06 9.869773983955383301e-01 1.058949753642082214e-01 1.303728236479173574e-08
4.982014652341604233e-04 2.284619212150573730e-01 5.720477201975882053e-05 9.859324693679809570e-01 4.655597149394452572e-05 2.724253135966137052e-06 1.625329107046127319e-01 2.132429629564285278e-01 1.573106419527903199e-05 2.980479621328413486e-04 2.449093244649702683e-06 8.912701900953834411e-07 2.549220342189073563e-03 9.795738458633422852e-01 1.444290741346776485e-03 9.755451465025544167e-04 9.071666747331619263e-02 9.514056146144866943e-03 1.061622015186003409e-06
3.834189847111701965e-02 4.271500278264284134e-03 6.612593551835743710e-06 9.962761402130126953e-01 1.075164899230003357e-01 4.234570369590073824e-04 4.205707311630249023e-01 1.500380574725568295e-03 4.288146737962961197e-03 1.215274445712566376e-03 2.524447882024105638e-05 2.129102824255824089e-03 3.019180614501237869e-03 5.161926615983247757e-03 6.159539334475994110e-03 9.566332213580608368e-03 5.795786902308464050e-02 4.290470678824931383e-05 6.219522038009017706e-05
5.378487706184387207e-01 3.508809488266706467e-03 2.127816856045683380e-07 9.999375343322753906e-01 3.236105144023895264e-01 1.214282565342728049e-05 2.487562596797943115e-02 2.859052910935133696e-04 5.569902714341878891e-05 9.926661150529980659e-04 7.016132258286233991e-06 3.772951895371079445e-03 2.048984868451952934e-03 7.206556620076298714e-04 2.975108218379318714e-04 1.078029535710811615e-02 2.713565900921821594e-02 3.653022986327414401e-06 1.982559751922963187e-06
5.488895476446487010e-05 6.933196061709168134e-08 4.998587047749802892e-12 1.000000000000000000e+00 4.835618601646274328e-04 4.254256964486557990e-06 9.278983809053897858e-03 2.374065957155835349e-07 1.357150040348642506e-06 1.895246271033101948e-08 1.053702413408678928e-13 1.703324425950114573e-10 8.704969332029577345e-07 3.145304617646615952e-06 1.789426314644515514e-04 2.897025410675269086e-07 2.608493203297257423e-03 7.654942235646444715e-10 1.761060394733782175e-11
1.528955617686733603e-04 4.761305262945825234e-06 7.286244851911760634e-08 1.562785208225250244e-01 3.247595450375229120e-04 3.513856790959835052e-04 2.465588897466659546e-01 2.604039851576089859e-03 8.254095860138477292e-07 9.957590699195861816e-01 4.216223459252432804e-08 1.147796809673309326e-01 4.316919483244419098e-03 2.723803845583461225e-06 2.017928520217537880e-03 1.019923947751522064e-02 1.622732728719711304e-02 4.414292052388191223e-03 6.245225847578694811e-08
2.181082159324887471e-08 1.602874988293478964e-07 8.460380840347170306e-09 9.266249253414571285e-04 5.577780484600225464e-06 2.091070960830165859e-08 9.985094666481018066e-01 4.803806077688932419e-03 3.775846380449365824e-06 1.471167081035673618e-03 1.008710182048844217e-08 3.051999257877469063e-03 1.139304949901998043e-03 3.071341052418574691e-05 8.609867654740810394e-04 4.921898711472749710e-03 9.064064025878906250e-01 2.430673339404165745e-04 1.689210989752609748e-06
3.020607652892692840e-10 2.753823169499014512e-09 8.874279089354786265e-11 1.032034284435212612e-03 3.056945274693134706e-08 1.137679672691405131e-10 9.996501207351684570e-01 4.332443058956414461e-04 2.240343661696897470e-07 1.593940964994544629e-06 2.053057203410535436e-11 3.953970463044242933e-06 6.297099753282964230e-05 1.668012555455788970e-05 1.292182132601737976e-03 3.844477760139852762e-05 9.976479411125183105e-01 6.835106432845350355e-06 2.122304323393109371e-07
9.940692186355590820e-01 1.109503209590911865e-02 5.969055805188361319e-11 3.160207873165177261e-09 3.694992919918149710e-04 8.700336451283874339e-09 6.887426972389221191e-01 1.755864786900929175e-06 4.364254325628280640e-02 8.841711096465587616e-04 3.127677473457879387e-06 7.283581495285034180e-01 8.494233712553977966e-03 1.149176760695258537e-11 2.092802276962291153e-12 9.315685747424140573e-05 2.147986151612713002e-06 2.259882947441838041e-08 3.433656692504882812e-01
1.820519333705306053e-03 8.108668960630893707e-03 1.168122398667037487e-03 1.952043920755386353e-02 7.374801672995090485e-03 6.090512033551931381e-04 7.753103375434875488e-01 4.488939046859741211e-01 5.063141230493783951e-03 7.211884260177612305e-01 2.896713325753808022e-03 4.918632805347442627e-01 7.572019845247268677e-02 8.461614139378070831e-03 1.443261653184890747e-02 3.456423282623291016e-01 4.222297966480255127e-01 5.634264275431632996e-02 2.850703662261366844e-03
6.490468047559261322e-03 9.616200695745646954e-04 6.621201009693322703e-06 4.701456986367702484e-03 9.277369827032089233e-03 9.675040841102600098e-03 1.660355925559997559e-01 1.661983318626880646e-02 4.280894354451447725e-04 9.933961033821105957e-01 8.888847514754161239e-05 4.940587580204010010e-01 4.066279157996177673e-02 7.498276318074204028e-06 2.530837082304060459e-04 9.727778285741806030e-02 2.764864824712276459e-03 2.956009237095713615e-03 9.050648804986849427e-05
8.485284447669982910e-01 6.914028525352478027e-02 2.135447866749018431e-04 4.589299559593200684e-01 6.982944905757904053e-02 4.770776140503585339e-04 4.526400938630104065e-02 3.849789872765541077e-02 1.060841677826829255e-04 5.502780675888061523e-01 2.604763431008905172e-04 3.642175793647766113e-01 2.497381865978240967e-01 8.638695580884814262e-04 4.629533796105533838e-04 2.885905280709266663e-02 7.065147161483764648e-03 9.664135985076427460e-03 9.024268365465104580e-05
8.771154114128876245e-08 7.525757609982974827e-06 1.123468607033828448e-07 8.142411616063327529e-07 8.747622632654383779e-05 7.344568331291156937e-08 9.985277652740478516e-01 7.869585417211055756e-03 9.521358879283070564e-05 3.496384620666503906e-02 2.559333552198950201e-06 3.717103004455566406e-01 6.224264949560165405e-02 5.485263159243913833e-07 1.865674676082562655e-06 1.868419498205184937e-01 5.170447751879692078e-02 1.196979974338319153e-05 3.794511940213851631e-05
4.881871351614108789e-09 2.572684820734139066e-07 1.318415654427695927e-10 1.004732553155918140e-06 1.891274223453365266e-06 4.522736699041907116e-11 9.999386072158813477e-01 4.713172558695077896e-03 2.712817376959719695e-06 2.369847788941115141e-04 5.876366060419968562e-08 4.378830641508102417e-02 2.636699005961418152e-03 1.571301709191175178e-06 2.107856562361121178e-05 1.677247136831283569e-02 9.499273300170898438e-01 2.633137000884744339e-06 9.645252248446922749e-06
9.977293610572814941e-01 1.431959588080644608e-02 3.176333501775374657e-11 3.166249080095440149e-04 3.171493411064147949e-01 1.336689647857269847e-10 8.039075881242752075e-03 1.065216638380661607e-04 2.063581838740446983e-08 3.838393837213516235e-03 3.413867233348355512e-08 9.297776222229003906e-01 1.711855828762054443e-02 4.178291046486037885e-09 7.157370399482609891e-13 8.027448318898677826e-03 2.123666035913629457e-06 7.442368428201007191e-07 1.151888717743076995e-08
9.941942095756530762e-01 1.064900867640972137e-02 6.222087449714308605e-07 9.996763467788696289e-01 4.280802905559539795e-01 9.726219332151231356e-07 2.896512160077691078e-03 2.266858064103871584e-04 9.395544680046441499e-07 1.408062671544030309e-04 5.241621238383231685e-06 1.285728905349969864e-02 3.706592833623290062e-03 4.394110583234578371e-04 9.374813816975802183e-05 3.441418986767530441e-03 4.075992852449417114e-03 3.224047532057738863e-06 4.522920562521903776e-07
1.863149082055315375e-04 2.120771532645449042e-04 6.433216981349687558e-08 2.272523706778883934e-04 8.212969987653195858e-04 4.987199281458742917e-05 1.513590961694717407e-01 2.303794026374816895e-02 2.980095450766384602e-05 9.978843331336975098e-01 1.539344521006569266e-05 6.970479488372802734e-01 1.043167430907487869e-02 7.942248885228764266e-07 4.521425125858513638e-06 2.217997312545776367e-01 3.162118606269359589e-03 1.123510417528450489e-03 4.089922185812611133e-06
4.564348782878369093e-04 7.420954643748700619e-04 4.070482464157976210e-05 9.999848604202270508e-01 1.943509596458170563e-05 5.128140765009447932e-05 1.316377194598317146e-03 5.497990176081657410e-02 4.041684320554850274e-08 2.203683834522962570e-04 2.487320349686683585e-10 1.616895617395641693e-09 1.023501623421907425e-03 7.300686836242675781e-01 1.264989525079727173e-01 9.078544280782807618e-06 2.153197303414344788e-02 8.153302073478698730e-01 1.003044203251590716e-09
5.744203552603721619e-02 8.189931395463645458e-04 1.705571662569127511e-06 9.999313354492187500e-01 4.471855703741312027e-03 1.334736055014218437e-07 7.113328576087951660e-02 3.166531212627887726e-03 8.157916454365476966e-06 3.127698437310755253e-05 1.908532112793182023e-06 4.199764589429832995e-06 7.985073025338351727e-04 4.862871952354907990e-03 7.822133600711822510e-03 7.000628829700872302e-05 8.089794516563415527e-01 5.619152943836525083e-06 7.322523742914199829e-08
3.228717541787773371e-04 1.669974182732403278e-03 6.653435993939638138e-04 1.128084734082221985e-01 6.862756796181201935e-03 3.365084994584321976e-04 9.783832430839538574e-01 4.158181697130203247e-02 1.731124520301818848e-02 3.826309693977236748e-03 4.789138620253652334e-04 2.074960432946681976e-02 2.685404382646083832e-02 1.660831086337566376e-02 6.074994429945945740e-02 4.236854612827301025e-02 5.456808805465698242e-01 1.172932982444763184e-02 3.962806425988674164e-03
1.709027099423110485e-03 2.359024801990017295e-05 5.294617011486479896e-08 9.965654015541076660e-01 4.143031037528999150e-05 3.047384670935571194e-04 4.679811652749776840e-03 1.417923020198941231e-03 1.066597654642009729e-08 9.990425705909729004e-01 1.204355726258654613e-09 2.714445814490318298e-03 3.768668975681066513e-03 1.061027342075249180e-05 2.227643271908164024e-03 1.546648127259686589e-04 3.648418001830577850e-03 3.198167833033949137e-04 1.478483030448174418e-10
1.386663019657135010e-01 1.223521074280142784e-03 3.778814061661250889e-05 9.894635677337646484e-01 4.396985769271850586e-01 3.586213663220405579e-02 1.821509748697280884e-01 7.377937436103820801e-04 9.898784570395946503e-03 2.767670899629592896e-03 4.055816316395066679e-05 2.526734769344329834e-02 4.641198553144931793e-03 4.962341045029461384e-04 3.053643554449081421e-02 3.011994063854217529e-02 4.789365828037261963e-02 2.520792186260223389e-03 1.690457429504022002e-04
1.529726796434260905e-05 2.982884507218841463e-05 7.201636435638647527e-06 1.596101745963096619e-02 1.535144634544849396e-02 1.269401877834752668e-06 9.965212345123291016e-01 2.351093338802456856e-03 7.931261206977069378e-04 4.315332043915987015e-04 7.591750545543618500e-06 1.835562288761138916e-01 5.938551854342222214e-03 2.652608964126557112e-04 1.639659283682703972e-03 1.049360781908035278e-01 4.599020183086395264e-01 1.466284622438251972e-03 1.995195489143952727e-04
7.148899435997009277e-01 3.041093051433563232e-01 3.466246128082275391e-01 4.075733125209808350e-01 1.569857597351074219e-01 1.607686839997768402e-02 2.404631227254867554e-01 2.368030548095703125e-01 1.055362541228532791e-02 1.963071078062057495e-01 2.037711255252361298e-02 3.030050694942474365e-01 3.637482523918151855e-01 8.446601033210754395e-02 3.756410628557205200e-02 1.117962822318077087e-01 8.720449358224868774e-02 7.631205022335052490e-02 1.200693752616643906e-02
9.872483611106872559e-01 4.246990382671356201e-01 1.516249030828475952e-04 1.010998710989952087e-01 6.322563439607620239e-02 2.503334508219268173e-05 2.881203219294548035e-02 6.032443791627883911e-02 1.390331599395722151e-04 1.690658181905746460e-02 7.698246045038104057e-04 3.631411194801330566e-01 3.544298708438873291e-01 2.356832381337881088e-03 1.247758791578235105e-05 1.312990020960569382e-02 1.968522090464830399e-03 2.612905809655785561e-03 2.528116747271269560e-04
6.029218435287475586e-01 1.218924745917320251e-01 1.259672734886407852e-02 7.816200852394104004e-01 9.504479169845581055e-02 2.959404885768890381e-02 1.698066890239715576e-01 1.138696894049644470e-01 9.146789088845252991e-03 1.583320945501327515e-01 3.447117516770958900e-03 8.102689683437347412e-02 1.853823363780975342e-01 5.434204638004302979e-02 1.315088570117950439e-01 3.681174665689468384e-02 9.483043104410171509e-02 4.561737179756164551e-02 3.671734360978007317e-03
1.178396027535200119e-02 6.327399751171469688e-04 1.004212070256471634e-03 7.026075124740600586e-01 2.402000362053513527e-03 4.145978987216949463e-01 1.790605336427688599e-01 1.246227044612169266e-02 1.728235045447945595e-03 3.108715116977691650e-01 4.091607479494996369e-06 1.573076238855719566e-03 1.659277267754077911e-02 6.935094017535448074e-03 6.925258040428161621e-01 6.282119429670274258e-04 4.996021091938018799e-02 1.689308881759643555e-02 5.954488005954772234e-05
1.728321053087711334e-02 4.120611120015382767e-04 1.163803099188953638e-04 9.259667992591857910e-01 3.983661998063325882e-03 8.489950001239776611e-02 1.679521352052688599e-01 6.747644860297441483e-03 1.333289546892046928e-04 7.953558564186096191e-01 7.695990120737405960e-07 7.166583556681871414e-03 1.834538020193576813e-02 6.092222174629569054e-04 1.815178245306015015e-01 1.534370006993412971e-03 3.320187330245971680e-02 3.960443194955587387e-03 3.833683422271860763e-06
1.111250929534435272e-02 2.587802009657025337e-04 3.025205223821103573e-04 8.881580829620361328e-01 9.248114074580371380e-04 1.691503375768661499e-01 1.084992215037345886e-01 7.425314281135797501e-03 1.395290601067245007e-04 8.327828049659729004e-01 4.501220303154696012e-07 1.773014315403997898e-03 1.353744603693485260e-02 1.110274926759302616e-03 4.642340838909149170e-01 3.719232918228954077e-04 2.340720035135746002e-02 5.344327539205551147e-03 2.775320353975985199e-06
9.912778139114379883e-01 4.474152922630310059e-01 5.812658346258103848e-04 1.472743786871433258e-02 1.552108209580183029e-02 1.502439135947497562e-05 6.404795683920383453e-03 8.056547492742538452e-02 1.572735891386400908e-05 8.781972341239452362e-03 5.907313243369571865e-05 3.130310475826263428e-01 8.930596709251403809e-01 1.907620346173644066e-03 6.304453563643619418e-06 7.030501961708068848e-03 2.782438823487609625e-04 1.043461263179779053e-02 3.141050910926423967e-05
9.904317259788513184e-01 2.477476894855499268e-01 2.074460033327341080e-03 5.477558970451354980e-01 1.160949692130088806e-01 6.030702934367582202e-05 1.131195016205310822e-02 4.861596971750259399e-02 1.173735745396697894e-05 1.224351767450571060e-02 2.583244058769196272e-04 2.125330120325088501e-01 4.549944996833801270e-01 1.021014340221881866e-02 3.389561898075044155e-04 9.644851088523864746e-03 2.567552728578448296e-03 6.962918676435947418e-03 3.130566256004385650e-05
9.979462027549743652e-01 3.783032596111297607e-01 1.000000000000000000e+00 1.969210570678114891e-04 1.788479741662740707e-03 1.158474383089469484e-08 1.391636300832033157e-02 1.827566772699356079e-01 7.845160894248692784e-07 4.471312786336056888e-05 1.133185278945347818e-07 1.325146760791540146e-03 6.858140826225280762e-01 9.877140633761882782e-03 6.139918440339897643e-08 8.062868146225810051e-04 5.736366147175431252e-04 1.044315922626992688e-05 2.562289009802043438e-04
5.212650285102427006e-04 2.074670435447956152e-09 1.878886179669872480e-13 9.999998807907104492e-01 1.847695261240005493e-01 2.013854464166797698e-05 3.555508702993392944e-02 5.640485856162058553e-09 4.822182745556347072e-06 2.532006249111873331e-08 2.517668419663859902e-13 1.880872332549188286e-06 1.823124335942338803e-07 5.634506639040637310e-09 1.500975195085629821e-04 3.527653097989968956e-05 3.286308376118540764e-03 7.352638498048236215e-09 3.610230517314683141e-11
2.180877572754980065e-06 4.144405829720199108e-05 4.715366230811923742e-08 9.999758005142211914e-01 1.134660365664785786e-07 9.208010048888937149e-11 1.333538591861724854e-01 1.129921153187751770e-02 1.321175204793689772e-07 2.054431206488516182e-06 1.207234590072658875e-10 4.337195880221855759e-11 7.232906500576063991e-05 8.100321143865585327e-02 8.298410684801638126e-04 4.854495614381448831e-07 9.738364815711975098e-01 4.649120091926306486e-05 3.317633945343345658e-10
5.423057114484208796e-09 4.142034981668984983e-07 2.948086774701152990e-10 9.999840259552001953e-01 1.818585976254283310e-10 7.809748128143750856e-14 3.450004160404205322e-01 2.139135263860225677e-03 2.551275191109425577e-09 2.324869363690140744e-08 1.058242171192783077e-13 6.013499567010180402e-14 3.198918193447752856e-06 2.694009058177471161e-02 1.266752806259319186e-04 6.738980484755074940e-09 9.987215399742126465e-01 2.327304400751017965e-06 3.016021894036713391e-12
4.408323147799819708e-04 1.542531754239462316e-05 4.360590253327245591e-07 9.974104762077331543e-01 4.513351304922252893e-04 1.989513839362189174e-04 1.187608614563941956e-01 2.374168718233704567e-03 1.370461745864304248e-06 6.091334223747253418e-01 3.405619564134099164e-09 6.153892027214169502e-04 3.068595426157116890e-03 1.036597896018065512e-04 1.726905815303325653e-02 3.771727206185460091e-04 9.727112203836441040e-02 3.672578604891896248e-04 1.053564435693488122e-08
8.261246085166931152e-01 6.286710966378450394e-03 7.061188807711005211e-04 9.833784699440002441e-01 8.303730748593807220e-03 8.278850000351667404e-04 4.729731474071741104e-03 1.310950238257646561e-02 1.252167294296668842e-06 3.574090003967285156e-01 2.330802772121387534e-06 1.164045277982950211e-02 1.716653406620025635e-01 5.133565515279769897e-03 1.190446764230728149e-01 9.091366082429885864e-04 1.041366439312696457e-02 1.568986661732196808e-02 4.299869544865941862e-07
1.546212479297537357e-05 1.452068318030796945e-06 9.242586202162783593e-06 9.989882111549377441e-01 6.341544121823972091e-06 3.691484685987234116e-03 9.225068241357803345e-02 1.339071895927190781e-03 1.116887415264500305e-05 1.998438165173865855e-05 7.944977141460807246e-12 1.598070453745492614e-09 1.211740091093815863e-04 3.004474332556128502e-03 4.819348454475402832e-01 1.289406412752214237e-07 2.876684665679931641e-01 8.542576106265187263e-04 8.167926779378831270e-09
1.943271905183792114e-01 2.457679621875286102e-02 3.176239877939224243e-02 8.489755988121032715e-01 3.312512114644050598e-02 6.518355756998062134e-02 1.135052219033241272e-01 7.458592951297760010e-02 1.403687638230621815e-03 8.760238289833068848e-01 7.304424070753157139e-04 1.176536604762077332e-01 1.654339879751205444e-01 8.261027745902538300e-03 1.006144881248474121e-01 3.685058280825614929e-02 5.293950065970420837e-02 4.253610223531723022e-02 2.832931349985301495e-04
1.493197530508041382e-01 1.866565831005573273e-02 1.008049864321947098e-02 7.431400418281555176e-01 6.746588647365570068e-02 8.684743195772171021e-02 2.360059320926666260e-01 5.598306283354759216e-02 3.991271369159221649e-03 7.687751650810241699e-01 7.859392208047211170e-04 1.735631078481674194e-01 1.311569213867187500e-01 5.599244032055139542e-03 1.053963005542755127e-01 5.077466741204261780e-02 7.873012870550155640e-02 3.760284557938575745e-02 5.506394081749022007e-04
