9.972877990094275447e-08 2.892790694486446768e-11 1.953136215382248776e-17 8.257861594529458671e-08 2.207969737355597317e-05 1.165807316283462569e-05 2.300828509032726288e-02 1.087506333874443953e-07 1.735346588649377964e-10 9.999996423721313477e-01 2.196375405768419276e-14 7.485019564628601074e-01 2.427212348266039044e-05 3.533665615117536024e-17 2.125922528295465241e-11 3.545430256053805351e-03 1.288881001926256431e-08 1.335908539346064572e-08 5.174470335718439618e-13
3.249511237868318858e-08 1.465988571855425526e-12 2.384135827534708781e-20 1.129821853851353808e-07 2.936896521532617044e-07 5.219788477006659377e-07 4.116812488064169884e-04 2.196981263580255472e-08 1.021006873882027155e-13 1.000000000000000000e+00 1.237777451454385612e-16 6.062753200531005859e-01 3.716113042173674330e-06 1.702131293221904832e-19 1.205105243026749484e-12 4.363455809652805328e-04 4.602425385247244094e-10 1.090579404561253796e-09 1.091193569197251628e-16
4.374989075586199760e-04 1.786000325409986544e-08 1.255052312076898602e-10 9.998887777328491211e-01 2.717130165308390133e-08 3.427375340834259987e-04 1.145082205766811967e-05 5.039881671109469607e-06 1.413882303336749802e-13 9.999995231628417969e-01 2.742393257062570103e-15 2.581174157967325300e-05 1.995547645492479205e-04 1.403631655350068286e-09 5.198182188905775547e-04 4.295602096249240276e-08 1.790528585843276232e-06 1.326851247540616896e-06 1.834263743913478275e-16
1.726703019812703133e-03 3.916659068181616021e-07 3.794247901978131665e-12 9.999991655349731445e-01 2.719069414069963386e-08 5.343518751033116132e-06 2.327812040903154411e-07 7.746136361674871296e-06 2.302342700305015991e-15 9.999936819076538086e-01 6.449986486752046222e-16 4.056113084516255185e-06 5.687200464308261871e-04 2.560978451526807476e-08 9.496822713117580861e-06 3.394518444110872224e-08 8.863412404025439173e-07 1.129143811340327375e-06 1.403532270111395577e-17
2.208172227256000042e-04 6.004163878969848156e-06 4.531365005444598637e-10 8.599638385931029916e-05 6.059461156837642193e-06 3.945247044612187892e-06 2.151390654034912586e-04 1.850950997322797775e-03 2.241893337640021855e-09 9.999977350234985352e-01 5.584150031268109160e-08 3.641993105411529541e-01 1.329497201368212700e-03 3.872905551816074876e-09 7.965658710418210831e-08 2.223513461649417877e-02 1.524471008451655507e-05 1.841754128690809011e-04 2.367219198440295713e-10
6.137910485267639160e-01 7.393728446913883090e-05 3.752479715846135377e-10 9.999969005584716797e-01 9.034000635147094727e-01 1.431968485121615231e-06 8.565563708543777466e-03 6.711704827466746792e-07 3.435192411416210234e-05 1.072710529115283862e-05 1.241666751639058930e-07 8.326705545186996460e-03 1.810631874832324684e-05 8.635871381557080895e-06 6.688588655379135162e-06 3.490978106856346130e-02 1.584941637702286243e-03 1.890293646056306898e-07 5.921879164816346020e-08
2.567391991615295410e-01 2.319702208097851326e-10 1.264598114868072897e-19 1.000000000000000000e+00 9.339140057563781738e-01 3.751159539239212748e-12 2.081976890622172505e-05 6.834940057508231970e-13 1.388929596335408689e-11 9.440627168899595745e-10 1.902477358563786213e-17 1.647452882025390863e-05 2.192660053523809438e-09 1.327957362129428276e-11 8.367251336238723525e-10 2.163261087844148278e-04 5.096377208246849477e-06 1.573527685103451312e-14 3.567894017992735288e-17
7.399966008961200714e-03 1.736262869589388913e-11 3.288548290553766623e-20 1.000000000000000000e+00 9.863486289978027344e-01 2.611422855736122983e-09 3.898289054632186890e-03 4.270973901149624496e-14 7.063916029892425286e-08 1.104518698724632486e-10 5.933738434246271353e-16 7.951437873998656869e-05 5.191587437725075915e-11 6.286957174479745891e-13 9.420575430851840792e-09 6.201852811500430107e-04 4.732292291009798646e-05 5.521693345611478065e-12 8.087784829607490983e-15
3.999672830104827881e-01 6.710839271545410156e-01 8.266592025756835938e-01 9.797722101211547852e-01 5.126141011714935303e-03 7.273256778717041016e-04 7.423054892569780350e-03 1.125005036592483521e-01 3.966112490161322057e-05 2.929600887000560760e-03 2.714317990466952324e-03 9.210575371980667114e-04 6.744513660669326782e-02 8.952017426490783691e-01 2.224927535280585289e-03 3.749547898769378662e-02 1.344172167591750622e-03 1.891027763485908508e-02 1.174245917354710400e-04
6.789002567529678345e-02 3.385855117812752724e-03 5.050239906267961487e-06 9.999146461486816406e-01 2.885703870560973883e-04 3.354185610078275204e-04 2.300101186847314239e-04 1.110614929348230362e-02 2.811032651095501933e-08 6.806795597076416016e-01 1.365776913786476143e-08 6.071319876355119050e-05 3.259515762329101562e-02 1.757887564599514008e-02 2.513616811484098434e-03 1.783454208634793758e-04 1.625284319743514061e-03 7.522269617766141891e-03 5.001226544010251018e-09
1.839014887809753418e-02 9.819186525419354439e-04 1.997306571865919977e-05 9.986330866813659668e-01 6.900566513650119305e-04 3.871946362778544426e-03 8.149589411914348602e-03 1.097901724278926849e-02 2.313414370291866362e-06 9.073024392127990723e-01 1.083225171782942198e-07 7.275239913724362850e-04 1.852323487401008606e-02 2.117823809385299683e-03 3.033926524221897125e-02 4.764100885950028896e-04 1.439498830586671829e-02 3.147253766655921936e-03 6.051440948340314208e-08
2.064640820026397705e-02 8.313136175274848938e-03 5.942705902270972729e-04 9.999145269393920898e-01 7.025268278084695339e-04 2.981066936627030373e-03 1.189439673908054829e-03 5.066802352666854858e-02 3.205967004760168493e-06 2.796339802443981171e-03 1.336405830443254672e-07 7.169758191594155505e-07 1.442758087068796158e-02 4.924736917018890381e-01 3.674246370792388916e-02 2.185239864047616720e-04 6.910697091370820999e-03 2.033448964357376099e-01 7.597034823447756935e-07
2.386189624667167664e-02 8.568062447011470795e-03 7.950371364131569862e-04 9.998600482940673828e-01 8.890659082680940628e-04 4.669280722737312317e-03 1.701179076917469501e-03 5.423711985349655151e-02 6.331234999379375950e-06 3.990733064711093903e-03 2.253079429692661506e-07 1.392828153257141821e-06 1.729794032871723175e-02 4.091012477874755859e-01 4.897483065724372864e-02 2.678352175280451775e-04 8.779233321547508240e-03 1.972100287675857544e-01 1.332114266006101388e-06
9.310419102348532761e-08 2.624591921573937725e-08 4.498169059452550300e-10 2.608953043818473816e-02 1.778263685991987586e-05 3.122665930277435109e-07 9.760530591011047363e-01 8.771238499321043491e-04 1.599181587152997963e-07 4.406892359256744385e-01 1.706859653616277228e-10 1.390873361378908157e-02 7.324048783630132675e-04 1.990543296415125951e-06 9.276169002987444401e-04 4.675203468650579453e-03 2.015651613473892212e-01 9.450934594497084618e-04 8.956351216227176337e-09
9.959075214283075184e-06 1.061086441040970385e-04 9.107438017963431776e-06 6.119657754898071289e-01 1.807969420042354614e-05 3.912965894414810464e-06 1.339522898197174072e-01 6.131291761994361877e-02 3.069868398597463965e-05 4.932585870847105980e-04 4.905245276631831075e-08 2.431326720397919416e-05 1.324250944890081882e-03 6.459399312734603882e-02 5.019683390855789185e-02 3.166964743286371231e-04 9.894691705703735352e-01 7.800028920173645020e-01 3.834923063550377265e-06
1.861480122897773981e-04 5.942839779891073704e-04 9.459504894948622677e-07 9.995720982551574707e-01 8.717727178009226918e-05 5.972150916022656020e-07 1.106902137398719788e-01 2.940914221107959747e-02 4.407799679029267281e-06 1.885513402521610260e-02 3.496865730312492815e-08 6.058721737645100802e-06 3.279494354501366615e-03 3.505336493253707886e-02 3.055605106055736542e-03 3.439174615778028965e-04 3.877433240413665771e-01 2.308696421096101403e-04 3.494438516327136313e-08
1.952281181161197310e-08 5.888337126919163111e-12 4.194219570177043499e-13 3.864105110551463440e-06 2.375415861606597900e-01 7.173069360710826459e-10 8.964995145797729492e-01 1.856281386380942422e-07 9.259234268199634244e-09 1.129894033074378967e-01 4.196268170181954860e-13 9.995642304420471191e-01 1.520141813671216369e-05 2.099147938805501212e-11 3.101528756044302781e-11 8.356570601463317871e-01 2.308423427166417241e-04 6.997511809458956122e-05 2.323877375254301825e-11
2.795331884529721894e-14 1.375545523984337694e-17 8.405946006006320649e-25 2.691672762011876330e-06 8.278607577085494995e-02 3.488185218100681162e-12 1.000000000000000000e+00 1.276576010670328102e-17 7.389712209260324016e-06 6.158682856466227758e-16 2.134070565748118884e-20 6.947214715182781219e-04 4.780277302468549649e-12 3.182627619969678398e-15 3.051677355259130309e-09 9.938455332303419709e-05 6.913645052009087522e-07 1.275173994175204939e-10 3.505731946060186566e-13
6.788001656532287598e-01 1.359874440822750330e-04 6.197665669560592505e-08 9.929072856903076172e-01 9.004550576210021973e-01 2.287271308887284249e-05 1.579511463642120361e-01 7.306970474019180983e-06 1.117937135859392583e-04 6.468837091233581305e-05 7.407891757793549914e-07 2.095199227333068848e-01 1.362900366075336933e-04 5.409657660493394360e-06 2.131841029040515423e-04 5.753298103809356689e-02 1.418535690754652023e-02 6.287642463576048613e-05 5.259454383121919818e-07
2.366220207714541356e-15 3.219009125010260930e-14 9.564376806840250780e-22 2.662315246731994378e-12 4.908904571720995591e-08 8.525597762487624465e-13 9.997858405113220215e-01 1.193238574614952086e-07 5.846161055256260397e-11 8.799681663513183594e-01 1.227531899743075205e-15 9.218387603759765625e-01 2.411734931229148060e-05 5.318456182902585246e-18 1.538578936293149430e-14 1.388436257839202881e-01 1.340116159553872421e-05 3.352096100694978986e-10 1.063647759279306992e-12
1.696423851171857677e-06 5.665394908760390535e-08 9.373383146049629744e-13 1.360412511530739721e-07 1.214934163726866245e-03 6.957045115996152163e-05 3.541808426380157471e-01 2.108155786118004471e-05 1.163635261036688462e-06 9.996020197868347168e-01 1.526166748533341888e-09 9.127354025840759277e-01 5.246681394055485725e-04 1.492110905318422276e-12 7.080622754784826611e-10 1.255020052194595337e-01 4.485884346649982035e-06 2.191326984757324681e-06 3.287803096441166417e-08
2.124053288810046070e-08 7.220743447611255306e-10 2.228290368435275953e-16 2.842532875746428545e-10 3.001753066200762987e-04 7.366833898458935437e-08 6.256194114685058594e-01 3.268014324930845760e-06 5.381616929867050203e-08 9.991988539695739746e-01 2.363522919046623372e-11 9.892926216125488281e-01 1.423981739208102226e-04 1.809322938190914207e-15 1.853970807170340906e-13 2.607962489128112793e-01 1.065671426658809651e-06 1.084087131175692775e-07 9.374183651544854001e-10
3.114029467105865479e-01 3.121899664402008057e-01 1.897002905607223511e-01 1.729400008916854858e-01 4.679296910762786865e-02 6.122025474905967712e-02 3.393756747245788574e-01 3.645509779453277588e-01 9.075579047203063965e-02 2.480484545230865479e-01 3.645206615328788757e-02 1.983954757452011108e-01 3.822780251502990723e-01 1.757812947034835815e-01 1.264109313488006592e-01 1.206144541501998901e-01 1.610228568315505981e-01 3.042342960834503174e-01 5.897082388401031494e-02
1.493053436279296875e-01 2.329937517642974854e-01 5.522619001567363739e-03 2.287329286336898804e-01 1.976477950811386108e-01 3.544828891754150391e-01 4.621750712394714355e-01 6.906456500291824341e-02 1.538789570331573486e-01 1.115261465311050415e-01 2.090649679303169250e-02 1.366343647241592407e-01 8.370693027973175049e-02 6.453484296798706055e-02 4.595673456788063049e-02 9.522607922554016113e-02 4.901624843478202820e-02 4.666926711797714233e-02 3.953439742326736450e-02
3.813897445797920227e-02 9.326886385679244995e-02 1.288158586248755455e-03 2.342181839048862457e-02 5.837141349911689758e-02 4.031619429588317871e-02 5.656733512878417969e-01 1.996339708566665649e-01 4.205558821558952332e-02 7.254252433776855469e-01 1.412477716803550720e-02 4.641716182231903076e-01 1.987404227256774902e-01 4.365537781268358231e-03 6.692359223961830139e-03 2.539432942867279053e-01 6.544425338506698608e-02 3.504501655697822571e-02 1.806005276739597321e-02
5.874986648559570312e-01 2.485326975584030151e-01 2.934986725449562073e-03 9.924855828285217285e-01 1.562325805425643921e-01 4.811485297977924347e-03 3.652474656701087952e-02 8.557672053575515747e-02 2.684003906324505806e-03 4.398731887340545654e-02 6.503697019070386887e-03 1.970176026225090027e-02 1.178219467401504517e-01 2.491401880979537964e-01 1.056723762303590775e-02 8.473426848649978638e-02 3.143896907567977905e-02 1.388768479228019714e-02 2.330224495381116867e-03
6.948987607557910451e-09 8.937221080383694893e-13 8.553322819506163806e-16 1.785769462585449219e-01 6.087631583213806152e-01 9.330542415086906516e-12 9.998308420181274414e-01 5.711261463758887658e-10 3.031591973012837116e-07 1.192317888865090936e-08 3.289524279056002531e-14 4.331159889698028564e-01 4.924490681901261269e-08 8.182435284886935278e-11 6.350474279770423891e-08 1.705310940742492676e-01 1.406165771186351776e-02 2.784211537800729275e-04 7.122201439724307193e-11
5.508491885848343372e-04 7.113442552508786321e-05 1.600074184260336096e-09 2.134469570592045784e-03 7.380125316558405757e-05 1.262413934455253184e-05 1.094391802325844765e-03 3.867665072903037071e-03 1.310417019340093248e-08 9.999805688858032227e-01 2.966914109947538236e-07 5.315684676170349121e-01 2.237398177385330200e-03 1.755809933001728496e-07 9.129735190072096884e-07 5.757781863212585449e-02 1.123006877605803311e-04 4.884180380031466484e-04 2.958362443905571126e-09
2.600036350486334413e-05 1.991565454773081001e-07 1.256686405328236167e-13 1.277981791645288467e-04 1.697620377605346675e-09 1.397308864170554443e-07 3.002296864451636793e-07 2.103895822074264288e-04 5.069721565839103994e-14 1.000000000000000000e+00 4.186790844573629045e-11 5.977722629904747009e-02 1.423229696229100227e-04 1.005596647618567374e-11 9.572356240994395193e-10 4.006701055914163589e-04 8.280747465505555738e-08 7.131303846108494326e-06 1.462722053668843308e-14
5.432798850547870817e-13 7.603102829307317734e-03 1.912251260116626383e-11 2.061205916106700897e-03 1.735966513767561725e-13 1.338080710788075705e-16 9.907410144805908203e-01 3.246050775051116943e-01 1.016723816249509582e-09 2.059358848782721907e-05 1.327921171460910710e-12 3.749448307388547619e-09 1.759295969350205269e-06 9.793723225593566895e-01 6.215289616307018150e-09 1.083269671653397381e-04 4.154274165630340576e-01 1.257518670172430575e-05 1.206213731327898664e-12
1.457959017999842927e-14 6.311392039060592651e-02 4.801957510553074571e-14 4.951412081718444824e-01 9.642762037885863969e-17 5.381843343435253464e-19 9.517240524291992188e-01 2.676922455430030823e-02 1.923501370118194109e-13 1.420398659801591634e-10 2.773533152818953573e-16 1.554233063364430481e-16 3.255161251658478250e-09 9.999991655349731445e-01 4.022881333609618082e-11 2.304099311345453316e-08 1.843979954719543457e-02 5.565372021010261960e-07 9.105198037302965108e-18
9.998532533645629883e-01 3.134698867797851562e-01 3.498573164506524336e-08 1.051000290317460895e-04 7.589473971165716648e-04 2.420007527703660344e-10 9.309282904723659158e-05 3.679844085127115250e-03 1.157577034227585955e-09 3.043398319277912378e-04 1.097405366579096153e-08 4.000714123249053955e-01 9.831417798995971680e-01 7.078650128278241027e-07 1.543483743593476731e-11 1.761166349751874804e-04 2.386332482728903415e-07 8.468198211630806327e-05 7.111376820745363148e-09
9.980261921882629395e-01 3.764749765396118164e-01 1.940496076713316143e-06 6.190322455950081348e-04 8.369744755327701569e-03 1.157780218363768654e-07 4.544730298221111298e-03 1.845336146652698517e-02 2.550367526055197231e-06 2.754835877567529678e-03 5.702347607439151034e-06 4.919810891151428223e-01 8.841729760169982910e-01 1.660654197621624917e-05 1.072706012905655371e-08 2.334167249500751495e-03 3.735799691639840603e-05 4.966874839738011360e-04 4.454758709471207112e-06
9.988951086997985840e-01 2.648236453533172607e-01 7.043116170279972721e-07 1.654761959798634052e-03 6.793962325900793076e-03 5.144075387875091110e-08 1.271328306756913662e-03 9.365932084619998932e-03 1.691233961764737614e-07 3.392342245206236839e-03 1.098819097933301236e-06 4.345930516719818115e-01 8.705471754074096680e-01 8.774056368565652519e-06 5.717989193243511181e-09 1.041367184370756149e-03 1.007970695354742929e-05 4.427723179105669260e-04 6.875227427372010425e-07
9.814153847882154232e-21 2.423883270239457488e-04 1.442046014628070780e-21 1.702086627483367920e-01 1.054454496183208907e-24 5.269065071083029056e-24 9.999860525131225586e-01 3.533309427439235151e-05 2.663740940719198176e-17 7.529396177686162431e-21 3.041925550546612097e-24 2.368995183659623478e-28 1.387187975300735801e-14 1.000000000000000000e+00 2.120566499090245638e-13 1.492954120688183301e-15 3.552119887899607420e-04 5.198361122893402353e-06 7.337392001648870292e-25
3.017119958537001061e-20 9.932768298313021660e-04 4.484497086954801200e-21 2.647292613983154297e-01 2.264995574871389179e-24 1.588089651547162325e-23 9.999476671218872070e-01 5.750772834289819002e-05 1.665947709382208119e-17 1.581092248320750420e-20 5.756596098866813551e-24 3.335279496112392805e-28 2.136125613417041991e-14 1.000000000000000000e+00 2.050401677871488415e-13 2.290647504644039052e-15 2.053230127785354853e-04 1.848626197897829115e-06 6.701395083527388865e-25
4.186316166808550847e-20 8.516515605151653290e-03 4.935431689831243230e-21 4.604915976524353027e-01 8.754616609657218709e-25 1.214605743666899426e-23 9.996526241302490234e-01 8.856924250721931458e-05 1.681095599106192635e-18 1.038849588177455192e-20 2.275222762077126987e-24 5.214484213377606881e-29 1.149970977411306564e-14 1.000000000000000000e+00 5.659210418535766396e-14 1.264325846301499537e-15 5.261156911728903651e-05 1.806657365932551329e-07 6.516952501353795621e-26
5.805657085095039878e-19 1.954612964386227445e-16 2.762886023118222148e-18 7.507346566626438289e-08 3.963052691460626498e-14 9.187249494382126705e-20 9.999998807907104492e-01 6.977404609642690048e-07 5.355637808235336195e-12 5.197073674190200165e-12 2.028593243861530439e-18 1.325731746604219552e-09 1.925517878476057376e-08 8.336315526769055850e-10 1.210316895594587550e-06 6.778404326723830309e-08 9.999952316284179688e-01 1.030412699609684068e-10 6.631737520246261397e-11
9.015273878983098843e-13 4.083458571280118576e-11 4.122685808190251766e-13 4.860411308982293122e-07 2.726681547216003310e-09 1.529219561039168312e-14 9.999978542327880859e-01 6.292933539953082800e-05 2.747612626308182371e-08 3.239535217858247051e-08 4.491031244807652811e-12 3.528255547280423343e-05 1.284890004171757028e-05 1.146044468214313383e-07 2.176718044211156666e-05 5.168882125872187316e-05 9.995434880256652832e-01 2.464438431104554184e-08 4.170681506820983486e-07
1.828263044877773591e-16 1.324419767649923085e-13 9.123043532576510621e-16 1.420920181516294178e-08 5.019605824746475875e-12 3.677205356915189108e-18 9.999997615814208984e-01 2.286218114022631198e-05 5.282698167796695543e-10 1.890692269412852511e-09 2.356573900049677844e-14 1.149972149505629204e-06 6.950925239834759850e-07 5.152940740771327910e-09 8.733348977330024354e-07 1.075922409654594958e-05 9.999636411666870117e-01 9.358944730308849103e-10 1.216936329484497037e-08
1.310476114560130134e-13 5.005011800676584244e-03 4.599116158981834956e-14 7.786966562271118164e-01 3.954577131559634199e-16 2.232791554456544508e-16 9.964581131935119629e-01 2.047841437160968781e-03 5.930389859742923875e-12 1.456358904999843773e-13 2.445310532735872362e-16 5.535951744444828131e-19 1.290506257412005198e-09 9.999996423721313477e-01 5.212886566852148462e-09 1.919029934960292394e-10 8.911429904401302338e-03 8.754247392062097788e-05 9.848189365163203201e-17
3.617816495601194893e-13 5.354185705073177814e-04 1.053933551759325682e-13 9.978857636451721191e-01 1.406669987197468885e-14 1.809058723468374969e-17 9.990921020507812500e-01 7.812450639903545380e-04 6.694742538115860953e-09 5.803593825133568362e-13 2.132405715763244225e-13 6.842409902897818124e-18 2.157674039438006730e-09 9.998641014099121094e-01 8.485916858091968606e-09 4.371740192077311349e-10 8.926726132631301880e-02 6.801547414170272532e-08 2.548497437387942099e-13
7.895754904931051588e-13 1.065397355705499649e-02 3.354150182426074434e-13 9.782734513282775879e-01 3.575268048603514812e-15 1.814734340523346313e-16 9.938375353813171387e-01 2.128819003701210022e-03 8.851204491566733168e-11 5.865399854178277028e-13 1.291135794334813749e-14 2.383929148703844164e-18 1.687197048738653393e-09 9.999976158142089844e-01 2.510389895959974638e-09 3.667365300330516220e-10 1.080677472054958344e-02 1.140805352406459861e-06 3.011424261879455146e-15
1.864936834518673980e-13 4.417350166208144913e-12 5.417708789185946006e-14 5.384006271924590692e-06 3.511052559801441930e-09 3.309840194889307474e-14 9.999974966049194336e-01 1.819055432861205190e-05 3.940812121072667651e-09 1.035347167999134399e-07 5.305953295004287029e-14 2.249250792374368757e-05 1.074879401130601764e-05 4.743122161698920536e-08 1.230780708283418790e-05 4.308630741434171796e-05 9.955671429634094238e-01 5.061243157911121671e-08 4.232198147491317286e-09
5.279014647407711278e-20 9.312449794139351298e-18 1.861788395931091066e-20 5.026475591307644208e-08 7.182354754345365855e-13 1.910591922824748988e-19 1.000000000000000000e+00 6.568513413185428362e-07 1.433307004984271660e-13 8.352381541953945998e-08 4.509734092793981312e-20 3.484310354906483553e-06 8.736891743410524214e-08 1.007016952464523385e-11 1.615053335513039201e-08 1.038737718772608787e-05 9.907627701759338379e-01 9.346351470540525952e-10 2.452295907572760170e-14
1.735224390383257639e-21 2.575008076998746695e-18 8.975792564569022596e-21 2.588986358631473195e-09 1.012846253536318214e-14 5.862378039076408727e-21 1.000000000000000000e+00 4.567799351207213476e-06 1.173082085029891752e-13 4.301143974316801177e-08 1.206729463942658061e-19 3.997650139808683889e-07 2.920720731935944059e-08 1.579107331006746051e-11 9.651302868007860525e-09 9.414798114448785782e-06 9.997534155845642090e-01 9.028761627227765985e-10 5.778374062874111483e-14
3.764321329072117805e-03 1.895528286695480347e-02 1.193153113126754761e-02 4.402920603752136230e-02 8.532256819307804108e-03 1.233982504345476627e-03 8.687404990196228027e-01 3.724124431610107422e-01 7.573249936103820801e-02 5.958901718258857727e-02 1.403031032532453537e-02 7.147067785263061523e-02 8.676062524318695068e-02 1.222668588161468506e-01 7.858385145664215088e-02 1.474578231573104858e-01 6.629347205162048340e-01 4.150381386280059814e-01 2.647968381643295288e-02
1.922468300108448602e-06 1.590651118021924049e-05 1.998044353967998177e-06 9.986598491668701172e-01 3.670045998660498299e-06 1.251686976289079212e-09 8.421832919120788574e-01 4.929772578179836273e-03 7.943596756376791745e-06 5.766077265434432775e-06 9.413893664600436750e-09 1.137720389010610234e-07 2.867026196327060461e-04 4.441810306161642075e-03 1.560135162435472012e-03 4.226655437378212810e-05 9.548222422599792480e-01 5.551633421418955550e-06 1.172538688365420967e-07
1.271931751034571789e-07 2.582338311185594648e-06 1.442672328266780823e-07 1.451950636692345142e-03 1.519602665212005377e-04 2.021839584642748378e-08 9.989228844642639160e-01 4.945289343595504761e-03 3.724661655724048615e-05 8.659554296173155308e-04 3.828433818853227422e-07 3.730174154043197632e-02 3.343647113069891930e-03 7.081104558892548084e-05 3.884839825332164764e-04 4.231202229857444763e-02 6.604787707328796387e-01 2.137034607585519552e-04 1.919168244057800621e-05
9.682600498199462891e-01 3.822890808805823326e-03 1.434839025371559273e-09 9.998472929000854492e-01 9.182561635971069336e-01 6.490639492540140054e-08 1.305204816162586212e-02 6.564576779055641964e-06 2.274520375067368150e-05 8.158803211699705571e-06 1.063265881384722888e-05 5.736909434199333191e-02 4.651111157727427781e-05 5.291997149470262229e-05 5.028724672229145654e-07 4.582839459180831909e-02 1.853310852311551571e-03 9.449318838505860185e-08 1.535618423531559529e-07
1.694325953722000122e-01 1.684391609160229564e-04 1.023299556202061922e-09 9.994335770606994629e-01 9.257172346115112305e-01 2.536922693252563477e-05 1.956019699573516846e-01 1.768241304489492904e-06 2.529132645577192307e-03 6.439146818593144417e-05 8.593994607508648187e-06 9.367549419403076172e-02 1.907867044792510569e-05 1.255206188943702728e-05 5.695427898899652064e-05 1.515984684228897095e-01 1.115589030086994171e-02 2.419417614873964339e-05 2.159939413104439154e-06
5.253493785858154297e-01 8.938517421483993530e-04 1.021160559539976975e-13 9.999998807907104492e-01 6.298840045928955078e-01 1.168714636179402078e-08 1.263848505914211273e-02 7.221233033760654507e-08 3.972843114752322435e-04 1.379990948180420673e-07 2.054893957392778248e-05 1.714704558253288269e-04 5.702939915863680653e-07 9.319394848716910928e-06 8.534485118616430555e-08 4.255734384059906006e-03 1.262378209503367543e-04 7.704080429160597987e-11 2.044196776296303142e-07
1.104283290785830485e-13 5.381816658989180269e-10 1.257174940050894557e-14 3.005607707162738507e-10 3.109486668151362210e-09 3.888540097557457997e-12 9.999499320983886719e-01 5.237532313913106918e-03 7.173281346695148386e-08 8.002768158912658691e-01 3.157416550436664693e-10 3.336163461208343506e-01 4.283117013983428478e-04 5.732212274289771869e-11 6.549829012492125457e-10 1.521334350109100342e-01 1.608308590948581696e-02 1.080651870211113419e-07 1.724302123307097645e-08
8.745324464598525083e-09 7.824681347301520873e-08 3.489655829927440500e-12 1.954990693775471300e-07 3.225330437999218702e-04 6.689509390866987815e-09 9.928290247917175293e-01 1.460783096263185143e-04 2.336682882742024958e-06 1.376758068799972534e-01 1.192702381302979120e-08 9.215781688690185547e-01 4.643646068871021271e-03 3.014518079602623857e-10 3.455906893989890705e-09 4.193364381790161133e-01 3.209114540368318558e-03 2.621128714963560924e-06 1.408544676451128908e-07
1.160012044781237942e-14 2.264669181351042226e-11 2.087202472691291298e-15 3.882337296090554446e-06 1.588119005191401811e-07 1.452926863022840909e-13 9.999998807907104492e-01 6.872401741020439658e-07 1.018549298237303447e-07 3.466887577019406308e-08 1.455151103779694921e-13 1.162347980425693095e-04 1.886107747850473970e-05 4.404226316978565592e-08 1.277359842788428068e-06 8.228119695559144020e-04 8.997249603271484375e-02 1.412085559593379003e-08 1.288258499876349106e-09
6.207790193002438173e-06 1.154298558958544163e-07 2.615195322278185753e-21 8.620236185379326344e-04 1.622990607170134913e-18 4.385542730562293906e-15 3.131407080251419339e-13 1.729288342176005244e-04 6.749131830241432207e-27 1.000000000000000000e+00 1.339137169322816181e-17 5.271934205666184425e-04 1.408855023328214884e-04 4.190868843362977048e-13 4.055277354869288490e-18 8.312116506203892641e-07 5.020484353766840879e-13 1.099069686461007223e-05 2.007395412854183437e-23
2.652004171821431555e-10 1.382910967136869937e-14 4.150721334109452713e-31 9.221038377305035283e-10 2.153358188375046207e-23 9.407385519837215423e-19 2.706793210060745607e-17 4.157615407507364580e-08 2.447826936455772799e-34 1.000000000000000000e+00 2.619475744658787381e-23 6.690141162835061550e-04 1.883731748364425584e-08 5.377684117983815392e-24 1.808155575035680759e-24 4.218354732188345224e-08 1.597164994470463698e-17 7.401992213607044846e-11 4.813740467429456072e-33
1.953023687055206042e-14 2.927049683352779703e-20 0.000000000000000000e+00 3.352875567247046162e-14 1.147530690624135513e-28 7.150493202439258275e-24 1.933981795582006976e-21 3.767451975389413121e-11 0.000000000000000000e+00 1.000000000000000000e+00 2.255306282674082786e-30 4.074278404004871845e-04 1.295125985623091225e-11 1.179914944265348573e-32 2.665287208992294632e-31 1.369159119413154713e-09 3.525012964294331893e-22 6.845918908935386474e-15 0.000000000000000000e+00
7.500780820846557617e-01 8.727620542049407959e-02 3.584300793590955436e-05 9.947544336318969727e-01 6.252204775810241699e-01 2.319897030247375369e-04 4.600174725055694580e-02 5.853281356394290924e-03 1.325606834143400192e-03 2.359294518828392029e-02 1.058138441294431686e-03 1.304464340209960938e-01 2.177461236715316772e-02 1.935482025146484375e-02 4.941779188811779022e-04 2.039754092693328857e-01 1.742067933082580566e-02 7.391670369543135166e-04 2.188119251513853669e-04
7.493413090705871582e-01 1.368249952793121338e-02 2.850190661263241054e-08 9.998430013656616211e-01 6.490923762321472168e-01 1.127353243646211922e-06 4.095978569239377975e-03 2.433820045553147793e-04 3.559421884347102605e-06 1.251885108649730682e-02 2.969894694615504704e-06 5.581429600715637207e-02 4.036988131701946259e-03 1.411784323863685131e-03 4.795844233740353957e-06 1.088348627090454102e-01 1.277150702662765980e-03 1.969936056411825120e-05 3.853620853533357149e-07
9.559835195541381836e-01 4.077817720826715231e-05 4.874210776206581996e-14 1.000000000000000000e+00 8.119633197784423828e-01 9.931766520310247870e-11 9.793900062504690140e-06 6.798211327208036892e-09 3.322475095046684146e-08 2.327900183729525452e-08 2.511815755390500726e-10 7.284302682819543406e-06 5.618272780338884331e-07 6.965882676013279706e-06 1.284320760852608601e-09 2.558355685323476791e-03 6.536471573781454936e-06 2.515610332889939293e-12 7.107816418772117117e-11
9.829070186242461205e-04 3.047421159863006324e-08 3.759132219914584905e-15 1.000000000000000000e+00 1.017047911882400513e-01 5.550949140342709143e-07 1.567806489765644073e-02 1.053274467643916523e-09 1.893865191959775984e-05 5.543246417438751905e-10 1.090864920096079604e-12 2.260921938557203248e-08 2.682326538661072846e-08 5.586888107700360706e-08 3.263681946918950416e-06 9.036822120833676308e-06 1.988631847780197859e-04 1.766672051706219548e-11 5.200418221051883449e-11
2.486048288119491190e-05 1.983966946283999278e-08 1.781636643771733475e-10 3.576764720492064953e-04 8.926879167556762695e-01 8.573135128244757652e-04 9.676674008369445801e-01 3.252928237884589180e-08 1.754142343997955322e-02 1.119422086048871279e-04 3.200682385795516893e-08 8.559532165527343750e-01 1.243656788574298844e-05 3.688967575854462666e-09 6.667677325822296552e-07 1.969833821058273315e-01 2.354961470700800419e-04 9.882225422188639641e-04 9.971562576538417488e-06
2.136736735701560974e-02 2.247427573820459656e-06 2.778135707592888082e-11 9.469022750854492188e-01 9.488585591316223145e-01 1.080865968106081709e-05 7.308662533760070801e-01 5.168466188365528069e-08 2.752992091700434685e-03 5.231757313595153391e-06 8.902095061102954787e-08 3.397616147994995117e-01 2.986677827720995992e-06 1.141980519037133490e-07 1.559268457640428096e-05 1.203648000955581665e-01 3.853382775560021400e-03 1.129370721173472703e-04 8.275692380266264081e-07
2.678261697292327881e-01 1.659988611936569214e-01 1.940607652068138123e-02 9.618016481399536133e-01 7.409085333347320557e-02 8.572100847959518433e-02 9.653940051794052124e-02 1.625103503465652466e-01 1.246923767030239105e-02 7.888609915971755981e-02 3.450568998232483864e-03 1.068619824945926666e-02 1.563686877489089966e-01 2.395469993352890015e-01 1.135249361395835876e-01 3.751375898718833923e-02 7.526896148920059204e-02 8.592282980680465698e-02 5.071856547147035599e-03
2.601663290988653898e-04 7.338231056928634644e-02 3.272772664786316454e-05 9.871604442596435547e-01 4.639353937818668783e-05 1.447573254154121969e-06 3.549210727214813232e-01 1.963595002889633179e-01 5.108281038701534271e-05 3.179707273375242949e-04 3.509619318720069714e-06 1.154770302491670009e-06 2.948197070509195328e-03 9.236785769462585449e-01 3.079559653997421265e-03 6.234694155864417553e-04 3.202564418315887451e-01 1.179493218660354614e-02 2.663860414031660184e-06
3.428348898887634277e-02 7.244308590888977051e-01 4.165122751146554947e-03 5.422771573066711426e-01 1.108500408008694649e-03 8.363262168131768703e-04 1.264443099498748779e-01 5.512148141860961914e-01 5.797064513899385929e-04 5.672839004546403885e-03 7.420449401251971722e-04 4.682218423113226891e-04 3.520057350397109985e-02 9.539880752563476562e-01 1.321086939424276352e-02 1.377651840448379517e-02 5.060443282127380371e-02 8.013396710157394409e-02 9.510062955087050796e-05
2.060717578431851537e-20 8.238493907901541218e-16 1.157379739350773719e-18 9.949305653572082520e-01 9.984460965601446053e-21 2.038432040764836837e-23 4.433096945285797119e-02 1.482097286498174071e-05 6.601098570749254743e-18 6.953981932390079779e-14 7.770092740110496149e-29 6.543895801024738661e-22 1.168645995947015237e-11 5.806396366097033024e-04 1.329273004557762761e-06 8.479515544855976278e-15 1.000000000000000000e+00 6.702501326799392700e-02 4.409383594338731052e-21
0.000000000000000000e+00 6.855851167254887476e-37 0.000000000000000000e+00 1.113279329834071518e-10 2.143447065119365194e-18 1.342070896533131813e-27 1.000000000000000000e+00 1.050319263481083799e-32 2.108182420003596250e-16 0.000000000000000000e+00 0.000000000000000000e+00 2.131078461319408706e-26 6.946237047428261759e-26 5.942265834011201687e-20 2.912349875150432865e-11 8.266648363605324520e-21 1.158446741311713879e-10 1.658969476261932420e-27 1.950025462689261267e-31
9.852961322497766279e-32 1.469258326911746858e-23 8.463906143773736665e-30 6.746365244225671631e-08 1.141966532212716707e-22 8.220068840833537734e-23 1.000000000000000000e+00 3.178601248854905081e-14 5.470814773422816302e-13 1.355015160282135867e-25 3.979091165527813146e-31 3.041461897549568447e-24 2.163775098156027303e-15 4.480523063676855600e-09 9.850176866166293621e-06 6.620718467698400006e-18 9.961262345314025879e-01 1.303767670792600015e-16 7.008384416589619110e-19
1.171890976687535212e-23 1.591763091480186151e-18 1.296049282747314952e-20 7.129897783286764934e-10 1.729418249720621682e-18 9.009798056486305597e-19 1.000000000000000000e+00 4.812911669205277576e-08 4.280610710338805802e-07 1.595544237457742610e-18 3.474330626290127264e-18 4.087459395627092819e-17 1.132286625571410354e-11 5.217881948738067877e-08 4.391792754177004099e-05 7.824453433259714874e-13 9.999974966049194336e-01 9.945135825972784005e-10 8.485491198584327321e-10
7.024203985929489136e-02 2.822822928428649902e-01 9.334408640861511230e-01 1.551484018564224243e-01 3.238654881715774536e-02 4.143956582993268967e-03 3.932341635227203369e-01 5.063230395317077637e-01 9.376197122037410736e-03 2.639569938182830811e-01 1.370076928287744522e-02 1.092092469334602356e-01 1.851361542940139771e-01 3.736189305782318115e-01 5.793467536568641663e-02 2.400881797075271606e-01 1.828738152980804443e-01 6.475907564163208008e-02 1.532314438372850418e-02
8.847585320472717285e-01 1.538239791989326477e-02 9.692397725302726030e-06 9.997715353965759277e-01 5.219912156462669373e-03 2.398157448624260724e-05 2.235326828667894006e-04 4.107806365936994553e-03 5.408783820826101874e-08 2.382005006074905396e-01 4.327056331021594815e-07 1.772450632415711880e-03 1.128365695476531982e-01 3.762027947232127190e-03 4.372860712464898825e-04 1.186661422252655029e-03 9.239193168468773365e-04 9.488938376307487488e-04 7.288997494470095262e-08
3.332597043481655419e-05 3.247027677844016580e-07 4.734707559350681549e-08 9.999998807907104492e-01 4.009937697446730454e-07 1.187855377793312073e-02 1.437045375496381894e-05 1.248764456249773502e-04 8.298199460909927438e-09 4.946668923366814852e-06 1.827385492274638534e-15 4.187976191966785722e-13 2.538817716413177550e-05 2.285603666678071022e-03 9.259280562400817871e-02 2.545544219856310519e-09 2.737710019573569298e-04 8.526313118636608124e-03 4.248415855223619531e-12
8.975150994956493378e-04 9.124960750341415405e-03 3.086081278524943627e-06 9.999963045120239258e-01 2.421434874122496694e-05 8.449433721580135170e-07 1.094242397812195122e-04 4.717835783958435059e-02 5.637041389228159005e-10 1.812967821024358273e-05 2.873402349390374866e-10 3.078627075492335052e-10 2.723544603213667870e-04 9.977306723594665527e-01 1.400288892909884453e-03 2.607361420814413577e-05 8.588510681875050068e-04 2.396294921636581421e-01 1.073153024777617759e-10
3.053908348083496094e-01 1.257527917623519897e-01 7.190000414848327637e-01 8.141393959522247314e-02 1.841970682144165039e-01 8.447983302175998688e-03 4.169526100158691406e-01 3.031289279460906982e-01 1.604498550295829773e-02 4.180655479431152344e-01 2.378707565367221832e-02 5.008929371833801270e-01 4.386223256587982178e-01 3.114899992942810059e-02 1.561733335256576538e-02 2.769505083560943604e-01 1.131346896290779114e-01 7.318593561649322510e-02 2.123970724642276764e-02
3.364790230989456177e-02 3.440816886723041534e-03 8.780331118032336235e-04 1.614914089441299438e-01 5.212453603744506836e-01 3.207553550601005554e-02 6.761235594749450684e-01 2.200826257467269897e-02 4.376816004514694214e-02 1.693550199270248413e-01 3.190753748640418053e-03 6.590086221694946289e-01 3.084671683609485626e-02 2.624512184411287308e-03 1.014109514653682709e-02 4.193734526634216309e-01 1.311297267675399780e-01 2.628905177116394043e-01 6.751173641532659531e-03
4.146048426628112793e-02 6.407845299690961838e-03 2.337811514735221863e-03 1.617659777402877808e-01 5.124223828315734863e-01 8.064408600330352783e-02 6.646633148193359375e-01 2.779681421816349030e-02 9.629159420728683472e-02 1.708661913871765137e-01 6.973840296268463135e-03 5.767530798912048340e-01 4.331137984991073608e-02 4.862732719630002975e-03 1.964458636939525604e-02 3.760040402412414551e-01 1.295951604843139648e-01 2.307615280151367188e-01 1.516034640371799469e-02
2.009077633147171582e-07 3.356123201569971570e-08 2.017841622958815861e-11 9.999998807907104492e-01 4.588035729113926209e-09 1.785305954246228961e-15 2.179322987794876099e-01 4.339449515100568533e-05 2.623288253289501881e-10 1.668141041966109128e-10 5.796730960907006680e-14 9.032257228388726467e-14 2.404945576017780695e-07 2.093428629450500011e-04 3.188609116477891803e-05 1.288135598187523101e-09 9.988188147544860840e-01 2.378497676591706522e-10 6.744131891400079182e-14
8.985511987247285504e-12 1.958759543452259777e-12 1.173400569418059369e-12 9.960143566131591797e-01 1.105974947041010736e-11 2.375568613891855529e-14 9.945812821388244629e-01 2.041322659351862967e-06 1.062510756461021444e-11 1.389986216404626163e-12 2.430770525636343877e-19 2.874789165399627144e-14 4.757492533258300682e-08 7.901693606982007623e-06 4.778550006449222565e-03 3.562430558878837417e-11 9.999698400497436523e-01 4.592910218814694190e-10 4.310624868663313902e-14
5.883013631802214150e-09 2.460074256305233575e-06 2.118211713615560793e-15 3.893530964851379395e-01 1.181733659905148670e-05 3.061143005744781931e-10 9.999978542327880859e-01 8.628399328358682396e-09 2.800914924591779709e-03 1.638912529994263068e-13 1.082786837969251792e-08 1.808994731788970967e-08 3.057754272006718566e-09 1.207680761581286788e-04 1.013007247820496559e-03 4.317060984249110334e-07 3.857165807858109474e-03 1.309873987054288591e-09 5.066884227744594682e-07
5.751332044601440430e-01 1.647261530160903931e-01 9.922502040863037109e-01 9.896008670330047607e-02 3.256804645061492920e-01 1.014085370115935802e-03 5.953857898712158203e-01 1.277170032262802124e-01 1.320966333150863647e-02 5.427818279713392258e-03 4.153860267251729965e-03 1.399596929550170898e-01 1.375862509012222290e-01 4.785223305225372314e-02 1.787188276648521423e-02 9.788188338279724121e-02 3.362961709499359131e-01 8.666414767503738403e-03 3.702136874198913574e-02
9.975058436393737793e-01 7.538102567195892334e-03 6.351979209284763783e-06 1.560487202368676662e-03 9.350588321685791016e-01 1.223158907492916114e-08 6.067749857902526855e-01 1.893249464046675712e-05 4.055263343616388738e-05 2.497887123809050536e-07 5.063801381766097620e-06 7.993367910385131836e-01 2.550260978750884533e-04 2.110361265295068733e-06 1.014744768212949566e-07 1.021230220794677734e-02 2.350698458030819893e-03 6.965962597860198002e-07 4.708573214884381741e-06
9.688313603401184082e-01 1.157182976603507996e-01 9.977512955665588379e-01 2.698316937312483788e-03 5.491872429847717285e-01 5.065115146862808615e-06 3.081173300743103027e-01 3.083427436649799347e-02 1.603940327186137438e-04 9.971667313948273659e-04 1.848980609793215990e-04 5.156375169754028320e-01 1.885434538125991821e-01 3.227541223168373108e-03 1.523641003586817533e-05 4.606915637850761414e-02 1.281486079096794128e-02 2.505763550288975239e-04 1.599884708411991596e-03
1.819507777690887451e-01 3.790769875049591064e-01 9.933532476425170898e-01 2.167110592126846313e-01 4.596190154552459717e-02 9.494157508015632629e-03 3.235909342765808105e-01 4.782816767692565918e-01 1.192600745707750320e-02 8.738446980714797974e-02 1.385664194822311401e-02 3.567545115947723389e-02 2.260880470275878906e-01 4.974460601806640625e-01 1.314989328384399414e-01 1.644640117883682251e-01 2.026508748531341553e-01 5.803005397319793701e-02 3.616838902235031128e-02
2.342434376478195190e-01 3.938335478305816650e-01 9.770621061325073242e-01 2.510636150836944580e-01 6.532216072082519531e-02 1.872191205620765686e-02 3.771496713161468506e-01 4.939869642257690430e-01 2.584976330399513245e-02 1.324993371963500977e-01 2.653905190527439117e-02 6.748711317777633667e-02 2.683184444904327393e-01 4.103842079639434814e-01 1.469222009181976318e-01 1.878961771726608276e-01 2.337298393249511719e-01 8.745676279067993164e-02 4.891234636306762695e-02
2.098512649536132812e-01 3.779678940773010254e-01 9.823081493377685547e-01 2.562046647071838379e-01 5.601540952920913696e-02 1.696800999343395233e-02 3.345365822315216064e-01 4.702778756618499756e-01 1.536363177001476288e-02 1.156069412827491760e-01 2.152422443032264709e-02 5.216095969080924988e-02 2.571741640567779541e-01 4.756614863872528076e-01 1.609958261251449585e-01 1.692693531513214111e-01 1.983232200145721436e-01 8.709239214658737183e-02 3.804967924952507019e-02
5.953609605313658903e-09 3.044428709131352662e-08 6.257998980130352606e-11 1.000000000000000000e+00 9.794386413020106374e-10 4.702132306026902964e-14 1.935887522995471954e-02 5.637852009385824203e-04 1.718426789754090578e-10 2.087902473135727632e-08 5.637464838142438282e-16 2.594277687773894128e-15 1.646582859393674880e-06 2.447371836751699448e-03 4.615313446265645325e-05 1.391856074839381563e-09 9.899322986602783203e-01 1.599158849785453640e-07 9.306142621377973267e-15
2.355775574613971912e-09 6.847241138530080207e-07 3.164186967996585054e-10 9.999854564666748047e-01 1.693137574587666450e-10 7.202750087987805361e-14 3.993999063968658447e-01 4.191216081380844116e-03 3.977959739387415539e-09 3.995397435119230067e-08 7.777446357293618662e-14 5.710584999665813122e-14 4.029256615467602387e-06 8.209714293479919434e-02 7.002765778452157974e-05 1.101162627747953593e-08 9.968470931053161621e-01 6.677409601252293214e-06 3.566977442581720226e-12
1.426068063636876104e-08 1.294128765039204154e-06 1.538066229933576778e-09 9.997183680534362793e-01 1.242770997222919505e-09 1.075342852957517081e-11 9.019452333450317383e-02 1.433665212243795395e-02 2.463224735294033962e-09 1.608682168807717972e-06 1.670239738616602354e-13 6.088721107161410018e-12 1.757374229782726616e-05 7.767365872859954834e-02 1.432132907211780548e-03 4.918097928907627647e-08 9.984552860260009766e-01 1.165051758289337158e-02 1.214759282747168712e-11
1.166330487051281395e-14 1.942017657796668573e-10 1.009469810801973122e-13 2.058694104078995224e-09 2.984625047108835361e-10 1.553624274315459214e-14 9.999990463256835938e-01 4.990765824913978577e-03 5.657642176970512082e-08 2.285480732098221779e-03 8.323473854598972821e-11 5.840437021106481552e-03 8.759699994698166847e-05 1.168313357169381561e-08 8.660752826017414918e-08 1.036610733717679977e-02 7.812094688415527344e-01 9.252035937379332609e-08 2.421104028371701133e-08
4.186633042991161346e-03 1.027718856930732727e-01 2.894975921208242653e-07 6.548522114753723145e-01 7.989950177034188528e-07 2.129421545760123990e-06 6.010084762237966061e-04 4.022471904754638672e-01 4.160382260920414410e-09 9.796829819679260254e-01 2.602162339826463722e-06 3.148285904899239540e-03 2.773960679769515991e-02 2.624785900115966797e-01 1.456617337680654600e-05 5.450285039842128754e-03 8.871558820828795433e-04 6.346006691455841064e-02 1.610537481155915884e-08
4.524935483932495117e-01 1.198335085064172745e-04 7.285340757334779482e-07 1.661566942930221558e-01 1.151108415797352791e-03 4.288856700895848917e-07 8.456012010574340820e-01 6.467368802987039089e-04 2.774191125354263932e-05 6.072802989365300164e-07 1.831081817726953886e-06 5.634088884107768536e-04 4.513484600465744734e-04 1.107229851186275482e-03 3.394749462604522705e-01 1.818547207221854478e-05 9.852617383003234863e-01 3.605356687330640852e-05 7.861585800128523260e-06
2.990075855235094573e-15 3.695968352128316237e-24 4.692407746284981515e-27 1.000000000000000000e+00 3.621646593732208430e-10 6.289541804038734085e-11 1.669705852691549808e-05 1.214998866074533106e-17 2.996880388537743588e-16 1.878474502967360950e-20 7.024057205510826926e-37 6.117184911681403810e-26 1.830663589189851482e-16 2.387133563678813338e-17 3.862689723632684036e-08 1.320020715173986004e-18 4.755264671985059977e-04 1.193494444894838907e-19 1.885430646922310388e-28
2.094911050187775459e-12 1.732257650570786519e-18 1.101235182430131578e-21 1.000000000000000000e+00 1.944734651093682487e-10 7.095999904059118647e-20 5.702534690499305725e-04 3.524862693393693291e-12 1.125995042800827630e-16 2.166828896776340372e-17 5.407209615500007088e-29 1.705963835469055034e-22 6.065361971355209825e-13 4.068731896539334869e-12 4.725051905296595578e-09 1.818845070825710238e-15 9.365891218185424805e-01 6.250097867798543151e-20 3.091783470279084875e-26
1.696022752374994925e-15 4.148386058313873186e-20 7.881409592044709012e-22 1.000000000000000000e+00 7.974588871195731343e-14 2.167930342560650826e-23 5.668308585882186890e-03 8.530286720043189774e-12 1.215689044898132038e-18 2.511436558587055721e-18 3.279935337523136271e-31 1.692182766776424150e-24 2.224013752024148194e-13 2.620770137365391328e-12 1.033089502833206552e-09 1.155254737172543367e-16 9.986448884010314941e-01 2.848195137169467776e-20 1.027993130097377971e-27
4.639061634836849635e-10 2.936510355624338819e-13 1.709097064766848057e-22 4.790536457105476487e-12 3.807004933520374834e-09 1.081883541087513834e-10 1.204899581352947280e-05 1.995493335016362835e-07 6.459247521480851115e-15 1.000000000000000000e+00 3.244382886329858114e-16 8.478774428367614746e-01 8.058523235376924276e-07 1.644445054200809978e-21 2.035182605980158485e-17 6.244608201086521149e-03 4.967832395452731475e-11 1.145298300642139111e-09 6.405403354250846902e-18
1.865628185271361872e-08 2.430599645164566169e-11 2.254372709045762189e-19 1.037403940529202373e-09 4.022363775391113450e-09 3.794121128386507280e-10 3.375825144757982343e-06 3.108334567514248192e-06 6.953222736759455749e-15 1.000000000000000000e+00 1.651003586503139303e-14 6.418011188507080078e-01 4.043776698381407186e-06 5.400561303323986220e-18 5.422182308993574867e-15 5.416832864284515381e-03 1.035877605914947708e-09 3.678879068047535839e-08 3.485895272998108634e-17
1.291653006774140522e-06 1.162930232112557860e-07 1.777599009829267107e-12 2.500053710718930233e-07 2.512330710887908936e-01 2.913318276405334473e-01 5.619919896125793457e-01 8.684573771233772277e-08 7.054640445858240128e-04 1.023154184222221375e-01 7.984223837631532206e-10 5.885841846466064453e-01 1.180186445708386600e-04 7.683814001735456145e-11 1.847779707020436035e-08 7.439283281564712524e-02 3.913059572369093075e-06 1.391611294820904732e-05 1.833278020058060065e-06
9.979607188674197941e-17 2.876564265629254196e-19 2.444771326927176387e-22 1.000000000000000000e+00 9.035723964835248867e-17 3.251042161091563080e-27 2.055167424259707332e-04 3.377710333651862129e-10 1.101282014262175291e-20 2.783854638056135123e-18 3.366511495631395945e-33 3.031087829007732455e-29 1.534204349933759870e-13 5.213321441210894136e-10 2.153783124070329791e-10 6.111096111219659575e-19 9.998804330825805664e-01 1.476447341549028815e-19 1.156176746858614364e-30
1.830675806647498890e-18 2.291993651755462949e-15 3.305581231835940577e-18 9.999980926513671875e-01 1.033736280360338241e-16 1.229435656575563200e-21 9.998346567153930664e-01 4.878624793036578922e-08 3.176080139990697382e-14 2.684736306678121116e-16 4.833798937890918019e-25 3.045529775558754567e-21 8.062188416868565355e-11 9.974157819669926539e-07 1.624898118279816117e-06 4.454701107233123569e-14 9.998607635498046875e-01 6.017259376856452791e-15 3.247176076735102675e-19
4.579191826480045677e-15 1.568857240299981193e-12 1.916331310335069342e-17 1.000000000000000000e+00 6.117102538481106189e-15 6.110663615514690641e-23 6.828571557998657227e-01 6.558873337780823931e-07 1.646501132050032234e-13 1.251309067484569076e-14 5.018508411430270162e-22 4.760517321502873095e-22 2.073751587117200756e-10 1.948642966453917325e-05 9.290848090870440501e-09 1.411303799520036151e-13 9.953625202178955078e-01 6.967555910655537799e-16 1.643863398403962449e-19
3.669665008783340454e-02 7.419157624244689941e-01 2.710757255554199219e-01 9.961807727813720703e-01 4.982002428732812405e-04 9.128968486038502306e-06 2.310343272984027863e-02 4.695177078247070312e-02 5.621111995424143970e-05 4.017219180241227150e-05 1.966048497706651688e-03 1.101968518923968077e-05 1.747053815051913261e-03 9.192238450050354004e-01 1.486715191276744008e-04 6.142239086329936981e-03 5.616417038254439831e-04 1.222446298925206065e-04 1.183016865979880095e-05
8.558113477192819118e-04 6.505631655454635620e-02 3.058689515000878600e-07 9.879022836685180664e-01 1.085589174181222916e-04 1.246478177563403733e-06 1.175560709089040756e-02 1.503138989210128784e-01 2.301710537722101435e-07 6.715273857116699219e-01 3.424130682105896994e-06 2.512659644708037376e-03 6.456200033426284790e-03 4.525438547134399414e-01 5.892111585126258433e-05 2.629698812961578369e-02 1.344143878668546677e-02 1.752356649376451969e-03 1.359172898673932650e-07
2.855400741100311279e-01 1.251353919506072998e-01 3.807927481830120087e-03 9.091607332229614258e-01 2.731690406799316406e-01 7.988259196281433105e-03 1.455962508916854858e-01 8.005540817975997925e-02 3.509184811264276505e-03 5.043627023696899414e-01 4.735966678708791733e-03 3.164568245410919189e-01 1.232678219676017761e-01 4.024325683712959290e-02 1.335473917424678802e-02 2.408119738101959229e-01 5.485014989972114563e-02 3.485432267189025879e-02 1.206712098792195320e-03
5.601526936516165733e-05 2.361050428589805961e-05 8.714906471141148359e-06 2.575389742851257324e-01 2.021246837102808058e-05 5.795593551738420501e-06 7.493414282798767090e-01 1.366947498172521591e-02 4.219494803692214191e-05 4.566459756460972130e-05 1.447043160851535504e-07 1.130962755269138142e-05 1.177969970740377903e-03 1.192003022879362106e-02 2.652791440486907959e-01 7.853077113395556808e-05 9.953361153602600098e-01 5.242940969765186310e-03 2.614821823954116553e-05
3.427302192049452856e-11 2.032723545042358637e-09 1.628995938141031274e-09 1.362921175314113498e-04 1.837968666151823527e-09 3.973327743211907404e-12 9.990057349205017090e-01 5.020172102376818657e-04 1.090428099814744201e-06 1.405311955693377968e-08 3.448115681869978744e-10 7.252483413822119473e-08 6.331355962174711749e-06 2.461443000356666744e-05 1.383589114993810654e-03 7.334785550483502448e-06 9.999414682388305664e-01 2.306434907950460911e-05 9.010325811686925590e-06
9.550854551676479787e-10 3.719629830811754800e-07 3.702738116118098333e-11 2.091145701044183625e-09 2.889997352539808162e-09 6.130350811402521249e-14 9.999991655349731445e-01 6.232306477613747120e-04 3.056558594107627869e-02 9.160525116236328813e-10 2.094147566822357476e-05 1.339555274171289057e-05 2.151204625988611951e-06 8.068882380030117929e-07 4.025207090307958424e-05 1.392119611409725621e-05 9.998781681060791016e-01 2.868551689516607439e-07 2.427921891212463379e-01
9.414894878864288330e-02 4.346855098091850778e-10 1.578098274555963272e-19 1.000000000000000000e+00 9.959214925765991211e-01 1.038706787248599994e-09 1.695092883892357349e-03 7.158976780526418726e-14 6.194485990818066057e-08 8.978685017702048299e-10 8.056408188142349935e-15 1.246461644768714905e-03 1.320839548846208800e-10 3.262664877851095824e-12 9.752835206100485266e-10 4.960536025464534760e-03 2.104887425957713276e-05 2.525973007150295047e-11 2.330971990405737715e-14
1.142151475619357370e-07 1.312777248019258991e-10 1.396426224843259553e-14 1.000000000000000000e+00 5.707285890821367502e-05 9.099788478295067762e-09 4.074680805206298828e-01 1.288885798089722812e-08 4.192658877855137689e-07 1.466887861178989283e-10 6.023825152747094500e-16 1.938878051166437189e-11 3.438208651118657144e-08 9.865003391951177036e-08 7.073923916323110461e-05 4.766093653074676695e-08 2.435163781046867371e-02 3.487847857752690572e-11 5.092507904085052939e-13
1.000082221480624867e-07 2.903514581542587791e-11 5.280556388509406122e-16 2.310572599526494741e-04 9.233489632606506348e-01 5.040117301291502372e-08 9.997316002845764160e-01 8.436214400664443502e-12 6.684082094579935074e-03 3.456420705205687227e-09 5.984433781858200518e-11 6.987975239753723145e-01 2.620480543669145845e-08 2.390827119613803120e-11 2.574254942544484948e-08 1.273868829011917114e-01 3.850241409963928163e-05 1.438117215002421290e-05 9.232768150013725972e-08
1.922302539369979968e-09 1.394475368510228463e-10 2.748609499725329641e-11 3.775151371955871582e-01 2.245600860817376088e-08 2.955904854218260880e-08 9.792178869247436523e-01 1.992492179851979017e-04 3.038545193234654107e-09 9.160444024018943310e-04 1.673520093933410918e-14 4.904052275378489867e-07 4.413692658999934793e-05 1.430236625310499221e-05 2.188760228455066681e-02 2.914327069447608665e-06 9.736810326576232910e-01 1.559557422297075391e-04 6.912969502392840582e-11
4.753990623385107028e-08 7.251687583753607669e-10 1.797041508655450315e-11 5.483799055218696594e-02 5.225599124969448894e-06 1.008533217827789485e-06 9.101684689521789551e-01 1.163958440884016454e-04 4.092413963263652477e-09 9.660003781318664551e-01 1.848692639944138350e-12 1.125898491591215134e-02 1.811428955988958478e-04 5.919948264931917947e-08 8.656583959236741066e-04 9.614446898922324181e-04 5.807328596711158752e-02 7.316201226785778999e-04 8.697756403996947938e-11
1.268659434572327882e-05 1.027681975074301590e-07 2.898382645000197044e-09 6.511457562446594238e-01 2.964723353215958923e-05 1.772276009432971478e-04 3.346644043922424316e-01 4.455839807633310556e-04 2.900480033929397905e-08 9.958952665328979492e-01 1.315705183690951685e-10 8.660615421831607819e-03 7.672101492062211037e-04 8.292686288768891245e-07 6.916707847267389297e-03 4.909221897833049297e-04 2.365803159773349762e-02 1.593015505932271481e-03 5.091282395675023054e-10
4.202711954712867737e-02 2.614474892616271973e-01 9.999198913574218750e-01 9.848884344100952148e-01 5.278894212096929550e-03 4.025063535664230585e-04 8.669266477227210999e-03 1.023376658558845520e-01 1.599470670043956488e-05 1.246483647264540195e-03 7.519020233303308487e-03 4.686971078626811504e-05 7.380495220422744751e-02 9.097215533256530762e-01 2.089305222034454346e-01 1.140949800610542297e-01 3.134329104796051979e-03 2.243729978799819946e-01 7.222448475658893585e-04
6.995755086336430395e-10 5.741006603443565837e-08 2.554940703447527994e-10 9.966269731521606445e-01 4.295261646358738972e-10 7.661949547044244468e-11 3.131751436740159988e-03 1.111138239502906799e-02 4.018264887495348603e-11 5.436772312350512948e-07 6.601583149695700557e-16 5.163630287241538497e-11 4.095230451639508829e-06 3.062165156006813049e-02 2.712380141019821167e-02 8.343747914807408961e-09 9.993682503700256348e-01 9.719434976577758789e-01 3.592168880059420921e-13
6.337194102812304664e-10 5.117408719002014550e-08 1.483251022005305231e-10 9.736815094947814941e-01 1.479730782349975016e-09 1.004106034430130023e-10 8.273198269307613373e-03 8.739065378904342651e-03 7.857366979280300257e-10 7.430801929331209976e-07 3.947073160800789945e-15 5.767869515338475139e-10 5.008177595300367102e-06 2.084093727171421051e-02 9.852894581854343414e-03 7.649227740103015094e-08 9.997972846031188965e-01 9.763261675834655762e-01 9.535899847534778928e-12
3.805908477261255030e-09 1.350490669907637264e-16 4.253832910227116416e-19 1.000000000000000000e+00 7.360534404199370329e-10 2.265214106955681928e-06 2.925681696908100093e-09 7.342938648617625130e-13 2.522433835495442069e-15 1.238307535260689193e-14 7.220586709304483826e-30 1.513095485187059528e-23 8.924348239569557251e-12 2.459020660705579786e-11 1.962162423296831548e-05 2.190808763472579137e-16 1.954304593709821347e-07 4.055361255139722232e-11 6.393763390748803502e-24
9.428467784289296105e-09 1.626929110197159172e-15 1.808925867922241296e-19 1.000000000000000000e+00 7.218313413659416256e-08 3.232118392371141624e-11 9.554485131957335398e-07 6.575346170323292938e-12 2.237103629784426700e-14 1.658018882778888869e-14 5.849608223011094237e-26 1.144776527963405956e-20 2.011079150432415474e-11 3.931303546589326459e-11 2.873628091037971899e-07 1.469525761114368750e-14 1.220183214172720909e-03 8.555868682908255012e-16 8.282485408920796718e-23
9.644848120160531835e-08 1.085989192801348681e-18 1.105664902530243555e-26 1.000000000000000000e+00 1.039604057950782590e-06 4.565197941897025657e-10 7.380018263170029513e-10 4.669857247154855822e-18 6.037950485933744026e-16 1.440102111108002755e-18 1.057221751615432886e-31 3.160874013137843832e-22 8.382005959001008477e-15 1.302138032341641945e-15 9.496903263794820305e-10 3.119665755176134932e-15 1.113267700247888570e-08 4.772434053761178539e-19 2.807829289659288452e-26
8.754119277000427246e-02 6.427798867225646973e-01 9.945961833000183105e-01 8.574314117431640625e-01 1.162776444107294083e-02 2.052809577435255051e-03 3.600613772869110107e-02 2.483411431312561035e-01 2.568210184108465910e-04 3.650585189461708069e-03 1.909847557544708252e-02 9.255493059754371643e-04 4.679757729172706604e-02 9.214516282081604004e-01 6.448378413915634155e-02 8.775178343057632446e-02 1.484325528144836426e-02 7.090352475643157959e-02 1.551237655803561211e-03
1.434564292430877686e-01 2.563093900680541992e-01 9.937611222267150879e-01 9.085819125175476074e-01 3.455829247832298279e-02 7.614818867295980453e-03 7.908836752176284790e-02 2.175071388483047485e-01 1.098520122468471527e-03 2.981065213680267334e-02 2.823850139975547791e-02 3.668967168778181076e-03 2.400936186313629150e-01 6.537174582481384277e-01 3.144200146198272705e-01 1.559995859861373901e-01 3.539590165019035339e-02 3.470211029052734375e-01 7.289888337254524231e-03
2.203918620944023132e-02 1.679748743772506714e-01 9.968671202659606934e-01 6.274376809597015381e-02 1.041174866259098053e-02 1.763613522052764893e-02 7.149599194526672363e-01 2.890555262565612793e-01 1.070505827665328979e-01 1.914665289223194122e-02 2.860599197447299957e-03 8.477611467242240906e-03 4.738067835569381714e-02 2.698325514793395996e-01 7.131148874759674072e-02 6.367885321378707886e-02 2.189031839370727539e-01 1.682664081454277039e-02 6.860909610986709595e-02
4.837354694586792903e-08 2.429882128840432642e-10 8.467920375315740600e-13 1.684474909779964946e-06 4.790415167808532715e-01 1.992415832319238689e-08 9.930979609489440918e-01 2.628188866538039292e-08 1.658903602219652385e-05 1.703031448414549232e-04 9.913918297410617697e-11 9.943389296531677246e-01 3.036020279978401959e-05 3.626061256811752287e-11 4.390542096555094531e-10 5.821844935417175293e-01 2.418296935502439737e-04 1.157550559582887217e-05 1.772906266239715478e-08
2.704137713749332761e-08 4.737928065878804773e-06 6.929526952248465932e-10 2.777641348075121641e-04 1.985072158277034760e-04 1.038903931771528732e-07 9.998270869255065918e-01 1.830090332077816129e-04 2.215758431702852249e-04 1.623450662009418011e-04 7.435879467720951652e-08 1.113058067858219147e-02 1.766439527273178101e-03 1.079570120054995641e-05 5.093270010547712445e-05 2.462992630898952484e-02 3.000516816973686218e-02 1.036016055877553299e-05 7.317514700844185427e-06
1.390270655974745750e-03 1.368636265397071838e-03 3.149937697344284970e-07 4.707264248281717300e-03 3.911107033491134644e-02 4.057245969306677580e-04 4.151062667369842529e-01 8.137460798025131226e-03 2.222226030426099896e-04 9.396911859512329102e-01 3.278310759924352169e-05 8.088162541389465332e-01 1.620659790933132172e-02 8.467418410873506218e-06 2.203083749918732792e-05 3.167332112789154053e-01 4.206136334687471390e-03 1.656498294323682785e-03 2.227633012807928026e-05
9.606594443321228027e-01 2.224083058536052704e-02 2.431496395729482174e-04 9.999856948852539062e-01 5.346016027033329010e-03 2.823531758622266352e-06 3.279815064161084592e-05 3.637526649981737137e-03 5.184883189457423214e-09 3.820434911176562309e-03 3.015088054780790117e-07 6.233422027435153723e-05 1.093735694885253906e-01 8.001824468374252319e-02 7.833485142327845097e-04 1.256740069948136806e-03 3.996323212049901485e-04 8.819817565381526947e-03 1.609886268738591752e-08
9.965577162802219391e-03 1.454941695556044579e-03 1.068813435267657042e-04 9.999991655349731445e-01 5.444853741209954023e-05 3.199108323315158486e-05 5.071692066849209368e-05 1.909803412854671478e-02 3.643146451182133205e-09 3.577994066290557384e-04 5.566694327718835211e-10 2.107466423595383276e-09 3.358121262863278389e-03 8.263534307479858398e-01 1.396998204290866852e-02 2.619948281790129840e-05 9.726310963742434978e-04 5.301627516746520996e-01 1.421879280982807359e-09
6.164707156131044030e-05 8.515397894370835274e-06 1.072749498121083889e-07 1.000000000000000000e+00 4.713604084827238694e-08 6.429500132298926474e-08 2.586528182746405946e-07 2.195597626268863678e-03 2.356874766152542572e-14 5.697590381714690011e-07 1.206901644689088271e-16 7.664049927359067611e-16 2.100748315569944680e-05 9.733397364616394043e-01 3.094198415055871010e-03 1.037109598200913751e-08 4.040286512463353574e-05 8.640204071998596191e-01 1.101356283733298524e-15
3.917064030661138661e-20 2.055028281877500098e-18 2.889399356151887684e-26 9.999979734420776367e-01 1.851770820016085395e-11 1.373012696948700323e-18 1.000000000000000000e+00 2.040641918613669663e-15 9.076931567486568042e-11 2.525160468841874991e-21 2.486772299772465257e-27 4.531828410072699460e-19 5.182329175165700796e-14 7.043348543289695840e-11 6.884025083309097681e-07 5.632121288443037166e-13 9.107713121920824051e-04 5.053770794594804685e-18 1.051400583788655544e-19
2.043706093246555611e-09 8.642247473211739361e-10 3.050325224069998231e-14 1.000000000000000000e+00 1.217825058574817376e-07 3.320537941831069872e-11 4.882594645023345947e-01 2.682439799173153006e-07 4.757129445920327271e-08 1.089190335146206223e-10 1.257451776887836864e-16 2.486779127075251089e-14 4.227085170782629575e-08 8.770409294811543077e-06 2.637662510096561164e-05 2.069639126744959867e-09 9.254945069551467896e-02 3.084278058645972820e-12 7.634672516583507207e-14
3.084136895523115207e-12 2.646649344129059500e-09 9.484379427660005746e-13 9.998441934585571289e-01 4.584709556443300471e-10 1.953385031310504727e-14 9.992689490318298340e-01 6.521011528093367815e-06 5.767754984731254808e-08 6.473641761539639106e-11 8.141274960226600049e-15 3.656491613397011564e-13 2.988240055401547579e-07 2.307642280356958508e-04 6.062838656362146139e-05 1.820052375478553586e-08 8.277525901794433594e-01 1.178641628740706437e-10 1.084626919528597355e-11
1.048730155162047595e-05 4.597494580593775027e-07 1.246729794956991100e-07 1.366686046821996570e-04 2.299263477325439453e-01 1.901015366456704214e-06 9.094021320343017578e-01 9.291465539718046784e-05 3.091829785262234509e-05 4.991660267114639282e-02 7.864331763585141744e-08 9.833417534828186035e-01 2.623229287564754486e-03 9.993117799922401900e-08 2.167329284930019639e-07 5.643535852432250977e-01 5.639103241264820099e-03 4.195916990283876657e-04 6.981631486269179732e-07
1.732721626758575439e-01 1.871310174465179443e-02 4.526946693658828735e-03 6.664853692054748535e-01 5.477637052536010742e-01 3.324100747704505920e-02 5.767535567283630371e-01 2.946416847407817841e-02 5.586212500929832458e-02 6.534244120121002197e-02 4.358885344117879868e-03 4.246719479560852051e-01 4.517001658678054810e-02 1.066809613257646561e-02 4.991021752357482910e-02 2.968018054962158203e-01 2.341928482055664062e-01 1.060214862227439880e-01 7.292634807527065277e-03
9.632661342620849609e-01 1.061658508660912048e-06 1.559589487964629863e-17 1.000000000000000000e+00 9.836030006408691406e-01 2.569691150405145619e-13 1.635847365832887590e-05 7.742335939031619318e-11 1.510738062426852935e-10 2.262699538846391079e-08 3.348767931791313268e-13 5.928266327828168869e-04 4.857195534668790060e-08 1.193840315494298920e-08 2.062705041494528047e-11 8.226474747061729431e-03 5.147460797161329538e-06 2.744724749131205455e-13 1.583795418490067941e-14
1.750737428665161133e-03 1.041329414874780923e-05 3.403732193874020595e-07 2.586083114147186279e-01 3.474196791648864746e-01 6.384272594004869461e-03 9.794535040855407715e-01 3.840343197225593030e-06 5.858668684959411621e-02 1.246324814019317273e-06 9.149637492100737290e-08 2.239406807348132133e-03 5.245446300250478089e-05 1.126061833929270506e-04 5.423724278807640076e-02 1.115978695452213287e-03 1.080703921616077423e-02 5.120136192999780178e-04 1.034222368616610765e-04
9.104267507791519165e-02 3.926495992345735431e-05 8.282371481982409023e-07 9.839333295822143555e-01 5.807794928550720215e-01 3.324354998767375946e-03 4.976510405540466309e-01 8.998432349471841007e-06 5.739134270697832108e-03 1.496553159086033702e-05 1.729558078977788682e-07 8.702259510755538940e-03 1.377799053443595767e-04 2.667695116542745382e-05 1.413100864738225937e-02 4.771276377141475677e-03 2.176978997886180878e-02 8.532688661944121122e-05 1.310415518673835322e-05
2.076651901006698608e-03 9.428932571609038860e-06 1.111752567339863162e-06 9.928703904151916504e-01 7.737924903631210327e-02 8.987738490104675293e-01 5.314270779490470886e-02 5.580318429565522820e-06 3.473947942256927490e-02 4.199612249067286029e-06 5.657822210736185298e-09 9.415427484782412648e-06 9.191979188472032547e-05 5.472928387462161481e-05 1.718299649655818939e-02 1.096527848858386278e-04 5.729222670197486877e-03 8.313048165291547775e-04 1.220363446918781847e-05
2.856658284144941717e-05 9.237260201189201325e-08 2.934677782902295196e-14 9.975005984306335449e-01 2.926537692546844482e-01 4.634538797176901426e-08 9.865874648094177246e-01 7.185397166153961734e-09 1.672120997682213783e-04 2.321613123967836145e-07 9.091902231084247887e-11 3.214472904801368713e-03 7.617994697284302674e-07 7.809146040926862042e-08 1.005044032353907824e-05 5.433971062302589417e-03 9.660604991950094700e-04 1.840579422207611060e-08 5.229198407619151112e-09
5.400618314743041992e-01 6.294412457918951986e-08 4.590643619282695211e-17 8.503248660751694388e-10 9.749271869659423828e-01 1.415402864357595547e-11 9.954419136047363281e-01 1.438749564364877331e-13 2.077180147171020508e-02 4.144940640715688573e-11 1.305842239895937951e-10 9.917402267456054688e-01 5.055192264791230627e-09 1.690577495194452249e-15 1.446009077179979257e-14 1.310211955569684505e-03 4.675852949276304571e-08 5.838461658580484936e-11 5.903033979848260060e-06
3.766565281893008432e-09 2.434044177150596067e-13 1.668688820496086342e-17 1.476026767477378598e-07 5.947071313858032227e-01 1.213469289496060810e-07 9.951713681221008301e-01 1.234778859021679054e-11 7.594116482323443051e-07 6.026334813213907182e-05 2.492913466734208820e-15 9.902425408363342285e-01 8.255370858023525216e-07 1.675272562749632703e-15 8.108711618826092149e-12 1.896017938852310181e-01 2.938428451670915820e-06 1.098656099429717869e-07 4.858189198153617383e-11
4.550628318611416034e-07 2.204831517360616999e-08 7.170517180916284941e-16 1.000000000000000000e+00 4.754344118396147678e-08 1.218252386990525959e-13 2.107317595800850540e-05 1.205912326440738980e-06 3.892476551042682587e-14 2.021902037085965276e-05 2.033636072917777545e-19 8.239885011286640637e-14 1.263228341485955752e-06 2.290980228281114250e-05 6.289839404871599982e-08 3.693107375468684950e-09 2.468565246090292931e-03 2.641551690926724483e-12 3.876810449373981972e-19
3.438871232219753438e-08 2.090344963789902977e-08 2.736951019554484388e-13 1.000000000000000000e+00 6.685137066142488038e-08 3.615636707133412786e-13 1.418024301528930664e-02 2.429064988973550498e-05 9.666915878892012870e-11 1.881992034213908482e-06 1.314038342324752432e-16 9.627913700668844221e-13 2.328789832972688600e-06 1.407838426530361176e-04 3.222030954930232838e-06 2.798807940962433349e-08 3.046823441982269287e-01 9.389281713234609583e-11 5.894932678558999651e-16
2.849016844663765369e-08 3.402861636914167320e-08 2.664834932580850690e-12 9.999996423721313477e-01 2.331075421579953399e-07 6.263450045077001427e-13 3.729244470596313477e-01 3.952014958485960960e-05 5.358548271772178850e-09 6.507348189188633114e-07 1.046381727874126297e-14 6.754583004031644577e-11 6.043060238880570978e-06 1.293454843107610941e-04 1.281395179830724373e-05 3.600969478156912373e-07 5.654891729354858398e-01 3.153378391740346842e-10 1.617321050305028929e-13
1.087488252482035039e-21 1.429630469842175986e-19 2.216103790576984469e-28 1.520384601088189074e-17 1.577826225229728152e-07 3.176374844673333386e-19 1.000000000000000000e+00 7.466345250395356459e-13 3.477662602335840347e-12 8.291144126815197524e-07 1.978305670938421424e-20 9.828100204467773438e-01 1.022552964968781453e-06 7.804426234026000912e-23 3.649253321354585482e-20 2.558464407920837402e-01 5.000256351195275784e-07 1.339785639880132842e-14 7.170626236408243932e-16
1.262082114821371720e-27 1.036557473931245020e-20 3.534570453600519862e-31 2.025823739773126333e-19 1.247602173480577559e-12 1.289420160181138563e-22 1.000000000000000000e+00 9.992174595336786314e-14 2.557255102120237211e-11 6.636023328066009697e-12 7.600236846229870039e-22 3.639103379100561142e-04 8.631810288761698757e-08 1.812634480499834511e-20 7.940574056942605112e-18 6.287130527198314667e-04 2.541738012951100245e-06 8.484392866445384946e-17 4.721001658992887012e-15
6.357267517207884128e-21 1.678913084945943268e-11 1.131905629943823523e-20 1.820750841763363326e-11 3.752216907407929236e-13 2.869959383534383124e-16 1.000000000000000000e+00 5.487833121264884539e-08 7.634813300683163106e-06 5.441170083941848645e-12 1.280919560551390182e-14 3.496196887553537636e-09 2.538544663366337772e-07 2.721066749700185028e-08 2.001946697305356793e-08 4.726249244413338602e-06 2.572317374870181084e-03 1.223070776601442589e-11 2.114512565043469294e-09
1.754242839524522424e-05 2.109449997078627348e-04 9.296393545810133219e-05 3.500043973326683044e-02 1.753597462084144354e-04 3.542554259183816612e-05 5.950502753257751465e-01 6.232551857829093933e-02 2.977143740281462669e-03 1.024797908030450344e-03 1.066545155481435359e-05 7.278103730641305447e-04 3.503403626382350922e-03 4.653233289718627930e-02 1.831571385264396667e-02 6.088246591389179230e-03 9.373696446418762207e-01 9.182457327842712402e-01 2.780579961836338043e-04
9.827835857868194580e-02 1.570847481489181519e-01 4.533302038908004761e-02 6.291573643684387207e-01 5.332997441291809082e-02 2.962405420839786530e-02 4.124292433261871338e-01 4.215922355651855469e-01 3.540972992777824402e-02 1.564586311578750610e-01 1.344351191073656082e-02 5.484562739729881287e-02 1.723634749650955200e-01 3.391459882259368896e-01 3.266471922397613525e-01 8.442284911870956421e-02 5.289778113365173340e-01 4.378444254398345947e-01 1.465466525405645370e-02
4.426967352628707886e-03 5.209483578801155090e-02 4.650112707167863846e-03 1.305274516344070435e-01 4.040031693875789642e-03 1.426876755431294441e-03 8.870745301246643066e-01 2.401808202266693115e-01 4.217460751533508301e-02 1.661451905965805054e-02 4.748623818159103394e-03 1.019108388572931290e-02 6.783034652471542358e-02 5.231147408485412598e-01 7.466410845518112183e-02 5.951578542590141296e-02 4.490811526775360107e-01 6.439117789268493652e-01 5.724123679101467133e-03
1.694925129413604736e-03 1.000265910988673568e-06 1.182416053957524582e-09 9.999998807907104492e-01 6.194010842591524124e-03 7.507781265303492546e-04 2.661149483174085617e-03 1.459330178477102891e-06 1.746179441397543997e-05 3.589956065752630820e-07 2.168261924173631172e-11 1.972176910669531935e-08 1.113288908527465537e-05 8.927606359065975994e-06 1.014790846966207027e-03 5.323661298461956903e-06 1.714504440315067768e-03 1.973575365354918176e-07 2.840079504906611874e-09
5.899927657537773484e-08 2.465550263952565047e-10 9.674464562792195466e-10 1.000000000000000000e+00 9.466637607147276867e-08 4.387231911096023396e-08 1.724167726933956146e-03 9.921733180817682296e-06 3.534709469565910922e-10 1.618331069153100543e-08 2.674043971556913668e-17 4.821487379811327523e-14 8.628779823993681930e-07 4.636864559870446101e-06 1.832411740906536579e-03 2.562187406685012547e-10 6.657727956771850586e-01 9.301578529630205594e-08 1.046705040350093263e-14
8.964575926029283437e-08 8.903083825728685952e-11 2.508522001232194043e-10 1.000000000000000000e+00 1.475078192925138865e-07 1.241640006810484920e-06 4.859287000726908445e-04 1.976285147975431755e-06 3.825776084820375900e-10 8.926881456261526182e-09 3.813404367084801604e-18 1.322921976229952251e-14 4.067266559104609769e-07 1.226822178068687208e-06 3.208680078387260437e-03 7.998105649997810929e-11 1.503923535346984863e-01 1.482586782231010147e-07 5.275263597259369219e-15
1.616423310373284522e-32 2.037020215942969940e-35 1.030474737746169834e-34 1.000000000000000000e+00 3.119302370424080300e-34 0.000000000000000000e+00 4.061711297254078090e-05 4.598041591809124470e-16 2.992208865934968059e-38 2.740801906484599039e-31 0.000000000000000000e+00 0.000000000000000000e+00 5.015673245336905845e-23 4.285075490943971300e-17 1.110189143307266368e-15 2.537069457379743128e-33 1.000000000000000000e+00 8.312340121512045266e-29 0.000000000000000000e+00
0.000000000000000000e+00 0.000000000000000000e+00 0.000000000000000000e+00 1.000000000000000000e+00 0.000000000000000000e+00 0.000000000000000000e+00 8.190086111426353455e-03 2.109927307874940108e-17 0.000000000000000000e+00 1.127875045254419278e-36 0.000000000000000000e+00 0.000000000000000000e+00 3.860945964028904032e-26 5.415476196948929862e-18 2.738637678410567046e-17 2.151175423642833576e-37 1.000000000000000000e+00 2.426530905704688665e-31 0.000000000000000000e+00
5.664203299866609357e-28 4.580969369953214406e-32 3.992714674856103129e-31 1.000000000000000000e+00 6.410989256186943890e-29 2.108699040384465429e-37 1.553832476020033937e-06 2.612437820053142151e-14 2.764919522243709989e-34 2.653272949399026122e-26 0.000000000000000000e+00 0.000000000000000000e+00 2.216129952128933625e-20 2.046824412095678801e-15 1.409967303502013269e-12 6.463188145482100710e-31 1.000000000000000000e+00 3.222869337390323848e-24 0.000000000000000000e+00
1.507141966783365206e-08 4.210031490092802642e-10 2.381934371964433694e-10 1.000000000000000000e+00 2.116800512652616817e-09 1.765774072737258393e-06 1.128661315306089818e-04 1.724457615637220442e-05 6.480029013378185709e-11 1.371093638624643063e-08 8.616439941757985260e-21 4.518108068649858959e-18 2.320200991334786522e-07 1.087050768546760082e-04 1.423299871385097504e-02 2.168347532777170628e-12 1.793246902525424957e-02 2.475579094607383013e-06 8.763438606495453599e-17
1.510002078930483549e-08 1.980026066303253174e-01 1.716947330837603758e-12 9.999685287475585938e-01 8.240085697108767704e-11 9.409481874222969111e-12 2.926044166088104248e-02 4.353140480816364288e-03 1.357405438051628721e-10 3.123233893731480748e-10 6.389199336698930809e-14 7.366340610409638501e-16 1.572995955712030991e-07 9.999932050704956055e-01 1.196169163719673634e-09 2.203927529365046212e-08 3.091900725848972797e-05 3.821491034727841907e-08 2.233731083401638978e-14
2.665830403566360474e-02 3.239461481571197510e-01 2.606779569759964943e-03 9.956810474395751953e-01 2.737778937444090843e-03 3.123705042526125908e-03 1.082096435129642487e-02 9.159285575151443481e-02 1.079650028259493411e-04 6.039850413799285889e-04 6.336156366160139441e-05 1.808116030588280410e-05 9.477652609348297119e-03 9.561531543731689453e-01 2.518728375434875488e-03 5.447589326649904251e-03 3.361437702551484108e-03 1.248278468847274780e-02 3.109379031229764223e-05
7.298913029529785490e-09 1.036454078215832270e-14 6.371161178818448630e-19 9.859049916267395020e-01 1.115566957741975784e-02 9.999998807907104492e-01 6.088784175517503172e-06 3.305230093665911817e-17 1.123197376728057861e-03 4.344823315688937926e-14 1.725954832984803826e-22 3.557884238961084300e-13 2.282695733824002815e-12 1.972386284247035215e-13 5.059718688471548376e-08 1.323803011654689499e-10 5.817006609731834033e-08 6.073266263229015749e-07 1.163845061991075625e-12
2.038334846537990877e-19 3.562509258613478070e-24 3.882834164918638982e-34 8.784388228377792984e-06 1.239124394487589598e-04 2.273922839100502892e-15 1.000000000000000000e+00 5.684192867263818645e-24 2.696657785961065201e-09 2.063874722876290286e-25 6.476064334276855424e-33 3.232260292751476527e-11 2.020207659042743493e-17 3.100644174507661524e-17 1.262112903077650117e-07 2.045782467041679098e-11 3.625147115826621302e-08 1.661898759545434555e-16 9.515222083615427278e-20
2.489862665816435644e-15 8.052146375162259578e-20 1.236239954225441691e-22 1.000000000000000000e+00 3.892860686582899632e-11 1.650667824648621718e-09 9.461829066276550293e-01 1.764225701292310156e-13 4.388534620338585546e-13 1.857810407520244650e-14 5.431262180062959105e-33 7.898573832093254420e-20 1.524369497817035235e-12 6.627612087611867153e-12 1.191815710626542568e-03 3.331815480030019113e-16 5.871244240552186966e-03 1.008270496851955758e-14 5.113876646161697075e-23
9.044610749242565362e-08 2.166018422565182955e-14 1.698879738322425512e-21 3.004903997069069410e-13 6.544837951660156250e-01 1.544597459747565651e-18 6.829544305801391602e-01 3.933071316547520624e-12 2.179280112488482524e-13 1.569989835843443871e-04 9.869841520800299370e-19 9.999996423721313477e-01 1.568356992720509879e-06 2.590976257502393041e-21 2.707971147082612011e-24 4.458138942718505859e-01 4.719630020133536163e-09 9.612468807040919216e-12 4.740812634663532025e-17
7.630141377449035645e-01 2.694886006793240085e-06 1.141463226023153865e-11 6.215905159479007125e-05 9.914731979370117188e-01 7.922339000099309914e-12 9.749214053153991699e-01 1.941022453877394582e-09 1.642321876715868711e-05 2.041075364278555071e-10 9.392945088393389597e-09 9.620183706283569336e-01 1.984902695539858541e-07 2.292222384125963686e-10 4.167774181329519934e-10 2.050622366368770599e-02 1.991274533793330193e-03 2.682300959122585482e-08 4.491374383519541880e-08
9.999582767486572266e-01 4.962574351452531118e-08 1.755383131281892628e-22 4.247003952944500282e-13 9.966912269592285156e-01 8.633486970959966757e-20 9.978376030921936035e-01 1.481588672306594502e-17 6.185618258314207196e-05 3.174716916231835695e-18 5.889097803163378941e-13 9.970951080322265625e-01 3.828078479206631357e-12 1.730201893491090571e-20 2.088868739953468833e-21 1.020612126012565568e-05 9.894655095266102762e-10 1.372756932703298927e-17 3.135538761966927268e-08
1.614069192947663934e-25 1.611820594438353242e-21 8.892557616405070054e-23 3.019158967276780459e-08 1.486613682082989626e-20 3.660268377906829483e-27 1.000000000000000000e+00 3.762472555735030255e-09 3.766623696937457157e-16 2.458927546892495801e-18 1.932112271953356211e-25 1.526696948691479237e-16 3.678970322829044903e-12 1.429568182581553160e-11 7.690892545042515849e-08 3.286391991874637597e-12 1.000000000000000000e+00 9.604926717258349678e-14 1.220663754266087392e-14
1.615959099865449389e-08 8.603061019130109344e-07 2.530017003834854599e-16 3.012467120373785168e-13 2.890523757848040276e-11 3.159157099330914265e-14 1.000000000000000000e+00 2.472803073416685038e-10 9.419600963592529297e-01 3.602196073029676274e-15 1.095339783319104754e-07 3.292510371011303505e-07 9.560449654166802702e-12 2.614795879818387903e-10 1.665172533193981508e-07 3.204147364099796391e-11 1.895425468683242798e-01 4.524302710251504323e-09 9.387558698654174805e-01
2.016381768044084311e-05 4.138815711485221982e-06 4.623576098806286838e-14 1.559942347739706747e-06 3.153838434855060768e-08 1.126011367480472813e-10 3.756061487365514040e-04 4.627661779522895813e-03 5.301072948660223716e-12 9.999939203262329102e-01 2.292442013995810157e-09 6.045941710472106934e-01 9.142805822193622589e-03 4.718725063468376391e-11 2.862766620981282983e-11 4.333257675170898438e-02 2.208506703027524054e-05 1.091744125005789101e-04 8.637541203115883803e-12
1.325808446221231254e-19 1.098418627888432802e-16 1.478281207170913472e-16 2.589534597063902766e-05 2.575403676126700181e-16 5.802095452172539679e-18 9.999637603759765625e-01 1.241062250301183667e-06 8.247744154310510112e-11 1.865874245881400315e-15 8.875389478752564130e-20 1.029596711233098268e-15 3.009898719152914737e-10 1.487638741082264460e-07 1.115953928092494607e-04 2.758135907166003875e-11 9.999998807907104492e-01 6.379465133932171739e-08 1.224300695545910145e-11
8.837968241430971435e-17 1.506749471014406233e-14 4.303240096615972010e-14 7.650364423170685768e-04 2.096395871839257935e-14 2.174200379670833232e-15 9.991569519042968750e-01 7.957153684401419014e-06 4.388365504315316912e-10 2.127031596644776701e-13 4.023918524257096935e-18 1.899623172521916481e-14 4.640949402556771020e-09 2.413242327747866511e-06 6.859297864139080048e-04 2.180784441918603989e-10 9.999991655349731445e-01 8.597286864642228466e-07 5.100951258607544503e-11
6.296103364246397310e-16 1.140611178640851819e-13 1.509036493853310734e-13 3.036190755665302277e-04 1.968661372158189704e-13 1.159304179347217523e-14 9.996682405471801758e-01 1.553875335957854986e-05 4.249727236782518958e-09 1.082871314318778477e-12 1.794098500345863421e-16 4.231438875505755259e-13 1.733046417484729318e-08 3.208202315363450907e-06 7.852988201193511486e-04 1.680237948775697987e-09 9.999970197677612305e-01 1.216097416545380838e-06 7.212099251141523837e-10
1.891275314847007394e-05 1.023159419652643195e-16 3.182245786436513302e-26 1.000000000000000000e+00 6.895123078720644116e-06 5.815452286395128567e-12 4.334690245633154859e-11 7.649700130441395695e-18 4.133180645933103850e-17 6.603818340603329098e-18 1.930700006423324630e-30 9.717592628270092445e-21 3.560306143326509576e-14 3.078814669031128270e-14 4.185928340061373376e-11 1.175963081252728859e-13 6.218190962137271072e-10 1.516160799745582519e-19 1.017724553116391326e-25
7.664655568078160286e-04 9.738536164149991237e-07 1.909078034545430569e-10 9.764029979705810547e-01 2.227141067123739049e-06 2.624779299367219210e-04 6.708251748932525516e-05 4.041662032250314951e-05 2.442151862680486119e-11 9.999991655349731445e-01 1.508663853566627466e-11 7.217082194983959198e-03 7.680096314288675785e-04 2.356656203517104586e-09 6.070891686249524355e-05 2.617481186462100595e-05 6.808004400227218866e-06 7.707744771323632449e-06 2.897923600305579717e-13
5.309569090604782104e-02 1.973095117136836052e-03 2.981140141855576076e-06 9.999381303787231445e-01 6.622476939810439944e-05 1.645220618229359388e-04 8.132877701427787542e-05 1.008701510727405548e-02 2.727914338862547083e-09 7.684297561645507812e-01 2.636693086088826021e-09 2.010508069361094385e-05 2.367990091443061829e-02 1.756351627409458160e-02 2.110930858179926872e-03 5.532703289645723999e-05 7.583552505820989609e-04 1.657456159591674805e-02 5.837629823979284538e-10
5.487241216961535883e-10 2.503553275801095879e-08 1.867716747682470331e-17 8.323207678628818940e-10 1.931293663801625371e-04 1.000000000000000000e+00 6.134643335826694965e-04 7.830690170731666178e-14 3.490212111501023173e-05 4.532406805424216145e-08 5.964797846156234027e-19 8.651813154791909710e-10 5.194472629810320541e-10 3.081488120226794081e-10 2.729132253520560880e-09 3.408160198503651372e-09 1.538983177007402503e-11 1.651395997726012865e-08 4.835421507642934102e-10
3.075865251389586774e-08 1.029738214697317744e-07 8.387020049598710744e-24 1.930288597941398621e-02 7.101794045756111183e-20 1.062851118863183692e-15 2.028644721825678676e-13 2.549412602093070745e-04 1.828426129833986312e-28 1.000000000000000000e+00 1.179662330691727178e-18 4.770738814841024578e-05 4.212633029965218157e-06 1.621795579775930918e-11 1.302683319727604251e-17 3.515984019486495527e-07 2.255925047461859734e-12 4.003444701083935797e-06 1.836845207400428728e-26
5.536710377782583237e-03 2.720525674521923065e-02 1.391586806676059496e-06 9.999966621398925781e-01 8.836288907332345843e-05 5.145604882272891700e-05 9.758234227774664760e-05 1.826577074825763702e-02 5.562136351500157616e-08 2.936419332399964333e-05 3.294757355831734458e-09 3.487818256431296504e-09 2.131545450538396835e-03 9.717420339584350586e-01 1.532487949589267373e-04 5.007796789868734777e-05 2.311339194420725107e-04 5.800917744636535645e-03 9.312564053232108563e-09
9.818726181983947754e-01 2.572562098503112793e-01 7.176304848144354764e-07 9.998629093170166016e-01 1.162177696824073792e-01 3.291832229024294065e-07 6.869700155220925808e-04 4.932039882987737656e-03 7.542689672845881432e-07 8.720492478460073471e-04 6.362343265209347010e-05 3.493648720905184746e-03 2.021523751318454742e-02 5.425662919878959656e-02 1.534510488454543520e-06 1.137337461113929749e-02 4.027965187560766935e-04 2.029865754593629390e-05 1.928291112562874332e-06
9.885263442993164062e-01 6.170809501782059669e-04 1.932056741698641444e-14 1.000000000000000000e+00 4.449345543980598450e-02 1.865524878671975806e-12 4.851103767578024417e-07 4.744515536003746092e-08 1.777668567903845087e-10 1.586357889493683615e-08 3.841174323060414508e-10 6.539787023029930424e-08 3.384851424925727770e-06 7.779711449984461069e-05 1.159142920537092891e-10 6.362003477988764644e-05 1.338213337476190645e-06 5.881980558002097847e-13 1.125031838522527750e-11
3.761549010050657671e-07 3.406484946552601478e-12 1.214680991153040818e-14 1.000000000000000000e+00 1.934686952154152095e-05 7.359325289726257324e-01 1.385399536957265809e-05 9.837705650106443045e-11 1.301424731536826584e-06 1.659888025640210429e-11 6.400926497679345063e-20 1.096623656547104572e-14 5.480153220105421497e-09 1.908132762906689095e-09 5.600367439910769463e-04 4.490083305164205285e-11 5.223397238296456635e-06 9.131192513223140850e-08 1.088289411387867445e-13
6.609521523842643020e-12 7.876775620641041087e-12 5.850862877802338489e-17 6.818589071144742775e-08 5.147970568941673264e-06 1.021749129748172891e-09 9.995300769805908203e-01 5.849934723300975747e-07 4.586775848025581581e-09 3.248513638973236084e-01 6.649484429873883662e-14 4.381490349769592285e-01 9.385887096868827939e-05 1.842917772597665871e-13 7.640151289400876067e-10 2.711858227849006653e-02 2.101724530803039670e-04 3.813241988837035024e-08 6.510889744015813108e-11
9.839299886730667327e-15 1.505549655761918389e-20 3.954997930105782453e-24 7.539638358089462145e-11 6.709708571434020996e-01 2.163699738693501272e-16 9.994811415672302246e-01 3.098199822710342825e-15 5.519586957630773227e-12 5.301629357745696325e-07 8.936498052350094259e-22 9.999940395355224609e-01 6.143590636220608303e-10 1.104146692588637012e-20 1.072583386806431469e-19 8.815522789955139160e-01 2.585938432275725063e-07 4.614337800745715867e-09 1.610656144825081069e-17
1.135014556348323822e-02 1.139769431179188386e-13 6.427170387907464998e-23 1.000000000000000000e+00 1.699455310699704569e-06 9.051102286398375343e-19 5.753998166824203508e-08 5.243379515296187066e-13 4.636466757560657461e-19 7.366617749002068267e-17 5.395993185163542466e-24 4.954996692360753090e-20 4.210677379684613086e-12 6.020061532607812183e-11 1.012444172943105514e-07 3.845166626916625072e-15 1.157608069479465485e-02 6.348885851157249152e-20 7.099525047264348431e-26
3.731569449882954359e-05 6.381414510990600711e-15 5.212776394999421499e-28 1.000000000000000000e+00 5.904616500629344955e-06 3.690294596285258945e-22 6.601951099582947791e-06 1.517859536315419901e-15 5.049014175200379755e-17 8.616411507424428749e-20 2.422978381777285550e-24 1.868775810285176700e-20 8.789025618947433893e-15 1.472591146245427751e-12 2.237136864646771528e-11 8.407111168524678685e-15 1.308631338179111481e-02 2.261522466824733946e-26 2.407038337851647040e-26
2.361253064009360969e-05 3.163904915837179033e-09 5.419121978955145080e-15 1.000000000000000000e+00 2.355873293709009886e-04 2.687827702629874693e-07 8.678201702423393726e-04 2.400251108980455683e-09 7.637259358261871967e-08 1.028645363332358897e-10 3.679889376023188921e-16 8.356457344670109588e-13 2.212460437078789255e-08 1.568183449762727832e-07 5.171363682165974751e-06 1.204354038719657183e-08 1.895479799713939428e-04 1.833564333350579112e-12 9.986629578850880762e-14
2.500639417757355432e-10 6.285555631535544308e-09 1.050034236513082796e-18 1.000000000000000000e+00 1.046431862050667405e-06 1.494497776401149114e-12 9.971107244491577148e-01 1.774904112572528447e-10 5.701010195480193943e-06 2.919575524265929922e-14 1.616184709019475186e-15 5.141529292162355658e-14 9.532485911734056572e-11 1.708454533400072251e-06 2.025530392302243854e-07 3.939173431888320920e-09 8.075543883023783565e-05 1.501762098669325550e-15 7.511869273314764062e-13
3.069486054219083826e-10 2.809263932590511104e-08 3.295411903428413503e-12 1.586372064821262029e-07 8.638836334284860641e-06 2.567546435877643418e-12 9.999991655349731445e-01 1.729444556985981762e-05 7.478801308025140315e-06 1.168162313547327358e-07 5.328481655908490211e-09 1.587984897196292877e-02 4.818885354325175285e-04 2.142455031162171508e-07 5.711186076950980350e-06 2.656005788594484329e-03 5.960176587104797363e-01 7.548757707809272688e-08 4.635101049643708393e-06
2.218376238261043909e-08 3.286325636508991010e-06 4.060610736544845167e-10 3.142709203984850319e-07 4.441959845280507579e-06 1.304809038593646164e-10 9.990600943565368652e-01 6.692793220281600952e-02 3.123686155959148891e-06 4.607361555099487305e-02 1.193201569549273700e-06 5.787757039070129395e-01 1.280494779348373413e-02 5.828817393194185570e-07 1.304925717704463750e-06 1.959483921527862549e-01 7.111578583717346191e-01 7.910439308034256101e-06 7.981381713761948049e-06
5.357598799622513043e-16 1.981246790976401440e-13 4.168920142351314985e-17 9.472616113725962350e-08 7.028878457049358985e-08 1.149119730475139673e-15 1.000000000000000000e+00 1.360269834549399093e-07 3.532082848423101495e-09 1.226988555202979114e-08 2.633433268068381856e-15 7.410516845993697643e-04 1.345463988400297239e-05 4.527857255798295455e-10 4.288005683861229045e-08 9.444970637559890747e-04 1.574005186557769775e-01 2.487696493247426588e-09 8.804312140453518509e-11
3.436060796957463026e-05 1.078743208199739456e-02 1.862574094957381021e-08 9.999790191650390625e-01 8.998278644867241383e-06 5.133269365131809536e-10 4.725949764251708984e-01 3.090867307037115097e-03 1.626620942261070013e-04 5.208396487432764843e-07 1.631130362511612475e-05 1.263077020752234603e-08 2.861956090782769024e-05 1.941828876733779907e-01 7.748743882984854281e-06 3.062008909182623029e-05 5.548230931162834167e-02 2.708416957375447964e-08 4.731949161396187264e-07
2.023522183299064636e-02 7.397759986815799493e-07 4.322817104274179201e-11 9.999808073043823242e-01 8.403113484382629395e-01 2.248412238259334117e-05 1.621781885623931885e-01 1.362631536494518514e-07 1.847826060838997364e-04 3.252685473853489384e-06 6.293664700507406451e-09 4.996255040168762207e-03 3.297926241430104710e-06 2.202016275987261906e-07 1.650399499339982867e-04 1.212104316800832748e-02 1.111844182014465332e-02 1.193864022752677556e-06 2.532218879025549541e-08
2.060678005218505859e-01 6.608161493204534054e-04 2.070234359052847140e-06 9.981443881988525391e-01 7.414058446884155273e-01 5.145304836332798004e-03 1.132790222764015198e-01 5.925576260779052973e-05 7.902915589511394501e-03 6.606898386962711811e-04 1.460658131691161543e-05 4.283949732780456543e-02 7.005068473517894745e-04 1.492715528002008796e-04 1.701052882708609104e-03 6.693820655345916748e-02 1.606701314449310303e-02 3.958851157221943140e-04 4.882434586761519313e-05
5.220501334406435490e-04 1.963744638487696648e-03 1.233658869503884148e-10 9.999974966049194336e-01 2.625409746542572975e-03 4.719829860277968692e-08 5.221757292747497559e-01 8.798414455668535084e-06 8.670369279570877552e-04 1.420434330157149816e-07 1.243096107828023378e-06 1.786431909067687229e-07 3.363202722539426759e-06 2.556805964559316635e-03 5.572617737925611436e-06 1.228363544214516878e-04 1.423953450284898281e-03 3.244219337616982557e-10 3.667939267870679032e-07
1.650316081941127777e-02 2.861106622731313109e-07 4.776102211002963317e-16 1.000000000000000000e+00 4.260546993464231491e-04 4.765902082703998843e-12 5.282368420012062415e-06 2.948116195611305557e-09 8.911442417325332599e-11 1.176364283761444085e-10 4.934084147116199470e-14 8.347249757720276442e-13 3.387920699537971814e-08 1.634582531551131979e-06 1.715818065406438109e-08 2.748702954136206245e-08 1.110123994294553995e-04 4.029301001737869287e-15 6.314338395414006294e-15
2.926422437710129998e-10 8.655422212289209938e-11 1.257246390329314067e-11 1.937515102326869965e-03 3.922345786122605205e-05 5.401627929668695316e-12 9.999967813491821289e-01 4.065362588789867004e-07 1.623641736614445108e-07 2.043655245032027779e-09 3.298623852364401809e-13 2.949034096673130989e-04 1.047865316650131717e-05 1.446314570330287097e-07 1.044302916852757335e-04 2.110204222844913602e-04 7.803041934967041016e-01 1.165717335993576853e-07 5.301667549417743430e-09
1.445873522243346088e-06 6.091389805078506470e-03 1.131668625475867884e-08 3.145251423120498657e-02 1.199862672365270555e-04 3.365269094501854852e-06 9.997386336326599121e-01 3.119608154520392418e-04 3.697708621621131897e-02 4.189879291516263038e-06 1.620399962121155113e-05 1.001103955786675215e-04 1.329556835116818547e-04 1.417694427073001862e-02 8.587352931499481201e-04 1.037552603520452976e-03 8.904222398996353149e-03 9.912607310980092734e-06 2.386716078035533428e-04
4.229144118239602790e-11 9.714409721084393823e-09 1.320647946876458631e-14 1.513803290436044335e-04 3.556910814950242639e-05 1.975976005041957251e-08 9.999998807907104492e-01 4.415958709813594396e-09 6.814343505539000034e-04 4.099159900405879853e-11 4.195525871164562659e-12 1.885113874777744059e-06 2.497091884379187832e-07 4.548538072413066402e-06 4.878813342656940222e-04 1.391048681398387998e-05 6.447435007430613041e-04 6.095472571132631856e-08 1.659330877146203420e-07
1.716038423182908446e-05 5.901283293496817350e-05 1.527044091176321672e-08 1.115655899047851562e-01 6.260176654905080795e-03 1.599328788870479912e-05 9.994804263114929199e-01 1.602272095624357462e-05 8.526897989213466644e-03 5.021555580242420547e-07 3.401639219191565644e-07 3.265615087002515793e-04 6.547831435455009341e-05 8.430932648479938507e-04 1.505316607654094696e-02 6.212646258063614368e-04 2.200796455144882202e-02 1.404432896379148588e-05 4.649789116228930652e-05
5.167877674102783203e-01 3.755010548047721386e-04 7.876130303507977715e-12 1.000000000000000000e+00 4.201773181557655334e-02 3.159425787657710316e-08 1.629692087590228766e-05 5.486043050950684119e-07 1.510355502887250623e-07 2.563684233791718725e-07 1.540694127832864524e-09 1.562968208190795849e-07 1.679066008364316076e-05 3.584400401450693607e-04 6.557085185932010063e-08 3.014555259142071009e-04 8.387843081436585635e-06 2.597775050627859628e-10 1.693196471919122814e-09
4.962110519409179688e-02 2.361362613737583160e-02 9.467158913612365723e-01 9.407268166542053223e-01 2.543219551444053650e-02 3.066297248005867004e-02 1.654985249042510986e-01 1.035061702132225037e-01 4.123691935092210770e-03 1.958114095032215118e-02 4.423426580615341663e-04 1.785905682481825352e-03 1.258838325738906860e-01 1.451555192470550537e-01 2.640464007854461670e-01 1.899208500981330872e-02 1.407604962587356567e-01 7.266478240489959717e-02 1.227315631695091724e-03
