4.255907535552978516e-01 2.203649133443832397e-01 1.862977272448773647e-10 1.000000000000000000e+00 1.885728561319410801e-03 6.817515996182521576e-10 9.902498277369886637e-05 4.193603526800870895e-04 5.653844326047874347e-08 2.025324874921352603e-06 2.622155989229213446e-06 2.009752080311955069e-07 6.726405263179913163e-05 4.194891154766082764e-01 3.907967283112157020e-09 1.153581542894244194e-03 8.469525710097514093e-06 1.908967206531997363e-08 1.152367712364821273e-08
4.383189678192138672e-01 3.374763429164886475e-01 2.995867998123458165e-09 9.999997615814208984e-01 1.089766388759016991e-03 2.107277685681196999e-09 8.109390182653442025e-05 2.000835258513689041e-03 2.510357433038734598e-08 3.932017989427549765e-06 3.549086841303505935e-06 2.750774967807956273e-07 1.711589429760351777e-04 7.444826364517211914e-01 1.798944104791644349e-08 1.260988181456923485e-03 1.642997085582464933e-05 4.040828969209542265e-07 1.598781551592765027e-08
2.556479573249816895e-01 4.253879487514495850e-01 4.196344313700528517e-11 1.000000000000000000e+00 6.254483014345169067e-05 1.592974537001357049e-11 6.635340923821786419e-06 8.503277786076068878e-04 1.403895888429929073e-10 9.467505179827639950e-08 8.634626169623516034e-08 2.110447150371896896e-09 1.692825753707438707e-05 9.483594298362731934e-01 2.621392825030710583e-10 1.511149748694151640e-04 1.161167688223940786e-06 2.477105809362001310e-08 1.162120469300198522e-10
1.000471092993393540e-05 3.543640616499033058e-07 3.281890712969470769e-06 9.997580647468566895e-01 1.797277604964619968e-06 4.322893917560577393e-03 1.847660541534423828e-02 8.148727938532829285e-04 1.111216192839492578e-06 5.499830513144843280e-05 4.659566460972486279e-13 3.385715041659409508e-10 6.997044692980125546e-05 1.742301858030259609e-03 6.718435883522033691e-01 2.973695067964854388e-08 1.375946551561355591e-01 2.227059565484523773e-03 3.556437644380849861e-10
2.230904763564467430e-03 7.794168312102556229e-03 6.745682185282930732e-05 1.937635010108351707e-03 1.498030964285135269e-02 3.825006773695349693e-03 8.263344168663024902e-01 9.843394160270690918e-02 1.666267216205596924e-02 7.185214757919311523e-01 2.700460609048604965e-03 5.304388403892517090e-01 1.356888711452484131e-01 2.435463829897344112e-04 8.520882111042737961e-04 2.835491597652435303e-01 4.770526289939880371e-02 8.299369364976882935e-03 8.250571787357330322e-03
6.255900952965021133e-03 2.332086414098739624e-01 1.844500191509723663e-03 7.126897573471069336e-02 1.319285947829484940e-02 6.441250909119844437e-03 7.372764348983764648e-01 2.324401289224624634e-01 2.372815646231174469e-02 2.417805790901184082e-01 5.568387918174266815e-03 1.502742767333984375e-01 7.589650899171829224e-02 9.099376946687698364e-02 7.152216043323278427e-03 1.498040556907653809e-01 6.727059185504913330e-02 1.252501830458641052e-02 4.653177224099636078e-03
2.222460228949785233e-03 6.794429384171962738e-03 9.772798512130975723e-05 1.702383626252412796e-03 1.219011936336755753e-02 1.853087567724287510e-03 8.357785344123840332e-01 1.280482560396194458e-01 1.365242991596460342e-02 6.907846331596374512e-01 3.448828356340527534e-03 5.676263570785522461e-01 1.532530635595321655e-01 2.706767700146883726e-04 8.188304491341114044e-04 2.957839071750640869e-01 6.693600118160247803e-02 8.980479091405868530e-03 7.307114079594612122e-03
2.417322248220443726e-01 3.360256552696228027e-02 7.999772788025438786e-04 2.110450901091098785e-02 3.824374638497829437e-03 1.150188269093632698e-03 2.289662510156631470e-02 1.169715747237205505e-01 1.291409134864807129e-04 9.641118645668029785e-01 1.687672571279108524e-03 3.949817419052124023e-01 4.096342325210571289e-01 3.644594107754528522e-04 2.281873021274805069e-04 1.033546775579452515e-01 3.035671077668666840e-03 6.189348921179771423e-02 4.091479640919715166e-04
7.133318781852722168e-01 3.877852261066436768e-01 4.375348240137100220e-02 4.997695237398147583e-02 8.599147945642471313e-02 1.684946380555629730e-02 5.281257033348083496e-01 1.792894303798675537e-01 3.305624425411224365e-01 9.718940407037734985e-02 8.807835727930068970e-02 2.986155748367309570e-01 2.275799512863159180e-01 1.830688863992691040e-02 1.021984405815601349e-02 6.112100183963775635e-02 1.258571147918701172e-01 3.420738130807876587e-02 3.445024192333221436e-01
2.993666566908359528e-02 1.037734150886535645e-01 9.999998807907104492e-01 9.809294939041137695e-01 5.971469799987971783e-04 6.848750672361347824e-06 1.939860521815717220e-03 4.271648451685905457e-02 2.340709492898440658e-08 5.290106055326759815e-04 4.351323586888611317e-04 5.725189566874178126e-06 2.224417775869369507e-01 8.914679288864135742e-01 1.392525434494018555e-01 2.509158477187156677e-02 3.958730667363852262e-04 2.773197591304779053e-01 2.453016531944740564e-05
3.436705097556114197e-02 1.759359836578369141e-01 9.999992847442626953e-01 9.838529825210571289e-01 1.483796513639390469e-03 2.716423296078573912e-05 3.035187721252441406e-03 5.844383314251899719e-02 2.783457659916166449e-07 6.261467351578176022e-04 1.907144673168659210e-03 1.211152994073927402e-05 1.405400633811950684e-01 9.079577326774597168e-01 1.810281425714492798e-01 5.338556692004203796e-02 7.264622254297137260e-04 2.564710378646850586e-01 1.110309094656258821e-04
9.996221065521240234e-01 3.160542249679565430e-02 1.753605438636895997e-08 9.999965429306030273e-01 2.044097036123275757e-01 1.571833885272155840e-09 4.655366501538082957e-05 1.014756708173081279e-04 4.612841664197731006e-09 5.624691311822971329e-06 1.399066491103440057e-06 5.414921906776726246e-04 1.836439245380461216e-03 1.344067044556140900e-03 3.151419036839797627e-07 7.346445927396416664e-04 1.378172310069203377e-04 8.381186944461660460e-08 1.435773278046781343e-08
9.995514750480651855e-01 2.184836007654666901e-02 7.377548882914197748e-08 5.814560055732727051e-01 8.645293712615966797e-01 8.353083558176876977e-08 5.054313316941261292e-02 9.016958210850134492e-05 6.985947038629092276e-06 2.870551725209224969e-06 2.244149436592124403e-05 3.329453766345977783e-01 4.713322850875556469e-04 2.547631265770178288e-05 1.175406509901222307e-06 3.762120613828301430e-03 1.351403305307030678e-03 1.177376589112100191e-06 1.120179376812302507e-06
2.124912862200289965e-05 7.999108930789589067e-08 6.058122039576119278e-07 9.999752044677734375e-01 2.533362248868797906e-07 2.165517769753932953e-03 3.078211564570665359e-03 9.804403816815465689e-05 6.039783784217434004e-08 1.299846007896121591e-05 2.226677035368552528e-15 3.968147425231771663e-12 2.169222534575965255e-05 9.543147170916199684e-04 8.249660730361938477e-01 1.250324510593259220e-09 1.508571580052375793e-02 6.558713503181934357e-04 7.313492693394874067e-12
7.311416268348693848e-01 1.160488128662109375e-01 3.776192024815827608e-04 2.976238029077649117e-03 3.964231815189123154e-03 3.376065433258190751e-05 8.112655021250247955e-03 4.442062973976135254e-02 3.294711495982483029e-05 4.250962138175964355e-01 1.597390946699306369e-04 4.728497564792633057e-01 9.353312253952026367e-01 7.141254900489002466e-05 4.670501311920816079e-06 4.897375404834747314e-02 2.363288367632776499e-04 2.882480993866920471e-02 1.903757511172443628e-04
9.965451359748840332e-01 1.034413874149322510e-01 8.339613941643619910e-07 9.999986886978149414e-01 9.870880283415317535e-03 2.285096378784601256e-08 6.854147613921668380e-06 1.288070227019488811e-03 2.363895301726870457e-09 6.978759483899921179e-05 8.957429145084461197e-07 4.661790444515645504e-05 2.543932758271694183e-02 6.017616763710975647e-02 1.581268406880553812e-06 7.613656925968825817e-04 5.416778367361985147e-05 2.046510053332895041e-05 3.385821401025168598e-08
9.599401354789733887e-01 3.789919987320899963e-02 2.980645419370375748e-08 1.688975171418860555e-04 2.631076611578464508e-02 3.414858156247646548e-07 9.820936322212219238e-01 3.437030682107433677e-05 3.153532445430755615e-01 2.174810163069196278e-07 3.198301885277032852e-03 1.255268454551696777e-01 3.058191941818222404e-05 1.093772698368411511e-05 1.688854172243736684e-05 9.175051673082634807e-05 2.511334791779518127e-02 2.066376055154250935e-06 6.510438024997711182e-02
5.852814344287082804e-10 2.587828389077895253e-11 1.198561784760202031e-14 1.010093897413355535e-09 7.854416966438293457e-02 1.000000000000000000e+00 2.645218046382069588e-06 6.470613856600056571e-16 8.149454370141029358e-03 1.104857503264611296e-07 2.908366702864200284e-17 5.352819130166608375e-07 1.763081208805417077e-10 1.013096616146735851e-12 7.043056138300585189e-10 1.023325580717937555e-06 4.266382247486433243e-10 7.946824780447059311e-07 1.274855321753420867e-06
2.391819187153032544e-09 9.052138899567907515e-11 6.063045573413694544e-14 4.441375711650152880e-09 1.090548262000083923e-01 1.000000000000000000e+00 8.332543075084686279e-06 5.894756389826852350e-15 1.165015436708927155e-02 3.613381238665169803e-07 3.451283389190929786e-16 1.988484655157662928e-06 7.519062039662571806e-10 4.310374539934214155e-12 2.184165737162402365e-09 3.091425242018885911e-06 1.874941535362495415e-09 1.989738620977732353e-06 2.280545459143468179e-06
1.097919866133167943e-09 4.026801895401499465e-12 1.663205943141284754e-15 8.465627310272338946e-09 2.901370525360107422e-01 1.000000000000000000e+00 4.703749073087237775e-05 9.680507678900087710e-16 1.890515536069869995e-02 2.399815741682687076e-07 8.984033117484565146e-17 9.159106411971151829e-06 2.368465701341193608e-10 3.227260852219776543e-13 2.159908640830821014e-10 7.102424206095747650e-06 2.016585565201012287e-09 1.478905574003874790e-06 2.587366907391697168e-07
1.015834044665098190e-03 6.894481339259073138e-05 2.401988967903889716e-05 8.549452424049377441e-01 2.934077929239720106e-04 2.590442076325416565e-03 3.529607653617858887e-01 2.606632001698017120e-02 1.605260695214383304e-05 7.747148275375366211e-01 2.772074765289289644e-07 2.887821523472666740e-03 8.663043379783630371e-03 1.813897280953824520e-03 1.941286176443099976e-01 1.297515584155917168e-03 3.478642702102661133e-01 2.964072301983833313e-02 1.137092795033822767e-06
1.521591912023723125e-03 1.546001003589481115e-04 1.293316108785802498e-05 1.438620388507843018e-01 2.774516353383660316e-03 1.035320572555065155e-03 7.743816971778869629e-01 2.765026129782199860e-02 1.334990374743938446e-04 7.238346934318542480e-01 6.773558197892270982e-06 9.732007980346679688e-02 2.780271135270595551e-02 5.315289599820971489e-04 3.881274908781051636e-02 2.547536231577396393e-02 2.969842255115509033e-01 2.762342989444732666e-02 3.588305480661801994e-05
2.263357309857383370e-04 1.292520755669102073e-05 1.683583718659065198e-06 4.464631080627441406e-01 5.532765644602477551e-04 5.583897000178694725e-04 6.465241312980651855e-01 9.003301151096820831e-03 9.686207704362459481e-06 8.583288192749023438e-01 1.349119145288568689e-07 2.368497289717197418e-02 7.601990364491939545e-03 1.637896784814074636e-04 4.581845924258232117e-02 5.696448963135480881e-03 2.250008136034011841e-01 1.650207675993442535e-02 9.347194236397626810e-07
2.495955675840377808e-02 9.117529727518558502e-03 3.261760284658521414e-04 6.128241773694753647e-03 1.392859518527984619e-01 2.262053638696670532e-02 5.975350141525268555e-01 4.397911950945854187e-02 2.458304911851882935e-02 6.978926062583923340e-01 2.988213906064629555e-03 6.952987909317016602e-01 1.272059828042984009e-01 2.927349705714732409e-04 1.243083272129297256e-03 3.264130651950836182e-01 2.829983085393905640e-02 1.863559335470199585e-02 8.188541047275066376e-03
1.868856884539127350e-02 2.828509546816349030e-03 3.521089092828333378e-05 1.055185217410326004e-02 8.279146277345716953e-04 1.233553513884544373e-03 9.193098172545433044e-03 5.802215263247489929e-02 1.730274379951879382e-05 9.984435439109802246e-01 2.316965692443773150e-04 3.218373656272888184e-01 4.342773556709289551e-02 5.911094922339543700e-05 2.276233863085508347e-04 7.353253662586212158e-02 2.536546438932418823e-03 1.452768500894308090e-02 8.853512554196640849e-06
1.448303577490150928e-03 2.086180393234826624e-05 1.221431311648757401e-08 1.994776725769042969e-01 9.153004066320136189e-05 6.551785045303404331e-04 3.919640555977821350e-03 1.087670796550810337e-03 5.139162340128677897e-08 9.999605417251586914e-01 5.132531200047196762e-08 1.037825047969818115e-01 4.363407380878925323e-03 1.164100993378269777e-07 1.472634467063471675e-04 2.683303318917751312e-03 2.451898762956261635e-04 3.521867038216441870e-04 4.709117984447175331e-09
9.257398403406114085e-09 4.584090268835994131e-13 8.982906166618022901e-16 1.842315867543220520e-02 2.344546839594841003e-02 9.999997615814208984e-01 6.625944661209359765e-05 6.385066917059161254e-15 2.210701582953333855e-03 4.102757716895055751e-11 2.063251336045678030e-19 1.655490883267773938e-10 1.299278462596475947e-10 1.199856013156530565e-11 5.156173301656963304e-07 7.973392612825591641e-09 2.296117713740386534e-07 2.575751932454295456e-05 8.448182431397555092e-11
3.873526388531445264e-09 2.657325653466525994e-14 8.899299547948715672e-18 8.403858519159257412e-04 6.825108528137207031e-01 9.957903027534484863e-01 9.559883922338485718e-02 4.330266683913458351e-16 1.737147197127342224e-02 1.037534017034325018e-10 9.612457448964371247e-18 1.305118644268077333e-06 2.746528872388243059e-11 1.325031122149933349e-13 1.319498821317210968e-08 2.576350880190148018e-06 5.196984531607995450e-08 8.872513717506080866e-06 3.875364196215258517e-10
4.086634144186973572e-02 5.833165254443883896e-03 5.767719703726470470e-04 6.528675556182861328e-01 1.528092771768569946e-01 9.092501401901245117e-01 9.916276484727859497e-02 2.484426368027925491e-03 1.270018517971038818e-01 3.179742256179451942e-03 9.293282346334308386e-05 2.839313820004463196e-03 9.162243455648422241e-03 6.958739366382360458e-03 5.925362557172775269e-02 6.386707536876201630e-03 3.190893679857254028e-02 4.342448338866233826e-02 4.222202580422163010e-03
1.113091129809617996e-02 3.904633224010467529e-02 1.659314730204641819e-04 8.013246697373688221e-04 1.701823901385068893e-03 4.218356116325594485e-05 9.865475893020629883e-01 9.127458930015563965e-02 3.915443718433380127e-01 8.640321320854127407e-04 7.724574953317642212e-02 4.261856153607368469e-02 1.261689700186252594e-02 3.462047548964619637e-03 1.450965367257595062e-02 1.226464193314313889e-02 8.738274574279785156e-01 3.912468440830707550e-03 4.992271661758422852e-01
1.990002096213718680e-14 2.620100534103664280e-12 4.539168831508010342e-17 2.117297553307236589e-16 1.519937417469918728e-03 1.000000000000000000e+00 7.267199286786762968e-09 2.774777623303072758e-19 1.368412864394485950e-03 4.943736442442059342e-08 1.912098238713098833e-22 2.364896278805872498e-09 2.094431615987102369e-12 1.988804772791127363e-16 2.441922315396527488e-12 2.666370946258211916e-08 2.673853045036646628e-15 3.096334855179350143e-10 4.421040102897677571e-06
1.841487884521484375e-01 2.290139491378795356e-06 2.555651008151471615e-06 9.999991655349731445e-01 3.703665061038918793e-05 1.299710856983438134e-05 1.116743806051090360e-04 3.407566691748797894e-05 1.112848813100697498e-09 1.582545337441843003e-05 1.360418396857687728e-12 3.923913194370243218e-09 3.747411246877163649e-04 3.985919174738228321e-04 2.414688318967819214e-01 1.125814250713119691e-07 2.535127103328704834e-03 8.729298133403062820e-05 3.436058729211488583e-12
5.929433391429483891e-04 2.207322502556507970e-08 3.304578138907388052e-11 8.156239390373229980e-01 8.778795599937438965e-01 1.491720322519540787e-03 8.529247045516967773e-01 1.159004892059556369e-08 3.866076702252030373e-03 4.853227437706664205e-06 8.842568899325442544e-10 7.393359392881393433e-02 3.121366489722277038e-06 9.446089244136146590e-09 1.236087846336886287e-04 1.357976067811250687e-02 9.160888730548322201e-04 3.401431604288518429e-04 5.347191631699388381e-07
3.533908966346643865e-05 2.662344789072790263e-09 5.168189227272579345e-12 9.999979734420776367e-01 6.021691951900720596e-03 8.495505452156066895e-01 8.210751693695783615e-04 4.327895819500326979e-09 3.591128624975681305e-04 6.812073571893506596e-09 2.097920022924547323e-14 1.864997489775532813e-09 4.878401682617550250e-07 3.691918593062837317e-08 4.696970281656831503e-04 2.321035452723663184e-07 1.073797684512101114e-04 2.156724121959996410e-06 9.810353640560265376e-10
1.716566888632087284e-09 2.219802250000291188e-12 1.209241127370086488e-11 1.456478457839693874e-05 5.919725298881530762e-01 9.881485993901151232e-07 9.991016387939453125e-01 3.914343016386823138e-10 5.391632439568638802e-04 9.286883084769215202e-08 2.612958894393502263e-12 5.799933671951293945e-01 3.049270844712737016e-07 5.634813102228797277e-11 1.559757301095032744e-08 1.084984689950942993e-01 2.647974761202931404e-04 1.884000375866889954e-04 2.702307355662014743e-08
8.274317231382610771e-09 8.681936058962946845e-09 1.691876673481917948e-12 4.340573013905668631e-06 3.151068995066452771e-06 1.000000000000000000e+00 2.732065773614067439e-08 1.317610517220790811e-11 3.802564242505468428e-05 7.700645676678163909e-10 2.550928725290236177e-17 3.026710284313727239e-13 2.016716127428708205e-09 2.300284677403396927e-06 1.992266857996582985e-03 5.943695622484534979e-12 6.090998283525550505e-08 3.411754732951521873e-05 3.102863521675658376e-09
1.264257942779067889e-08 1.277617123207619443e-08 2.761450573415813459e-12 6.810518243582919240e-06 3.462157792455400340e-06 1.000000000000000000e+00 4.017466181949203019e-08 2.641079542564650495e-11 4.208817335893400013e-05 1.261908355587593178e-09 5.249683890466558993e-17 4.828364813004581979e-13 3.302092821400037792e-09 3.338529722896055318e-06 2.791106002405285835e-03 8.631481814014296816e-12 8.816692087521005305e-08 4.289512799005024135e-05 3.722683050710884345e-09
8.412445851035954547e-09 9.668510436711130751e-09 1.951569765165639403e-12 4.373235697130439803e-06 2.854921604011906311e-06 1.000000000000000000e+00 2.804081589147244813e-08 1.553801531883891585e-11 3.713578553288243711e-05 8.313593702347077397e-10 2.789511105879925864e-17 2.972672563834877213e-13 2.171517188287452882e-09 2.687589358174591325e-06 2.465255092829465866e-03 5.651126702005404567e-12 6.238951755221933126e-08 3.406072573852725327e-05 3.137062609681606773e-09
1.941931620240211487e-02 2.367621054872870445e-04 8.899665772332809865e-06 1.564914733171463013e-01 6.153092384338378906e-01 3.613639855757355690e-04 6.460876464843750000e-01 2.926340792328119278e-03 7.290620123967528343e-04 7.042596489191055298e-02 4.034911034977994859e-05 8.400173187255859375e-01 4.144336562603712082e-03 1.380747853545472026e-04 3.446073678787797689e-04 4.753828644752502441e-01 1.149181202054023743e-01 2.550899684429168701e-01 1.235284289577975869e-04
2.061939984560012817e-02 2.405866980552673340e-04 8.298419743368867785e-06 1.609427630901336670e-01 6.288204193115234375e-01 3.453950921539217234e-04 6.480538249015808105e-01 2.739845775067806244e-03 7.255043601617217064e-04 6.391625851392745972e-02 3.963000926887616515e-05 8.407458066940307617e-01 4.069719929248094559e-03 1.349277881672605872e-04 3.486318164505064487e-04 4.751320779323577881e-01 1.141901835799217224e-01 2.477065771818161011e-01 1.178976162918843329e-04
2.062191814184188843e-02 2.483280841261148453e-04 8.852660357661079615e-06 1.606007516384124756e-01 6.245289444923400879e-01 3.606680838856846094e-04 6.472585201263427734e-01 2.858490450307726860e-03 7.481042412109673023e-04 6.601432710886001587e-02 4.152931796852499247e-05 8.393635749816894531e-01 4.171014763414859772e-03 1.406539668096229434e-04 3.585352678783237934e-04 4.747808277606964111e-01 1.151494756340980530e-01 2.507038116455078125e-01 1.236656244145706296e-04
8.625840319798072642e-11 6.947697625547810674e-14 1.684479698389723640e-17 1.000000000000000000e+00 5.339367614709544796e-09 9.264065903291651694e-11 5.890808533877134323e-03 4.235588269008161433e-10 7.326941137142384264e-11 7.472553120984465336e-14 8.769059075110004993e-24 1.293743048269554559e-19 1.079335995579633334e-10 1.299986163161293007e-08 1.857949246186763048e-05 2.351860026172936102e-13 1.742301322519779205e-02 2.366880427545278720e-14 4.116780197966560911e-19
7.293383674777942360e-10 4.194377287447124454e-18 2.757046144553365895e-23 1.000000000000000000e+00 6.786211037557166037e-10 4.939593178932000228e-10 5.095615041028622727e-10 2.953718871798335054e-15 1.517730674810873940e-17 8.293761980529271762e-18 3.338657422304692578e-33 1.115553089087914277e-26 8.602151516058295644e-14 5.303507199377888170e-13 3.844446894163411343e-08 4.109015970544408486e-18 2.439688842059695162e-07 2.248140420118057971e-17 1.855995383653652106e-27
2.672855270446916620e-10 3.672118444302171754e-17 9.416422144911930472e-21 1.000000000000000000e+00 3.742683674090585555e-08 2.114227868332818616e-07 3.520540985846309923e-06 1.114237757507234583e-13 9.673121678654972300e-13 3.371128661392255345e-16 7.460006583855106377e-29 3.224323421031090582e-22 1.127164117251111541e-12 2.514717817661549226e-12 4.046597041451605037e-06 1.311535121737599559e-15 3.437453779042698443e-05 2.239694025943719802e-15 1.753241721023015878e-22
3.537707236531129062e-12 6.239129438784241088e-12 3.383940551429986954e-03 9.734683281692468881e-09 3.293677291367202997e-04 1.692954015197756235e-06 9.968271851539611816e-01 1.365047296530974563e-06 2.535554813221096992e-06 1.095196421374566853e-05 3.991310049394208859e-14 1.267779991030693054e-02 5.870228051207959652e-05 5.494928401184040467e-10 2.026641743313462030e-09 2.567147091031074524e-02 1.464785658754408360e-03 2.105694250076339813e-07 2.029066914488453222e-09
9.939687961590948362e-11 2.763813788562389379e-14 1.162466638454723099e-28 3.202861309503646225e-09 1.286610656339379211e-13 3.234153057667631115e-15 4.267487058173813352e-11 4.307126655334059251e-09 1.526888106747647373e-25 1.000000000000000000e+00 1.438524135650380710e-21 5.753352046012878418e-01 2.753366201702078797e-09 1.568116261406818065e-22 1.279270618724144360e-19 1.547142310300841928e-04 1.347410274717478207e-13 2.636534567057591261e-11 1.106115781989524051e-27
2.108969027176499367e-03 8.448640073766000569e-06 7.604051575071935076e-07 9.999638795852661133e-01 4.312983714044094086e-03 4.874401912093162537e-02 1.257299724966287613e-02 8.112320938380435109e-05 1.297578419325873256e-04 1.024445227812975645e-04 2.767550411064689797e-09 1.789347265912510920e-06 3.051149542443454266e-04 9.725320705911144614e-05 3.388811647891998291e-02 4.138663643971085548e-05 8.131370879709720612e-03 1.452408032491803169e-04 1.532354616529119085e-07
2.312538027763366699e-02 1.290542352944612503e-02 6.079348386265337467e-04 4.044123888015747070e-01 3.295313939452171326e-02 9.899853467941284180e-01 1.527999900281429291e-02 2.143794903531670570e-03 3.386943787336349487e-02 6.759513635188341141e-04 2.436983959341887385e-05 1.424349902663379908e-04 4.300908651202917099e-03 4.372476041316986084e-02 5.171801894903182983e-02 7.255510427057743073e-04 7.090487517416477203e-03 3.307378292083740234e-02 9.802855784073472023e-04
3.559084236621856689e-02 2.664871513843536377e-03 2.405159193585859612e-06 1.723520254017785192e-04 5.062532424926757812e-02 1.116284285672008991e-03 9.862508773803710938e-01 2.903155400417745113e-04 1.456207334995269775e-01 8.618687279522418976e-04 2.007758448598906398e-04 2.233907282352447510e-01 9.486757218837738037e-03 6.174844747874885798e-05 8.881057146936655045e-04 6.932670716196298599e-03 1.089206431061029434e-02 3.231411974411457777e-04 4.574622213840484619e-02
9.926457405090332031e-01 3.046783208847045898e-01 3.120530454907566309e-04 6.868445873260498047e-02 2.417487651109695435e-02 1.104491457226686180e-05 4.861948546022176743e-03 4.916801676154136658e-02 3.621226596806081943e-06 1.746333576738834381e-02 4.546055788523517549e-05 2.984144687652587891e-01 7.717450857162475586e-01 1.421735971234738827e-03 1.162587705039186403e-05 5.484049674123525620e-03 3.291520697530359030e-04 7.752935867756605148e-03 1.460567636968335137e-05
3.741131126880645752e-01 5.071275681257247925e-02 1.155326724983751774e-03 1.732696592807769775e-02 1.768320053815841675e-02 1.642809249460697174e-03 6.361229717731475830e-02 1.028933450579643250e-01 8.686387445777654648e-04 8.795363903045654297e-01 3.295102389529347420e-03 4.868952929973602295e-01 5.334244966506958008e-01 3.799075784627348185e-04 2.900662366300821304e-04 1.361830681562423706e-01 4.657153971493244171e-03 4.897906631231307983e-02 2.121959347277879715e-03
7.264204621315002441e-01 4.851109385490417480e-01 9.231190383434295654e-02 8.231137692928314209e-02 6.501971185207366943e-02 1.198307238519191742e-02 2.378494143486022949e-01 3.672816157341003418e-01 6.167128309607505798e-02 1.590325385332107544e-01 3.307088091969490051e-02 2.823078036308288574e-01 6.569463014602661133e-01 4.498331993818283081e-02 7.799904793500900269e-03 1.213122457265853882e-01 5.774337798357009888e-02 8.716002851724624634e-02 6.329885125160217285e-02
9.863094091415405273e-01 9.986417889595031738e-01 3.319273673696443439e-07 9.569386020302772522e-03 8.620644962320511695e-07 2.280788669040134664e-09 7.322594523429870605e-03 9.291614294052124023e-01 5.247497756499797106e-05 9.050958169609657489e-07 2.836274506989866495e-04 6.176369788590818644e-05 1.792592182755470276e-02 2.319010905921459198e-02 2.243069729956914671e-09 2.385084953857585788e-04 5.948756006546318531e-04 1.527756103314459324e-04 4.318851409834678634e-08
1.194373369216918945e-01 9.878166317939758301e-01 4.709480708697810769e-05 3.129245340824127197e-01 3.325374336782260798e-06 9.926806114890496247e-07 1.372360344976186752e-02 8.485680818557739258e-01 2.688053427846170962e-05 4.378111043479293585e-05 1.112804238800890744e-04 1.921164221130311489e-05 1.057809684425592422e-02 8.875879645347595215e-01 1.670357050898019224e-05 1.447107526473701000e-03 6.858514621853828430e-03 6.031635683029890060e-03 1.417869697206697310e-07
5.443206755444407463e-04 3.184469051120686345e-06 9.221623464839012740e-09 9.839278645813465118e-04 4.400149285793304443e-01 1.148021474364213645e-04 2.351798415184020996e-01 9.548736124997958541e-05 7.247861503856256604e-06 9.687909483909606934e-01 7.507318855459743645e-08 9.857943058013916016e-01 9.198493789881467819e-04 4.603377590228774352e-08 3.943069657452724641e-07 4.759141802787780762e-01 2.630494127515703440e-04 5.040082032792270184e-04 1.318051658927288372e-07
7.217701524496078491e-02 2.937119686976075172e-03 5.178962601348757744e-05 4.686675965785980225e-01 5.804889798164367676e-01 3.023663535714149475e-03 2.825379371643066406e-01 4.825767595320940018e-03 7.405648939311504364e-04 5.678266286849975586e-01 9.336282528238371015e-05 8.556329011917114258e-01 2.093322947621345520e-02 3.218523634131997824e-04 1.285246107727289200e-03 3.434256315231323242e-01 2.249747887253761292e-02 1.972745731472969055e-02 4.211113628116436303e-05
4.151679459027945995e-04 1.250074183190008625e-05 9.283053437059152202e-09 1.079684006981551647e-03 9.812799096107482910e-02 2.775263055809773505e-05 9.136842936277389526e-02 6.442232406698167324e-04 1.155913878392311744e-06 9.970157146453857422e-01 2.213018319707771298e-07 9.698334932327270508e-01 1.086284290067851543e-03 1.963200162435896345e-07 6.988379368522146251e-07 4.272085130214691162e-01 3.720990207511931658e-04 5.795327597297728062e-04 4.974191725182208756e-08
2.999751036135547616e-16 5.009517174453699540e-15 1.673141617743990252e-20 6.197059974510921165e-06 7.329079380724579096e-06 1.134626721461910737e-13 1.000000000000000000e+00 1.251272089414223743e-12 2.736964006544440053e-07 6.531925743563996023e-14 3.466345851837152888e-19 1.851756223913980648e-06 3.697216310882822654e-09 1.183688147499140086e-10 4.328269369580084458e-07 1.080047877621836960e-05 2.429966407362371683e-04 8.372212645380017193e-11 1.590365859838183127e-12
6.754108372507782419e-18 3.291532763580531928e-14 9.520345304287456882e-19 2.262327001290032058e-07 1.988687792220389383e-08 7.231999490909211958e-15 1.000000000000000000e+00 9.859764116271207968e-10 3.888688482334146101e-08 7.082195940810720458e-12 1.971189928559586137e-17 8.461270226689521223e-07 2.867613204671215499e-07 3.089540401290946647e-09 4.696235862411413109e-07 1.571571192471310496e-05 1.105664856731891632e-02 1.676728339505828558e-10 1.967417201376164826e-11
1.311621765572192645e-20 3.857242775645629632e-15 2.341600487914870172e-21 1.573238606056293065e-08 1.282934980473271480e-09 5.348229132918222786e-15 1.000000000000000000e+00 8.825155883851465433e-12 1.078008040167333093e-06 4.516443202230973480e-15 3.021073287328939261e-18 5.388742785328304308e-09 3.404184267807863762e-09 3.169220219589874432e-09 6.527448590532003436e-07 1.024840344143740367e-06 4.805005446542054415e-04 3.323636157959164450e-11 2.109137170469566058e-11
9.482494206167757511e-04 6.210556603036820889e-04 4.039861669298261404e-04 1.989892311394214630e-02 7.325563929043710232e-04 9.932646751403808594e-01 7.548766676336526871e-03 1.275045564398169518e-03 2.046271786093711853e-02 1.206707558594644070e-03 3.201793333573732525e-06 2.489747021172661334e-05 1.594572560861706734e-03 3.761354461312294006e-02 9.005634188652038574e-01 2.261325062136165798e-05 9.546640329062938690e-03 1.333588361740112305e-02 4.463987424969673157e-04
1.627454012632369995e-01 1.977349370718002319e-01 9.463680386543273926e-01 7.457715272903442383e-01 4.891682043671607971e-02 3.553031384944915771e-02 2.025213539600372314e-01 2.752754092216491699e-01 6.008995696902275085e-03 1.243597716093063354e-01 2.530986815690994263e-02 2.120477892458438873e-02 3.225699067115783691e-01 4.341360628604888916e-01 3.949993252754211426e-01 1.282163262367248535e-01 1.086435914039611816e-01 4.134024083614349365e-01 1.132212579250335693e-02
5.169208634470123798e-06 2.301976387286686077e-09 3.864278787170895486e-17 1.234160135199502406e-10 1.778944395482540131e-03 9.531023081876810465e-09 1.174131259322166443e-01 5.462518970489327330e-07 1.443555408542351870e-08 9.992600083351135254e-01 1.670167996958848988e-11 9.946458339691162109e-01 3.257984353695064783e-04 4.421755837512028402e-17 2.100533288973416290e-15 1.200073808431625366e-01 3.912517954063332581e-08 4.695236910379207984e-08 2.835331136541441310e-10
2.282659336924552917e-02 9.570474922657012939e-02 6.516241768395047984e-08 9.890418648719787598e-01 1.494674850255250931e-02 1.300814183196052909e-04 7.649264335632324219e-01 1.823080237954854965e-04 7.449526339769363403e-02 1.828313179430551827e-05 1.768273301422595978e-03 3.750377509277313948e-04 7.433054997818544507e-05 9.541663341224193573e-03 1.891675638034939766e-04 1.228683046065270901e-03 1.216722303070127964e-03 1.946855945789138786e-06 1.049513113684952259e-03
2.817211486399173737e-02 2.496343851089477539e-01 5.784753739135339856e-05 9.206892848014831543e-01 2.057731337845325470e-02 4.268649965524673462e-03 6.964127421379089355e-01 6.930337287485599518e-03 9.608637541532516479e-02 5.516260280273854733e-04 4.729554057121276855e-03 1.270360429771244526e-03 2.009975723922252655e-03 1.420243084430694580e-01 2.438548486679792404e-03 6.494881585240364075e-03 6.706397049129009247e-03 2.191129606217145920e-04 3.415517508983612061e-03
2.253452548757195473e-03 9.977341443300247192e-02 1.351587980025215074e-05 1.010849233716726303e-02 1.456458354368805885e-03 9.998669624328613281e-01 2.204110147431492805e-03 2.071282942779362202e-04 3.391925012692809105e-03 2.266625415359158069e-05 4.162051538969535613e-07 1.548369709780672565e-06 1.313264947384595871e-04 3.663679957389831543e-01 1.620012102648615837e-03 1.073596740752691403e-05 2.659629717527423054e-05 1.904006814584136009e-03 4.716015246231108904e-05
1.528829614017013228e-07 3.352871772221988067e-06 6.269035424111280008e-08 9.024692773818969727e-01 1.403005001066048862e-07 9.385888510848872102e-09 7.807541638612747192e-02 2.455821074545383453e-02 1.821306483407170163e-07 2.558517007855698466e-05 1.861867951480355998e-11 7.368210930280838511e-08 1.047721234499476850e-04 3.739074617624282837e-02 1.474231388419866562e-02 5.742052962887100875e-06 9.988511800765991211e-01 6.771758794784545898e-01 1.178283071112673497e-08
8.073699973465409130e-06 6.792880412831436843e-06 1.012318229243192036e-08 1.000000000000000000e+00 4.536398137133801356e-07 1.137485483582167944e-08 6.740854587405920029e-04 6.055142264813184738e-03 5.215687881587882657e-10 7.571210880996659398e-05 9.734138544043383079e-14 6.481113822703887806e-12 8.784242527326568961e-05 3.166558593511581421e-02 2.429902553558349609e-03 9.349604823682966526e-08 2.378066331148147583e-01 7.649189792573451996e-04 4.065045012841689287e-13
1.840862523749819957e-06 8.238318339147399083e-13 4.355545323433078876e-17 1.000000000000000000e+00 3.111223340965807438e-04 1.082171499729156494e-02 1.991338285733945668e-05 4.642084893563547254e-12 9.047664661920862272e-08 3.525039288243547730e-11 1.349422514005059523e-19 1.042309142641750785e-12 1.876558686220164418e-09 3.438794388133104007e-11 2.504308758943807334e-05 1.156628126608438834e-09 4.531146259978413582e-06 5.947319303700737692e-10 4.365796274979428029e-15
7.295970320701599121e-01 2.951847016811370850e-01 3.205196857452392578e-01 1.167984455823898315e-01 1.642808169126510620e-01 2.441583760082721710e-02 5.431306958198547363e-01 1.755078881978988647e-01 1.533121168613433838e-01 5.902938172221183777e-02 4.501887410879135132e-02 2.943638265132904053e-01 1.913445144891738892e-01 5.430486425757408142e-02 5.257802084088325500e-02 6.432969868183135986e-02 1.516512930393218994e-01 3.598063439130783081e-02 1.315818130970001221e-01
8.173676133155822754e-01 4.626876115798950195e-01 9.955211877822875977e-01 9.143708944320678711e-01 1.685043610632419586e-02 4.212358326185494661e-04 4.257953725755214691e-03 1.201323121786117554e-01 1.174084991362178698e-05 1.296901889145374298e-02 3.395623061805963516e-03 1.213046256452798843e-02 5.550207495689392090e-01 6.516059637069702148e-01 8.616687729954719543e-03 7.332476973533630371e-02 1.260910765267908573e-03 1.429216116666793823e-01 2.955240197479724884e-04
4.927216768264770508e-01 4.802034199237823486e-01 9.978840947151184082e-01 8.913343548774719238e-01 2.162587083876132965e-02 1.693519297987222672e-03 1.531503908336162567e-02 1.890154182910919189e-01 1.062248629750683904e-04 1.653049513697624207e-02 1.492702029645442963e-02 6.770492065697908401e-03 3.520979881286621094e-01 7.591866254806518555e-01 5.139796063303947449e-02 1.415474563837051392e-01 4.960948135703802109e-03 1.856728196144104004e-01 1.786440378054976463e-03
2.714336460485355929e-06 8.290567166113760322e-07 2.581654001687638811e-09 2.496666184015339240e-06 2.441357355564832687e-04 9.999990463256835938e-01 3.169746487401425838e-04 3.309525153927239671e-10 1.132789626717567444e-02 8.308877141871562344e-08 6.705527517796017190e-13 5.825189219876847346e-08 4.957540511441038689e-08 1.084166115106199868e-06 1.443466899218037724e-04 2.753630212737334659e-08 4.070188026616960997e-07 7.569730951217934489e-05 2.290788834216073155e-04
1.740131779115472455e-06 6.865196837679832242e-07 2.002858767724546851e-09 1.866290290308825206e-06 2.128422929672524333e-04 9.999995231628417969e-01 1.725898182485252619e-04 2.466537807332969123e-10 8.719924837350845337e-03 6.128300356067484245e-08 3.344899498439884988e-13 3.111784607767731359e-08 3.833127237840017187e-08 1.086589350052236114e-06 1.428954710718244314e-04 2.060828485639376595e-08 3.228205684990825830e-07 6.968658271944150329e-05 1.377359003527089953e-04
2.151235321434796788e-06 7.651598252778057940e-07 2.488673933598306576e-09 2.499036099834484048e-06 2.036503574345260859e-04 9.999994039535522461e-01 2.113782538799569011e-04 3.454705410632641360e-10 8.701469749212265015e-03 6.560375709341315087e-08 4.241636610089610793e-13 3.280699445440404816e-08 4.596691738356639689e-08 1.382697064400417730e-06 1.873888686532154679e-04 2.047042535480159131e-08 4.185491775388072710e-07 7.952757005114108324e-05 1.387247320963069797e-04
5.998353590257465839e-04 1.042146280383349222e-08 8.910554585850327669e-12 9.999690055847167969e-01 3.487359290232916464e-09 2.398189644736703485e-05 9.208811206917744130e-07 2.081060074488050304e-06 1.056802880103314361e-15 1.000000000000000000e+00 4.614012927425196336e-16 2.788899837469216436e-05 1.632422790862619877e-04 1.109213970673650351e-10 2.430119093332905322e-05 1.541956073936034954e-08 2.076885294854946551e-07 4.588147817230492365e-07 2.428102661365707225e-18
2.891583717428147793e-04 5.466735046866233461e-07 1.952117223424920667e-08 9.999763965606689453e-01 2.293043798999860883e-04 1.366533571854233742e-03 9.595992974936962128e-03 6.276470230659469962e-05 7.107976074394173338e-08 1.330861598253250122e-01 2.053251882752626933e-12 7.412227205350063741e-06 2.747932157944887877e-04 6.461546036007348448e-06 2.189489640295505524e-02 7.596486739203101024e-06 9.353398345410823822e-03 1.319040529779158533e-05 2.870930403131577435e-11
9.402487194165587425e-06 4.197824239327019313e-07 8.761173120319654117e-08 9.991632699966430664e-01 3.275644928635301767e-07 1.414987673342693597e-05 5.066636204719543457e-02 3.392598591744899750e-03 1.137732930089896399e-08 7.088229060173034668e-02 4.512988507204829247e-12 9.536518774666546960e-08 1.673258229857310653e-04 6.846614996902644634e-04 2.620560526847839355e-01 5.074288083051214926e-07 6.625054478645324707e-01 3.579307580366730690e-03 2.276461831540732561e-11
9.858771562576293945e-01 7.803353667259216309e-02 5.674830845237011090e-07 9.999996423721313477e-01 5.253777489997446537e-04 4.162042799293885764e-08 4.922743528368300758e-07 1.182845910079777241e-03 3.190261596563992441e-11 5.090436898171901703e-04 1.059533438763082813e-08 3.868123712891247123e-06 6.598193943500518799e-02 2.003064900636672974e-01 1.546709313515748363e-06 1.951541053131222725e-04 6.218022917892085388e-06 3.808712353929877281e-04 8.484456470725376676e-10
9.988597631454467773e-01 3.938605487346649170e-01 5.870137442798295524e-07 9.999989271163940430e-01 5.444724229164421558e-04 5.456192719854868756e-10 2.421792828499746975e-07 2.514070132747292519e-03 1.100119734892546219e-11 8.770827662374358624e-06 6.474751046425808454e-08 5.091742877993965521e-06 5.396723374724388123e-02 2.821192741394042969e-01 2.609671767572763201e-08 1.593946362845599651e-04 1.204493855766486377e-06 8.284213254228234291e-05 6.585078593523974178e-10
9.988681077957153320e-01 3.055971264839172363e-01 3.148867108393460512e-06 9.999953508377075195e-01 1.433951314538717270e-03 3.064708264943760696e-09 9.237318749910627957e-07 3.001650329679250717e-03 6.162118038055552915e-11 2.931405651906970888e-05 1.854658506772466353e-07 2.791869883367326111e-05 8.638363331556320190e-02 1.726311892271041870e-01 1.869951944399872446e-07 2.921940467786043882e-04 4.359772901807446033e-06 1.542969985166564584e-04 3.053557851018240399e-09
9.993715882301330566e-01 6.653278319390665274e-07 2.532409102632878323e-18 4.721898871906660133e-09 9.492106437683105469e-01 1.957738848422027611e-13 9.938867688179016113e-01 2.677190566607065385e-15 2.718435414135456085e-02 1.272042570560870389e-14 6.030879129426125473e-10 9.548643231391906738e-01 1.676030321473565010e-11 1.103964192298776108e-15 9.489039057546805322e-15 1.192884337797295302e-05 1.508657732074425439e-08 3.808195078724985194e-13 6.985824438743293285e-05
9.999643564224243164e-01 8.891318259429681348e-08 4.047887685168257733e-19 1.787247310858219862e-05 9.995238780975341797e-01 1.956657966618695343e-15 9.226731061935424805e-01 2.172484079161459206e-15 1.813633048186602537e-06 1.963288831697377625e-16 2.661812610604830098e-12 8.874893784523010254e-01 4.127755429128576736e-12 1.871805594094548553e-15 7.615881937681617808e-14 7.600602111779153347e-05 1.335297525884016068e-07 1.142590389706724108e-13 1.069055399760543423e-09
9.991540908813476562e-01 9.145729507054056739e-08 5.093294476879323411e-17 4.957240819931030273e-02 9.988548755645751953e-01 1.698819362093428875e-12 7.329096198081970215e-01 2.243805456107056395e-13 1.043942802425590344e-06 4.276459964142401149e-14 5.781885387134977350e-12 5.071315765380859375e-01 6.152699183470389244e-11 9.105759765995480315e-13 7.906903465304537804e-10 3.577466995920985937e-04 1.479982802266022190e-05 7.497905768483192901e-11 2.458478143285702799e-10
3.149622585624456406e-03 2.266084431212789241e-09 8.201063119621723740e-14 9.978888630867004395e-01 9.595099687576293945e-01 7.363608460764226038e-07 1.617315411567687988e-01 2.215453376308573752e-09 2.852978866485500475e-07 6.634651072090491652e-05 4.674262821420527292e-13 8.288585543632507324e-01 6.001245083098183386e-07 9.156712887925522182e-11 7.532640324825479183e-07 7.692996412515640259e-02 1.024238066747784615e-03 4.169937164988368750e-05 6.465186025428337757e-12
4.006328061223030090e-03 4.522318519661894243e-09 2.535082874958322074e-13 9.967908263206481934e-01 9.547431468963623047e-01 1.112519271373457741e-06 1.909060776233673096e-01 4.611733217529945250e-09 5.313002588991366792e-07 7.790706149535253644e-05 1.423271656780800143e-12 8.163602948188781738e-01 9.827626854530535638e-07 2.231665963137174913e-10 1.124460595747223124e-06 8.941305428743362427e-02 1.410083146765828133e-03 7.695623935433104634e-05 2.021254344453105034e-11
1.143402326852083206e-02 4.483098692276143993e-08 8.640243902291455669e-12 9.987553358078002930e-01 9.315026402473449707e-01 1.331009480054490268e-05 2.177340239286422729e-01 2.888230099529209838e-08 8.759517186263110489e-06 4.141063618590123951e-05 5.650062709361414193e-11 3.877339363098144531e-01 4.080976395925972611e-06 4.049004687090018706e-09 1.605170291441027075e-05 5.875574052333831787e-02 4.315220750868320465e-03 7.685313175898045301e-05 6.157198084721926534e-10
9.183759689331054688e-01 3.512837565722293220e-06 5.406178299081562666e-14 5.176669901629793458e-07 9.615292549133300781e-01 1.253378512089398100e-09 9.864664673805236816e-01 1.435795839860309897e-11 5.249163135886192322e-02 2.829474987642299766e-10 2.910916307996558317e-08 9.474598765373229980e-01 2.317056058132038743e-08 3.290318321622076603e-12 4.427170782750344813e-11 1.233715564012527466e-03 1.798441871869727038e-06 3.060910858110332811e-09 1.055173706845380366e-04
8.034295024117454886e-05 6.413313768938166959e-10 4.794941811936675059e-16 4.616916157829109579e-06 9.539238810539245605e-01 2.168171886296477169e-05 9.933745265007019043e-01 1.625411095865572642e-13 4.946052432060241699e-01 1.764495216605155292e-09 3.312404794897361171e-10 5.935004949569702148e-01 2.262491305415892384e-09 1.034083517599537760e-12 4.168253298075796920e-09 1.447659684345126152e-03 5.794637445433181711e-07 1.406896444677840918e-06 1.312858603341737762e-05
5.111321806907653809e-04 5.746975541114807129e-03 1.827479678695453913e-07 9.923566579818725586e-01 3.392449871171265841e-04 2.585210502147674561e-01 8.533351868391036987e-02 7.573838956886902452e-05 2.152191940695047379e-03 4.689308070737752132e-07 2.353499439777806401e-08 7.647211752725979750e-09 1.805975807656068355e-05 1.005510464310646057e-01 4.730207729153335094e-04 2.995643399117398076e-06 1.475878962082788348e-04 1.539696859254036099e-05 2.420558075755252503e-06
3.151319560856791213e-07 4.326878695337654790e-07 3.173020388658187585e-07 9.975525736808776855e-01 3.710358669195557013e-06 1.321951913269003853e-06 9.315632581710815430e-01 2.777421614155173302e-04 1.151257856690790504e-05 3.341318119964853395e-07 1.831380880279454004e-11 2.931664466743200137e-09 6.348252645693719387e-05 1.028152648359537125e-03 2.319383062422275543e-02 1.142742462434398476e-06 6.960991024971008301e-01 3.389037829037988558e-06 1.468807386828530070e-08
7.561691571027040482e-03 1.073685241863131523e-03 1.292571323574520648e-05 6.998343020677566528e-02 2.217964977025985718e-01 3.790211398154497147e-03 6.662369966506958008e-01 5.361647810786962509e-03 3.180897329002618790e-03 3.575169742107391357e-01 7.927270780783146620e-05 6.595678329467773438e-01 2.506280876696109772e-02 1.732605742290616035e-04 1.126958755776286125e-03 2.619270384311676025e-01 2.511487342417240143e-02 1.042167190462350845e-02 2.758460759650915861e-04
5.388979613780975342e-02 2.646412141621112823e-02 3.740616142749786377e-03 6.495504081249237061e-02 8.015198260545730591e-02 2.971164882183074951e-02 4.199169278144836426e-01 1.301133185625076294e-01 1.871092617511749268e-02 7.668443322181701660e-01 8.367960341274738312e-03 4.655412435531616211e-01 1.475203484296798706e-01 4.334906581789255142e-03 1.434646174311637878e-02 2.216791808605194092e-01 6.793670356273651123e-02 7.879064232110977173e-02 9.553676471114158630e-03
8.325678110122680664e-02 1.218061447143554688e-01 6.505172699689865112e-03 1.192942708730697632e-01 4.298157617449760437e-02 5.915300920605659485e-03 6.794021129608154297e-01 1.964957565069198608e-01 3.281201794743537903e-02 1.006565764546394348e-01 1.161438412964344025e-02 1.622954756021499634e-01 1.376931965351104736e-01 3.024555183947086334e-02 1.818660460412502289e-02 1.002107784152030945e-01 1.234332397580146790e-01 3.466255217790603638e-02 9.057305753231048584e-03
2.345365099608898163e-02 6.474920664913952351e-04 5.899370535189518705e-06 9.015391767024993896e-02 5.817195773124694824e-01 7.778969593346118927e-04 2.588920593261718750e-01 2.430857392027974129e-03 1.641939015826210380e-04 7.534076571464538574e-01 1.834054819482844323e-05 9.422369003295898438e-01 1.049454137682914734e-02 6.804527220083400607e-05 9.220133506460115314e-05 4.330574274063110352e-01 6.394779775291681290e-03 1.037977356463670731e-02 1.016713576973415911e-05
1.210062764585018158e-03 5.477241302287438884e-06 4.885214899275069911e-09 3.025943988177459687e-05 7.751039862632751465e-01 2.051965857390314341e-04 9.424867630004882812e-01 8.706505241207196377e-07 6.286250054836273193e-02 3.751566691789776087e-04 1.838774437601387035e-06 9.143946170806884766e-01 3.476519195828586817e-04 2.139822541380453913e-08 5.055035785517247859e-07 1.610427349805831909e-01 3.178743354510515928e-04 1.074749307008460164e-04 2.579119754955172539e-04
1.526535779703408480e-04 5.564890670939348638e-06 4.657746899283665698e-08 7.702269067522138357e-05 5.572285056114196777e-01 7.000857591629028320e-01 4.083852171897888184e-01 3.974646915594348684e-06 4.304706677794456482e-02 4.639419540762901306e-02 7.282534397745621391e-07 4.643264114856719971e-01 6.108251982368528843e-04 2.094350435299929813e-07 1.163472734333481640e-05 1.132122799754142761e-01 3.236844786442816257e-04 1.349527970887720585e-03 2.702422789297997952e-04
1.825371883200778249e-15 2.986747654754040582e-11 1.015445000911075651e-16 1.178287948278011754e-05 2.487076145030187035e-08 3.842971134458000870e-13 1.000000000000000000e+00 1.132797535774443531e-07 1.387917905049107503e-07 4.542885623237680193e-09 9.986857938933460521e-14 4.246421667630784214e-06 2.256404513900633901e-06 1.078004387977671286e-07 2.964076884381938726e-06 1.234557712450623512e-04 3.360139578580856323e-02 5.067297248473323634e-09 1.741003563537901755e-09
2.439951994788469580e-13 7.819362934924356523e-10 5.678930700800562115e-15 7.397040349133021664e-07 2.003106658321485156e-07 2.587702940815006514e-09 9.999996423721313477e-01 1.076069793271017261e-06 2.722917997743934393e-06 2.474424945830833167e-06 2.363422608661625013e-12 4.037798134959302843e-05 6.232304440345615149e-05 1.367066175816944451e-07 5.061344381829258054e-06 3.539077588357031345e-04 4.506403114646673203e-03 1.110267575654688699e-07 3.953876159812352853e-08
1.344155675653269100e-09 1.605395677506393781e-10 1.179334560374003041e-17 4.631102792918007083e-11 1.685747847659513354e-04 1.620229728160893501e-09 8.820492625236511230e-01 1.496098661846190225e-06 1.201103305703554724e-08 9.914608001708984375e-01 2.950074863214413590e-12 9.953445792198181152e-01 1.452063297620043159e-04 2.769261989182423764e-16 1.632291612258755104e-14 3.874293565750122070e-01 1.562278271194372792e-06 3.617204313854927022e-08 2.276367566667047981e-10
2.086894212993684050e-09 3.173234452980011611e-10 1.733626799920684290e-17 2.809189859898086894e-11 9.139398025581613183e-05 1.239854618972913158e-08 8.720682263374328613e-01 2.364738747928640805e-06 4.942746301139777643e-08 9.970611929893493652e-01 1.051170175209170665e-11 9.897221922874450684e-01 2.103534789057448506e-04 3.229035708116794259e-16 2.763713838674613371e-14 2.808228135108947754e-01 1.025051460601389408e-06 3.034185525052635057e-08 1.176443276129646165e-09
1.654408277040886333e-10 1.884941092100689275e-10 1.630282493783004246e-17 5.097663610675873258e-11 4.018180698039941490e-05 1.099569213458551076e-09 9.815415143966674805e-01 2.147084842363256030e-06 2.843907864757966308e-08 9.295136928558349609e-01 5.929247544333993147e-12 9.855304956436157227e-01 3.605743986554443836e-04 1.111697708986326277e-15 1.112574930187820721e-13 3.473524749279022217e-01 7.550609552708920091e-06 2.626369877134493436e-08 7.540216784285291851e-10
9.999709129333496094e-01 1.024648994207382202e-01 1.516337704288162058e-07 2.412180322153290035e-08 1.949045399669557810e-04 1.203895733103976795e-10 5.041618272662162781e-02 1.690575154498219490e-04 5.799109116196632385e-02 9.248343303625006229e-06 1.201182271870493423e-06 8.122622966766357422e-02 7.566738873720169067e-02 1.235105129282487724e-09 4.843038947308087039e-13 1.131564749812241644e-05 9.755820428836159408e-06 1.638691493610622274e-08 3.072574734687805176e-01
9.953252077102661133e-01 4.161976277828216553e-01 6.660992512479424477e-04 7.090206781867891550e-05 5.377280176617205143e-04 4.273122158338082954e-07 4.796575754880905151e-03 6.410446763038635254e-02 1.882574579212814569e-04 1.404249225743114948e-03 3.769913291762350127e-06 6.719563901424407959e-02 9.833493232727050781e-01 4.298927888157777488e-05 2.231800166896391602e-08 2.386589534580707550e-03 3.762880078284069896e-05 2.558151318226009607e-04 4.875187005382031202e-04
9.975984692573547363e-01 2.455976605415344238e-01 3.356038942001760006e-04 4.320859079598449171e-05 5.368731915950775146e-03 1.026934910441923421e-06 1.070303246378898621e-01 1.291528157889842987e-02 7.203088700771331787e-02 1.176723977550864220e-03 2.011425822274759412e-04 1.613390147686004639e-01 3.406753242015838623e-01 9.294310984842013568e-06 6.806440211448716582e-08 1.513869967311620712e-03 8.765343809500336647e-04 3.168328112224116921e-05 2.006501108407974243e-01
3.977040864602127135e-13 1.147652198968396320e-11 1.015960301345471685e-16 2.873079478740692139e-01 1.343791950603190344e-06 1.902283712496011248e-11 9.999998807907104492e-01 2.781928576389702812e-10 1.714210839054430835e-06 6.360131063302965071e-13 1.759880751556953840e-16 5.528814739363951958e-09 1.100822544231050415e-08 2.505882719106011791e-07 2.131312648998573422e-04 5.321958269632887095e-07 5.750815849751234055e-03 3.589133434900304565e-10 3.172288820518787134e-11
6.618304215349210887e-15 2.892636130624737234e-11 2.944593574099327662e-16 2.183371689170598984e-03 9.681539125949711888e-09 1.918626542363188747e-11 1.000000000000000000e+00 5.491631593912416065e-09 2.990012035297695547e-06 1.211318155155960419e-12 3.903887185985029443e-15 6.102667815532925033e-10 3.285132521568812081e-08 6.432353984564542770e-06 4.545836418401449919e-04 1.505839435367306578e-07 2.800845913589000702e-02 2.074555860431814835e-09 5.773758138261086970e-10
9.986914992332458496e-01 3.103043735027313232e-01 5.299531767377629876e-05 4.789943248033523560e-02 3.908025026321411133e-01 4.333950982982059941e-06 4.922589659690856934e-02 1.599403284490108490e-02 7.648648170288652182e-05 4.207227611914277077e-04 4.978952347300946712e-04 4.550564587116241455e-01 7.785113900899887085e-02 9.538547019474208355e-04 1.986367578865610994e-06 7.635989226400852203e-03 1.366400159895420074e-03 2.130698994733393192e-04 5.540781421586871147e-05
9.979113936424255371e-01 3.749766945838928223e-01 1.365098432870581746e-04 3.001997806131839752e-02 1.603606790304183960e-01 1.018547845887951553e-05 2.435365505516529083e-02 3.310175985097885132e-02 4.940747385262511671e-05 1.393392099998891354e-03 2.715607988648116589e-04 4.100004732608795166e-01 3.251312673091888428e-01 1.520874095149338245e-03 3.450785470704431646e-06 6.799898575991392136e-03 8.147333865053951740e-04 1.005767495371401310e-03 6.515168934129178524e-05
9.911113381385803223e-01 9.103795886039733887e-01 4.089123990524967667e-07 9.994934797286987305e-01 3.535122596076689661e-05 3.360176359379352107e-09 2.037971171375829726e-06 5.762059986591339111e-02 7.295383741556804580e-11 1.584866695338860154e-04 3.097230774073977955e-07 5.258779128780588508e-05 2.108535915613174438e-01 4.403790533542633057e-01 8.533603157445668330e-09 2.400353987468406558e-04 2.031365966104203835e-06 1.324209966696798801e-03 8.361157322056556040e-10
2.496865636203438044e-04 6.378095349646173418e-07 2.222738970658610924e-08 8.004357106983661652e-03 5.324326753616333008e-01 1.213746509165503085e-05 7.033417820930480957e-01 3.629147977335378528e-05 1.420610897184815258e-05 1.519767045974731445e-01 2.044931157740847993e-08 9.807065725326538086e-01 8.181522716768085957e-04 2.646487189394974848e-07 2.237822627648711205e-06 5.078644752502441406e-01 4.573391284793615341e-03 2.702743746340274811e-03 2.880852889575180598e-07
3.316276967525482178e-01 1.685453607933595777e-04 2.595037740249495073e-09 5.321138814906589687e-06 2.113670461767469533e-06 9.697909142403204896e-10 1.195879031001823023e-05 6.329112220555543900e-04 6.846624656109412399e-11 9.985328912734985352e-01 1.463672649748559706e-08 4.555165171623229980e-01 9.605631828308105469e-01 4.808352674356974887e-11 3.162277080817621489e-12 6.776727735996246338e-03 8.244150251357496018e-09 4.936871118843555450e-04 4.978784051701268254e-09
5.340860486030578613e-01 1.735758152790367603e-03 1.132323319552597241e-07 2.529979065002407879e-05 2.116071846103295684e-05 1.099943158777705321e-08 5.981835420243442059e-05 1.686161383986473083e-03 2.549713551402987832e-09 9.732434153556823730e-01 1.792071486761415144e-07 4.955790340900421143e-01 9.811027646064758301e-01 3.031401796249610925e-09 1.499221441436660029e-10 1.185630448162555695e-02 1.041183139705026406e-07 1.552933477796614170e-03 1.205185213848380954e-07
1.622584591132181231e-07 1.674938943097004085e-07 1.539017802087983000e-08 9.999767541885375977e-01 2.529983511578848265e-08 3.488694333420028215e-10 2.062288671731948853e-02 3.877202747389674187e-03 1.520388037690167948e-09 7.218255632324144244e-06 5.897344922513661492e-14 3.093015774058294198e-11 3.202062725904397666e-05 3.548671258613467216e-03 5.576470866799354553e-03 4.433024258787554572e-08 9.968588352203369141e-01 1.123828929848968983e-03 2.571482089763765799e-12
8.481200933456420898e-01 8.490880951285362244e-03 4.491303570830496028e-06 9.995002746582031250e-01 1.138515770435333252e-01 5.040044561610557139e-05 6.397219374775886536e-03 2.525264862924814224e-03 3.891344931616913527e-06 4.040617495775222778e-02 8.110069757094606757e-06 8.675304241478443146e-03 2.711526677012443542e-02 1.437745173461735249e-03 2.401453210040926933e-03 4.808515310287475586e-03 2.327753975987434387e-02 1.422528293915092945e-04 7.434473445755429566e-07
4.645769298076629639e-01 4.075108841061592102e-02 3.224125248380005360e-04 2.813106589019298553e-02 6.056389957666397095e-02 1.256772433407604694e-03 7.122935652732849121e-01 8.248870819807052612e-02 5.903648678213357925e-03 1.045701578259468079e-01 2.979258773848414421e-03 4.632311761379241943e-01 2.118961662054061890e-01 3.008617786690592766e-03 1.205423939973115921e-02 6.610137969255447388e-02 2.645210921764373779e-01 1.391983777284622192e-02 5.462656728923320770e-03
9.379046969115734100e-04 9.834019874688237906e-05 5.041059012000914663e-06 1.001184992492198944e-02 6.688581779599189758e-04 2.733940391408395953e-06 9.859771728515625000e-01 4.603543784469366074e-03 5.698141758330166340e-04 3.171565913362428546e-05 1.163283013738691807e-05 3.745698137208819389e-03 3.296751528978347778e-03 1.494329888373613358e-03 1.355647295713424683e-01 1.108966767787933350e-03 9.848855733871459961e-01 3.048456856049597263e-04 1.910932362079620361e-03
5.379289632401196286e-06 1.515739677415695041e-05 1.659364423645115494e-09 5.635026469826698303e-02 3.052128013223409653e-03 3.553892747731879354e-05 9.969336986541748047e-01 1.764009721227921546e-05 6.026059272699058056e-04 2.131038199877366424e-04 7.511253841130383080e-09 1.936859567649662495e-03 2.899047976825386286e-04 3.286784703959710896e-05 3.668877761811017990e-04 2.018046565353870392e-03 2.650919137522578239e-03 4.871753390034427866e-06 1.758085090841632336e-06
1.445532980142161250e-04 1.764183366503857542e-06 4.785509211124860940e-10 1.483738451497629285e-04 1.450585424900054932e-01 1.079530011338647455e-05 1.946196854114532471e-01 1.162856860901229084e-04 1.263909211957070511e-06 9.920132756233215332e-01 2.558649292438985867e-08 9.866798520088195801e-01 6.196481408551335335e-04 7.455032147163365153e-09 3.662328751374843705e-08 4.676095843315124512e-01 1.369178789900615811e-04 1.680243440205231309e-04 3.161806816365242412e-08
1.290906652684498113e-06 1.836922081110969884e-07 3.031786280360826424e-11 2.328294385733897798e-06 2.251902408897876740e-02 1.644829694669169839e-06 9.425866007804870605e-01 2.241862603113986552e-05 1.356435404886724427e-05 2.315316945314407349e-01 1.233086166507746384e-08 9.656175971031188965e-01 3.457820741459727287e-03 4.871330006039897853e-10 1.383165848523049135e-08 4.043403267860412598e-01 6.477169808931648731e-04 1.852266723290085793e-05 3.620694144501612755e-07
1.388270334246044513e-06 5.153136584112871788e-09 1.111364993089392073e-11 2.080159219985944219e-06 9.921390563249588013e-02 8.633358561382920016e-08 6.352798938751220703e-01 9.599113582225982100e-06 2.414774940007191617e-07 9.013414978981018066e-01 2.624409300988617133e-10 9.981564879417419434e-01 2.303291985299438238e-04 9.539161821559005716e-11 3.247184743315756350e-10 6.996288895606994629e-01 1.381111214868724346e-04 4.415044168126769364e-05 2.024559409008475086e-09
1.484758500009775162e-02 4.620270729064941406e-01 7.366079371422529221e-04 6.852659583091735840e-02 3.868518164381384850e-03 9.459761381149291992e-01 1.028683707118034363e-01 1.795068569481372833e-02 1.527034677565097809e-02 7.331318338401615620e-04 2.146301412722095847e-04 1.773376716300845146e-04 2.820718102157115936e-03 7.757388949394226074e-01 5.200067535042762756e-03 7.718972046859562397e-04 1.308797043748199940e-03 1.026037614792585373e-02 5.948378820903599262e-04
8.487395942211151123e-02 3.203436499461531639e-03 1.771549364093516488e-06 9.953717589378356934e-01 8.219002932310104370e-02 1.109382137656211853e-04 7.861785590648651123e-03 1.854956732131540775e-03 7.402538244605239015e-07 9.577401876449584961e-01 1.160958277068857569e-06 3.093073070049285889e-01 1.826619356870651245e-02 1.259663113160058856e-04 2.482651034370064735e-04 6.640142947435379028e-02 4.024138674139976501e-03 8.131089271046221256e-04 4.703222700186415750e-08
9.632594810682348907e-06 1.593274667754940310e-08 1.070646557521648390e-10 7.021748388069681823e-06 6.191721558570861816e-01 5.554745641234148934e-08 9.102266430854797363e-01 8.120518941723275930e-07 1.096940923162037507e-05 4.716712050139904022e-03 1.555374495865180506e-09 9.975639581680297852e-01 2.466266450937837362e-04 4.175858825394840323e-10 6.272198316281674124e-10 5.908052325248718262e-01 4.675960808526724577e-04 3.499927697703242302e-05 4.188985514019805123e-08
1.672915071249008179e-01 1.966482549905776978e-01 5.458638072013854980e-01 4.424356818199157715e-01 1.320450007915496826e-01 5.645481348037719727e-01 2.451176345348358154e-01 2.220474481582641602e-01 1.236749663949012756e-01 8.533463627099990845e-02 1.962650008499622345e-02 3.627665713429450989e-02 1.663518846035003662e-01 3.088836371898651123e-01 3.587082922458648682e-01 7.537972182035446167e-02 1.409441381692886353e-01 1.876954138278961182e-01 5.353229492902755737e-02
2.199510782957077026e-01 2.557307481765747070e-01 7.232341766357421875e-01 5.393499732017517090e-01 1.480386704206466675e-01 3.709539175033569336e-01 2.521577179431915283e-01 2.820984721183776855e-01 8.965650200843811035e-02 1.104470267891883850e-01 3.642404079437255859e-02 5.049170553684234619e-02 2.213940471410751343e-01 3.650963306427001953e-01 3.539191186428070068e-01 1.240392848849296570e-01 1.418177783489227295e-01 2.041741162538528442e-01 5.795558914542198181e-02
3.084827994825900532e-06 1.178101083354476941e-08 8.776340765237478081e-12 1.169355527963489294e-06 1.207479313015937805e-01 1.057289011896500597e-07 6.293365359306335449e-01 7.927485057734884322e-06 4.731330704998981673e-07 8.414504528045654297e-01 5.799972724318536166e-10 9.980053305625915527e-01 4.160373937338590622e-04 4.683673587857484222e-11 1.447858222203279865e-10 6.464226841926574707e-01 9.087732178159058094e-05 2.812813363561872393e-05 4.053331892350797716e-09
9.107689261436462402e-01 4.155176281929016113e-01 9.989925026893615723e-01 1.827297732234001160e-02 3.683626651763916016e-02 3.074395644944161177e-04 2.488210648298263550e-01 3.015243411064147949e-01 8.293452672660350800e-03 1.093027833849191666e-02 1.253873459063470364e-03 4.729377850890159607e-02 4.318526387214660645e-01 3.473726287484169006e-02 5.474075442180037498e-04 2.646072581410408020e-02 4.767053201794624329e-02 2.692101988941431046e-03 4.624569043517112732e-02
9.478220343589782715e-01 2.996028065681457520e-01 2.098964760079979897e-03 2.299466868862509727e-03 2.646189741790294647e-02 4.265881143510341644e-04 3.983246386051177979e-01 3.748757019639015198e-02 2.785356044769287109e-01 1.623089052736759186e-02 1.038095355033874512e-02 2.623857855796813965e-01 1.691190451383590698e-01 5.069869221188127995e-04 7.039798219921067357e-05 1.054053753614425659e-02 1.801057904958724976e-02 1.645278767682611942e-03 3.942466378211975098e-01
2.446028020131052472e-07 1.711315950059244528e-10 3.465608833911368140e-17 5.836527066094276961e-07 1.073774974793195724e-02 1.381174619119462932e-09 6.153797265142202377e-03 2.865150463549070992e-07 1.984765433601931583e-12 9.999961853027343750e-01 5.965723520653248846e-14 9.990751743316650391e-01 1.391412979501183145e-06 1.868086611236333822e-14 2.477005146134247937e-13 4.121648371219635010e-01 1.025594613679459144e-07 2.762386941412842134e-07 4.436629405193568895e-15
3.131042092263669474e-07 8.122073152927455908e-11 1.113812157332557187e-14 1.000000000000000000e+00 1.084942979900915816e-08 7.975889913802713949e-12 1.147076673646552081e-07 5.474900532931314956e-08 7.209055909466934725e-15 2.387031371176018268e-11 2.081359011327705504e-22 2.608471410185638007e-20 1.215876110904900997e-08 5.100534508528653532e-06 5.925183472754724789e-07 6.024454481286245500e-13 1.027796184644103050e-03 1.951421836621225481e-11 3.096891835094937225e-20
1.013214969702858070e-07 2.196255991293583065e-06 2.137460347606534583e-12 1.065987627953290939e-02 5.239509977400302887e-03 7.781320164212957025e-06 9.999701976776123047e-01 3.236453594013255497e-08 1.646341383457183838e-01 5.805842029360519518e-09 1.138378067366829782e-07 3.350184415467083454e-04 4.920106562167347874e-07 2.608430804684758186e-05 7.131585734896361828e-04 1.707675633952021599e-03 1.607435697223991156e-04 1.341039296676171944e-05 3.806820313911885023e-05
3.221572342226863839e-09 3.405653405934572220e-04 1.204461877457596586e-12 1.585674844682216644e-02 5.481715106725459918e-06 3.927913638790414552e-08 9.999927282333374023e-01 2.055164031844469719e-06 1.103565655648708344e-02 8.712708776670297084e-09 4.835482414478065039e-08 1.041145992530800868e-06 1.286446718040679116e-06 2.036707010120153427e-03 3.240891237510368228e-05 5.770869393018074334e-05 4.259287961758673191e-04 3.782909985261539987e-08 4.961291324434569106e-06
2.919459257100243121e-05 3.105018404312431812e-04 5.046752793447240037e-09 7.510153949260711670e-02 1.776271872222423553e-02 2.792862651403993368e-04 9.988594055175781250e-01 6.366886282194172964e-06 2.547133564949035645e-01 1.617518478269630577e-06 2.218563349742908031e-05 2.121151657775044441e-03 2.498342655599117279e-05 7.556579075753688812e-04 4.235414788126945496e-03 5.226285196840763092e-03 1.446583308279514313e-03 1.834853319451212883e-04 8.909352472983300686e-04
8.025186252780258656e-04 1.929283898789435625e-04 4.751386839529914141e-09 6.313110142946243286e-02 2.247888445854187012e-01 2.916207015514373779e-01 7.138136029243469238e-01 5.217190732764720451e-07 2.476875931024551392e-01 2.016456710407510400e-05 1.620853936401545070e-06 4.832584876567125320e-03 1.856463131844066083e-05 3.488528454909101129e-05 3.170653362758457661e-04 2.436992246657609940e-03 1.184294378617778420e-04 3.901498566847294569e-04 7.655330118723213673e-04
5.201377440243959427e-03 9.136468870565295219e-04 5.542265716940164566e-04 9.994655251502990723e-01 4.448291729204356670e-04 2.009361749514937401e-03 1.689972728490829468e-02 4.449542239308357239e-02 1.024316497932886705e-05 2.983240224421024323e-02 1.087568506363822962e-07 5.817372766614425927e-06 9.929379448294639587e-03 4.259346425533294678e-02 1.905065029859542847e-01 1.589778403285890818e-04 1.679059565067291260e-01 7.335241883993148804e-02 2.211866245716009871e-07
1.336417532193934221e-09 1.609744231245713308e-07 4.211643533924558369e-11 9.999917745590209961e-01 1.555864947988538916e-08 4.999623761867133531e-13 9.524686932563781738e-01 7.746471965219825506e-05 2.975585289277660195e-07 4.597180858212368548e-09 1.056173811603278168e-12 3.072816090118890564e-12 1.909282218548469245e-06 1.039955299347639084e-03 4.163480116403661668e-05 1.100757884842096246e-07 6.927850246429443359e-01 4.059224623098600659e-10 6.960348269968719137e-11
1.475677709095180035e-04 3.866984116029925644e-05 1.296360494507098338e-07 2.199818938970565796e-02 8.452126756310462952e-03 2.721874261624179780e-05 5.971965193748474121e-01 3.587769577279686928e-03 1.292059823754243553e-05 9.310520887374877930e-01 8.200538559322012588e-07 7.293766736984252930e-01 7.848976179957389832e-03 2.645669837875175290e-06 8.918326057028025389e-05 2.142517864704132080e-01 1.315746642649173737e-02 1.773284398950636387e-03 1.218661964230705053e-06
7.464838366076696850e-16 5.450828784805498147e-20 4.674115802933575977e-26 2.790505490796266891e-14 2.624499797821044922e-01 1.000000000000000000e+00 4.267721465112117585e-08 2.030729653422660618e-26 1.729761832393705845e-03 6.868372624119212233e-12 8.338831769379577792e-28 3.654435198896521797e-09 4.328232812223312966e-17 7.495890617090559000e-22 2.689686287812536442e-17 2.724482639493430725e-09 1.729500247307563451e-15 1.643986891064486144e-10 9.650735939559229593e-12
8.715303576987563829e-16 6.051404561019331004e-20 5.471541087505684494e-26 3.493601621103875621e-14 2.723856270313262939e-01 1.000000000000000000e+00 5.084921284037591249e-08 2.546960075724895193e-26 1.816120813600718975e-03 7.380757463537612750e-12 1.099577923903809921e-27 4.219390614679241480e-09 4.978896721652219769e-17 8.654879000589517447e-22 3.006279079355367106e-17 3.076820576097816229e-09 2.058146066226916593e-15 1.838507540652400962e-10 1.002587943221833200e-11
1.335643796998825083e-15 1.048792703037126058e-19 1.128440873015369231e-25 5.075971313737125123e-14 2.729216217994689941e-01 1.000000000000000000e+00 6.264588847670893301e-08 5.315615334017765064e-26 1.950179692357778549e-03 1.013736837529588541e-11 2.357475378142017055e-27 5.342607245495401003e-09 7.924389606513515083e-17 1.571674364877275884e-21 4.827276831476964944e-17 3.881047483389465924e-09 3.109602368488043403e-15 2.408077626192550724e-10 1.368974898718899880e-11
2.098999019040093117e-08 3.045590801775688305e-08 7.959204140206566080e-08 9.997481703758239746e-01 2.677414556728763273e-08 1.075714170517549917e-11 7.003679871559143066e-01 5.858919466845691204e-04 1.435828167473118810e-08 1.116864609684853349e-07 2.756224339473672957e-13 4.853597523890584853e-10 1.742003041727002710e-05 2.139250864274799824e-04 6.696455529890954494e-04 4.947750085193547420e-07 9.980434179306030273e-01 5.339487074706994463e-07 8.532991674359280410e-11
2.784632124530617148e-05 1.419196982155312980e-09 1.027413484150363487e-11 9.999997615814208984e-01 4.379319027066230774e-03 1.377720309392316267e-06 1.096381321549415588e-01 2.162353922585680266e-07 5.508113645191770047e-07 9.638650055876496481e-08 9.444570505442312358e-14 1.471381807505167671e-07 1.275340423489979003e-06 7.731485851536490372e-08 5.481904954649507999e-04 4.846978299610782415e-06 7.553661614656448364e-02 1.296254925620132781e-08 1.757208614727723273e-11
7.589055712742265314e-07 2.441521207430241702e-09 8.407496920881385449e-11 1.000000000000000000e+00 5.041069016442634165e-06 1.953433664825254823e-10 4.320226237177848816e-02 7.139953140722354874e-06 1.059145482429357799e-08 1.644154856705881684e-08 1.723714758167932404e-14 2.977936300330163988e-11 1.688317070147604682e-06 3.609066425269702449e-06 9.283309191232547164e-05 5.994701979261662927e-08 8.723741769790649414e-01 1.192469678557017687e-09 3.555170751973896204e-13
8.336068901826365618e-08 5.679457792950870498e-09 6.994907257584781490e-12 2.071406157710953266e-07 8.525650948286056519e-02 1.000000000000000000e+00 3.865512917400337756e-05 1.953301452875533251e-12 9.711576625704765320e-03 1.065204969563637860e-06 7.138061165366457739e-14 2.653748197189997882e-06 1.856608022876571340e-08 8.440053655967005852e-10 1.144345063153195952e-07 5.310548203851794824e-06 8.540837370674125850e-08 2.630859489727299660e-05 3.114408627880038694e-06
8.919464278278610436e-08 5.589805951444759557e-09 7.115490488485143317e-12 2.286496112446911866e-07 9.173204749822616577e-02 1.000000000000000000e+00 4.458381590666249394e-05 2.177914099066313725e-12 1.049466058611869812e-02 1.218858415086288005e-06 8.417111408906552406e-14 3.275389872214873321e-06 2.032553858555274928e-08 8.311865085097736028e-10 1.144828587484880700e-07 6.205310455698054284e-06 9.357061259152033017e-08 2.735063753789290786e-05 3.291061375421122648e-06
4.681564576003438560e-07 4.342470596974644381e-14 2.208503165935435714e-18 1.000000000000000000e+00 7.726647891104221344e-05 1.169071416370570660e-03 1.141895791079150513e-05 8.344098524105947323e-13 2.420281086656927982e-09 8.503142634452842685e-12 8.181781571461944552e-22 6.915412117730265762e-14 3.511526347477200716e-10 3.185748106288022186e-12 1.299071573157561943e-05 1.510801483917134647e-10 3.327661488583544269e-06 2.803339504975355112e-11 2.684940090893829680e-17
3.347021902300184593e-06 1.010000083567774709e-08 1.310342459537316984e-11 8.346869610249996185e-03 3.970463573932647705e-01 8.785130381584167480e-01 5.857651233673095703e-01 1.527718368476982391e-10 1.277438253164291382e-01 7.899645737552418723e-08 4.289136060209308710e-11 1.929355494212359190e-04 9.770121778274187818e-08 3.318098862337137689e-08 2.404597216809634119e-05 1.523581013316288590e-04 1.220853391714626923e-05 2.967451000586152077e-04 2.866697059289435856e-06
5.368445999920368195e-04 9.047843377629760653e-06 6.347857492983166594e-07 6.658385507762432098e-03 7.197673320770263672e-01 2.890836000442504883e-01 7.723821997642517090e-01 6.988098903093487024e-06 1.841933131217956543e-01 1.621413277462124825e-03 8.914956197259016335e-06 2.651771605014801025e-01 2.715154842007905245e-04 5.295724804454948753e-06 1.758365979185327888e-04 9.132145345211029053e-02 2.150902058929204941e-03 1.810500584542751312e-02 8.247311343438923359e-04
6.518269401567522436e-06 2.605760940355139610e-09 6.894465033602248383e-12 2.020994179474655539e-05 8.819354176521301270e-01 3.276992356404662132e-04 9.654131531715393066e-01 5.843725947585198810e-09 3.406289732083678246e-03 2.469993778504431248e-04 1.060952548037619181e-09 9.549810290336608887e-01 9.349545507575385273e-06 1.036499566731130528e-10 2.646726215971284546e-08 2.353077977895736694e-01 4.645255467039532959e-05 7.878910400904715061e-05 1.212938741446123458e-06
2.180731399903379497e-07 9.255874955371723445e-10 1.060022512475167211e-12 7.684581875801086426e-01 5.801351740956306458e-02 2.004204802119602391e-08 9.996522665023803711e-01 1.632900925585545338e-08 3.053534965147264302e-05 1.481394917846046155e-08 5.856805925658070677e-12 2.640573773533105850e-03 1.499302470620023087e-06 5.313514250815387641e-08 2.465723082423210144e-04 2.796673448756337166e-03 1.480104308575391769e-02 1.732709620227979030e-06 6.437399058256687567e-09
1.460382918594405055e-06 1.626595108605854989e-10 5.401869950698648393e-14 8.994852304458618164e-01 5.185869932174682617e-01 1.257277126853750815e-08 9.985421895980834961e-01 3.094329237285364798e-09 1.433407123840879649e-05 2.675178656375010178e-08 3.141428740402463227e-12 4.412296786904335022e-02 4.533375204118783586e-07 2.628799178339136233e-09 2.908285932790022343e-05 1.548442430794239044e-02 8.775905705988407135e-03 7.001848189247539267e-06 1.598323584595107150e-09
3.996269704042987314e-10 4.543944647633635370e-12 2.413505239659861435e-16 8.075492382049560547e-01 6.254730280488729477e-03 7.426503301211084818e-10 9.999883174896240234e-01 9.894139674226920533e-11 6.753788511559832841e-06 3.943123605409937227e-11 3.470706278187944520e-15 4.498449561651796103e-05 3.042287133325771720e-08 3.443444640538473323e-09 9.404046431882306933e-05 2.133016241714358330e-04 2.763587282970547676e-03 3.997516273557266686e-08 9.629026742619117840e-11
1.503958719695219770e-05 2.742973083513788879e-05 5.341201540431939065e-05 9.365625381469726562e-01 2.205325245085987262e-06 1.220808643847703934e-02 1.952826045453548431e-02 1.322686579078435898e-02 3.653242401924217120e-06 1.520576421171426773e-03 4.736743774991225564e-10 3.342924514981859829e-08 6.500307936221361160e-04 7.654203474521636963e-02 9.070960283279418945e-01 2.519273039069958031e-06 1.439440399408340454e-01 5.749527812004089355e-01 1.134978155903354491e-08
2.190238046750891954e-05 2.147479305492083768e-09 2.853075645203352606e-14 5.831414600834250450e-04 5.365934371948242188e-01 3.820744950644439086e-06 1.068381965160369873e-01 5.490250742923308280e-08 3.750306731831187790e-09 9.959257841110229492e-01 8.023705940114755908e-13 9.972239732742309570e-01 1.151765263784909621e-05 7.988492679855685452e-13 5.270610614616089151e-10 3.050898909568786621e-01 1.736375224936637096e-06 3.843365902866935357e-06 2.441498609187520152e-12
9.816286619752645493e-04 2.863722329493612051e-05 1.942896487889811397e-04 9.989713430404663086e-01 2.824460716510657221e-05 1.519976556301116943e-02 7.716123480349779129e-03 5.439076106995344162e-03 2.648620920808752999e-06 2.440945990383625031e-02 1.155128881435985022e-09 5.264055289444513619e-07 2.436812501400709152e-03 7.654410786926746368e-03 5.846376419067382812e-01 5.423480615718290210e-06 2.574061043560504913e-02 4.470754042267799377e-02 1.251852399519748360e-08
7.628143066540360451e-05 1.144061023694575852e-08 3.176679058691789237e-11 1.000000000000000000e+00 7.443815411534160376e-05 2.791971320803554590e-09 4.078809637576341629e-03 1.344770112154947128e-06 7.405430935136791959e-09 5.758265420041652760e-09 4.000516958717684202e-14 1.473890107184239184e-11 8.253954320025513880e-07 2.936952114396262914e-06 1.986740244319662452e-04 2.441116997431436175e-08 3.345376253128051758e-01 1.936583809980518822e-10 1.282788030529738443e-13
1.841470599174499512e-02 4.787248599313898012e-06 3.031187967295068120e-09 1.000000000000000000e+00 1.788106164894998074e-04 1.351482524114544503e-06 6.828910045442171395e-06 4.916817488265223801e-06 1.264040316861780866e-09 6.290511009865440428e-07 5.324163419168082001e-13 7.349237884923809361e-11 2.575233884272165596e-05 3.225979162380099297e-04 1.205658045364543796e-04 4.722635367215843871e-07 2.288712566951289773e-04 2.134230783212842653e-07 7.510068088245613893e-12
1.930960991103347624e-08 6.551307052404808928e-09 4.368141319575219450e-13 1.799979831851317158e-09 1.335230767726898193e-01 9.995887875556945801e-01 1.888968423008918762e-02 7.266848789377888806e-10 1.354864099994301796e-03 6.469684094190597534e-02 2.407758020739336757e-12 2.263128757476806641e-02 3.397043201402993873e-06 3.496378317077719622e-12 3.315250740598685297e-09 7.681084796786308289e-03 6.903901095256514964e-08 1.696779918347601779e-06 2.930754590124706738e-06
9.979563951492309570e-01 4.444997012615203857e-02 1.532777993418221740e-08 1.617533853277564049e-03 7.085979580879211426e-01 1.099706423701718450e-07 3.291439712047576904e-01 6.429765198845416307e-05 1.079184236004948616e-03 1.032662294164765626e-05 8.060671825660392642e-05 7.414687275886535645e-01 8.312025456689298153e-04 7.873665595070633572e-07 1.826681028660459560e-08 6.003074813634157181e-03 4.123621329199522734e-04 1.030562202686269302e-06 1.301515294471755624e-04
1.000000000000000000e+00 2.530966699123382568e-01 1.292831397492477663e-10 2.955541713163256645e-04 5.909765362739562988e-01 2.585941172566358359e-13 1.537507283501327038e-03 3.375250889803282917e-05 3.668053949468230712e-08 3.169973727956687526e-10 6.694278908980777487e-07 3.945675194263458252e-01 4.686189931817352772e-04 2.432967107779404614e-07 9.927447217419633346e-15 1.300765052292263135e-05 7.781644626447814517e-07 4.466126912738843657e-10 5.966102278875951015e-09
6.880084984004497528e-03 5.854243227076949552e-06 1.267646820846124456e-10 9.999998807907104492e-01 6.882207514991023345e-08 1.726662276269053109e-06 1.432936898027037387e-07 8.024402632145211101e-05 5.697244400153147342e-15 9.987530708312988281e-01 3.390643453464047170e-15 2.354501589252322447e-07 1.647158060222864151e-03 1.673113729339092970e-05 2.243426024506334215e-05 6.021804210831760429e-08 3.466859425316215493e-06 7.583732804050669074e-05 1.843952212643291369e-16
2.668206691741943359e-01 4.061609506607055664e-04 2.394244269510181766e-08 1.485446591686923057e-05 1.203105057356879115e-04 1.266982678771455539e-07 8.309183758683502674e-04 1.597076654434204102e-03 6.450738254670795868e-08 9.954113364219665527e-01 6.128445875219767913e-07 5.854871273040771484e-01 7.024239897727966309e-01 1.040451613754100890e-09 3.453558827803959730e-10 2.136418595910072327e-02 7.866864848438126501e-07 4.893407458439469337e-04 7.180536272244353313e-07
9.900294244289398193e-03 1.386846043169498444e-02 4.802210032939910889e-01 8.694283366203308105e-01 2.873022574931383133e-03 1.035484764724969864e-02 2.119653820991516113e-01 1.660811156034469604e-01 1.052395557053387165e-03 3.006109967827796936e-02 6.089214002713561058e-05 4.440367338247597218e-04 6.664991378784179688e-02 2.336228787899017334e-01 4.339622855186462402e-01 5.075936671346426010e-03 4.981791675090789795e-01 2.518436610698699951e-01 2.734639565460383892e-04
6.078818440437316895e-02 8.432811498641967773e-02 1.346966344863176346e-02 9.778808355331420898e-01 1.336543075740337372e-02 1.349836494773626328e-02 7.085568457841873169e-02 2.756684124469757080e-01 6.784179713577032089e-04 3.662936389446258545e-02 1.994573540287092328e-04 6.067053764127194881e-04 6.226874515414237976e-02 6.591356396675109863e-01 2.204783558845520020e-01 1.158065441995859146e-02 1.094179898500442505e-01 5.747060775756835938e-01 1.854637812357395887e-04
1.753057040332350880e-05 3.631190702435560524e-05 2.865322024092620268e-08 1.570447420817799866e-05 6.778012029826641083e-04 3.066901263082399964e-05 6.596095561981201172e-01 1.703040674328804016e-02 1.397503656335175037e-04 9.881500005722045898e-01 9.869753739621955901e-06 7.792170643806457520e-01 1.178623177111148834e-02 1.606352100225194590e-07 1.416752184013603255e-06 2.809753119945526123e-01 4.347947891801595688e-03 3.730903845280408859e-04 2.108984335791319609e-05
2.570366263389587402e-01 3.202858194708824158e-02 1.531827542930841446e-02 7.676941752433776855e-01 3.817532658576965332e-01 2.580944262444972992e-02 3.554774522781372070e-01 3.227439895272254944e-02 1.387088652700185776e-02 2.111676484346389771e-01 2.319444203749299049e-03 3.858808279037475586e-01 8.515651524066925049e-02 8.622225373983383179e-03 4.428008943796157837e-02 1.810890734195709229e-01 1.153341755270957947e-01 3.013080544769763947e-02 1.848109997808933258e-03
7.612615823745727539e-02 7.916764356195926666e-03 4.859112203121185303e-02 2.231671065092086792e-01 4.488380849361419678e-01 5.439465865492820740e-03 6.314063668251037598e-01 4.136423766613006592e-02 1.187676843255758286e-02 1.154273301362991333e-01 1.048140227794647217e-03 6.225766539573669434e-01 6.772899627685546875e-02 4.692783113569021225e-03 1.363412942737340927e-02 3.049986064434051514e-01 1.785122305154800415e-01 6.602123379707336426e-02 3.709813114255666733e-03
6.326825823634862900e-03 5.407246499089524150e-05 4.030381387565284967e-04 9.999866485595703125e-01 6.983836647123098373e-03 3.782605007290840149e-02 3.690472804009914398e-03 1.029206832754425704e-04 2.032941556535661221e-04 2.310342460987158120e-05 2.584123315330089099e-08 9.648136938267271034e-07 6.819069967605173588e-04 9.796530939638614655e-04 1.699353009462356567e-02 2.022136904997751117e-04 2.082791412249207497e-03 3.039144794456660748e-04 7.019010581643669866e-07
2.438863702991511673e-06 1.526791351125211804e-07 2.366873624176646373e-12 2.588148539928170067e-08 3.052933316212147474e-04 6.795390800107270479e-05 2.289922684431076050e-01 7.000522600719705224e-05 5.801930910820374265e-06 9.998046755790710449e-01 1.129712590142162298e-08 8.357526063919067383e-01 1.630413695238530636e-03 1.127327398098287858e-12 4.072338577465473008e-10 9.422145783901214600e-02 3.131763833152945153e-06 2.016996177189867012e-06 2.532717076064727735e-07
1.911597792059183121e-06 7.727034301296953345e-08 9.090072986862873794e-13 2.613612082313920837e-08 1.540257944725453854e-04 2.360649523325264454e-05 1.085420623421669006e-01 6.815606320742517710e-05 1.463131866330513731e-06 9.999498128890991211e-01 5.769225541740752305e-09 8.364264369010925293e-01 9.949266677722334862e-04 4.088263473416009486e-13 2.102948093440915045e-10 8.245240896940231323e-02 2.088137307509896345e-06 1.692920136520115193e-06 3.965492112456558971e-08
1.975500926038042948e-12 7.908521837407533894e-09 2.664578835354092234e-10 3.806132326644728892e-06 6.768747229379812325e-10 8.246497235075977983e-12 9.991346001625061035e-01 2.160963369533419609e-03 7.918174960650503635e-04 2.365646345481309254e-08 2.159250778177579377e-09 3.210434584843824268e-08 3.860808192257536575e-06 1.066390983760356903e-02 1.734708712319843471e-05 1.068928686436265707e-04 9.836244583129882812e-01 9.998378753662109375e-01 4.380283940008666832e-07
7.065003963802052311e-13 3.876571064154177293e-09 1.192603238386880093e-10 2.385791503911605105e-06 3.159585371115269936e-10 3.239769997415153924e-12 9.993366599082946777e-01 1.714233541861176491e-03 6.286908173933625221e-04 1.235134039490048963e-08 1.056294274270896949e-09 1.708750652085200272e-08 2.432877181490766816e-06 9.047000668942928314e-03 1.158396480605006218e-05 7.844124775147065520e-05 9.864944219589233398e-01 9.998830556869506836e-01 2.651701720424171071e-07
