1.257013514885815191e-19 2.402527233148071817e-13 3.272826123580933778e-22 7.917202310636639595e-06 2.063630794024717829e-10 2.059055101985909908e-13 1.000000000000000000e+00 6.292574968036479532e-12 1.436415118405420799e-06 2.000973883386093083e-15 7.800338818974040118e-18 1.768965009196765692e-11 1.516850534066804812e-10 8.052226263544071116e-08 5.245161446509882808e-06 3.084742772330173466e-08 1.205698354169726372e-04 1.818016397148181085e-11 2.889961533969476193e-11
3.256657719612121582e-02 1.424487866461277008e-02 3.530901085468940437e-05 7.268156856298446655e-02 3.234895120840519667e-04 1.272285124287009239e-03 6.281997077167034149e-03 1.203667595982551575e-01 9.172576028504408896e-06 9.975302815437316895e-01 3.182837390340864658e-04 2.094502002000808716e-01 6.655153632164001465e-02 6.876270053908228874e-04 4.061336512677371502e-04 5.109505727887153625e-02 3.909806255251169205e-03 3.430012241005897522e-02 1.005604008241789415e-05
9.959338307380676270e-01 5.102275013923645020e-01 2.012460754485800862e-05 9.647737145423889160e-01 7.043655961751937866e-02 1.604291355761233717e-06 5.443343892693519592e-03 2.515881694853305817e-02 3.333573113195598125e-05 4.377402656245976686e-04 3.536067670211195946e-03 2.750432491302490234e-02 5.159709602594375610e-02 2.323559299111366272e-02 9.580383448337670416e-06 4.824236035346984863e-03 1.900495029985904694e-03 8.812744636088609695e-05 5.774469900643453002e-05
3.110217452049255371e-01 8.570108413696289062e-01 1.846598461270332336e-04 9.056319594383239746e-01 4.872420104220509529e-04 3.230051879654638469e-05 8.955957368016242981e-03 5.305151939392089844e-01 3.202368316124193370e-05 4.333359189331531525e-03 2.989543718285858631e-04 6.822291179560124874e-04 8.200250566005706787e-02 7.656095623970031738e-01 2.024874556809663773e-04 9.976418688893318176e-03 7.700473070144653320e-03 2.787894010543823242e-02 7.109492344170575961e-06
2.695546485483646393e-02 7.244884502142667770e-03 4.947432535118423402e-05 3.021649271249771118e-02 6.163056823424994946e-04 1.743367058224976063e-03 8.137114346027374268e-03 8.840688318014144897e-02 1.695612809271551669e-05 9.978178739547729492e-01 3.541394544299691916e-04 2.694949507713317871e-01 5.744399502873420715e-02 2.512193459551781416e-04 4.275099781807512045e-04 6.586734205484390259e-02 3.821509191766381264e-03 2.351053617894649506e-02 1.386992607876891270e-05
9.999990463256835938e-01 3.726756945252418518e-02 5.260307189836055386e-10 4.665765154641121626e-04 9.461445212364196777e-01 1.021420795166427808e-11 3.069980815052986145e-02 2.143089659512042999e-06 6.534000931424088776e-07 1.124833448606921138e-09 1.012273855849343818e-06 7.008259892463684082e-01 2.770991886791307479e-05 5.736244546028501645e-08 9.604914519983909216e-13 2.384760009590536356e-04 6.087140263844048604e-06 1.478608013805171595e-09 1.148656352256693935e-07
2.784983627498149872e-02 4.459423571825027466e-02 2.973197479150258005e-05 2.613245546817779541e-01 8.794116001809015870e-05 4.096994816791266203e-04 4.248784855008125305e-03 2.136046439409255981e-01 2.187092832173220813e-06 9.953248500823974609e-01 1.916747860377654433e-04 1.058602854609489441e-01 7.116956263780593872e-02 7.201829459518194199e-03 3.323658893350511789e-04 3.519965335726737976e-02 4.029234871268272400e-03 7.081841677427291870e-02 4.169176463619805872e-06
1.220398626173846424e-04 2.372627783131520118e-08 2.952756095186970242e-11 1.501245569670572877e-04 7.996271252632141113e-01 1.575689339006203227e-07 1.932353526353836060e-01 1.350176262349123135e-06 3.754080069029441802e-08 7.995106577873229980e-01 8.433691939258025627e-11 9.994964599609375000e-01 6.598301843041554093e-05 5.884076559325990274e-10 2.030385859441707908e-10 6.048588752746582031e-01 2.087934080918785185e-05 8.445778803434222937e-05 2.119833752978195207e-10
1.755010150372982025e-02 2.239101333543658257e-03 1.203760348289506510e-05 1.007216866128146648e-03 9.797772392630577087e-03 5.003043916076421738e-04 1.329431980848312378e-01 3.691185265779495239e-02 4.221952112857252359e-04 9.770621061325073242e-01 3.866735787596553564e-04 6.408377885818481445e-01 1.130819842219352722e-01 7.050547537801321596e-06 2.962521284644026309e-05 1.842149794101715088e-01 4.187317099422216415e-03 7.652917876839637756e-03 2.297000028192996979e-04
3.042183071374893188e-02 2.763240365311503410e-03 3.584803082048892975e-03 4.501072764396667480e-01 3.774651093408465385e-03 3.495710790157318115e-01 2.080546319484710693e-01 2.471951767802238464e-02 8.117564022541046143e-03 7.952937483787536621e-02 4.082930536242201924e-05 2.241106936708092690e-03 2.759888209402561188e-02 4.049847275018692017e-02 8.560993671417236328e-01 9.499036823399364948e-04 7.433758676052093506e-02 3.242009878158569336e-02 4.310316289775073528e-04
8.134464733302593231e-04 8.770369291305541992e-01 3.178417682647705078e-05 7.176229953765869141e-01 1.474638224863156211e-06 8.937137749853718560e-07 1.362004224210977554e-02 5.011042952537536621e-01 2.442934317059552995e-07 1.767234243743587285e-05 5.109844778417027555e-07 6.945969488469927455e-08 8.334665326401591301e-04 9.994877576828002930e-01 1.550101442262530327e-04 2.142036682926118374e-04 2.609673188999295235e-03 5.356097128242254257e-03 1.106556801744318363e-08
3.160609594488050789e-06 9.049358963966369629e-01 2.402678092039423063e-07 7.473502159118652344e-01 6.858430490197520157e-10 1.156842066585284101e-09 4.260322451591491699e-02 2.024653553962707520e-01 1.560095719277398985e-09 3.898439260296981956e-08 7.072847862943376640e-10 1.273872760748639976e-11 9.317749572801403701e-06 9.999848604202270508e-01 2.400816583758569323e-06 2.165301793866092339e-06 7.886671228334307671e-04 2.031269395956769586e-04 7.700535521737439382e-12
2.672813359527737020e-11 4.799015732714906335e-05 1.419966466457978083e-12 1.439247571397572756e-04 7.149126290961760333e-10 2.464318471506743435e-10 9.999997615814208984e-01 1.388021337334066629e-04 2.964126132428646088e-02 1.032251853438914679e-10 3.103424717210145900e-07 1.167410612623598354e-09 2.672460936992138159e-07 3.542718589305877686e-01 2.576654660515487194e-04 1.140353901973867323e-06 1.421927958726882935e-01 5.964274168945848942e-05 1.316990346822421998e-05
7.400059700012207031e-01 5.666915094479918480e-04 2.888712047344199618e-10 6.624344450756325386e-07 9.201810462400317192e-05 1.165206153785902643e-09 3.515240678098052740e-04 1.446332607883960009e-04 5.297301264306497615e-09 9.603369832038879395e-01 2.473267635139109188e-08 7.639370560646057129e-01 9.156986474990844727e-01 8.924348239569557251e-12 3.779071511018222695e-13 6.384932436048984528e-03 1.870010102322794410e-08 2.463382770656608045e-05 1.164330711844741018e-07
8.982428437260192780e-23 1.055736512694467930e-20 6.283852000173758620e-28 2.581413110189673425e-16 2.068498705654064906e-09 2.491717613221905768e-21 9.999992847442626953e-01 1.762583690112506929e-10 5.001211592889397498e-15 3.770774928852915764e-03 3.945225006874594354e-21 9.971230626106262207e-01 3.386616356237936998e-07 6.518330523026080945e-23 2.435642360950339787e-20 6.650384664535522461e-01 8.583077033108565956e-06 1.703734673957554846e-13 1.108118941844617655e-17
1.838644593954086304e-01 1.896136236609891057e-04 1.770625833452665887e-11 6.080585990275721997e-08 4.863717476837337017e-04 4.685539423121554137e-08 2.930191718041896820e-02 1.221854181494563818e-04 3.784906084547401406e-06 9.499192833900451660e-01 5.864424110768595710e-07 8.245179653167724609e-01 3.255110979080200195e-01 2.469910777638806287e-12 3.015349038168468887e-12 1.332986913621425629e-02 4.509426787535630865e-07 3.749465349756064825e-06 9.876946933218277991e-06
2.142252419901069516e-08 1.250149844755910067e-10 1.150777903348508373e-15 4.686871761805377901e-06 5.991281270980834961e-01 3.382136856089346111e-05 9.998753070831298828e-01 3.857557936276512223e-12 3.380059599876403809e-01 3.390977498796132750e-09 2.076165905862126237e-10 2.236094921827316284e-01 2.747397687130614941e-08 6.129460133896813545e-11 2.009604571640011272e-07 1.011239085346460342e-02 2.685706022020895034e-06 1.294269804930081591e-05 3.653287876659305766e-06
1.028187739393615630e-07 3.722333872246963438e-07 3.780216673021641327e-07 5.638314178213477135e-04 3.167465138176339678e-06 6.518787287745908543e-09 9.993060827255249023e-01 2.329008653759956360e-03 1.353946208837442100e-05 5.178993887966498733e-06 2.463197823487917049e-08 2.126140752807259560e-04 6.682751118205487728e-04 1.009005864034406841e-04 4.943381529301404953e-03 4.407478263601660728e-04 9.944615364074707031e-01 2.300894448126200587e-05 7.482153887394815683e-05
4.377984168968396261e-06 3.564792683263817707e-09 1.590133596627782420e-14 5.971051986186637350e-10 3.942881524562835693e-01 9.110538989887118078e-09 9.364022612571716309e-01 1.138138738809857387e-08 2.924508407886605710e-05 1.556720584630966187e-03 1.517345277202153397e-10 9.989080429077148438e-01 3.193886659573763609e-04 2.137951647044732811e-14 8.161521588764819590e-14 2.741373479366302490e-01 2.042050709860632196e-06 4.495831973372332868e-08 6.118303019775339635e-08
9.697668254375457764e-03 9.827042371034622192e-02 5.097417670185677707e-06 9.997850060462951660e-01 3.797395620495080948e-04 3.037273709196597338e-04 2.071398310363292694e-03 5.324574932456016541e-02 3.913562977686524391e-06 2.128954511135816574e-04 2.553845206421101466e-07 2.990030338878568728e-07 5.307286512106657028e-03 9.718386530876159668e-01 4.511574807111173868e-04 4.249595222063362598e-04 1.422725385054945946e-03 7.126950193196535110e-03 5.170679742150241509e-07
1.838688850402832031e-01 1.046439539641141891e-02 2.744518965482711792e-02 1.061000954359769821e-02 1.647007535211741924e-03 2.329416602151468396e-04 8.165538311004638672e-03 9.150842577219009399e-02 1.056639939633896574e-05 9.885700345039367676e-01 2.997380506712943316e-04 3.670166730880737305e-01 4.089322090148925781e-01 2.705660881474614143e-04 9.862954902928322554e-05 7.876259833574295044e-02 9.891871595755219460e-04 3.626078739762306213e-02 6.233892054297029972e-05
8.914307951927185059e-01 4.385522380471229553e-02 6.259125471115112305e-02 1.731442694108409341e-06 7.923469820525497198e-05 4.041995907755335793e-06 8.751930594444274902e-01 1.109505828935652971e-04 4.244769215583801270e-01 1.004715086310170591e-04 6.683276751573430374e-06 1.623767614364624023e-02 7.122477400116622448e-04 4.075097592703968985e-07 7.570890403485464049e-08 1.759250517352484167e-05 3.847219049930572510e-03 2.156259370167390443e-06 8.232231140136718750e-01
9.874491691589355469e-01 9.813346862792968750e-01 2.849021257134154439e-05 1.264697313308715820e-02 1.194521100842393935e-04 4.000636408818536438e-07 1.856335811316967010e-02 7.164041399955749512e-01 3.205915272701531649e-04 1.064463212969712913e-04 1.033801236189901829e-03 4.951179958879947662e-03 2.832287549972534180e-01 1.636411994695663452e-02 1.787955596910251188e-07 2.465782919898629189e-03 1.253455062396824360e-03 1.867472543381154537e-03 6.794552064093295485e-06
7.111883163452148438e-01 2.092021713906433433e-05 3.763458988892409707e-11 1.176650766865350306e-05 9.601978063583374023e-01 3.625298816700706084e-08 9.621244072914123535e-01 4.092983729719890107e-09 1.933727972209453583e-02 4.143555187852143717e-08 3.092360714163078228e-07 9.362557530403137207e-01 1.654421566854580306e-06 4.284346488692136745e-10 2.836630930147521212e-09 1.307678315788507462e-02 4.266715768608264625e-05 2.246565031782665756e-07 7.586828724015504122e-05
9.999215602874755859e-01 1.846504211425781250e-02 7.583456640425367823e-10 2.637139395744725334e-10 8.699191675987094641e-05 2.532123122289675621e-11 6.496358513832092285e-01 3.616221988522738684e-07 5.910472571849822998e-02 5.199332917982246727e-06 3.385854370208107866e-07 5.802469253540039062e-01 2.337552141398191452e-03 1.329025865054456190e-12 1.031452687475474528e-14 2.457715027048834600e-06 8.768190582486568019e-07 1.379570624404635737e-10 5.005344152450561523e-01
3.607013821601867676e-02 2.219874411821365356e-02 7.340768724679946899e-02 4.733298346400260925e-02 4.820217192173004150e-02 9.121878072619438171e-03 2.967481613159179688e-01 2.565239071846008301e-01 4.605443216860294342e-03 9.106123447418212891e-01 6.144611630588769913e-03 5.649489164352416992e-01 1.555263251066207886e-01 7.612152956426143646e-03 1.271858904510736465e-02 3.402974903583526611e-01 8.563005924224853516e-02 7.884339988231658936e-02 2.726042876020073891e-03
3.677733047879883088e-06 9.376359230373054743e-06 8.755783710512332618e-06 4.283728685550158843e-06 1.364978670608252287e-04 3.787209834626992233e-06 2.680110931396484375e-01 1.860664971172809601e-02 1.950648993442882784e-06 9.987053871154785156e-01 5.192258640818181448e-07 7.747650146484375000e-01 9.700873866677284241e-03 8.365742587557178922e-08 1.544295145095020416e-07 3.228043317794799805e-01 5.803059902973473072e-04 8.474288915749639273e-05 6.045113423169823363e-07
1.885548408608883619e-05 4.404404899105429649e-05 2.602966333142830990e-06 4.185107172816060483e-05 5.232781768427230418e-05 3.807431994573562406e-06 5.599436536431312561e-02 2.613721601665019989e-02 6.339200240290665533e-07 9.997233748435974121e-01 1.360136593575589359e-06 6.502691507339477539e-01 7.137005217373371124e-03 4.724157633972936310e-07 4.802897137778927572e-07 2.337531000375747681e-01 7.243775762617588043e-04 4.405724757816642523e-04 2.232752365216583712e-07
8.418768629780970514e-06 3.242805846070950793e-08 1.332855944754032795e-13 1.507591150584630668e-06 6.535756380543489286e-09 2.102605023424075625e-08 1.320913497693254612e-06 1.545659033581614494e-04 1.507580816911477384e-13 1.000000000000000000e+00 7.368776422378431334e-11 1.701225936412811279e-01 1.163235065178014338e-04 1.045778155912835405e-12 5.751311926704971711e-11 2.490266459062695503e-03 7.349094488517948776e-08 7.815582648618146777e-06 1.488950937100341071e-14
8.007884389371611178e-06 7.138007163121073972e-07 1.277623146167528034e-10 2.080942613247316331e-05 1.509029971202835441e-05 4.070013517321058316e-07 3.394467523321509361e-03 2.098212949931621552e-03 3.615816313029540652e-09 9.999954700469970703e-01 1.392602921868046906e-08 7.527136802673339844e-01 3.904832701664417982e-04 2.365369899948177590e-09 6.270996522061977885e-08 1.217811331152915955e-01 9.738219523569568992e-05 1.992013712879270315e-04 3.263172232426114761e-10
1.675861810435108623e-10 6.534088374532398547e-12 8.680418872470752742e-19 6.048954115378535334e-10 3.143280835615769320e-08 1.298878712918671852e-11 1.020068768411874771e-03 1.342304676654748619e-05 1.652135324164624719e-13 1.000000000000000000e+00 3.884184776115420790e-14 9.613671302795410156e-01 9.366486892758985050e-07 1.798600612809418036e-16 6.553840179975359281e-14 9.805002808570861816e-02 3.002104733695887262e-07 1.346560054571455112e-07 5.604379731222685311e-16
1.794727332890033722e-02 2.730384841561317444e-02 7.785632610321044922e-01 3.784212470054626465e-02 5.104353278875350952e-02 1.845242222771048546e-03 5.751230716705322266e-01 3.744519352912902832e-01 7.029040716588497162e-03 5.533853769302368164e-01 3.677041037008166313e-03 3.800203204154968262e-01 2.050751298666000366e-01 1.863711327314376831e-02 1.062396448105573654e-02 3.760564327239990234e-01 1.742740869522094727e-01 3.187841549515724182e-02 8.141545578837394714e-03
1.140213087201118469e-01 1.146185621619224548e-01 8.792216181755065918e-01 1.213801279664039612e-01 1.050876677036285400e-01 9.587549604475498199e-03 4.695636332035064697e-01 4.098813235759735107e-01 1.666498556733131409e-02 4.640229046344757080e-01 1.417962927371263504e-02 3.027067780494689941e-01 3.086446225643157959e-01 7.350590825080871582e-02 4.370305687189102173e-02 3.186644613742828369e-01 1.941152960062026978e-01 7.470484077930450439e-02 2.172997407615184784e-02
3.351688981056213379e-01 2.103917002677917480e-01 5.544644594192504883e-01 3.558073639869689941e-01 9.193079173564910889e-02 3.107846528291702271e-02 3.561616241931915283e-01 3.530954718589782715e-01 2.254522591829299927e-02 3.967318534851074219e-01 2.483390271663665771e-02 2.296477258205413818e-01 3.622368276119232178e-01 1.007021293044090271e-01 1.017336323857307434e-01 1.685663759708404541e-01 1.636010259389877319e-01 1.554641127586364746e-01 1.785140484571456909e-02
2.669198861937616130e-09 1.396768656292124433e-08 5.546011566659458936e-12 1.925873802974820137e-03 4.848476673942059278e-04 1.764227135936380364e-06 9.997646212577819824e-01 2.508771785869612359e-06 8.161881123669445515e-05 9.158260218100622296e-05 6.139162511686890866e-10 4.016004968434572220e-03 9.874210081761702895e-05 2.472855555879505118e-07 2.797554407152347267e-05 9.038493037223815918e-03 2.965038176625967026e-03 2.383349237788934261e-05 3.123395515558513580e-07
2.571834523124039151e-09 1.370513214027369031e-08 5.350777546736518175e-12 1.905938726849853992e-03 4.743152530863881111e-04 1.729063114908058196e-06 9.997702240943908691e-01 2.464439376126392744e-06 8.072210039244964719e-05 8.916761726140975952e-05 5.968717187165850646e-10 3.927036654204130173e-03 9.750253229867666960e-05 2.458178869346738793e-07 2.787054654618259519e-05 8.892847225069999695e-03 2.951721660792827606e-03 2.330132701899856329e-05 3.072676406645769021e-07
2.571834523124039151e-09 1.370513214027369031e-08 5.350777546736518175e-12 1.905938726849853992e-03 4.743152530863881111e-04 1.729063114908058196e-06 9.997702240943908691e-01 2.464439376126392744e-06 8.072210039244964719e-05 8.916761726140975952e-05 5.968717187165850646e-10 3.927036654204130173e-03 9.750253229867666960e-05 2.458178869346738793e-07 2.787054654618259519e-05 8.892847225069999695e-03 2.951721660792827606e-03 2.330132883798796684e-05 3.072676690862863325e-07
