1.000000000000000000e+00 1.447307765483856201e-01 2.762434010272492546e-17 9.485851526260375977e-01 1.152871220710949274e-08 4.374253863802586185e-20 2.133301998594183679e-12 2.606565885798772797e-06 8.326896226846386108e-24 9.181343921227380633e-05 1.077185033913094590e-17 9.775995276868343353e-04 8.965507745742797852e-01 2.488346417806042155e-09 2.281424067703917744e-20 4.435255274159999317e-09 1.021004451367798008e-14 5.224811250315042344e-09 3.394596722492186113e-19
7.957823276519775391e-01 9.321882128715515137e-01 2.122695295838639140e-04 5.116048455238342285e-01 9.211996220983564854e-04 2.221758222731295973e-05 1.812368631362915039e-02 5.987294316291809082e-01 1.812092377804219723e-04 3.344071796163916588e-03 2.704160287976264954e-03 6.562903057783842087e-03 1.586654782295227051e-01 2.269604057073593140e-01 3.275186099926941097e-05 1.185793522745370865e-02 5.771784577518701553e-03 1.123847160488367081e-02 2.170114203181583434e-05
3.221147693693637848e-03 2.504762669559568167e-04 4.919589855489903130e-07 1.392640522681176662e-03 1.499731879448518157e-04 1.513435272499918938e-04 2.587393624708056450e-03 1.577183976769447327e-02 7.708102884862455539e-07 9.998655319213867188e-01 1.102488840842852369e-05 3.453373014926910400e-01 1.261629723012447357e-02 1.292758270210470073e-06 9.424778909306041896e-06 5.077330023050308228e-02 3.589764237403869629e-04 2.755571156740188599e-03 2.055207772855283110e-07
4.524066171143203974e-04 5.354828899726271629e-04 2.947304710687603801e-05 7.098350208252668381e-03 1.183911692351102829e-03 4.923150991089642048e-04 3.005220890045166016e-01 4.500744491815567017e-02 6.226226687431335449e-04 9.675503969192504883e-01 3.153833677060902119e-04 3.086028397083282471e-01 1.263210736215114594e-02 2.520682173781096935e-04 4.868928808718919754e-04 1.576087176799774170e-01 2.540388703346252441e-02 2.787102013826370239e-02 1.837589952629059553e-04
5.434412136673927307e-02 4.632119461894035339e-02 9.583992362022399902e-01 3.231471404433250427e-02 1.356503227725625038e-03 1.753963588271290064e-04 7.385424803942441940e-03 2.218387722969055176e-01 2.850261580533697270e-06 9.577034711837768555e-01 1.666607277002185583e-04 1.624004840850830078e-01 1.932959407567977905e-01 6.367422640323638916e-02 6.704709376208484173e-04 1.156619787216186523e-01 2.070988295599818230e-03 3.785804659128189087e-02 1.673788756306748837e-05
2.232621237635612488e-02 2.962019853293895721e-02 1.261377893388271332e-02 5.585704371333122253e-02 5.387484282255172729e-02 2.513980865478515625e-02 8.458834290504455566e-01 1.156146153807640076e-01 1.205881834030151367e-01 9.591665863990783691e-02 1.050559431314468384e-02 1.909754127264022827e-01 1.107756718993186951e-01 2.371738478541374207e-02 5.724121257662773132e-02 1.319802850484848022e-01 1.708960086107254028e-01 8.536393940448760986e-02 4.208464920520782471e-02
3.846040926873683929e-03 4.570440649986267090e-01 1.000000000000000000e+00 6.319782137870788574e-02 2.799470894387923181e-05 5.019965669816883747e-07 6.248687393963336945e-03 1.657273024320602417e-01 1.423248079390759813e-07 5.289892942528240383e-05 5.555060397455235943e-06 1.564965486977598630e-06 4.891550168395042419e-03 9.915817379951477051e-01 2.909214003011584282e-03 4.518893547356128693e-03 1.502098166383802891e-03 1.071251099347136915e-04 8.012185389816295356e-06
1.259577693417668343e-04 4.385884106159210205e-01 1.000000000000000000e+00 1.609717868268489838e-02 1.926420338804746279e-07 7.099785204189856813e-10 1.879510469734668732e-02 1.018814668059349060e-01 4.545953835588534275e-09 2.216539201072009746e-07 1.978548596071050270e-07 1.013188977161405546e-09 1.236869720742106438e-04 9.988653659820556641e-01 3.595979360397905111e-04 2.688588865566998720e-04 8.179188007488846779e-04 9.536311154079157859e-06 2.747222822563344380e-07
2.243856899440288544e-02 7.016671448945999146e-02 9.965309500694274902e-01 2.618753612041473389e-01 1.834817975759506226e-02 8.940706611610949039e-04 5.816758275032043457e-01 3.881878256797790527e-01 1.135027408599853516e-02 1.572278887033462524e-02 6.142960046418011189e-04 8.107556961476802826e-03 1.118956580758094788e-01 2.274803966283798218e-01 6.776250898838043213e-02 8.388010412454605103e-02 5.402492880821228027e-01 1.753327250480651855e-02 1.072889566421508789e-02
1.450893431901931763e-01 1.669746339321136475e-01 9.958892464637756348e-01 6.374245882034301758e-01 4.437931999564170837e-02 1.755713112652301788e-02 1.929648816585540771e-01 2.711719274520874023e-01 4.892694763839244843e-03 3.892639279365539551e-02 4.911193158477544785e-03 8.040546439588069916e-03 2.439041733741760254e-01 3.510805368423461914e-01 2.284204065799713135e-01 7.285801321268081665e-02 1.276128590106964111e-01 1.118609234690666199e-01 1.031891070306301117e-02
5.388728156685829163e-02 1.332791335880756378e-02 7.585799694061279297e-01 9.823660254478454590e-01 2.136171795427799225e-02 7.960153371095657349e-02 6.275433301925659180e-02 4.051021859049797058e-02 2.732112305238842964e-03 1.028223428875207901e-02 2.138549170922487974e-04 7.535983459092676640e-04 8.526593446731567383e-02 9.211736917495727539e-02 2.314864546060562134e-01 1.137908082455396652e-02 3.140842169523239136e-02 1.039511486887931824e-01 4.714424139820039272e-04
1.509655267000198364e-02 7.735803723335266113e-01 3.086084686219692230e-02 3.237867057323455811e-01 1.009198371320962906e-03 1.377014964818954468e-01 2.582207918167114258e-01 7.863327860832214355e-02 4.459619056433439255e-03 2.297019964316859841e-04 9.278433280996978283e-04 5.695666914107277989e-05 2.891740063205361366e-03 9.481392502784729004e-01 1.960513647645711899e-03 1.430983538739383221e-03 1.495577045716345310e-03 2.510027028620243073e-03 1.879154588095843792e-04
5.239521851763129234e-04 6.956544518470764160e-01 9.989129304885864258e-01 9.601064771413803101e-02 5.353822416509501636e-06 3.188738901371834800e-06 4.588016271591186523e-01 1.746264100074768066e-01 1.672121470619458705e-05 6.769618266844190657e-06 1.057798144756816328e-04 1.441956953840417555e-07 3.350031038280576468e-04 9.944871068000793457e-01 2.701961202546954155e-03 7.367545622400939465e-04 4.328249953687191010e-03 6.492197862826287746e-04 8.374838216695934534e-06
2.328232303261756897e-02 7.578266859054565430e-01 9.999233484268188477e-01 3.436556458473205566e-01 2.319043269380927086e-04 6.256409687921404839e-05 2.809072472155094147e-02 2.938384413719177246e-01 1.013621476886328310e-05 2.704188227653503418e-04 5.765524110756814480e-04 3.797654062509536743e-05 1.193227991461753845e-02 9.819227457046508789e-01 1.263230387121438980e-02 1.036509964615106583e-02 3.236164804548025131e-03 3.882147138938307762e-03 5.116989268572069705e-05
3.268946707248687744e-02 3.651777282357215881e-02 1.202746573835611343e-02 7.243755459785461426e-02 6.671351194381713867e-02 1.720564812421798706e-02 7.986108064651489258e-01 1.192219480872154236e-01 8.047153055667877197e-02 1.231618821620941162e-01 9.057330898940563202e-03 2.339883297681808472e-01 1.225033476948738098e-01 2.094993740320205688e-02 3.528670966625213623e-02 1.588398516178131104e-01 1.472717672586441040e-01 7.712002098560333252e-02 2.644766867160797119e-02
1.005515441647730768e-04 5.982077717781066895e-01 1.000000000000000000e+00 9.999996423721313477e-01 2.338648528166231699e-07 4.309803625091035428e-10 6.944962649413355393e-08 1.784150023013353348e-03 1.876371271086838682e-14 1.727954862529301749e-10 3.028040040931045951e-08 5.217011108597617575e-14 3.283659452790743671e-06 9.999952316284179688e-01 3.777729943976737559e-05 4.284581227693706751e-04 5.396819346970005427e-08 7.774871191941201687e-04 2.238609471405528240e-11
4.286039248108863831e-02 4.048133194446563721e-01 3.614831566810607910e-01 1.984211653470993042e-01 1.079799723811447620e-03 9.284229017794132233e-04 2.779296785593032837e-02 4.623489975929260254e-01 6.177937029860913754e-05 6.729056239128112793e-01 1.841053366661071777e-03 7.444740831851959229e-02 1.207355856895446777e-01 7.056601047515869141e-01 4.008647985756397247e-03 1.013308092951774597e-01 1.207905728369951248e-02 7.119944691658020020e-02 1.222653809236362576e-04
8.838986104819923639e-05 9.898616075515747070e-01 1.000000000000000000e+00 7.759375572204589844e-01 7.508728638860873161e-10 4.606609798479821549e-12 1.649985824769828469e-05 6.597291678190231323e-02 2.304052605715638247e-14 1.780223607417141807e-10 1.947215721997963556e-08 2.563856895884675247e-12 1.024818629957735538e-05 9.999945163726806641e-01 5.174125817575259134e-06 1.549892840557731688e-05 2.599902302335976856e-07 3.347200845382758416e-06 5.480750402131473464e-12
7.045357488095760345e-03 8.513651490211486816e-01 9.999880790710449219e-01 9.714113473892211914e-01 1.021479838527739048e-04 4.588135652738856152e-06 5.456639337353408337e-04 7.331633567810058594e-02 2.016494171641625144e-08 5.055979727330850437e-06 2.549441705923527479e-04 4.069000851814053021e-07 2.151075983420014381e-03 9.983017444610595703e-01 1.942801172845065594e-03 7.460121065378189087e-03 1.025451929308474064e-04 2.754900138825178146e-03 1.520770751994859893e-06
1.568044826854020357e-04 9.878212809562683105e-01 1.000000000000000000e+00 7.993733286857604980e-01 2.671164844869622357e-09 1.505048516370344203e-11 2.218914414697792381e-05 7.742189615964889526e-02 7.583398562967594292e-14 6.497222204693287040e-10 5.026561211707303300e-08 1.117186291393901243e-11 2.282582136103883386e-05 9.999891519546508789e-01 8.152752343448810279e-06 3.322775592096149921e-05 4.827676889362919610e-07 7.737255145912058651e-06 1.816224601269844641e-11
8.216888457536697388e-02 4.190821349620819092e-01 9.994321465492248535e-01 1.717520058155059814e-01 8.726200088858604431e-03 1.026212587021291256e-03 1.308616995811462402e-01 3.981350064277648926e-01 7.410442340187728405e-04 1.754623837769031525e-02 2.723827958106994629e-03 4.153106827288866043e-03 1.030367463827133179e-01 7.999560832977294922e-01 6.130874529480934143e-02 7.278300076723098755e-02 5.408702045679092407e-02 1.505065709352493286e-02 3.823675448074936867e-03
6.789379715919494629e-01 4.592116177082061768e-01 9.958048462867736816e-01 9.496214240789413452e-02 4.755848646163940430e-02 2.573591191321611404e-03 3.042919635772705078e-01 4.845310151576995850e-01 1.410103216767311096e-02 4.059598967432975769e-02 6.137289106845855713e-03 5.181003734469413757e-02 3.872916996479034424e-01 1.524895280599594116e-01 9.933098219335079193e-03 7.936591655015945435e-02 1.318413764238357544e-01 1.852774247527122498e-02 3.868915140628814697e-02
1.258066147565841675e-01 2.684911191463470459e-01 9.982830286026000977e-01 1.272097676992416382e-01 4.877869412302970886e-02 2.282798755913972855e-03 2.961006164550781250e-01 4.576127827167510986e-01 3.885046811774373055e-03 1.287217885255813599e-01 4.293869715183973312e-03 3.674599900841712952e-02 2.487774938344955444e-01 3.068608939647674561e-01 4.343125224113464355e-02 2.277655452489852905e-01 1.584135740995407104e-01 2.439553663134574890e-02 1.341348048299551010e-02
2.706532925367355347e-02 3.403478860855102539e-02 1.431423146277666092e-02 5.771403759717941284e-02 5.406603217124938965e-02 1.985744200646877289e-02 8.294765353202819824e-01 1.279189735651016235e-01 1.028880178928375244e-01 1.037596911191940308e-01 1.081568375229835510e-02 2.053837925195693970e-01 1.199838593602180481e-01 2.316503413021564484e-02 4.987400397658348083e-02 1.374098509550094604e-01 1.782830357551574707e-01 8.402761816978454590e-02 3.733014315366744995e-02
2.528792247176170349e-03 8.320478200912475586e-01 1.000000000000000000e+00 2.280001193284988403e-01 1.687103690528601874e-06 2.621000305680354359e-08 8.412623428739607334e-04 1.424901187419891357e-01 1.315981879024263890e-09 1.967835032701259479e-06 1.991456429095705971e-06 5.557342674933352100e-08 1.431658980436623096e-03 9.992749094963073730e-01 6.233945605345070362e-04 1.125479815527796745e-03 8.323536167154088616e-05 1.201245613628998399e-04 1.389724388900503982e-07
2.752907108515501022e-03 8.428844809532165527e-01 1.000000000000000000e+00 2.134327292442321777e-01 1.315361032538930885e-06 1.746082389786351996e-08 4.879724874626845121e-04 1.392173022031784058e-01 5.272269842926391448e-10 2.258665062981890514e-06 1.075462478183908388e-06 5.292546489954474964e-08 1.790216425433754921e-03 9.994024038314819336e-01 3.956015862058848143e-04 9.918686700984835625e-04 5.421843161457218230e-05 1.097843924071639776e-04 8.083124924951334833e-08
6.474702954292297363e-01 1.287578834308078513e-05 5.161558985710144043e-01 6.658449347440864585e-09 1.057165092788636684e-03 9.576016195278480581e-12 1.720459549687802792e-03 4.897916733170859516e-05 1.130966154061496809e-10 7.979562282562255859e-01 2.906773988176070134e-10 8.633137941360473633e-01 9.439122080802917480e-01 1.386409910486552377e-11 1.181946793042676358e-13 7.719300687313079834e-03 5.789961399216281279e-09 2.614011407331418013e-07 2.427642620261849515e-08
8.380425721406936646e-02 4.718678072094917297e-02 9.974527955055236816e-01 7.198041677474975586e-01 1.727639883756637573e-02 7.214751094579696655e-02 1.191838011145591736e-01 9.483165293931961060e-02 4.100639838725328445e-03 1.215099915862083435e-02 7.406365475617349148e-04 1.536685973405838013e-03 1.562159806489944458e-01 2.632508277893066406e-01 4.070908725261688232e-01 1.352224219590425491e-02 4.189720377326011658e-02 1.645497977733612061e-01 2.524864627048373222e-03
1.004222895062412135e-06 5.739076368627138436e-05 9.999998807907104492e-01 1.077230263035744429e-04 1.318387785431696102e-05 6.108802556991577148e-01 4.554819762706756592e-01 6.429679342545568943e-05 8.646886050701141357e-02 1.058292355082812719e-06 9.045598298174084562e-11 1.618939791114826221e-07 1.220316880790051073e-05 2.171848318539559841e-04 3.872910281643271446e-03 4.274310776963829994e-05 5.987215787172317505e-03 4.486273155634989962e-06 4.132690373808145523e-03
1.468495174776762724e-04 9.577873349189758301e-01 1.000000000000000000e+00 9.996359348297119141e-01 8.060677458843201748e-08 1.388728854134768653e-10 7.296618491636763792e-07 5.783094093203544617e-03 1.840107080109450871e-14 1.204006061517048920e-10 3.994277335550577845e-07 1.540151144639734238e-12 1.006591264740563929e-05 9.999926090240478516e-01 1.243591486854711547e-05 3.199533675797283649e-04 5.457999208147157333e-08 3.164402733091264963e-05 5.424893173566758264e-11
4.100548569113016129e-03 2.309166081249713898e-02 1.000000000000000000e+00 2.977404044941067696e-03 9.100521565414965153e-04 8.787949923316773493e-08 9.222144261002540588e-03 2.071846127510070801e-01 1.537920368832601525e-08 1.173617690801620483e-01 2.503716132196132094e-07 4.997251089662313461e-04 6.331107020378112793e-02 1.733457744121551514e-01 8.036272629396989942e-05 9.937483072280883789e-02 1.374509185552597046e-03 6.697935168631374836e-05 4.544739113043760881e-06
8.981137871742248535e-01 2.157437205314636230e-01 9.999788999557495117e-01 1.143520884215831757e-02 4.484663717448711395e-03 9.594683433533646166e-06 4.805365111678838730e-03 2.222792953252792358e-01 5.086409942123282235e-07 1.164764389395713806e-01 3.342734635225497186e-05 8.195481449365615845e-02 7.981179952621459961e-01 1.198378428816795349e-01 1.270596258109435439e-04 3.044081479310989380e-02 8.299014880321919918e-04 1.031893026083707809e-02 4.287276169634424150e-05
3.201848641037940979e-02 3.506045043468475342e-02 1.388357207179069519e-02 6.645804643630981445e-02 6.626451760530471802e-02 2.141455188393592834e-02 8.004397153854370117e-01 1.221182569861412048e-01 9.020086377859115601e-02 1.281527429819107056e-01 9.676890447735786438e-03 2.358367592096328735e-01 1.253460794687271118e-01 2.082400396466255188e-02 3.990864753723144531e-02 1.545607447624206543e-01 1.486000716686248779e-01 7.902617007493972778e-02 3.053732402622699738e-02
1.104533448815345764e-01 6.334549784660339355e-01 9.929504394531250000e-01 4.456920027732849121e-01 8.691251277923583984e-03 2.934541553258895874e-03 9.032894670963287354e-02 3.702199757099151611e-01 6.392624345608055592e-04 1.144032552838325500e-02 1.165362540632486343e-02 3.586368402466177940e-03 8.832059055566787720e-02 8.826165199279785156e-01 5.851993709802627563e-02 6.404262781143188477e-02 2.697746083140373230e-02 4.518697783350944519e-02 2.108905930072069168e-03
3.311942517757415771e-02 6.827603578567504883e-01 9.996551275253295898e-01 9.214597344398498535e-01 2.814840525388717651e-03 2.269347169203683734e-04 9.687484242022037506e-03 1.609751284122467041e-01 1.119346416089683771e-05 3.878301649820059538e-04 5.337657872587442398e-03 5.586334373219870031e-05 1.547103840857744217e-02 9.732254743576049805e-01 3.408196941018104553e-02 5.018442124128341675e-02 3.838594304397702217e-03 3.279000520706176758e-02 2.236783184343948960e-04
1.402750415824272068e-10 2.203100202269325791e-11 1.108317630627752892e-17 5.774666769070568861e-12 4.386395247024665878e-08 3.759479116904884677e-10 1.981339417397975922e-02 1.179461651190649718e-05 2.546172821193959379e-11 9.999998807907104492e-01 3.819572696323048078e-13 9.116626381874084473e-01 2.664936073415447026e-05 3.431338947928449342e-18 1.736063905615837025e-15 5.937124788761138916e-02 2.278828503676777473e-08 4.167203915272921222e-09 2.563454277407922755e-13
9.234394878149032593e-03 2.816110849380493164e-01 1.198212727904319763e-01 1.383185088634490967e-01 9.756189456311403774e-07 1.309619619860313833e-06 1.272584777325391769e-04 3.374258577823638916e-01 1.359292234326403559e-09 9.496852755546569824e-01 4.733615242002997547e-06 9.122950956225395203e-03 3.273306041955947876e-02 8.747385740280151367e-01 1.963060822163242847e-05 1.805959455668926239e-02 9.469196083955466747e-05 2.734957076609134674e-02 1.965110207891029859e-08
1.200864062411710620e-05 9.863946388577460311e-07 2.069681386274169199e-06 5.431360477814450860e-05 1.054816026191396361e-10 8.636282244900428395e-10 1.312369732886509155e-07 4.288996104151010513e-03 7.685626503503594810e-16 1.000000000000000000e+00 7.351325798099495046e-11 5.854072049260139465e-02 8.633096003904938698e-04 4.659178287624854420e-08 1.517788117411100757e-10 4.180167336016893387e-03 9.826955960079430952e-08 1.904772361740469933e-04 4.085842145032988343e-15
1.039475955622037873e-05 4.118154291063547134e-03 2.083667368424357846e-06 1.575145288370549679e-03 2.554429811425507069e-04 1.991235651075839996e-03 9.987584352493286133e-01 1.255753566510975361e-03 2.864868342876434326e-01 1.498592519055819139e-05 1.027823018375784159e-04 2.234802668681368232e-04 2.617682039272040129e-04 8.221092075109481812e-02 1.429972704499959946e-02 9.029265493154525757e-04 1.438968535512685776e-02 7.770261261612176895e-03 8.984422311186790466e-03
8.745543658733367920e-02 6.959389448165893555e-01 9.893319606781005859e-01 4.845399260520935059e-01 4.871921148151159286e-03 9.286955930292606354e-03 8.153743296861648560e-02 2.834020853042602539e-01 5.262370104901492596e-04 2.975833136588335037e-03 5.026896949857473373e-03 7.992381579242646694e-04 4.579501226544380188e-02 9.104291796684265137e-01 2.948753349483013153e-02 3.077282197773456573e-02 7.944436743855476379e-03 1.733770966529846191e-02 7.845071377232670784e-04
5.122688598930835724e-03 8.732467889785766602e-01 9.998564720153808594e-01 5.719764828681945801e-01 7.043095683911815286e-05 5.822421007906086743e-05 1.307622343301773071e-02 1.638865768909454346e-01 1.611747165952692740e-06 1.293091645493404940e-05 2.590567164588719606e-04 1.088682552108366508e-06 1.946614473126828671e-03 9.960607886314392090e-01 3.312175394967198372e-03 2.592553384602069855e-03 3.467419883236289024e-04 1.133745536208152771e-03 3.814711817540228367e-06
3.515997901558876038e-02 4.298172146081924438e-02 1.453198119997978210e-02 7.321860641241073608e-02 5.872977524995803833e-02 1.876425743103027344e-02 8.049139380455017090e-01 1.281691789627075195e-01 9.052156656980514526e-02 1.122473105788230896e-01 1.031661313027143478e-02 2.053237408399581909e-01 1.241859495639801025e-01 2.512068115174770355e-02 4.188735783100128174e-02 1.443151086568832397e-01 1.508521735668182373e-01 7.821276038885116577e-02 3.119323216378688812e-02
1.180556864710524678e-04 8.300234675407409668e-01 1.000000000000000000e+00 9.999818801879882812e-01 2.185686582834023284e-07 3.068795495497766979e-10 2.816883579725981690e-07 2.713557798415422440e-03 2.627464353944022890e-14 2.071948584925209502e-10 4.628147394214465749e-07 3.560959578423339433e-13 7.027589617791818455e-06 9.999905824661254883e-01 9.693276660982519388e-05 9.300998062826693058e-04 7.489269648885965580e-08 3.134971484541893005e-04 1.244437886072091715e-10
5.531226284801959991e-03 5.002139881253242493e-02 1.674599945545196533e-01 3.617801666259765625e-01 7.377803791314363480e-03 9.955407977104187012e-01 3.394590225070714951e-03 2.114878036081790924e-03 6.363465450704097748e-03 1.094797626137733459e-04 4.090796210221014917e-06 5.034904461354017258e-06 1.634172396734356880e-03 5.162392854690551758e-01 3.046571277081966400e-02 5.712062120437622070e-04 6.107346271164715290e-04 7.403627503663301468e-03 2.899368701037019491e-04
3.827266162261366844e-03 7.276831456692889333e-05 2.793341735696230899e-08 1.000000000000000000e+00 8.181540920304541942e-07 7.718343653095871559e-08 7.505168042598597822e-09 2.676297444850206375e-04 7.907940253147616172e-15 2.109598426613956690e-06 9.418386980625140063e-16 2.202714430939081008e-14 1.350228994851931930e-04 7.823268771171569824e-01 1.745207191561348736e-05 7.292195647323751473e-08 4.100701517018023878e-06 4.175015259534120560e-03 1.123601910027038214e-14
5.076627712696790695e-05 1.706142502371221781e-04 3.320979757859277015e-08 1.000000000000000000e+00 2.819778046614374034e-07 2.689545119949343643e-08 1.711600475573504809e-06 7.076190784573554993e-03 1.189287248326217905e-13 2.968841670281108236e-07 4.085250069002857587e-15 1.064970204714800819e-14 1.343450912827393040e-05 9.989342093467712402e-01 8.008978911675512791e-04 8.928026318244519643e-08 6.513156404253095388e-05 6.572624444961547852e-01 5.645688469269093471e-15
3.765802131965756416e-03 4.448346953722648323e-05 8.549545782443601638e-07 1.000000000000000000e+00 2.128282631019828841e-06 3.046403662665397860e-06 1.513262049002150889e-07 7.058611372485756874e-04 4.036691120257174248e-12 2.143165374945965596e-06 2.207800016754395828e-14 1.466094091831862678e-13 1.987936120713129640e-04 4.608356058597564697e-01 5.033928900957107544e-04 1.409086252124325256e-07 2.421855242573656142e-05 2.833896316587924957e-02 9.067440808613325132e-13
9.999976158142089844e-01 2.017273753881454468e-02 2.502756615285761654e-05 1.399485045112669468e-03 9.750722646713256836e-01 1.144637596511843824e-11 3.647193312644958496e-02 1.557051518830121495e-06 2.156432366007265955e-08 4.358236549428795570e-10 9.314450011288499809e-08 6.731904745101928711e-01 3.159583866363391280e-05 1.419921318301931024e-06 1.393413683048461138e-11 4.169511084910482168e-04 4.640461156668607146e-06 3.851814422972665852e-09 1.990497899839738238e-08
8.937749862670898438e-01 9.840299608185887337e-04 1.132298802986042574e-05 6.166559457778930664e-01 9.514502882957458496e-01 2.351930106669897214e-06 3.232959210872650146e-01 1.336055720457807183e-05 1.086464180843904614e-04 9.514526936982292682e-06 2.506942109903320670e-06 5.864081978797912598e-01 9.503888577455654740e-05 2.303164546901825815e-05 1.653001891099847853e-05 9.963592886924743652e-02 7.384302094578742981e-03 1.460937783122062683e-04 3.948081030102912337e-06
9.899634718894958496e-01 4.382732440717518330e-04 5.854908025071381417e-08 5.276882648468017578e-01 9.823129773139953613e-01 1.126882587243471789e-08 2.402273714542388916e-01 6.519473458865832072e-07 2.977906433443422429e-06 1.114838497073833423e-07 1.967304825711835292e-07 6.321983933448791504e-01 7.940635441627819091e-06 1.254714675269497093e-06 1.747184086298148031e-07 2.947142161428928375e-02 1.117234816774725914e-03 1.777704710548277944e-06 5.881569720145307656e-08
6.472213659435510635e-03 2.584891021251678467e-02 9.983982443809509277e-01 2.388313412666320801e-01 1.176383718848228455e-02 2.099561388604342937e-04 6.602633595466613770e-01 3.282710015773773193e-01 6.013027392327785492e-03 6.428121123462915421e-03 1.245326566277071834e-04 4.438320174813270569e-03 6.631100922822952271e-02 1.509918570518493652e-01 3.473103418946266174e-02 7.124447822570800781e-02 6.280072331428527832e-01 8.506567217409610748e-03 4.240375012159347534e-03
1.972474716603755951e-02 6.391248200088739395e-03 2.581275068223476410e-02 3.479328379034996033e-02 2.311127185821533203e-01 3.886074759066104889e-03 5.392782092094421387e-01 1.093772202730178833e-01 5.463840905576944351e-03 6.232787370681762695e-01 2.042789012193679810e-03 8.025981187820434570e-01 1.177968680858612061e-01 2.945481799542903900e-03 3.198315622285008430e-03 4.504444003105163574e-01 9.119541198015213013e-02 5.191659554839134216e-02 1.848134794272482395e-03
4.976403713226318359e-02 2.683522097868262790e-06 2.263647935762946872e-09 9.993333220481872559e-01 8.322017788887023926e-01 2.850941382348537445e-04 1.585743278264999390e-01 1.212678512274578679e-06 1.248165499418973923e-04 1.068928686436265707e-04 1.763863366477380623e-08 7.282840460538864136e-02 5.731201235903427005e-05 3.332894209506775951e-07 4.837196902371942997e-04 2.883834391832351685e-02 1.113535743206739426e-02 4.989872468286193907e-05 5.446975492873207259e-08
1.280509088385150748e-14 1.181839131766948547e-12 1.448570985385089216e-10 1.368170854387784630e-11 3.707745666048367639e-09 1.229271133669496141e-14 6.913802623748779297e-01 1.323519623838365078e-03 3.330988100364723481e-13 9.999947547912597656e-01 9.601807941946559344e-15 9.867750406265258789e-01 9.083021723199635744e-06 2.570920500143472620e-14 3.682202654765875938e-14 6.087226867675781250e-01 2.178019713028334081e-05 9.266779343874986807e-09 2.545110559207686834e-14
1.868683696670814243e-08 2.054853620592211882e-09 1.223667874000966549e-03 3.866552589215643820e-08 7.013817935330735054e-07 3.210108623363794322e-09 1.009603682905435562e-02 2.554609440267086029e-03 6.908106031655592005e-11 9.999992847442626953e-01 4.136497741558109453e-11 8.254371881484985352e-01 3.326511941850185394e-04 8.275887614095367439e-11 6.218356940479452533e-10 2.529292106628417969e-01 8.119922313198912889e-06 6.475092504842905328e-06 1.084608184515056806e-11
2.010308239319691381e-11 1.064022647767615126e-09 3.085182997963897833e-09 5.563385307993939932e-09 1.218532929669891018e-06 3.328590875151249406e-11 9.735958576202392578e-01 2.867068629711866379e-03 2.869750659328929032e-09 9.895091056823730469e-01 4.570797906833234947e-11 9.402320981025695801e-01 9.467698400840163231e-04 2.453356788556515511e-11 9.225026992298879236e-11 5.070381760597229004e-01 7.374369888566434383e-04 2.412627395642630290e-07 3.746115639913227824e-10
2.567521551100071520e-05 9.094823326449841261e-05 6.731365919113159180e-01 3.639087371993809938e-04 1.116747502237558365e-03 1.121207560572656803e-06 5.620936751365661621e-01 2.703505158424377441e-01 1.512007565906969830e-05 9.441941380500793457e-01 5.241635790298460051e-06 5.597835183143615723e-01 2.359660156071186066e-02 1.150616735685616732e-04 2.775326538539957255e-05 5.432293415069580078e-01 3.594661131501197815e-02 1.121340901590883732e-03 1.681867433944717050e-05
1.885452460825831622e-09 5.995541414449689910e-06 5.566346494845220150e-09 8.061075277510099113e-06 3.120429994396545226e-07 6.701535992803542285e-10 9.910298585891723633e-01 2.888506054878234863e-01 1.292953129450324923e-06 9.257104992866516113e-01 1.505055422512668883e-07 3.761740624904632568e-01 1.137017272412776947e-03 3.786841489272774197e-06 2.504220447008265182e-06 2.926190197467803955e-01 3.094624876976013184e-01 1.033240696415305138e-04 3.950145526232518023e-07
8.614114659507916272e-19 3.677219729343768340e-14 3.590161720082662793e-17 6.605076208199278653e-11 2.043643303629300023e-13 6.942818462323486217e-19 9.999753236770629883e-01 1.315484344959259033e-01 6.274354950527860630e-13 9.903979301452636719e-01 2.232375237762969020e-15 3.523609638214111328e-01 2.933730343102070037e-07 1.976734401165636257e-11 5.443269446292475777e-11 1.591990590095520020e-01 6.780209541320800781e-01 1.673841865112990490e-07 1.668896005549078132e-13
2.498072061707379277e-12 8.656169178796954689e-14 6.590746919139862179e-21 3.951678428926186371e-10 7.458058060016981017e-10 1.657725470565959980e-13 1.440191990695893764e-04 3.454601710473070852e-06 8.499585858192268916e-17 1.000000000000000000e+00 1.087403824677227681e-16 9.699273705482482910e-01 4.442639678359228128e-08 1.137118157041440444e-17 1.684289440231391544e-14 7.365696877241134644e-02 1.027503628847625805e-07 4.773671591351558163e-08 3.557506842207207840e-19
1.333879229292733726e-08 2.612495289544547461e-12 1.340095761792840035e-20 1.001304705816608021e-09 1.657668549951904491e-13 1.591637412146074126e-12 4.148129895131802414e-10 1.084199311662814580e-06 1.195434878133743331e-20 1.000000000000000000e+00 2.319965273712200913e-16 7.017971575260162354e-02 7.762855034343374427e-07 4.087938736452309642e-19 1.458675306117732605e-16 9.702285024104639888e-05 8.363908524100516217e-12 1.377489411424903665e-08 4.063367744292173263e-22
3.525382226143847220e-06 5.846406692100458713e-11 9.862264813403215369e-14 6.936905265320092440e-06 8.600272536277770996e-01 1.318690294738189550e-07 5.064144134521484375e-01 1.469177135504651233e-08 8.312348143135750433e-08 3.304543197154998779e-01 6.581075745124009835e-13 9.998382329940795898e-01 4.337213340477319434e-06 2.573331955510460567e-12 9.898570678401608092e-12 6.970375180244445801e-01 5.020773642172571272e-06 1.824455102905631065e-05 3.026476638745556613e-11
8.960943653768538297e-10 2.543410104749455058e-08 5.284236249281093478e-05 1.319723281767437584e-07 5.326769041857914999e-06 1.259001097819734127e-10 7.739824056625366211e-01 2.364740706980228424e-02 4.012685295151641185e-09 9.968315958976745605e-01 3.597556974543891783e-10 9.338395595550537109e-01 1.296216738410294056e-03 5.449040774152535960e-09 1.768771129562196620e-09 6.233575940132141113e-01 1.094383886083960533e-03 3.693314056363306008e-06 1.206450273016912433e-09
3.975653584120664163e-09 4.725639612956911151e-08 2.275842987000942230e-02 1.408006227165969904e-07 1.173356304207118228e-05 1.931095422458284361e-10 5.947582125663757324e-01 3.576205298304557800e-02 3.553896732455541496e-09 9.968798160552978516e-01 2.425571132835813160e-10 8.875595927238464355e-01 1.971971709281206131e-03 1.486081213641909926e-08 1.564276042032020086e-09 6.881558895111083984e-01 6.815454689785838127e-04 3.301523065601941198e-06 1.804723703813237989e-09
8.524499770618757660e-15 1.667536314380827639e-14 2.979086432836758336e-13 3.037768604371993142e-13 2.975072188604599432e-09 4.174287207802914249e-15 9.644331783056259155e-02 5.710498226108029485e-05 3.411583590227831170e-15 1.000000000000000000e+00 6.242101440438689434e-17 9.955492019653320312e-01 1.149553327195462771e-06 9.276179578640126141e-18 1.130548638985707545e-16 4.716501235961914062e-01 3.054192063700611470e-07 8.589937650071988173e-10 8.751612570713905473e-17
3.507645055651664734e-02 4.407480731606483459e-02 1.864062994718551636e-02 6.249023973941802979e-02 4.680472612380981445e-02 2.190898172557353973e-02 8.081724643707275391e-01 1.435670852661132812e-01 1.030594930052757263e-01 1.018252670764923096e-01 1.149821095168590546e-02 1.822772026062011719e-01 1.265850514173507690e-01 2.769766189157962799e-02 5.486374720931053162e-02 1.194017753005027771e-01 1.746466010808944702e-01 8.355917036533355713e-02 3.876390308141708374e-02
1.746925711631774902e-01 1.631588116288185120e-02 2.671807123988401145e-05 3.151173591613769531e-01 5.444921851158142090e-01 1.024749875068664551e-02 7.734671235084533691e-01 6.375745288096368313e-04 3.749364018440246582e-01 1.527671935036778450e-03 9.856364689767360687e-03 2.898645699024200439e-01 2.944821026176214218e-03 1.372938044369220734e-03 9.660576470196247101e-03 7.368054986000061035e-02 2.560273557901382446e-02 4.830858204513788223e-03 3.244258835911750793e-02
4.521095156669616699e-01 6.691179424524307251e-02 1.343069016002118587e-05 9.921619296073913574e-01 4.929587543010711670e-01 9.012500522658228874e-04 2.516085207462310791e-01 2.237356966361403465e-03 5.815227329730987549e-02 2.264833776280283928e-03 2.188163995742797852e-02 5.463268235325813293e-02 3.912919666618108749e-03 7.171562872827053070e-03 2.002241089940071106e-03 8.659178018569946289e-02 2.642897143959999084e-02 2.099713601637631655e-04 2.831036457791924477e-03
2.720463275909423828e-02 3.278427422046661377e-01 9.999957084655761719e-01 6.666777282953262329e-02 1.324511948041617870e-03 1.803419945645146072e-05 1.933995820581912994e-02 3.171092867851257324e-01 3.756824071388109587e-06 1.290521770715713501e-02 6.661105726379901171e-05 5.507032037712633610e-04 6.259556114673614502e-02 8.909495472908020020e-01 5.540886893868446350e-03 4.484327882528305054e-02 5.344419274479150772e-03 2.002889290452003479e-03 1.436146412743255496e-04
6.207807473401771858e-06 3.284094873379217461e-06 5.552545553655363619e-05 4.253974475432187319e-05 1.349072554148733616e-03 1.612343794477055781e-06 3.558472394943237305e-01 2.909759245812892914e-02 1.890093017209437676e-06 9.959194064140319824e-01 4.378266567073296756e-07 9.242501258850097656e-01 5.073314998298883438e-03 5.504999762706574984e-07 1.463246235289261676e-06 4.779828190803527832e-01 5.762557033449411392e-03 5.425473209470510483e-04 3.451795009823399596e-07
1.059012371115386486e-03 4.033785779029130936e-03 7.372111678123474121e-01 4.392975866794586182e-01 9.090594016015529633e-03 7.898552576079964638e-05 8.909257650375366211e-01 6.078549847006797791e-02 3.656097920611500740e-03 1.890209736302495003e-03 1.994000740523915738e-05 4.027029033750295639e-03 3.201869130134582520e-02 3.283518552780151367e-02 2.745294012129306793e-02 4.420825839042663574e-02 3.564317226409912109e-01 1.879045157693326473e-03 5.173491081222891808e-04
8.469898700714111328e-01 3.763207495212554932e-01 9.998444318771362305e-01 3.135542199015617371e-02 3.270232118666172028e-03 4.594831261783838272e-05 7.354314904659986496e-03 3.108948767185211182e-01 2.714815536819514818e-06 8.920515328645706177e-02 1.395764265907928348e-04 5.899252742528915405e-02 7.217547893524169922e-01 2.968267500400543213e-01 5.970644415356218815e-04 3.269301727414131165e-02 1.909418962895870209e-03 2.497546374797821045e-02 1.116245548473671079e-04
7.747061084955930710e-03 7.078436017036437988e-01 3.290748596191406250e-02 9.826841950416564941e-01 2.908860042225569487e-04 1.789080488379113376e-05 1.009712070226669312e-01 1.440082490444183350e-01 2.122914011124521494e-04 1.878699695225805044e-04 8.734121802262961864e-04 1.001816235657315701e-05 2.574296435341238976e-03 9.548407196998596191e-01 4.787011421285569668e-04 4.894631449133157730e-03 9.771046228706836700e-03 7.518252823501825333e-04 2.302933899045456201e-05
1.679052274994319305e-07 7.680636713303101715e-07 9.981258511543273926e-01 3.464332257863134146e-04 1.527337357401847839e-03 5.281408643753593424e-10 9.223564863204956055e-01 1.223555766046047211e-02 4.675059415149007691e-07 7.308421190828084946e-04 1.013430103724566322e-10 1.530542690306901932e-02 1.802308252081274986e-03 2.961659993161447346e-05 4.852815891354111955e-07 2.623665332794189453e-01 2.092627733945846558e-01 5.658430382027290761e-06 1.162757286010673852e-07
8.600649423897266388e-03 2.108079493045806885e-01 9.999362230300903320e-01 1.090617552399635315e-01 1.163084991276264191e-03 9.822231368161737919e-05 4.715698957443237305e-01 3.483330607414245605e-01 1.277522416785359383e-03 9.879241697490215302e-04 1.980512315640226007e-04 1.190982802654616535e-04 2.306501194834709167e-02 7.357400655746459961e-01 3.527107462286949158e-02 2.552212961018085480e-02 1.539135426282882690e-01 2.172224456444382668e-03 2.772574778646230698e-03
5.042946431785821915e-04 3.474258482456207275e-01 1.202477596962125972e-05 5.030875909142196178e-04 1.486936525907367468e-04 9.999245405197143555e-01 7.936056703329086304e-03 1.046066972776316106e-04 2.858330262824892998e-03 6.073310942156240344e-06 5.539509970731160138e-07 1.697772177067236044e-06 1.691060606390237808e-05 5.229658484458923340e-01 2.147832565242424607e-04 6.037490493326913565e-06 1.123689798987470567e-05 4.998136428184807301e-04 4.178857852821238339e-05
9.440997838973999023e-01 7.593247294425964355e-01 9.908750057220458984e-01 4.070291295647621155e-02 2.911787945777177811e-03 7.695118256378918886e-05 2.860352583229541779e-02 4.580858945846557617e-01 1.752171665430068970e-04 7.188820745795965195e-03 9.135720902122557163e-04 4.871479794383049011e-02 5.797703266143798828e-01 3.191552758216857910e-01 2.323489607078954577e-04 1.507134735584259033e-02 5.804152227938175201e-03 8.805110119283199310e-03 7.381478208117187023e-04
3.617991134524345398e-02 4.178873822093009949e-02 1.316064316779375076e-02 7.388832420110702515e-02 6.043152138590812683e-02 1.468070968985557556e-02 7.955935001373291016e-01 1.289463043212890625e-01 7.545533776283264160e-02 1.182911694049835205e-01 9.516591206192970276e-03 2.194170802831649780e-01 1.257118731737136841e-01 2.294587716460227966e-02 3.448120877146720886e-02 1.527167409658432007e-01 1.509601026773452759e-01 7.514024525880813599e-02 2.575701661407947540e-02
5.376912248777898640e-10 5.213828258021635520e-10 3.255564706705627032e-09 3.957509761676192284e-05 2.147589623928070068e-02 1.210130662343544827e-09 9.999032020568847656e-01 5.624303867080016062e-07 9.582367056282237172e-06 1.259850137103057932e-06 1.987622740007299882e-11 2.886723279953002930e-01 6.836481770733371377e-05 1.692712991996359051e-08 2.041849143097351771e-07 1.149233952164649963e-01 7.228673435747623444e-03 4.256728516338625923e-06 2.108263608135985123e-08
1.898700752178683615e-09 3.113339213153533359e-16 4.719083489190922483e-19 3.425331556172750425e-07 8.984073400497436523e-01 1.035109606535578042e-12 1.157754808664321899e-01 1.745487088200547987e-11 3.838112621235185984e-14 9.482706785202026367e-01 1.404982426292656432e-19 9.999994039535522461e-01 4.292012967255232070e-09 1.384907603788049614e-16 5.823496434416634122e-17 8.810778260231018066e-01 2.080960825878719334e-08 4.521324683537386591e-07 2.116996724262063304e-18
3.600281430408358574e-03 1.465797871351242065e-01 1.000000000000000000e+00 9.999940395355224609e-01 1.115721806854708120e-05 2.720682701351506694e-08 2.245689984192722477e-06 2.839145017787814140e-03 9.251700100465498622e-12 1.244859788585017668e-07 1.032411273627076298e-05 7.877020563595849012e-11 2.814652863889932632e-03 9.988213181495666504e-01 5.853394512087106705e-03 1.870648749172687531e-02 4.123396877275808947e-07 3.233430534601211548e-02 5.187813201246171957e-08
1.310165505856275558e-02 9.895066916942596436e-02 9.999995231628417969e-01 9.999997615814208984e-01 1.116870316764106974e-05 2.848544156108800962e-08 3.060881113015057053e-07 2.134591341018676758e-03 4.716976375468417970e-12 1.884963296561181778e-07 1.077869228538474999e-06 6.379492073493864268e-11 3.944220487028360367e-03 9.988635778427124023e-01 8.840211085043847561e-04 7.484324276447296143e-03 1.449114535034823348e-07 3.917856886982917786e-02 5.580474304878180192e-09
3.650990128517150879e-02 7.227917015552520752e-02 9.975299239158630371e-01 9.146562814712524414e-01 1.261047087609767914e-02 1.002208143472671509e-01 1.625336706638336182e-02 6.028765812516212463e-02 1.285555772483348846e-03 1.735180616378784180e-03 4.596481448970735073e-04 1.341164461337029934e-04 5.577491596341133118e-02 5.397225022315979004e-01 2.221908122301101685e-01 1.821936480700969696e-02 9.479343891143798828e-03 5.567756295204162598e-02 9.408045443706214428e-04
7.691938430070877075e-02 5.612680315971374512e-02 2.019625455141067505e-01 4.110679626464843750e-01 2.212886363267898560e-01 8.256672881543636322e-03 6.482688784599304199e-01 1.505592465400695801e-01 4.044589027762413025e-02 1.251115351915359497e-01 5.309290718287229538e-03 2.490501850843429565e-01 1.278873234987258911e-01 5.480011180043220520e-02 5.087947472929954529e-02 2.547621726989746094e-01 2.648497223854064941e-01 5.302916467189788818e-02 1.204780116677284241e-02
2.832859754562377930e-03 1.785149797797203064e-02 9.044083356857299805e-01 1.226672679185867310e-01 1.549849566072225571e-02 5.963112344034016132e-04 7.706241011619567871e-01 1.661182790994644165e-01 5.434198305010795593e-03 1.429146341979503632e-02 1.688999327598139644e-04 1.385256368666887283e-02 5.456202104687690735e-02 8.645220100879669189e-02 1.837141811847686768e-02 1.133799850940704346e-01 2.123659551143646240e-01 4.265351220965385437e-03 2.114836825057864189e-03
1.601285301148891449e-03 7.582086324691772461e-01 9.996558427810668945e-01 4.387147128582000732e-01 3.930324965040199459e-05 4.765371159010101110e-06 1.456035077571868896e-01 1.868355274200439453e-01 1.320480259892065078e-05 1.736449848976917565e-05 4.415491130203008652e-04 4.634441665984923020e-07 1.343438634648919106e-03 9.906824827194213867e-01 4.149544518440961838e-03 3.294260008260607719e-03 5.127084441483020782e-03 7.778201834298670292e-04 1.798447920009493828e-05
4.272601380944252014e-02 4.944578558206558228e-02 1.429125480353832245e-02 8.044811338186264038e-02 5.732439458370208740e-02 1.458701957017183304e-02 7.785973548889160156e-01 1.377324759960174561e-01 7.161340117454528809e-02 1.150282099843025208e-01 9.896452538669109344e-03 2.045114934444427490e-01 1.303439587354660034e-01 2.533211000263690948e-02 3.567202016711235046e-02 1.428865641355514526e-01 1.487408429384231567e-01 7.261753082275390625e-02 2.496356144547462463e-02
2.279917746782302856e-01 1.325881183147430420e-01 9.999941587448120117e-01 4.607294872403144836e-02 4.866182431578636169e-02 8.046862785704433918e-05 4.730511903762817383e-01 3.085631728172302246e-01 2.356220502406358719e-03 2.012136625126004219e-03 2.798130662995390594e-05 6.281095091253519058e-03 8.317472040653228760e-02 6.248060613870620728e-02 3.231286769732832909e-03 4.339290782809257507e-02 4.634150266647338867e-01 8.042889530770480633e-04 8.136744610965251923e-03
1.459991093724966049e-02 4.687128216028213501e-02 9.999990463256835938e-01 6.539063900709152222e-02 7.722760085016489029e-03 8.202484423236455768e-06 5.590526461601257324e-01 3.306299746036529541e-01 5.424434784799814224e-04 7.496475009247660637e-04 2.025400135607924312e-06 6.521026953123509884e-04 3.542643412947654724e-02 8.990728110074996948e-02 2.571961376816034317e-03 3.319526091217994690e-02 6.149323582649230957e-01 2.482393174432218075e-04 1.239718520082533360e-03
2.515839636325836182e-01 9.864848852157592773e-01 9.999984502792358398e-01 1.589945107698440552e-01 3.424985379751888104e-07 1.936062119511916535e-07 1.979744061827659607e-03 3.085022270679473877e-01 2.723481173916297848e-08 7.756024729133059736e-07 1.835836337704677135e-05 2.259815573779633269e-06 5.505593493580818176e-03 9.903150200843811035e-01 4.691768936027074233e-06 1.201738268719054759e-04 2.997727642650716007e-05 7.744506729068234563e-05 4.654860674691008171e-08
1.881961888203248564e-26 2.849351667497727035e-17 2.247003581465345512e-14 2.677476440226763711e-15 1.674464169683537439e-19 5.825576498974111764e-20 1.000000000000000000e+00 1.550316497400672233e-08 8.152279257774353027e-01 2.682888261629573652e-20 3.570906675958102419e-15 7.554618035134140312e-16 7.646247458976962452e-13 2.406339660865342012e-08 3.235211067931231810e-07 5.045628845290472952e-12 9.832034111022949219e-01 1.550896122637368535e-08 3.621033101808279753e-06
2.248129646886809496e-07 4.266263204044662416e-06 3.115046024322509766e-01 1.564975536894053221e-05 1.153113407781347632e-04 9.992934465408325195e-01 2.226033955812454224e-01 4.946882086187542882e-07 1.343715637922286987e-01 6.293913088484259788e-07 1.289637008294874931e-10 5.065932668912864756e-07 1.918481302709551528e-06 2.894846838898956776e-04 1.017106045037508011e-02 4.870754310104530305e-06 1.806568325264379382e-04 2.003255067393183708e-04 3.745941678062081337e-03
1.825775252655148506e-03 2.235023770481348038e-03 1.282937526702880859e-01 6.023016292601823807e-03 3.286613718955777586e-06 8.753519864512782078e-07 1.499611826147884130e-04 9.061199426651000977e-02 5.270057723549825823e-10 9.998477697372436523e-01 4.843217311645275913e-07 1.587298959493637085e-01 2.673816867172718048e-02 3.045129589736461639e-03 2.094341880365391262e-06 5.471317470073699951e-02 4.736459595733322203e-05 7.020522374659776688e-03 2.796368026025675135e-09
3.814737681295810034e-07 1.803523907994986075e-08 5.575416531469733081e-18 3.136679157614707947e-02 1.151295145973563194e-05 2.794655340476737138e-10 7.087462290655821562e-05 8.415512411374947987e-07 2.364794227747838741e-15 1.000000000000000000e+00 2.877383796723656517e-14 9.308913350105285645e-01 4.868483301834203303e-06 2.945738271364906069e-13 1.173983132929379281e-11 4.100142419338226318e-02 7.623433617709451937e-08 1.231844350968458457e-07 1.666119101205129106e-17
7.689496269449591637e-04 4.668865472012839746e-08 2.718127541892923632e-14 9.999928474426269531e-01 1.061047583128527094e-09 1.830835856253543170e-07 8.111988414327697683e-09 7.884643764555221424e-07 9.936709767543320436e-19 1.000000000000000000e+00 3.852386246068098096e-17 9.184899681713432074e-05 2.407698048045858741e-04 6.049755748444018977e-12 1.542947458688104234e-08 3.897145361975162814e-08 9.531078148938831873e-09 2.392523335004170804e-08 1.845144617277729169e-20
5.629791849059984088e-05 1.787649001926183701e-03 4.729167371988296509e-02 1.656256965361535549e-03 1.266536070033907890e-03 9.999895095825195312e-01 8.793434826657176018e-04 2.014428901020437479e-05 6.602122914046049118e-03 4.730429282062686980e-06 3.079450694443153225e-09 1.249182730589382118e-07 1.710589276626706123e-05 3.133594989776611328e-02 1.020274404436349869e-02 5.473868441185913980e-06 7.625132275279611349e-05 4.957970231771469116e-04 8.426768908975645900e-05
4.066075689479475841e-07 1.909518468892201781e-04 4.786182567477226257e-02 1.368645826005376875e-05 1.494143798481673002e-04 9.999998807907104492e-01 2.658237062860280275e-04 1.286194901695125736e-07 2.851637545973062515e-03 5.195864360985069652e-08 3.659081718176970810e-12 1.432779783705484533e-09 1.273221954534164979e-07 4.993328358978033066e-03 1.339355600066483021e-03 1.974974281893082662e-07 1.458029601053567603e-06 1.557115137984510511e-05 1.439913830836303532e-05
5.311166751198470592e-04 1.536346040666103363e-03 4.799634189112111926e-05 8.208608627319335938e-02 1.769650960341095924e-03 9.999760389328002930e-01 1.779649173840880394e-04 1.367036202282179147e-05 2.255121478810906410e-03 1.495251353844651021e-06 5.897956789624458906e-09 3.994619746094940638e-08 3.701150853885337710e-05 5.214241147041320801e-02 3.585743252187967300e-03 2.569882326497463509e-06 5.503083229996263981e-05 1.958244014531373978e-03 5.892909939575474709e-06
2.759220078587532043e-03 8.531417250633239746e-01 3.293719291687011719e-01 8.382203429937362671e-02 4.041407373733818531e-05 5.970264784991741180e-03 2.377582043409347534e-01 9.516832977533340454e-02 2.642728504724800587e-04 3.816063326667062938e-05 3.467679489403963089e-04 4.256537977198604494e-06 5.544904852285981178e-04 9.879503250122070312e-01 1.402374124154448509e-03 3.944808559026569128e-04 8.540371200069785118e-04 1.611241605132818222e-03 1.755965240590739995e-05
7.999814697541296482e-04 8.637130856513977051e-01 1.013550236821174622e-01 6.648794561624526978e-02 1.057905319612473249e-05 8.559096022509038448e-04 4.986774325370788574e-01 8.884667605161666870e-02 2.494602813385426998e-04 1.521159811090910807e-05 2.120235731126740575e-04 9.517653438706474844e-07 2.226567594334483147e-04 9.924220442771911621e-01 5.397399072535336018e-04 1.804287458071485162e-04 1.077710418030619621e-03 8.344936650246381760e-04 8.292422535305377096e-06
3.076169081032276154e-02 6.540343761444091797e-01 7.270561903715133667e-02 9.802883863449096680e-02 6.235374137759208679e-03 1.697252839803695679e-01 4.877055585384368896e-01 2.398592531681060791e-01 2.500394918024539948e-02 1.478299777954816818e-02 7.546198088675737381e-03 5.929062142968177795e-03 2.167523838579654694e-02 7.915497422218322754e-01 1.919526234269142151e-02 2.027726545929908752e-02 2.283336408436298370e-02 2.659489028155803680e-02 3.144105896353721619e-03
9.963153004646301270e-01 9.990342855453491211e-01 1.000000000000000000e+00 2.190402708947658539e-02 2.212137556467652644e-10 4.368472814389456893e-14 2.332413941985578276e-07 4.554401338100433350e-01 7.906578224168431257e-16 5.716963791257967387e-09 2.730583537058350885e-10 3.852882173305260949e-07 2.640750110149383545e-01 9.992572665214538574e-01 1.715206969510330026e-11 2.728717618083464913e-06 4.501363282116699338e-09 8.347496077476534992e-06 3.128427692681429173e-13
6.566961019416339695e-08 9.999753236770629883e-01 1.000000000000000000e+00 9.858544468879699707e-01 1.516821148368341258e-18 4.844775037296775541e-21 2.379238361882585195e-09 1.525018177926540375e-02 1.761761087477822612e-24 9.358313029997507056e-19 4.860266919828881704e-14 5.597504043087649706e-22 4.139033282779536194e-10 1.000000000000000000e+00 1.086832360219780469e-11 3.582608931740338676e-10 2.192610459514354737e-12 1.804867366672624485e-10 4.708341430142831198e-22
9.057275056838989258e-01 8.609012365341186523e-01 9.989538192749023438e-01 1.502275019884109497e-01 2.023430852204910479e-06 1.169918348864484869e-07 9.161490197584498674e-06 2.757970690727233887e-01 2.217040613594623011e-11 6.752027198672294617e-03 1.204284899358754046e-06 2.300669439136981964e-03 6.393806934356689453e-01 9.784279465675354004e-01 4.847316176892491058e-06 1.303079887293279171e-03 4.796927896677516401e-06 3.067203797399997711e-02 7.985568650781260658e-09
8.004515106296850036e-11 9.692522883415222168e-01 5.929835615592349285e-12 8.175742030143737793e-01 1.637332157097099675e-16 8.120426514779356328e-16 4.193337634205818176e-02 3.064777515828609467e-02 5.244444726989995129e-15 1.270203018287341390e-13 5.855487942392142986e-16 1.611188988726293587e-19 9.759999475278391401e-10 1.000000000000000000e+00 1.420992074008253780e-10 1.884653266781555203e-10 1.358980989607516676e-05 2.792609734569850843e-07 6.172856517680165695e-19
5.553294712967726809e-08 5.471813678741455078e-01 3.048201274724604559e-11 9.955121874809265137e-01 2.687542410839682816e-10 6.674123476102522545e-10 2.943835258483886719e-01 5.822131410241127014e-03 8.241933358021924505e-09 1.361895041185334776e-09 9.358292786532107499e-12 6.854349173749524349e-14 2.239975742668320891e-07 9.999883174896240234e-01 4.035704659344219181e-09 6.125927853872781270e-08 3.269138323958031833e-05 7.295130188822440687e-08 1.068047018014384175e-12
6.605358066735789180e-06 9.843176603317260742e-01 1.177879198621667456e-07 5.404387786984443665e-02 9.958498470297172389e-10 1.562091711093671620e-05 6.993692368268966675e-02 3.014078922569751740e-02 1.456099312235892285e-07 6.923124296065452654e-09 2.966110024260615319e-08 4.222018915034375652e-11 9.684033557277871296e-07 9.999713897705078125e-01 2.975854727083060425e-07 8.787766603290947387e-08 6.387107532646041363e-06 4.721473942481679842e-06 1.310678093835448976e-10
2.062679640948772430e-02 2.575354874134063721e-01 9.999997615814208984e-01 3.540858998894691467e-02 1.464195083826780319e-03 8.688301022630184889e-06 8.100041747093200684e-02 4.173159301280975342e-01 2.627226785989478230e-05 2.104865619912743568e-03 2.904867869801819324e-05 1.516911434009671211e-04 4.122387617826461792e-02 8.289116024971008301e-01 1.036992762237787247e-02 4.305809363722801208e-02 6.093905493617057800e-02 8.495931979268789291e-04 1.359080313704907894e-03
3.679797798395156860e-02 2.191563695669174194e-01 9.999996423721313477e-01 1.498541384935379028e-01 1.236868323758244514e-03 4.797817382495850325e-05 2.227128110826015472e-02 2.113241851329803467e-01 1.663179205024789553e-06 1.530378591269254684e-03 7.401649781968444586e-05 1.230332854902371764e-04 9.911323338747024536e-02 8.746957778930664062e-01 4.045465588569641113e-02 1.914181746542453766e-02 8.546152152121067047e-03 8.829488418996334076e-03 3.818743280135095119e-04
3.067504242062568665e-02 2.293615788221359253e-01 9.999995231628417969e-01 8.966667950153350830e-02 1.244791783392429352e-03 2.974391281895805150e-05 3.312898427248001099e-02 2.528213858604431152e-01 2.984186721732839942e-06 1.825551153160631657e-03 5.575790783041156828e-05 1.405747170792892575e-04 7.990951091051101685e-02 8.826870322227478027e-01 2.988678589463233948e-02 2.200268395245075226e-02 1.421117875725030899e-02 4.568474367260932922e-03 4.335938720032572746e-04
3.213709965348243713e-02 3.343033790588378906e-02 1.029378548264503479e-02 6.170363351702690125e-02 7.024928182363510132e-02 1.209918316453695297e-02 7.925789952278137207e-01 1.303079426288604736e-01 6.638100743293762207e-02 1.347156614065170288e-01 9.467473253607749939e-03 2.828559577465057373e-01 1.290449053049087524e-01 1.742684282362461090e-02 2.944369986653327942e-02 1.779563277959823608e-01 1.709661781787872314e-01 7.413540780544281006e-02 2.200555615127086639e-02
1.926390922335485811e-07 7.877286407165229321e-06 2.152743718397687189e-06 4.009244491953722900e-08 5.906386068090796471e-04 9.999998807907104492e-01 2.205522287113126367e-05 7.118837186403936812e-10 9.482625126838684082e-02 1.936052285600453615e-06 2.667755426288831444e-11 1.249118781743163709e-06 2.739329545420332579e-07 6.593649004571489058e-07 9.560955368215218186e-05 1.632227395020890981e-06 2.818511859459249536e-07 4.327234273659996688e-05 6.116887927055358887e-02
2.973225673486012965e-05 3.201392246410250664e-04 1.644245348870754242e-04 8.579786481277551502e-06 4.543772898614406586e-03 9.999511241912841797e-01 1.072469167411327362e-03 8.099273713924048934e-07 1.744184494018554688e-01 1.348201330984011292e-04 6.989720446881619864e-08 1.140641834354028106e-04 3.490118979243561625e-05 4.620540858013555408e-05 1.835796982049942017e-03 1.046828401740640402e-04 3.534525967552326620e-05 9.393360232934355736e-04 1.365856975317001343e-01
4.611711576581001282e-02 4.826026782393455505e-02 2.321629785001277924e-02 6.699989736080169678e-02 5.088153854012489319e-02 2.554631605744361877e-02 7.616627216339111328e-01 1.433382630348205566e-01 9.334243834018707275e-02 1.196742281317710876e-01 1.193267293274402618e-02 2.003792524337768555e-01 1.331596821546554565e-01 2.579648420214653015e-02 4.611388593912124634e-02 1.249626651406288147e-01 1.500451564788818359e-01 8.391989022493362427e-02 3.692780062556266785e-02
3.454115986824035645e-01 2.339637721888720989e-04 1.000000000000000000e+00 2.519149893487337977e-05 5.747477989643812180e-04 7.186600203823445554e-10 1.402509806212037802e-04 1.625140011310577393e-02 2.538437125429449104e-12 9.518406987190246582e-01 1.091099655070593144e-09 8.411721140146255493e-02 8.854760527610778809e-01 3.545112485880963504e-05 1.253438774995174754e-08 1.785564422607421875e-02 2.002765995712252334e-06 1.046238539856858552e-04 1.937789484429686127e-09
9.968446493148803711e-01 4.699474573135375977e-01 1.000000000000000000e+00 6.003309390507638454e-04 8.535309461876749992e-05 1.712188613112175517e-09 9.590348054189234972e-05 1.490416526794433594e-01 5.619433043890786905e-11 1.736951526254415512e-03 4.644077122861745011e-08 1.292507629841566086e-02 9.407852888107299805e-01 1.525111198425292969e-01 7.469198237686214270e-08 1.514235511422157288e-03 5.738133950217161328e-06 2.544419839978218079e-04 1.216239553514242289e-07
8.587064221501350403e-03 1.078976318240165710e-02 8.807882666587829590e-01 1.534813791513442993e-01 1.883679069578647614e-02 9.267501831054687500e-01 1.001798510551452637e-01 2.302603796124458313e-02 7.548597455024719238e-02 2.571081975474953651e-03 4.779213122674264014e-05 5.469191237352788448e-04 1.626222766935825348e-02 8.908828347921371460e-02 2.926884889602661133e-01 2.589042764157056808e-03 8.633086830377578735e-02 3.872088342905044556e-02 7.709981407970190048e-03
5.061861127614974976e-03 7.549927569925785065e-03 8.797493577003479004e-01 9.518247842788696289e-02 1.568095013499259949e-02 9.635475277900695801e-01 8.755020052194595337e-02 1.343753095716238022e-02 8.452689647674560547e-02 1.671230653300881386e-03 2.376569682382978499e-05 3.678147622849792242e-04 9.869269095361232758e-03 6.390731781721115112e-02 2.651183903217315674e-01 1.815760624594986439e-03 7.077396661043167114e-02 2.718810737133026123e-02 8.403738029301166534e-03
4.348323494195938110e-02 1.616632289369590580e-05 9.999992847442626953e-01 7.454455953848082572e-06 2.897428385040257126e-05 2.001120241734710703e-10 1.820100078475661576e-05 5.368398502469062805e-03 8.379627829298297303e-14 9.996360540390014648e-01 2.074115462713521651e-10 1.172214373946189880e-01 7.404423952102661133e-01 1.458868382542277686e-06 2.054367786996635914e-09 1.252654567360877991e-02 2.957775109280191828e-07 1.421717315679416060e-04 3.736936107778809912e-11
8.554209768772125244e-02 4.003244976047426462e-05 9.999996423721313477e-01 1.333386535407043993e-05 6.119939644122496247e-05 3.171256035550129582e-10 3.088399898842908442e-05 8.022019639611244202e-03 2.481767233126347394e-13 9.987894892692565918e-01 3.876983456496674307e-10 1.144661903381347656e-01 7.975398898124694824e-01 4.605175035976571962e-06 4.640170470082694010e-09 1.323403790593147278e-02 5.235198159425635822e-07 1.688682095846161246e-04 1.208955852094462102e-10
9.022334814071655273e-01 7.370629906654357910e-02 9.999184608459472656e-01 5.121264606714248657e-03 2.595831640064716339e-03 1.922818682942306623e-06 1.810643589124083519e-03 1.090839803218841553e-01 6.506355987312417710e-08 4.432011246681213379e-01 9.023620805237442255e-06 1.693290621042251587e-01 8.699716925621032715e-01 1.582997664809226990e-02 1.993008299905341119e-05 2.461573295295238495e-02 1.940258371178060770e-04 9.527469985187053680e-03 7.317096333281369880e-06
9.332501888275146484e-01 1.086331233382225037e-01 9.999471902847290039e-01 5.097563844174146652e-03 2.814560662955045700e-03 1.723204491099750157e-06 2.013889839872717857e-03 1.231867820024490356e-01 7.588094064203687594e-08 2.840226590633392334e-01 9.417726687388494611e-06 1.572152227163314819e-01 8.791809082031250000e-01 2.227030508220195770e-02 1.668876393523532897e-05 2.299634739756584167e-02 2.128065680153667927e-04 8.270752616226673126e-03 9.460944966122042388e-06
