2.305304072797298431e-02 1.096878014504909515e-02 6.699165096506476402e-04 2.554480172693729401e-02 1.071494966745376587e-01 1.199155580252408981e-02 6.795203685760498047e-01 7.635560631752014160e-02 1.505307480692863464e-02 5.708308815956115723e-01 3.342347685247659683e-03 6.343696713447570801e-01 1.406242102384567261e-01 1.251979032531380653e-03 5.462635774165391922e-03 3.098012506961822510e-01 9.129164367914199829e-02 3.693713620305061340e-02 6.041666492819786072e-03
2.254838310182094574e-02 1.061143167316913605e-02 6.190460408106446266e-04 2.388248778879642487e-02 1.087906733155250549e-01 1.113578770309686661e-02 6.757993698120117188e-01 7.419089972972869873e-02 1.449103001505136490e-02 5.708081126213073730e-01 3.224163549020886421e-03 6.466715335845947266e-01 1.383952796459197998e-01 1.149293500930070877e-03 4.863365553319454193e-03 3.158268630504608154e-01 8.873477578163146973e-02 3.580524772405624390e-02 5.756475962698459625e-03
2.575538679957389832e-02 1.209643669426441193e-02 8.019268861971795559e-04 2.809759415686130524e-02 1.083338707685470581e-01 1.439984701573848724e-02 6.700836420059204102e-01 8.035965263843536377e-02 1.622990146279335022e-02 5.868902802467346191e-01 3.657901426777243614e-03 6.181898713111877441e-01 1.437065899372100830e-01 1.421715714968740940e-03 6.375412922352552414e-03 3.016455173492431641e-01 9.029620885848999023e-02 3.895204514265060425e-02 6.625581532716751099e-03
6.710322395520051941e-07 1.169721985938565467e-09 1.008458507673060112e-11 1.592749170958995819e-02 1.979604735970497131e-02 9.999953508377075195e-01 5.268967943266034126e-04 2.668488520429779243e-11 7.305789273232221603e-03 5.579112283271570050e-09 5.045572825919473342e-15 1.101498803279810090e-08 2.140532906480530073e-08 2.453894332177242177e-08 3.112755439360626042e-05 1.731786198888585204e-07 8.591979167249519378e-06 2.708308747969567776e-04 3.201213871761865448e-08
1.661297678947448730e-01 1.171326730400323868e-02 1.029929171636467800e-05 9.998872280120849609e-01 5.595534667372703552e-02 3.506817854940891266e-03 1.448690332472324371e-02 1.743021188303828239e-03 1.190392882563173771e-03 7.322820601984858513e-04 1.511944174126256257e-05 1.660270499996840954e-04 4.932070616632699966e-03 1.521679945290088654e-02 2.186753787100315094e-03 3.512372728437185287e-03 4.971636459231376648e-03 1.374349376419559121e-04 5.502049680217169225e-05
3.490944436634890735e-05 1.190269904327578843e-04 1.016096234707219992e-06 3.336941517773084342e-05 1.458728453144431114e-03 4.374087802716530859e-05 8.232381343841552734e-01 3.541459888219833374e-02 4.016592283733189106e-04 9.305150508880615234e-01 3.381401256774552166e-05 7.551273107528686523e-01 4.082651436328887939e-02 1.164621153293410316e-06 5.860527835466200486e-06 3.066752254962921143e-01 1.135868858546018600e-02 5.224558990448713303e-04 1.373281847918406129e-04
9.719299674034118652e-01 6.100820377469062805e-03 5.875132842447783332e-07 9.384982585906982422e-01 8.804106116294860840e-01 4.198194801574572921e-06 1.334217339754104614e-01 1.251164794666692615e-04 8.994020026875659823e-05 6.129553366918116808e-05 4.545440242509357631e-05 3.310158252716064453e-01 5.996141699142754078e-04 8.457222429569810629e-05 5.352939479053020477e-05 4.064397141337394714e-02 1.303113810718059540e-02 3.429310891078785062e-05 3.982257567258784547e-06
5.110178502576445680e-09 2.430416770948795602e-06 3.732622655405748446e-09 4.214609507471323013e-04 9.386539750266820192e-05 3.708313727202039445e-07 9.999886751174926758e-01 5.343972952687181532e-05 5.330833047628402710e-02 7.722671284682292026e-07 1.986898041650420055e-06 4.564818809740245342e-04 1.051600847858935595e-04 2.986677573062479496e-04 1.736286212690174580e-03 5.934609565883874893e-03 3.117460757493972778e-02 2.159751602448523045e-04 1.883335789898410439e-04
1.926480792462825775e-02 7.055625610519200563e-05 1.800379720862110844e-07 1.066003111191093922e-03 8.514662384986877441e-01 5.525395681615918875e-05 8.860434293746948242e-01 1.123864512919681147e-05 2.170525491237640381e-02 4.007084935437887907e-04 1.058424004440894350e-05 9.153348207473754883e-01 5.852852482348680496e-04 8.073115509432682302e-07 4.503948275669245049e-06 2.223877459764480591e-01 2.920111641287803650e-03 4.629167669918388128e-04 2.132845402229577303e-04
7.174111157655715942e-02 6.142882630228996277e-03 3.219444188289344311e-04 2.446935139596462250e-02 4.236375987529754639e-01 1.609560218639671803e-03 4.147988259792327881e-01 2.133245952427387238e-02 2.377402037382125854e-03 5.352591872215270996e-01 5.909427418373525143e-04 8.831948637962341309e-01 7.265376299619674683e-02 3.737343358807265759e-04 2.382884995313361287e-04 3.955671489238739014e-01 2.049310505390167236e-02 2.368586882948875427e-02 5.071475752629339695e-04
9.563655645195012767e-09 1.293177263050893089e-07 6.542126129716052674e-07 8.578063249588012695e-01 1.534491218535549706e-07 2.509426000329995077e-10 9.816283583641052246e-01 1.186314504593610764e-03 5.153985398465010803e-07 3.945891080547880847e-07 2.867663224936922717e-11 9.676799805902192020e-08 6.595206650672480464e-05 5.377567140385508537e-04 2.421142999082803726e-03 1.731794691295363009e-05 9.970585107803344727e-01 6.983701950957765803e-06 5.699937588587999926e-08
2.332105301320552826e-02 2.031917311251163483e-02 2.415791153907775879e-03 7.979035973548889160e-01 7.312291860580444336e-02 7.753614336252212524e-03 7.697168588638305664e-01 4.770233854651451111e-02 4.990451410412788391e-02 1.493319030851125717e-02 1.750379335135221481e-03 2.052119746804237366e-02 3.961955755949020386e-02 4.485654458403587341e-02 1.409176588058471680e-01 4.359815642237663269e-02 2.674036324024200439e-01 1.101590786129236221e-02 4.525960423052310944e-03
6.079069192477248862e-11 5.928255109033386816e-11 5.982849305266402180e-18 4.641780378733528778e-06 9.016273543238639832e-03 2.311622182560313377e-08 9.999998807907104492e-01 1.383110097806505845e-12 1.031036525964736938e-01 4.922346709922142960e-13 7.074230957970772948e-12 3.923953045159578323e-04 2.792072351098795480e-09 4.711849133087753216e-09 4.895287565886974335e-05 1.362452167086303234e-04 7.733543498034123331e-06 3.202371772204060107e-07 1.020257968775695190e-06
3.225078398827463388e-04 5.012913675273011904e-07 4.682287110119309759e-12 3.125030343653634191e-05 7.714806795120239258e-01 1.217170483869267628e-05 9.970229268074035645e-01 1.096691293334117745e-09 7.132124304771423340e-01 9.716674753690313082e-08 6.511656920338282362e-07 6.795821189880371094e-01 6.471453275480598677e-07 7.220223974258033195e-09 1.598635890331934206e-06 1.258929912000894547e-02 6.090555689297616482e-05 3.629639468272216618e-05 8.249202510342001915e-04
1.546717615097392695e-10 1.604287172085605562e-05 4.890232316312470573e-12 7.729937351541593671e-06 5.503786937310906069e-08 6.604191327141961665e-08 9.999995231628417969e-01 1.524707840871997178e-05 2.893652319908142090e-01 5.954208792680049100e-10 3.349958603848790517e-07 1.678418328765474143e-07 4.458105991034244653e-07 1.550208218395709991e-02 6.662122905254364014e-04 4.151188477408140898e-06 9.296524338424205780e-03 2.746302925515919924e-04 3.992888377979397774e-04
1.871089041233062744e-01 1.957059651613235474e-01 9.640665054321289062e-01 1.010345946997404099e-02 5.985460244119167328e-03 1.975877396762371063e-02 7.801346778869628906e-01 7.720838487148284912e-02 3.576121926307678223e-01 2.085377834737300873e-02 2.899920102208852768e-03 2.252176217734813690e-02 3.604028373956680298e-02 1.300682593137025833e-02 7.105216383934020996e-03 1.011470146477222443e-02 1.361985057592391968e-01 7.363479584455490112e-03 3.677348792552947998e-01
1.566269695758819580e-01 9.437524713575839996e-03 9.926976561546325684e-01 1.045208540745079517e-03 7.380578666925430298e-02 5.094863445265218616e-05 2.350682765245437622e-01 8.421777933835983276e-02 1.843859208747744560e-04 4.414819777011871338e-01 1.459466002415865660e-04 4.893986582756042480e-01 5.636182427406311035e-01 4.136799252592027187e-04 3.426937473705038428e-05 1.837109327316284180e-01 4.190117586404085159e-03 1.552519621327519417e-03 8.785411482676863670e-04
1.462888030800968409e-04 2.005569149332586676e-05 3.454482794040814042e-05 3.305753925815224648e-04 5.423446651548147202e-03 2.704832331801299006e-05 1.153684481978416443e-01 1.343726459890604019e-02 2.709851287363562733e-06 9.983172416687011719e-01 1.783576976777112577e-06 8.876179456710815430e-01 5.526334047317504883e-03 1.697668608358071651e-06 8.149541827151551843e-06 3.670474588871002197e-01 2.772027626633644104e-03 2.048371592536568642e-03 4.115932199511007639e-07
9.159787737189617474e-07 2.063052875200810377e-07 3.280733740229635487e-10 8.405138942180201411e-06 1.387916199746541679e-05 1.323494274174663587e-07 1.536880433559417725e-02 3.264254890382289886e-03 5.945847370014689659e-09 9.999903440475463867e-01 1.055773246605440363e-08 8.477821946144104004e-01 2.408395666861906648e-04 2.415116329146371754e-09 8.222357195108997985e-08 2.240038663148880005e-01 3.326705482322722673e-04 1.794637937564402819e-04 3.502368950414336268e-10
4.835114814341068268e-03 2.892740666866302490e-01 2.997137489728629589e-04 2.905026078224182129e-03 3.198318416252732277e-03 9.992564320564270020e-01 2.187671139836311340e-02 9.046669583767652512e-04 1.966358348727226257e-02 2.952291979454457760e-04 2.393024078628513962e-05 1.251704234164208174e-04 5.097856046631932259e-04 2.394974231719970703e-01 3.375813364982604980e-03 2.101303834933787584e-04 2.686392981559038162e-04 4.241236485540866852e-03 1.520670601166784763e-03
6.335736513137817383e-01 5.764942616224288940e-03 4.664804542642286833e-09 8.869841394698596559e-08 5.523312138393521309e-04 3.892432687280233949e-06 8.905146718025207520e-01 1.164961577160283923e-05 1.502545326948165894e-01 6.173796486109495163e-03 2.724525620578788221e-05 5.440040230751037598e-01 6.930431816726922989e-03 1.422166828746185274e-09 2.353049532999307303e-09 6.142418715171515942e-04 4.052062649861909449e-05 2.169352910641464405e-06 4.872580766677856445e-01
2.302958934663479340e-10 2.944849641917102190e-10 4.877131476455076609e-10 3.378138840198516846e-01 4.059322122884623241e-08 3.367787168931379860e-12 9.996215105056762695e-01 2.472582855261862278e-05 1.084196199485631951e-08 5.468771213656964392e-09 3.001631332811421915e-14 9.346216955918862368e-08 7.321263183257542551e-06 8.481641998514533043e-06 1.427950686775147915e-03 2.700071945582749322e-06 9.982482194900512695e-01 1.257182873359852238e-07 1.274688243846355817e-09
7.885254404982333654e-08 2.443616022149066452e-14 4.162051534397646693e-19 6.488082249234139454e-07 9.934723377227783203e-01 3.260838661264288396e-14 9.983729124069213867e-01 1.021018461292745594e-13 1.012656554166824208e-07 6.934525176305328387e-10 3.156172610504999259e-16 9.994926452636718750e-01 7.297781823289994918e-10 4.792692410066122857e-16 1.129739341356253424e-14 3.672711551189422607e-01 1.507269735157024115e-05 1.484015683672623709e-07 5.990731999014342612e-13
1.903955437754234481e-09 2.024870028594083493e-11 9.200435552303432019e-13 6.555346772074699402e-05 8.045435696840286255e-02 2.044004965284784703e-10 9.963366985321044922e-01 5.120411401549063157e-07 1.328856882309992216e-07 2.906245645135641098e-04 6.548299229247600550e-12 9.829708337783813477e-01 2.747677717707119882e-05 1.060076582071189932e-09 4.147428178669088084e-09 6.909647583961486816e-01 6.344480440020561218e-03 1.577208458911627531e-04 8.619249758368141556e-10
7.572942972183227539e-02 4.358569905161857605e-02 5.043703131377696991e-03 3.521764650940895081e-02 9.211487323045730591e-02 4.010088369250297546e-02 4.618157148361206055e-01 1.739289760589599609e-01 3.875488787889480591e-02 8.077407479286193848e-01 1.773316040635108948e-02 5.283969044685363770e-01 2.155964523553848267e-01 3.144769696518778801e-03 1.078559923917055130e-02 2.802805602550506592e-01 6.635531038045883179e-02 5.700835585594177246e-02 1.941170357167720795e-02
8.721227641217410564e-04 3.765583460335619748e-05 8.548512653305806452e-08 3.250603331252932549e-04 1.195794538944028318e-05 1.962611713679507375e-05 4.097453493159264326e-04 7.725351955741643906e-03 2.248806652005441720e-08 9.999868869781494141e-01 1.112102495426370297e-06 2.705511450767517090e-01 5.370601546019315720e-03 1.014406194599359878e-07 1.087019427359336987e-06 2.727871388196945190e-02 6.832349754404276609e-05 9.729331941343843937e-04 6.295933996369740271e-09
4.694313684012740850e-04 1.065397464117268100e-05 3.047198715577792427e-09 1.320054725510999560e-04 2.484329797880491242e-06 5.382933068176498637e-06 1.203014471684582531e-04 3.434831043705344200e-03 1.873186494805167968e-09 9.999974966049194336e-01 1.511336620296788169e-07 2.382867932319641113e-01 2.648018766194581985e-03 9.105275644571975135e-09 1.223753116619263892e-07 1.435972284525632858e-02 1.403347050654701889e-05 3.988325188402086496e-04 4.751964932658836460e-10
8.583676218986511230e-01 7.187038660049438477e-01 9.980219602584838867e-01 7.237670570611953735e-02 5.769256968051195145e-03 1.697223196970298886e-04 6.361050903797149658e-02 5.116669535636901855e-01 6.640076753683388233e-04 6.081826984882354736e-03 1.997425453737378120e-03 2.313829399645328522e-02 4.212605953216552734e-01 3.975065350532531738e-01 1.017017872072756290e-03 2.361206524074077606e-02 1.761569827795028687e-02 9.701680392026901245e-03 2.257020212709903717e-03
1.710017956793308258e-02 2.545331604778766632e-03 9.235046150024572853e-07 8.320359587669372559e-01 2.334164828062057495e-02 1.329099322902038693e-04 1.369625795632600784e-02 5.000872071832418442e-03 6.959136840123392176e-07 9.948437213897705078e-01 5.165891707292757928e-06 6.450308561325073242e-01 1.509688515216112137e-02 5.750323543907143176e-05 8.380913641303777695e-05 1.521429568529129028e-01 1.854371395893394947e-03 3.149880329146981239e-03 1.202627117891097441e-07
6.610501441173255444e-05 2.760838242465979420e-06 4.860946172489943873e-13 2.995209651999175549e-04 1.039632269161927525e-09 6.646271799581882078e-08 4.426674706792255165e-07 1.246104249730706215e-03 5.081638302967435294e-14 1.000000000000000000e+00 5.952834336575563157e-10 5.149866640567779541e-02 5.002989200875163078e-04 5.909078226729036487e-10 6.150003284410843207e-10 1.055878237821161747e-03 2.884123944113525795e-07 6.494531407952308655e-05 6.119766287693631512e-14
4.720745980739593506e-01 3.606070280075073242e-01 1.973040343727916479e-05 2.210840350016951561e-03 9.181492030620574951e-03 2.208306614193134010e-05 8.789660930633544922e-01 6.415528059005737305e-02 3.700631558895111084e-01 4.409680550452321768e-04 2.443337738513946533e-01 9.737818688154220581e-02 1.633724570274353027e-02 1.163820270448923111e-03 5.963001167401671410e-04 9.216107428073883057e-03 4.419257342815399170e-01 9.631504653953015804e-04 2.553093135356903076e-01
1.586770849826280028e-05 5.402239621616899967e-04 1.693771196187299211e-06 1.218607303599128500e-05 2.570549804659094661e-05 2.065684512331245060e-08 9.995326995849609375e-01 3.243144601583480835e-02 3.525112196803092957e-02 2.965195017168298364e-05 1.389183918945491314e-03 7.775578647851943970e-03 1.695722341537475586e-03 2.155149995815008879e-04 1.360748661682009697e-03 4.461963661015033722e-03 9.870668053627014160e-01 8.527970931027084589e-05 1.424010396003723145e-01
2.241524466040090147e-10 1.015685953120737395e-07 3.902953515932949813e-09 1.075114823834155686e-06 1.425111140207491189e-08 4.051061135851297124e-12 9.999619722366333008e-01 2.563160611316561699e-03 5.560957361012697220e-04 5.905039301978831645e-08 1.365519892715383321e-06 6.731359917466761544e-06 1.860749034676700830e-05 2.633339499880094081e-05 3.625026147346943617e-04 1.528626162325963378e-04 9.998161196708679199e-01 1.904427699628286064e-05 3.099629189819097519e-03
7.814000248908996582e-01 7.861804217100143433e-02 3.718370106071233749e-03 2.529587149620056152e-01 1.229901760816574097e-01 8.267057128250598907e-03 6.053271293640136719e-01 6.751645356416702271e-02 3.185000270605087280e-02 9.933937340974807739e-03 7.033358793705701828e-03 1.259007900953292847e-01 5.904745310544967651e-02 3.919341042637825012e-02 2.434061169624328613e-01 1.302396412938833237e-02 2.668787539005279541e-01 1.319558639079332352e-02 8.255271241068840027e-03
1.072325408458709717e-01 9.347611106932163239e-03 2.157860202714800835e-03 2.632458508014678955e-01 5.422662943601608276e-02 1.863693743944168091e-01 3.757812380790710449e-01 3.691240027546882629e-02 1.006246171891689301e-02 7.018116116523742676e-01 5.499759572558104992e-04 1.434838920831680298e-01 1.176697239279747009e-01 2.982178004458546638e-03 1.012180149555206299e-01 2.996785566210746765e-02 4.775426909327507019e-02 3.099463507533073425e-02 1.982791349291801453e-03
4.299840629100799561e-01 4.525701701641082764e-02 1.222336431965231895e-03 2.032561041414737701e-02 1.301880627870559692e-01 1.643779687583446503e-02 7.072443366050720215e-01 2.642336301505565643e-02 8.600223809480667114e-02 9.147480875253677368e-02 4.864390473812818527e-03 3.774228692054748535e-01 1.195102483034133911e-01 1.725324662402272224e-03 8.160365745425224304e-03 4.377850890159606934e-02 4.241319373250007629e-02 9.866104461252689362e-03 4.491024464368820190e-02
9.977487921714782715e-01 1.486344262957572937e-03 6.161968157947228519e-10 9.999998807907104492e-01 5.508843064308166504e-01 9.727438854412184810e-10 1.081155278370715678e-04 2.277000930916983634e-06 1.355758527665784641e-08 7.916703452792717144e-07 7.782188049532123841e-08 3.377776010893285275e-04 7.751895464025437832e-05 5.236635115579701960e-05 3.375160986252012663e-07 9.038575808517634869e-04 3.401563444640487432e-04 1.896254042677014695e-09 2.448717228986652117e-09
5.651534229400567710e-05 3.582981733529777557e-08 1.102132274333200712e-10 5.799515843391418457e-01 4.520621299743652344e-01 9.926517605781555176e-01 2.249971218407154083e-02 2.376399299564013745e-09 4.844341054558753967e-02 9.686675639386521652e-07 8.482234359341589425e-11 3.750599353224970400e-05 9.265436347050126642e-07 7.992809969437075779e-08 4.688808985520154238e-05 1.536852942081168294e-04 1.020054842229001224e-04 8.179526776075363159e-04 1.730737722027697600e-06
1.000000000000000000e+00 2.416582137811928988e-04 1.526824367593036905e-17 1.142843952806060770e-08 9.911801218986511230e-01 3.027269945451757757e-17 2.230051457881927490e-01 3.749435657784960796e-12 1.292594049573381199e-07 2.732943503393116952e-14 3.263811790277237890e-11 9.709737300872802734e-01 1.054740650374696997e-08 2.990475231269724976e-15 8.994202987753296086e-20 1.266871367988642305e-05 2.249655128849781249e-09 3.404810079506875344e-15 4.247117768585439990e-09
7.568493574916512756e-12 4.094873040910024242e-13 3.785578176714640263e-17 1.496062213846016675e-05 2.550368942320346832e-02 3.823504606323543595e-15 9.999994039535522461e-01 2.054021674968709021e-10 1.054865776950464351e-07 6.199618596269829141e-11 3.349162174806283310e-14 3.735417723655700684e-01 1.763557833101003780e-07 2.009307650818747959e-11 5.963508797890426649e-09 4.047754034399986267e-02 1.085167191922664642e-02 2.178242652917106170e-08 8.917103860861530507e-11
1.529013189931899275e-13 7.103760722021457141e-12 2.219533455952941298e-14 1.571529537613969296e-07 2.118092510272617801e-07 2.513776569821906981e-17 1.000000000000000000e+00 4.890060836260090582e-07 6.575759670113257016e-08 8.347162544497521708e-11 5.689314904605557999e-12 1.795681542716920376e-03 1.864548721641767770e-06 3.750657118217759489e-09 2.802133849399979226e-07 3.260771627537906170e-04 9.921917319297790527e-01 1.169918384391621657e-09 9.694016256389659247e-08
1.921284023582390524e-27 8.106888541866165393e-19 5.862587450092308697e-26 1.479972047691013870e-11 1.155640118105302760e-13 6.528689390049561865e-21 1.000000000000000000e+00 6.825690186673671889e-13 8.049728421610780060e-06 2.672441681351367825e-18 8.066108537667301129e-19 6.440377398053698244e-11 1.537877117319119691e-11 4.754029114817370782e-11 3.532837578035241677e-09 5.030662464378110599e-07 4.908312112092971802e-04 2.427193212042877413e-12 3.606973010203406993e-12
1.063293311176494171e-07 2.509322030164184980e-06 9.400115459357039072e-07 2.256173174828290939e-03 4.389045898278709501e-06 1.319561793167167707e-08 9.989957213401794434e-01 3.618130460381507874e-03 1.938974892254918814e-04 4.065217581228353083e-06 1.059779947354400065e-06 1.088220669771544635e-04 4.136779461987316608e-04 4.340903833508491516e-04 6.024674978107213974e-03 6.671707960776984692e-04 9.924855828285217285e-01 7.785937486914917827e-05 4.937600460834801197e-04
3.167628392475307919e-06 4.788880847428345078e-09 1.335621752085458525e-10 1.183305382728576660e-01 7.643564343452453613e-01 4.585168866810818145e-08 9.977704286575317383e-01 1.572085608358975151e-07 1.789902307791635394e-04 1.193304001390060876e-06 3.441127160996870771e-09 6.432445049285888672e-01 2.522102477087173611e-06 4.403822728704653855e-08 4.775625711772590876e-06 3.775109052658081055e-01 2.595058828592300415e-02 1.322343107312917709e-02 2.604227518077095738e-07
7.494011428207159042e-03 1.887870166683569551e-04 1.487241115682991222e-05 3.280449211597442627e-01 6.587728261947631836e-01 8.164136670529842377e-04 9.023646116256713867e-01 6.798435351811349392e-04 1.433186978101730347e-02 3.288859501481056213e-03 9.639281051931902766e-05 5.868433713912963867e-01 2.268665470182895660e-03 2.613818796817213297e-04 3.742431057617068291e-03 3.610156178474426270e-01 1.141981929540634155e-01 1.053259074687957764e-01 4.799185262527316809e-04
4.020409833174198866e-04 3.699545914059854113e-08 2.507918697746466113e-14 9.999998807907104492e-01 1.574254035949707031e-02 5.684417858719825745e-02 4.275118117220699787e-04 4.718159751782025069e-10 1.252323854714632034e-04 1.660040993556322064e-10 1.106819392133204585e-14 4.497843208994822817e-10 3.988665753240638878e-08 9.263866473929738277e-08 5.411783604358788580e-06 2.943090180451690685e-07 3.763712811633013189e-06 1.316504860682243816e-08 6.451728595813222000e-10
8.372865850105881691e-04 2.505128104957066171e-09 1.826263385377763400e-15 1.000000000000000000e+00 3.751014010049402714e-04 6.464803732342261355e-07 1.214931216964032501e-06 2.593334436085115158e-10 1.097285484696897129e-09 5.664727367737931729e-11 1.007253944156942800e-17 3.260050649572798775e-13 2.109393726357211563e-08 4.241452700171066681e-08 8.311196779686724767e-07 1.077033928709170141e-08 2.276805389556102455e-06 8.818812000099818249e-12 1.097372603079066825e-14
2.596274614334106445e-01 6.436181720346212387e-03 1.067473291982423689e-07 9.999985694885253906e-01 4.171334579586982727e-02 3.944740456063300371e-05 3.247016109526157379e-03 1.527598797110840678e-04 1.170267496490851045e-04 5.096758832223713398e-05 3.008059366038651206e-06 1.635273474676068872e-05 6.084500928409397602e-04 5.265443120151758194e-03 6.630666757700964808e-05 1.315465429797768593e-03 7.770498050376772881e-04 9.267009772884193808e-07 3.747434675460681319e-06
2.641085721552371979e-02 9.039365686476230621e-03 1.124080270528793335e-02 2.045366317033767700e-01 6.993714254349470139e-03 6.335932016372680664e-01 2.094736695289611816e-01 4.753474518656730652e-02 4.603248834609985352e-02 3.918033838272094727e-02 3.828831540886312723e-04 3.527021268382668495e-03 3.024701774120330811e-02 1.123341917991638184e-01 8.315792679786682129e-01 2.247129566967487335e-03 1.157717779278755188e-01 7.485540211200714111e-02 4.527320619672536850e-03
1.776307212431049720e-09 1.156811180180739029e-07 2.332232185153770843e-09 3.838565945625305176e-02 5.785327630292158574e-07 9.105588674174214248e-07 9.999649524688720703e-01 2.701537960092537105e-05 9.913685062201693654e-05 9.323565031138514314e-09 7.286345138357575024e-11 2.694417666759818530e-08 1.586586222401820123e-05 2.752829808741807938e-03 6.022959202527999878e-02 1.423245521436911076e-06 5.225497484207153320e-01 8.363233064301311970e-06 6.179269007589027751e-07
6.691619575615280480e-15 1.757871517620024360e-12 1.026270412849230630e-17 1.286362405483743032e-10 1.330597024207236245e-05 1.267387497033700683e-11 9.999997615814208984e-01 2.517380526256829398e-09 3.553441956682945602e-06 3.010063380770588992e-07 4.441536114591082551e-13 6.963106244802474976e-02 1.426947801519418135e-05 1.094652146704788720e-12 1.364252461000248218e-10 2.838999964296817780e-02 7.488121627829968929e-05 3.182200725149186837e-09 3.011640270500492989e-09
8.167492959284725594e-16 9.230407237159621303e-12 2.799203756834916026e-15 3.064639741978680831e-08 7.017810332854423905e-09 9.051296496163929728e-14 1.000000000000000000e+00 3.428649733905331232e-06 4.294079190003685653e-07 6.543218233900915948e-08 1.767281416695243301e-12 6.686205597361549735e-05 5.363874515751376748e-05 3.759303623951382178e-08 6.296417041085078381e-07 6.145650986582040787e-04 1.792626380920410156e-01 1.029867480184520900e-08 1.201559385322070739e-08
2.304116228477888885e-16 6.294225259268274031e-14 2.983061443049983704e-20 1.055296028340535486e-08 4.657506724470295012e-05 8.061084487637551477e-14 1.000000000000000000e+00 5.250107640297763112e-12 1.989242809941060841e-05 5.545884498164843635e-12 1.865216863611036252e-14 3.203436499461531639e-03 4.217518068116987706e-08 8.735125470171745121e-12 4.906346884325785140e-09 4.482865333557128906e-03 6.371091876644641161e-05 1.063523491495743656e-09 4.812015785837786552e-10
1.080974532108314179e-09 6.713821498749439343e-09 3.826972443912897426e-14 2.043389577011112124e-05 1.830421574413776398e-02 1.066260058024681712e-08 9.999986886978149414e-01 2.496014062103313336e-09 1.899636983871459961e-01 6.951541564603758161e-10 4.596815017521294067e-08 2.563986368477344513e-02 4.914741111861076206e-07 4.541223930232263228e-08 3.260878293076530099e-05 1.599936187267303467e-02 4.704360908363014460e-04 1.878957118606194854e-05 1.740530206006951630e-05
2.513033723516855389e-05 7.895623355125280796e-08 1.855370024284042074e-11 1.581352698849514127e-04 2.412620484828948975e-01 1.161070144917175639e-06 6.021393835544586182e-02 1.262864225282100961e-05 1.272539229546509887e-08 9.988595247268676758e-01 3.528155545495792467e-10 9.969022274017333984e-01 6.677844794467091560e-05 7.281875658016190300e-10 3.524922131958874161e-09 5.389014482498168945e-01 1.759837869030889124e-05 4.265434472472406924e-05 1.118318909698601260e-10
9.665736797614954412e-07 1.365713764300835464e-09 3.266437771391787976e-16 1.437160426576156169e-05 8.959724567830562592e-03 5.804236202777701692e-09 2.841019304469227791e-03 5.913430527471064124e-07 2.799891611962590510e-12 9.999974966049194336e-01 2.565567658492640124e-13 9.976091384887695312e-01 2.005151145567651838e-06 2.171115256978037311e-13 5.354840702798124852e-12 3.027504086494445801e-01 2.017976186152736773e-07 5.531248916668118909e-07 8.381269887369844490e-15
8.089520335197448730e-01 1.927733421325683594e-01 4.344277258496731520e-04 3.053820459172129631e-03 3.715566359460353851e-03 2.874491838156245649e-05 6.864122580736875534e-03 4.817334935069084167e-02 3.047821155632846057e-05 2.239611446857452393e-01 1.172504926216788590e-04 4.499429166316986084e-01 9.575873613357543945e-01 1.219717014464549720e-04 4.859780801780289039e-06 3.823122382164001465e-02 2.091385831590741873e-04 3.005423769354820251e-02 1.511916489107534289e-04
1.494655758142471313e-01 5.468666926026344299e-02 3.633568703662604094e-04 1.384005993604660034e-01 5.237464793026447296e-03 2.945575630292296410e-03 3.145445510745048523e-02 1.668849587440490723e-01 1.331097009824588895e-04 9.722782969474792480e-01 1.742732361890375614e-03 3.494869470596313477e-01 1.804813593626022339e-01 2.359812380746006966e-03 1.288734609261155128e-03 1.097443997859954834e-01 1.210359483957290649e-02 6.920190155506134033e-02 2.044981665676459670e-04
1.523715553730653482e-08 5.054388566350098699e-06 2.862883263787807664e-07 3.307341467007063329e-05 6.263369414227781817e-07 1.232702828701803810e-08 9.998970031738281250e-01 1.388777606189250946e-02 1.486695110797882080e-01 1.576376462253392674e-06 1.164113928098231554e-04 2.417934229015372694e-05 1.448045077268034220e-04 1.843319041654467583e-03 1.480437582358717918e-03 5.558822304010391235e-04 9.892702102661132812e-01 1.256262976676225662e-02 7.173257414251565933e-03
4.829509592241265636e-08 5.989141413920151535e-07 4.176599621708021459e-10 1.215715528815053403e-04 2.325089590158313513e-04 7.792121614613733982e-09 9.993657469749450684e-01 5.625254125334322453e-04 6.578031843673670664e-06 1.856241608038544655e-03 3.260854697373360978e-08 1.865783184766769409e-01 4.237438086420297623e-03 9.390483910465263762e-07 1.494924072176218033e-05 6.917344778776168823e-02 1.492649316787719727e-01 1.950522710103541613e-05 1.115027203013596591e-06
7.522654050262644887e-05 1.439551215298706666e-05 2.023944206674954671e-10 3.418721462367102504e-05 1.668176410021260381e-04 2.599136496428400278e-05 1.774854771792888641e-02 2.393231028690934181e-03 7.871195748521131463e-07 9.999437332153320312e-01 3.537485326887690462e-07 6.434952616691589355e-01 2.799430163577198982e-03 3.790499469857877557e-09 9.262222988581925165e-08 8.540655672550201416e-02 8.616425475338473916e-05 1.141814864240586758e-04 4.947113296793759218e-08
5.211718678474426270e-01 7.884037494659423828e-02 1.883112417999655008e-06 3.680605150293558836e-04 4.878366366028785706e-02 4.730852742795832455e-05 4.045318961143493652e-01 1.223905012011528015e-02 3.969239071011543274e-03 1.583746224641799927e-01 8.849933510646224022e-04 7.945246100425720215e-01 1.870116144418716431e-01 6.021429726388305426e-06 8.730350486985116731e-07 5.072807148098945618e-02 1.965851057320833206e-03 3.031507949344813824e-04 2.615294186398386955e-03
5.199182033538818359e-01 4.283995553851127625e-02 1.668195618549361825e-04 4.398168530315160751e-03 1.630087941884994507e-02 2.141891745850443840e-04 4.678064584732055664e-02 4.093399271368980408e-02 3.088696976192295551e-04 7.839584350585937500e-01 7.697101682424545288e-04 5.852348804473876953e-01 6.578391194343566895e-01 4.737643030239269137e-05 2.042265623458661139e-05 1.000759974122047424e-01 1.152430428192019463e-03 1.572232879698276520e-02 9.014880051836371422e-04
4.580344638321258779e-15 1.465935728361955626e-08 6.103007097087165267e-13 1.004319756248150952e-06 1.520586434544668464e-11 2.076908904799783413e-15 9.999998807907104492e-01 4.550631856545805931e-04 3.019646328539238311e-07 6.252627571257107775e-08 3.419349525746184781e-11 1.888891603130105068e-07 7.951865882205311209e-06 1.632046951272059232e-05 2.671156380529282615e-06 5.562742080655880272e-05 9.802507162094116211e-01 1.428758089616621874e-08 2.910521779142527521e-08
3.747698332223770024e-12 3.230375114071648568e-06 6.707721877940997501e-11 3.001315053552389145e-04 4.382451623818894859e-10 2.978644891502013614e-12 9.999977350234985352e-01 1.481138984672725201e-03 9.239152132067829370e-05 1.182944409094943694e-08 2.166276935611222143e-08 9.854035809553352010e-09 6.458557891164673492e-06 2.457102388143539429e-02 1.425151276635006070e-04 1.915043685585260391e-05 9.683656692504882812e-01 2.490979750291444361e-05 1.203356077894568443e-06
1.417968631400867707e-09 1.652259612455964088e-03 5.620218179736014008e-10 9.690600037574768066e-01 9.837743814022914535e-11 2.619100899700632645e-12 9.774582386016845703e-01 1.295352447777986526e-02 5.112901035886352474e-08 8.841730902986455476e-09 3.135121329211898455e-11 9.737466909187642017e-13 2.658465064087067731e-06 9.992338418960571289e-01 7.073210326780099422e-06 3.228094840324047254e-07 4.569477140903472900e-01 2.692420734092593193e-03 5.444609693650015458e-11
9.990698695182800293e-01 6.670726090669631958e-02 1.494506989274668740e-07 1.786315115168690681e-04 5.829988121986389160e-01 1.870295385231202090e-08 5.415876582264900208e-02 4.606824950315058231e-04 4.027896920888451859e-06 2.016572543652728200e-04 2.027899199674720876e-06 8.693887591361999512e-01 2.598435245454311371e-02 4.201704939532646677e-07 1.792718612447785631e-10 9.264987893402576447e-03 3.149884651065804064e-05 3.873465630022110417e-06 2.641116907398100011e-06
4.345358312129974365e-01 3.477852093055844307e-03 2.243350536446087062e-06 2.002054243348538876e-04 1.485550455981865525e-04 5.088725174573482946e-07 4.950100556015968323e-04 6.387352477759122849e-03 1.127695909985959588e-07 9.766069054603576660e-01 3.672581215141690336e-06 4.828183650970458984e-01 9.239904284477233887e-01 9.664643840778808226e-08 1.382920533643527961e-08 2.716203778982162476e-02 2.805574922604137100e-06 4.613917320966720581e-03 1.923066292874864303e-06
1.698342966847121716e-03 2.183968535973690450e-05 2.588206315934371560e-09 3.798727993853390217e-04 2.362637815167545341e-06 6.353663593472447246e-06 7.988031575223430991e-05 3.217787481844425201e-03 9.840883663514432556e-10 9.999965429306030273e-01 1.162497937912121415e-07 1.941752433776855469e-01 4.940657410770654678e-03 9.502633346869515663e-09 1.297008509482111549e-07 7.776653859764337540e-03 1.135787715611513704e-05 3.190402057953178883e-04 6.279823883126312012e-10
9.583134286117456213e-10 1.264346516371972484e-09 7.646167726749197868e-11 4.232416152954101562e-01 6.517086603707866743e-08 1.819384976009530419e-09 9.998983144760131836e-01 1.526785672467667609e-05 1.151445445657373057e-07 7.006147662025341560e-09 2.643071105403772825e-14 5.638721489731324255e-09 9.409099220647476614e-06 9.911908273352310061e-05 2.426068857312202454e-02 1.817005852444708580e-07 9.760564565658569336e-01 1.689265758386682137e-07 1.104633051696168877e-09
3.712377846240997314e-01 5.676234140992164612e-03 1.291752705583348870e-04 1.968654543161392212e-01 7.648339122533798218e-02 3.198505379259586334e-03 6.770470142364501953e-01 1.660327240824699402e-02 1.922285184264183044e-03 1.457199156284332275e-01 1.304905308643355966e-04 2.356189936399459839e-01 6.794674694538116455e-02 1.763828098773956299e-03 4.515063390135765076e-02 1.660632528364658356e-02 1.667926013469696045e-01 5.910766310989856720e-03 5.098223336972296238e-04
4.846575848205247894e-06 1.017298956185186398e-07 5.053160379020482651e-08 9.999804496765136719e-01 8.978904588730074465e-07 2.148262012724444503e-09 1.448219269514083862e-01 4.378069716040045023e-04 1.246674585786422540e-08 4.185104671705630608e-07 5.136699442534475857e-13 4.314606727451320012e-10 2.238579145341645926e-05 2.926024317275732756e-04 4.941545892506837845e-03 1.359393166922018281e-07 9.934470057487487793e-01 7.434324515998014249e-07 1.409822779352420952e-11
9.968018531799316406e-01 5.755582824349403381e-02 2.840276351889770012e-07 8.232845067977905273e-01 5.816770195960998535e-01 2.431315522244403837e-07 1.165791600942611694e-02 1.428117742761969566e-03 1.226688823408039752e-06 1.663648639805614948e-03 2.481957017153035849e-05 3.303813934326171875e-01 1.720285788178443909e-02 1.309362560277804732e-04 8.812529017632186878e-07 1.207083184272050858e-02 1.198602141812443733e-03 1.478311332903103903e-05 8.101923185677151196e-07
9.103980660438537598e-01 1.752372598275542259e-03 1.416981518786997185e-07 5.503729358315467834e-02 8.761757016181945801e-01 6.709279318783956114e-07 4.391399621963500977e-01 9.680151561042293906e-05 4.527024429989978671e-05 2.243827766506001353e-04 2.652113835210911930e-06 8.605561256408691406e-01 1.068733748979866505e-03 1.817904944800829981e-06 1.520688101663836278e-06 5.718294531106948853e-02 7.988791912794113159e-03 5.953812433290295303e-05 1.424045308340282645e-06
9.552558660507202148e-01 1.047314237803220749e-02 7.223394504762836732e-07 1.033151596784591675e-01 7.647563219070434570e-01 2.466106479914742522e-06 2.039270550012588501e-01 6.932561518624424934e-04 3.425235263421200216e-05 3.415455808863043785e-03 1.143366898759268224e-05 8.031521439552307129e-01 8.068709634244441986e-03 9.134541869570966810e-06 2.410958131804363802e-06 5.126576498150825500e-02 4.694814793765544891e-03 1.308307837462052703e-04 2.552464820837485604e-06
1.000000000000000000e+00 3.354278206825256348e-01 6.828475315233977853e-21 1.000000000000000000e+00 3.207240719348192215e-03 2.453703504293685277e-22 1.137931415762238885e-10 1.126338347035016341e-07 1.110776755870811788e-17 5.581172934292048804e-14 6.491858717261322909e-10 1.198636301324995657e-08 3.169790261381422170e-07 4.959738362231291831e-05 4.564458552662899664e-21 1.871718211532424903e-07 8.234807280516065475e-11 3.871063818863422951e-18 9.401040010563168009e-18
9.999998807907104492e-01 1.980341374874114990e-01 2.882537687275837923e-13 9.975684285163879395e-01 4.462206065654754639e-01 2.288865559081252818e-15 3.335007204441353679e-05 3.476749270703294314e-06 9.657996624667930519e-11 1.732376880836383748e-10 1.932368604684597813e-06 8.047121576964855194e-03 2.755576133495196700e-05 3.333305812702747062e-06 1.930631185248412457e-14 1.562346551509108394e-05 5.883509857085300609e-07 5.614959452254764116e-13 4.098776526517688978e-11
9.747574925422668457e-01 7.561927661299705505e-03 2.246169910462834148e-16 1.904431279342588823e-09 5.850628804182633758e-05 2.491231179679864738e-11 9.987093210220336914e-01 8.247748595202608612e-10 8.204960227012634277e-01 2.422330391826932328e-10 1.148941692008520477e-06 7.981044054031372070e-02 7.724142214726725797e-09 1.642036853710671096e-11 1.727033988908888151e-12 3.356859679115586914e-08 6.062282409402541816e-06 1.107575628433998816e-10 2.563715577125549316e-01
2.072770598281030441e-14 3.872168718999091652e-08 1.744490240197099640e-13 9.940295219421386719e-01 2.399387688588414808e-15 9.843339274359559778e-18 9.839273095130920410e-01 9.764819405972957611e-04 8.213427160619346523e-11 2.400381282630092983e-11 3.865502683605228946e-17 2.160918856735771499e-17 4.266728481638892845e-08 9.038456082344055176e-01 4.990070465282769874e-06 1.669169108486912023e-10 9.997251629829406738e-01 2.747457474470138550e-03 3.858113101998933425e-14
6.724261853710208903e-14 9.274605551872622256e-14 1.210840021997894311e-12 9.995722174644470215e-01 3.808780374425779769e-11 3.951692421891416770e-18 9.990252256393432617e-01 3.172727360833960120e-07 1.457585246077142127e-12 4.355919379535333480e-13 4.541569560384762408e-20 8.776220310376114941e-13 1.459747078769169093e-08 1.199384627170729800e-07 1.213055566040566191e-05 3.233694201298931148e-09 9.998790025711059570e-01 2.209859378821121823e-11 7.154483270741234663e-15
5.296565319667934091e-08 9.773113429645263750e-10 2.666875574541816007e-11 8.621373126516118646e-05 1.660801768302917480e-01 1.691018103322505794e-09 9.938002228736877441e-01 1.254134417649765965e-06 1.632235012039018329e-06 2.512840437702834606e-04 2.179233599131080723e-10 9.797882437705993652e-01 9.094520646613091230e-05 4.960045263402435012e-09 1.332836419010163809e-08 6.036095619201660156e-01 7.492705713957548141e-03 1.178999809781089425e-04 1.633533308620371827e-08
2.531823709017722024e-11 2.477481275686699291e-10 1.584197356629957198e-10 8.136032819747924805e-01 1.349927461480326940e-11 2.223516926136426264e-10 2.662554681301116943e-01 5.949226324446499348e-04 5.690927173951365603e-10 9.717578741685883870e-09 1.201178745990303396e-16 3.909711367589691067e-13 6.301366397565288935e-07 1.152821350842714310e-03 4.827430844306945801e-02 6.621111436899695946e-10 9.999450445175170898e-01 3.307944862172007561e-04 3.694088004241313783e-12
2.311147387761681503e-18 2.508393341128789533e-13 2.292044950188331038e-16 2.175144508953508193e-09 6.623408689999249477e-14 2.152915076981043105e-15 1.000000000000000000e+00 3.217903667973587289e-06 3.712892998009920120e-03 6.354732549635616623e-14 1.640991162399352277e-11 1.190173480603018419e-11 4.984674895069929335e-09 1.908970943986787461e-06 5.498571772477589548e-05 4.109552254050186093e-09 9.995179176330566406e-01 1.816572563484442071e-07 5.445523129310458899e-06
1.390540748834609985e-01 1.107652857899665833e-01 1.705358037725090981e-03 2.165173143148422241e-01 3.214091062545776367e-03 6.548831239342689514e-03 4.023036733269691467e-02 2.911031544208526611e-01 3.573957365006208420e-04 9.556350111961364746e-01 4.342728294432163239e-03 2.492449432611465454e-01 2.049923837184906006e-01 1.641446165740489960e-02 4.579916596412658691e-03 9.752129763364791870e-02 2.327277883887290955e-02 1.466063857078552246e-01 5.481635453179478645e-04
8.955104351043701172e-01 6.017638952471315861e-04 1.074494022645922087e-07 1.246266216039657593e-01 9.462232589721679688e-01 1.033174839903949760e-06 7.693911790847778320e-01 5.105771379021462053e-06 1.287756254896521568e-03 8.140540899148618337e-07 2.261064037156756967e-05 6.123083829879760742e-01 2.925172339018899947e-05 4.772775810124585405e-06 5.622983007924631238e-05 3.711710497736930847e-02 2.253984287381172180e-02 3.050775558222085238e-05 2.447796032356563956e-05
9.940733313560485840e-01 2.720513008534908295e-02 2.843772790583898313e-07 9.546468853950500488e-01 8.514946103096008301e-01 5.404008902587520424e-07 8.457919955253601074e-02 2.145896141882985830e-04 5.875705755897797644e-05 1.225062715093372390e-05 3.572976274881511927e-04 2.291567176580429077e-01 4.251582431606948376e-04 1.965089759323745966e-04 1.458692622691160068e-05 1.672642864286899567e-02 1.512140780687332153e-02 2.376012162130791694e-06 4.921283561998279765e-06
1.700169727225642191e-10 2.029244772216998172e-09 2.508135699130775720e-09 8.332872986793518066e-01 1.651928371870781120e-08 2.097125858385728847e-12 9.991605281829833984e-01 5.711173071176744998e-05 2.969988166512393946e-08 3.886921895457362552e-09 1.420539846776897042e-13 7.947793534412994632e-09 5.839934601681306958e-06 4.840104520553722978e-05 9.220307692885398865e-04 1.683055415924172848e-06 9.977218508720397949e-01 1.204504940233164234e-07 1.331664334358606538e-09
1.744956290572474700e-09 1.336087734671309590e-06 3.775114942872193069e-10 4.710261336526855303e-08 4.347632511780830100e-06 4.528605188625078881e-07 9.999730587005615234e-01 5.916962982155382633e-04 2.795503707602620125e-03 9.290285524912178516e-04 4.983375561096181627e-07 7.412150967866182327e-03 1.033774390816688538e-02 5.012115593672206160e-07 3.891470896633109078e-06 1.896924152970314026e-02 9.135719388723373413e-03 9.287091415899340063e-06 2.074013900710269809e-04
1.965532847592044163e-09 8.593082725383283105e-07 8.339483075457676531e-13 1.770501661946255467e-10 3.187648758284922224e-07 5.839920907968476627e-11 1.000000000000000000e+00 1.427463303116383031e-07 3.434637784957885742e-01 1.141821526218222971e-09 1.382723439746769145e-06 6.634446908719837666e-04 2.204130851168883964e-06 2.241428553872992779e-08 2.599059598651365377e-06 2.247792690468486398e-05 3.086172603070735931e-02 8.058608500505215488e-07 5.760334432125091553e-02
2.454416878072684938e-13 1.422069240142320723e-09 3.022609543706184995e-16 2.189575560793133313e-13 5.827455705487150084e-12 1.626115014126058855e-13 1.000000000000000000e+00 9.112927079613086789e-11 9.786350131034851074e-01 7.075231480064333306e-15 2.782264196810046997e-09 7.793150302859430667e-08 2.453561442558593875e-12 8.050621280730752005e-10 1.115312713295679714e-07 6.881807346204027453e-10 8.529482409358024597e-03 2.128501819242956117e-06 5.616618394851684570e-01
9.999967813491821289e-01 7.812463045120239258e-01 8.793562124125020585e-13 9.999269247055053711e-01 2.271412685513496399e-02 1.218347034452052155e-14 9.225863323081284761e-06 2.114605013048276305e-04 2.889714856291192291e-10 7.916395317053570579e-10 4.785351848113350570e-05 2.157715935027226806e-04 9.667596168583258986e-05 3.294496855232864618e-04 1.976976254144252598e-14 1.646317468839697540e-05 6.784987931496289093e-07 5.393309496920517532e-12 4.771734743447275662e-11
4.710901703219860792e-04 9.929673979058861732e-04 2.462761813148972578e-06 4.334479854151140898e-06 1.634506224945653230e-05 2.318601182196289301e-04 9.958128333091735840e-01 3.942806870327331126e-05 7.635804414749145508e-01 5.658436566591262817e-05 9.537288860883563757e-05 2.708724467083811760e-03 2.323874650755897164e-05 1.294695812248392031e-05 1.346307690255343914e-04 4.471713691600598395e-05 1.533286646008491516e-02 3.145650262013077736e-03 8.831029534339904785e-01
1.293929390089577735e-21 1.117135575804404160e-14 9.919910737024843210e-23 6.628553261833758370e-10 4.661697694530175795e-10 4.625891505719253831e-16 1.000000000000000000e+00 6.498765501433689806e-12 2.992357985931448638e-05 4.057913774696119552e-15 3.295361299562562163e-16 1.990182774136428634e-08 1.842612284974620707e-09 6.924612550029962676e-10 5.573392769520069123e-08 7.377142992481822148e-06 1.386008370900526643e-04 5.240016059948615634e-11 2.031784324119101370e-10
9.623244404792785645e-01 3.917990028858184814e-01 2.861573360860347748e-03 4.749080911278724670e-02 7.536438852548599243e-02 2.758915652520954609e-04 1.277333199977874756e-01 7.590908557176589966e-02 3.302492666989564896e-03 6.047500669956207275e-02 3.299753414466977119e-03 4.667869508266448975e-01 3.014163970947265625e-01 2.911365590989589691e-03 1.065794858732260764e-04 2.586485445499420166e-02 6.920954678207635880e-03 3.247576067224144936e-03 4.400167148560285568e-03
9.920930266380310059e-01 4.872961198998382315e-07 6.378359201111308508e-19 2.271532366648898460e-07 9.498575329780578613e-01 3.906045625834408952e-12 9.938961863517761230e-01 3.139902642835461048e-15 7.027217000722885132e-02 1.424247953732069027e-14 4.110140228164027576e-09 8.540815711021423340e-01 6.048578738565568713e-12 1.545151573150663898e-14 6.071450308654802175e-13 1.177471312985289842e-05 4.812791232211566239e-08 2.344538408902141491e-12 6.185960228322073817e-05
9.999996423721313477e-01 2.726711705327033997e-02 6.764015481617105530e-16 1.765448905644007027e-05 3.439552783966064453e-01 3.157013089534824180e-14 2.192310392856597900e-01 2.833429713078317036e-09 8.772416622377932072e-04 1.482528184416909145e-12 1.224847710545873269e-05 4.140866100788116455e-01 2.436261148375251651e-08 2.336062940311300906e-11 3.334652881584643409e-15 6.991426175773085561e-07 8.630541401544178370e-07 1.701847620076343826e-13 1.426404924131929874e-05
1.839253678917884827e-02 2.476835250854492188e-02 1.612202481737767812e-06 9.400103408552240580e-06 8.174166083335876465e-03 7.161173925851471722e-06 9.861145019531250000e-01 8.550032041966915131e-03 3.455706685781478882e-02 4.533647559583187103e-03 3.389586461707949638e-03 5.284920930862426758e-01 1.454311162233352661e-01 9.293576113122981042e-06 2.672146001714281738e-05 4.366414994001388550e-02 1.177424937486648560e-01 9.026463521877303720e-05 5.818072706460952759e-02
1.000000000000000000e+00 4.445678860065527260e-05 5.071600564731726265e-24 3.840375554457070573e-14 1.890801936388015747e-01 7.577804014978987368e-21 3.674868047237396240e-01 1.096309915543441579e-14 6.204850251378957182e-07 2.823495730025927380e-14 7.617842988361100964e-14 9.910287857055664062e-01 6.982295630564294697e-09 7.473620253320828407e-22 5.375319778591351579e-26 2.673209742454218940e-08 2.403215864157925985e-12 3.210888180250284197e-19 8.812759233478573151e-08
9.921184778213500977e-01 2.825969659170368686e-06 4.584218882318705224e-14 7.026551998023933265e-07 9.845289587974548340e-01 3.663849551440584440e-13 8.565702438354492188e-01 6.931113460950655281e-10 3.349948940467584180e-07 2.050926095620297929e-09 2.679606883604357392e-11 9.892585873603820801e-01 9.420576816410175525e-07 2.563390851580832352e-13 4.706897035761797854e-14 2.949436428025364876e-03 1.117793090088525787e-05 2.240554269894445838e-10 1.229344515074615174e-09
2.953903563320636749e-02 8.114077900245320052e-06 1.282886130660187973e-09 7.310765213333070278e-04 9.038985371589660645e-01 6.392095741603043280e-08 8.041484951972961426e-01 2.108721673721447587e-06 3.406822725082747638e-05 1.602778356755152345e-04 3.422656291718340071e-08 9.829171299934387207e-01 1.694803941063582897e-04 1.004300465012875065e-08 9.866165662231196620e-09 1.907346993684768677e-01 1.343806507065892220e-03 2.207950637966860086e-05 2.113302599582311814e-07
4.080754816532135010e-01 2.413885667920112610e-03 6.810790864619775675e-08 1.753030483087059110e-05 2.751846797764301300e-03 1.923304580486728810e-06 2.310867421329021454e-02 1.836284645833075047e-03 1.630082260817289352e-05 9.252672791481018066e-01 1.328465623373631388e-05 7.236504554748535156e-01 4.975103735923767090e-01 8.194938949657171179e-09 4.133970055164581936e-09 3.318544477224349976e-02 1.179207447421504185e-05 2.498585090506821871e-04 5.497313759406097233e-05
7.457983156200498343e-05 4.710437860921956599e-05 1.198157588078174740e-05 9.999886751174926758e-01 1.060084173332143109e-06 1.502940631326055154e-05 1.039858791045844555e-03 2.913800626993179321e-02 1.429673157637978420e-09 4.596793150994926691e-04 2.270424516795377379e-12 1.383768516438621532e-10 4.225954762659966946e-04 4.606035649776458740e-01 3.052738308906555176e-01 1.004154000838752836e-06 2.925240807235240936e-02 9.519152045249938965e-01 1.249886825982482463e-11
4.444670863449573517e-03 1.623747448320500553e-05 1.459370513323676732e-09 6.496611149486852810e-06 1.396940388076473027e-05 1.904436288668875932e-07 4.827991069760173559e-04 1.746609807014465332e-03 3.829011774314494687e-09 9.999389648437500000e-01 7.600783646921627223e-08 5.318193435668945312e-01 8.051446825265884399e-02 2.558661615914559206e-10 9.996273808710043340e-10 3.999849781394004822e-02 4.540389909379882738e-06 4.773412656504660845e-04 8.507146098679641000e-09
1.101558609661879018e-06 7.834716598154045641e-06 1.150044059983201805e-09 8.619263667242194060e-07 1.571785687701776624e-04 7.156443189160199836e-06 9.320158958435058594e-01 7.257687859237194061e-03 1.033414955600164831e-04 9.722069501876831055e-01 2.395049250480951741e-06 7.670121788978576660e-01 1.255782134830951691e-02 1.146726269496411987e-08 1.364566628581087571e-07 2.625241875648498535e-01 1.975197810679674149e-03 4.864610673394054174e-05 2.597256025183014572e-05
6.897892802953720093e-02 2.081581354141235352e-01 8.435689210891723633e-01 9.749523550271987915e-02 6.013923883438110352e-02 3.532873690128326416e-01 5.603325366973876953e-01 1.865905970335006714e-01 2.641999125480651855e-01 7.746774703264236450e-02 1.414616219699382782e-02 5.291845276951789856e-02 8.422733843326568604e-02 1.756757199764251709e-01 1.585427224636077881e-01 8.879650384187698364e-02 1.596746295690536499e-01 6.624269485473632812e-02 1.378269493579864502e-01
4.788979822478722781e-06 3.146879892085285846e-12 1.643034989945187663e-20 3.547358512878417969e-02 9.667268395423889160e-01 9.668146491725870817e-12 5.027783568948507309e-03 1.952036102204068868e-11 1.676165208421096647e-14 9.778392314910888672e-01 2.017680456835271483e-18 9.999793767929077148e-01 2.152105871289222705e-08 2.638249497406469808e-15 6.638279369827835424e-15 4.911908209323883057e-01 1.673598681861676596e-08 7.534387691521260422e-08 4.411574960571271679e-19
5.584672067016072106e-07 1.215692691403091885e-06 4.719115167972631752e-06 8.659696248969339649e-08 6.566321826539933681e-04 1.537399657536298037e-04 8.057383298873901367e-01 1.086739241145551205e-03 3.774600190808996558e-05 8.751927018165588379e-01 6.098635907392235822e-08 6.417016386985778809e-01 1.610893569886684418e-02 8.248774996388874570e-09 4.075660697822058864e-08 1.989200860261917114e-01 1.936054177349433303e-04 5.431032150227110833e-06 4.937017365591600537e-06
2.232721499240142293e-06 1.070769485522760078e-05 1.914979366119951010e-04 1.366158130622352473e-06 2.298719948157668114e-03 1.478822808712720871e-02 7.572454214096069336e-01 6.802563439123332500e-04 8.066314621828496456e-04 1.913309097290039062e-01 1.409328120871577994e-07 1.207301393151283264e-01 7.619100622832775116e-03 5.823905553370423149e-07 2.872471441150992177e-06 6.444203853607177734e-02 5.625471239909529686e-04 3.682544411276467144e-05 8.893502672435715795e-05
9.721830487251281738e-01 4.557978212833404541e-01 1.197878504171967506e-03 1.313221640884876251e-03 3.753535915166139603e-03 1.370981499348999932e-05 1.590200327336788177e-02 1.082551553845405579e-01 3.342486161272972822e-04 1.367555186152458191e-02 7.302489393623545766e-05 2.254631519317626953e-01 9.609493017196655273e-01 4.943312960676848888e-04 1.617925818209187128e-06 1.364225056022405624e-02 3.947767254430800676e-04 5.597279872745275497e-03 4.433880676515400410e-04
2.865731418132781982e-01 4.794069752097129822e-02 5.531621354748494923e-05 2.384032413829118013e-04 1.432586833834648132e-02 1.706160139292478561e-03 8.277782797813415527e-01 4.018411040306091309e-03 2.735878825187683105e-01 5.890900269150733948e-02 4.742338322103023529e-03 4.379963576793670654e-01 6.097145751118659973e-02 3.396066676941700280e-05 7.681042188778519630e-05 1.986652612686157227e-02 7.971434853971004486e-03 1.561678596772253513e-03 3.904082179069519043e-01
9.644894003868103027e-01 3.533397018909454346e-01 1.092099264496937394e-04 4.735346010420471430e-04 1.048762467689812183e-03 1.100666963793628383e-06 2.539089880883693695e-03 3.274810314178466797e-02 6.488536655524512753e-06 1.936815679073333740e-02 7.322526471398305148e-06 3.843528926372528076e-01 9.888333082199096680e-01 4.952082235831767321e-05 1.550763641944286064e-07 8.633151650428771973e-03 4.065051689394749701e-05 7.211986463516950607e-03 2.798800960590597242e-05
2.739205211400985718e-02 1.228308212012052536e-02 1.031935564242303371e-03 6.138710887171328068e-04 2.299549058079719543e-03 1.596091389656066895e-01 6.641557812690734863e-01 1.250862842425704002e-03 5.073058605194091797e-01 1.029594708234071732e-02 6.052854587323963642e-04 2.754741348326206207e-02 2.907813061028718948e-03 2.652801049407571554e-04 2.319052582606673241e-03 1.700193039141595364e-03 1.564209349453449249e-02 1.075699552893638611e-02 7.811782956123352051e-01
9.748175023473865629e-16 1.812942591189470321e-12 8.623790005017311212e-17 8.277621077468211297e-08 2.915709673700916937e-09 3.071645715557735912e-11 1.000000000000000000e+00 1.244393246224717586e-07 5.552034210154488392e-08 3.625161326681336504e-08 6.281397813490878588e-16 7.075072971929330379e-07 1.224684183398494497e-05 3.324192832110384188e-08 6.753170055162627250e-06 6.988659151829779148e-06 1.586488448083400726e-02 3.332399467481650390e-09 3.802089754145754341e-10
4.553219346697945369e-12 2.410016630705058560e-10 1.488213577979097257e-13 1.625135773792862892e-04 1.159403723249852192e-06 2.861184900115887331e-10 9.999992847442626953e-01 8.146349159687815700e-07 5.531301781047659460e-07 7.276884161910857074e-08 9.441922341636016514e-14 1.075896670954534784e-05 2.096453499689232558e-05 9.721491096570389345e-07 1.165369976661168039e-04 4.672757495427504182e-05 7.955046743154525757e-02 8.357928038549289340e-08 3.678218396530041900e-09
9.079162031412124634e-02 2.065028063952922821e-02 1.718973944662138820e-04 1.578733208589255810e-03 1.410171240568161011e-01 1.119423285126686096e-02 7.596768140792846680e-01 8.343243040144443512e-03 1.779135316610336304e-01 1.079434975981712341e-01 5.625290796160697937e-03 6.051504611968994141e-01 9.503837674856185913e-02 1.858378382166847587e-04 5.643419572152197361e-04 1.157853230834007263e-01 1.308069750666618347e-02 5.402990616858005524e-03 7.490100711584091187e-02
6.978972554206848145e-01 4.335174560546875000e-01 1.441953033208847046e-01 9.000384807586669922e-02 1.082429960370063782e-01 2.217043936252593994e-02 4.706409275531768799e-01 2.855983674526214600e-01 2.342510521411895752e-01 1.219830438494682312e-01 9.351533651351928711e-02 2.818604409694671631e-01 3.183937668800354004e-01 4.291801154613494873e-02 1.956841535866260529e-02 9.666816145181655884e-02 1.474037915468215942e-01 5.499538406729698181e-02 2.328542470932006836e-01
4.222961962223052979e-01 9.205027669668197632e-02 2.715047821402549744e-02 2.638979256153106689e-01 1.078076958656311035e-01 7.357208430767059326e-02 5.350080132484436035e-01 1.420545876026153564e-01 5.642838031053543091e-02 1.036794558167457581e-01 9.033617563545703888e-03 1.536886096000671387e-01 1.527905166149139404e-01 5.939679220318794250e-02 2.689671516418457031e-01 4.407884553074836731e-02 1.826146095991134644e-01 7.021906971931457520e-02 1.893209666013717651e-02
3.215567171573638916e-01 4.966528713703155518e-01 8.494912617607042193e-05 3.366196528077125549e-03 1.073579490184783936e-02 4.237107714288868010e-05 8.146305680274963379e-01 3.148044645786285400e-01 7.929374277591705322e-02 4.719903226941823959e-03 8.912493288516998291e-02 2.452533394098281860e-01 1.096946969628334045e-01 3.394875908270478249e-03 5.125736934132874012e-04 5.611712485551834106e-02 5.542055368423461914e-01 2.851124154403805733e-03 3.993689268827438354e-02
7.496566176414489746e-01 5.496363639831542969e-01 9.709662990644574165e-04 1.616120338439941406e-02 1.763332635164260864e-02 2.549638447817414999e-04 1.840807199478149414e-01 3.531334996223449707e-01 8.969164453446865082e-03 8.424171805381774902e-02 8.630046620965003967e-03 3.651997745037078857e-01 6.557731032371520996e-01 6.156816612929105759e-03 2.763338270597159863e-04 7.871953397989273071e-02 4.079681634902954102e-02 3.392590209841728210e-02 4.557367879897356033e-03
8.549136109650135040e-04 9.247793816030025482e-03 4.378618996270233765e-06 9.113054693443700671e-05 1.257256721146404743e-03 4.255870180713827722e-07 9.793965816497802734e-01 2.707484662532806396e-01 1.852269284427165985e-03 1.447360869497060776e-02 1.399502390995621681e-03 5.297118425369262695e-01 9.569628536701202393e-02 3.130700497422367334e-04 1.718433341011404991e-04 1.649061590433120728e-01 8.292514085769653320e-01 2.893820637837052345e-04 6.578702479600906372e-03
1.934792380779981613e-03 5.268897140808803670e-08 7.336884572106683322e-11 5.267191529273986816e-01 9.206153154373168945e-01 2.754110209934879094e-05 8.362442851066589355e-01 5.562814564541440632e-08 2.257479936815798283e-04 3.690222001750953496e-05 2.011576016869298655e-09 6.508823037147521973e-01 6.066839432605775073e-06 7.771193466510339931e-09 1.317593341809697449e-05 1.227178871631622314e-01 3.517311299219727516e-03 1.750576775521039963e-03 1.252716401722864248e-07
5.145428003743290901e-04 3.000811011588666588e-05 6.534835392812965438e-07 1.577735245227813721e-01 2.171938866376876831e-01 6.921299500390887260e-04 9.876052141189575195e-01 6.139732431620359421e-05 9.852671064436435699e-03 8.261666516773402691e-05 7.960583729982317891e-07 3.478479012846946716e-02 8.152090595103800297e-04 1.532486348878592253e-04 1.414010487496852875e-02 1.811362057924270630e-02 3.034874983131885529e-02 1.213827286846935749e-03 8.730887930141761899e-05
7.561491656815633178e-05 7.078728231135755777e-05 6.722057605657028034e-06 8.105772733688354492e-01 3.003093646839261055e-03 8.084527507890015841e-05 9.810553789138793945e-01 1.399682252667844296e-03 1.621654839254915714e-03 9.296800271840766072e-05 5.147088586454628967e-07 2.583805762697011232e-04 1.914228429086506367e-03 3.313159570097923279e-03 5.744411423802375793e-02 1.642287126742303371e-03 3.154257535934448242e-01 3.347345918882638216e-04 3.183140870532952249e-05
2.110892906785011292e-02 1.666629395913332701e-04 1.110384033609079779e-07 6.695323099847882986e-05 8.389541471842676401e-05 5.525340839085401967e-06 1.465997658669948578e-03 5.957207176834344864e-03 1.796380075802517240e-07 9.996441602706909180e-01 2.497873538231942803e-06 4.527201950550079346e-01 1.202142387628555298e-01 1.463225984821292514e-08 3.922231428532541031e-08 3.648977354168891907e-02 2.002383371291216463e-05 1.441102824173867702e-03 4.265024244887172244e-07
1.481982320547103882e-02 3.588598221540451050e-03 1.588981649547349662e-05 8.441498503088951111e-03 5.712497979402542114e-03 2.445856574922800064e-03 6.135511770844459534e-02 5.271799489855766296e-02 1.851277338573709130e-04 9.950004220008850098e-01 3.327117592561990023e-04 5.034443140029907227e-01 5.242455378174781799e-02 4.679620178649201989e-05 2.371828013565391302e-04 1.443672031164169312e-01 5.785079207271337509e-03 1.087893638759851456e-02 6.045149712008424103e-05
1.575874239206314087e-01 5.735051352530717850e-03 3.107742668362334371e-05 1.399697829037904739e-02 3.644590615294873714e-04 2.342302614124491811e-04 2.790325786918401718e-03 4.122458770871162415e-02 1.702276108517253306e-06 9.970236420631408691e-01 8.875803177943453193e-05 2.754928469657897949e-01 1.870665550231933594e-01 1.636042361496947706e-05 1.700586108199786395e-05 2.951707132160663605e-02 3.167000832036137581e-04 1.438499148935079575e-02 7.423708666465245187e-06
1.888453960418701172e-01 3.997347448603250086e-05 3.772196066620381316e-08 9.916076660156250000e-01 8.709968328475952148e-01 3.557202217052690685e-05 4.425187706947326660e-01 8.971904208010528237e-06 6.799663533456623554e-04 4.572268153424374759e-05 1.590116312399914023e-06 1.834689527750015259e-01 6.744158599758520722e-05 7.683143849135376513e-06 9.558799210935831070e-04 7.752303779125213623e-02 5.213458836078643799e-02 1.093196406145580113e-04 2.145300186384702101e-06
3.860221011564135551e-03 2.298313120263628662e-05 1.030517614708514884e-05 8.179430365562438965e-01 1.229112446308135986e-01 6.910414867888903245e-06 9.351589679718017578e-01 4.008831165265291929e-04 2.957337128464132547e-04 2.395853334746789187e-05 8.130717787935282104e-07 2.133506350219249725e-02 9.225941030308604240e-04 2.025272406172007322e-04 2.005589753389358521e-02 9.771239943802356720e-03 6.370812058448791504e-01 3.263240796513855457e-04 1.909293860080651939e-05
8.125405656755901873e-06 3.792160350712947547e-05 9.429561941942665726e-06 1.740828854963183403e-03 5.900754476897418499e-04 9.582868898405649816e-08 9.992544054985046387e-01 1.999561674892902374e-03 4.417602438479661942e-03 7.179863132478203624e-06 9.526554640615358949e-05 1.213913317769765854e-02 1.036879257299005985e-03 3.228932910133153200e-04 4.720387049019336700e-03 6.374639458954334259e-03 9.535076022148132324e-01 1.031830688589252532e-04 7.258608937263488770e-03
1.357898771203736032e-08 1.952957546791367349e-07 1.614304956376599876e-08 1.910119433887302876e-03 1.263457306777127087e-06 2.157740482289227657e-06 9.998751878738403320e-01 5.354344029910862446e-04 1.134280319092795253e-04 1.505081399955088273e-06 1.337894350861290604e-09 1.873743144642503466e-06 3.412003570701926947e-04 1.817121286876499653e-03 8.257389813661575317e-02 1.478814647271065041e-05 8.696155548095703125e-01 5.910367326578125358e-05 6.191873580974061042e-06
3.025157297997793648e-07 1.234891868762133527e-07 5.108297784772730665e-09 4.076224751770496368e-03 5.013587838220701087e-07 1.904232931337901391e-07 9.993649125099182129e-01 1.311661762883886695e-04 2.994213355123065412e-05 9.558823066413424385e-09 9.287299818083738501e-10 1.332854822067019995e-07 2.070255868602544069e-05 5.499437102116644382e-04 3.762556612491607666e-01 3.096580769579304615e-07 9.969923496246337891e-01 6.893900263094110414e-06 1.931359474838245660e-05
3.502612933516502380e-02 6.328097078949213028e-03 8.486046567668381613e-07 9.548630118370056152e-01 1.734548459353391081e-05 1.016310998238623142e-04 1.519933139206841588e-04 2.191536501049995422e-02 3.578792595604340931e-09 9.995910525321960449e-01 3.972305364641215419e-07 1.881827227771282196e-02 4.551359266042709351e-02 2.241518377559259534e-04 5.214280827203765512e-05 1.101259607821702957e-03 2.296988968737423420e-04 4.350088536739349365e-03 4.577328294175231349e-09
2.252367630717344582e-05 2.253755515546629340e-10 1.000617300063628978e-13 6.120318721514195204e-05 9.381796121597290039e-01 1.842240671123818174e-08 8.332423567771911621e-01 4.486295335226486714e-09 3.964936752254288876e-07 1.529041444882750511e-03 1.327164073083864082e-12 9.992796778678894043e-01 3.444291905907448381e-06 3.491020840462599750e-12 3.963481973179305839e-11 5.293918848037719727e-01 4.593000630848109722e-05 2.590171789051964879e-05 1.433902718783741648e-10
3.098201751708984375e-02 8.207371458411216736e-03 8.641615509986877441e-03 9.973767995834350586e-01 1.770309871062636375e-03 3.781931009143590927e-03 2.045017853379249573e-02 1.108950152993202209e-01 4.085275213583372533e-05 3.772887960076332092e-02 4.962526418239576742e-06 3.008094063261523843e-05 3.508323058485984802e-02 2.704416811466217041e-01 2.700661420822143555e-01 1.681465189903974533e-03 8.789652585983276367e-02 5.424398779869079590e-01 6.283960374275920913e-06
1.498934216215275228e-05 4.061157596879638731e-05 4.491135143780411454e-07 4.549785517156124115e-04 7.510933792218565941e-04 1.127090854424750432e-05 5.830142498016357422e-01 6.768619269132614136e-02 2.771308936644345522e-05 9.879655241966247559e-01 8.423185136052779853e-06 8.284440040588378906e-01 4.864918533712625504e-03 1.056953351508127525e-05 5.256748409010469913e-05 4.143468737602233887e-01 4.489228129386901855e-02 3.553574439138174057e-03 5.151398909220006317e-06
3.927882019638673228e-09 1.229257917678694412e-09 1.852771686072784973e-10 7.481961846351623535e-01 2.258346830785740167e-05 1.257640380725177920e-10 9.996103644371032715e-01 5.755314759881002828e-06 2.226685751338663977e-07 2.751032184278301429e-07 6.714102472778205044e-13 3.200148785253986716e-05 3.186776302754878998e-05 1.990269993257243186e-06 3.993927675765007734e-04 1.994320628000423312e-04 6.867249608039855957e-01 7.192317070803255774e-07 1.349336753442287318e-09
4.998741698347686224e-11 1.706122532141307602e-08 1.623312873011428792e-10 1.376783757223165594e-06 6.004486152733079507e-08 4.074620502114711940e-11 9.942038655281066895e-01 2.418111264705657959e-01 4.352948934638334322e-08 9.808308482170104980e-01 2.281371536128062871e-09 6.035088896751403809e-01 1.405409420840442181e-04 2.812304273902554996e-07 7.296534931811038405e-07 2.871382236480712891e-01 4.055251181125640869e-01 1.159311723313294351e-04 1.197701671173945215e-08
2.700263030419591814e-05 9.852167295321123675e-07 8.594301270647974889e-09 4.488463327288627625e-02 1.289480860577896237e-04 1.019366391119547188e-04 1.916582882404327393e-01 1.775402459315955639e-03 1.889455489845204283e-07 9.989908337593078613e-01 1.272379002159595984e-08 1.796097159385681152e-01 1.814704737626016140e-03 4.420448362907336559e-07 6.414460367523133755e-04 1.487735565751791000e-02 9.520322084426879883e-03 2.990524750202894211e-03 1.451307518607336533e-08
8.751344680786132812e-02 4.052122309803962708e-02 7.927007228136062622e-02 1.880500316619873047e-01 1.372207105159759521e-01 5.546879768371582031e-01 4.215335249900817871e-01 9.385118633508682251e-02 1.070136651396751404e-01 3.014767467975616455e-01 5.523561965674161911e-03 1.200260892510414124e-01 1.388173401355743408e-01 4.068560153245925903e-02 2.867013216018676758e-01 6.698280572891235352e-02 1.145692542195320129e-01 1.080248877406120300e-01 3.074301220476627350e-02
7.024098977126413956e-06 6.912300705153029412e-07 2.147096389570890551e-11 1.076596873872404103e-07 7.919287309050559998e-04 3.119572647847235203e-04 3.356214165687561035e-01 1.286859478568658233e-04 2.641325045260600746e-05 9.992904663085937500e-01 4.854370772022775782e-08 7.962469458580017090e-01 3.090383717790246010e-03 1.477120856185898390e-11 2.999664516778466350e-09 1.037995368242263794e-01 7.521474344684975222e-06 5.493144271895289421e-06 1.817366069190029521e-06
1.195065806314232759e-06 3.131650146315223537e-06 2.451924707713715179e-08 2.216321632886320003e-07 1.688887737691402435e-02 9.973255395889282227e-01 8.142979443073272705e-02 1.908132247763205669e-07 7.762228697538375854e-02 5.177543498575687408e-03 2.010831945398194875e-09 4.174710251390933990e-03 7.298144919332116842e-05 3.146904248296777951e-08 5.314165719028096646e-06 2.676860429346561432e-03 2.081069851556094363e-06 6.240756192710250616e-05 4.161275923252105713e-03
1.477410424902125818e-12 8.258735917365811474e-10 3.218590324816084092e-11 2.873425930738449097e-02 8.868102779890918441e-11 2.683878293219255085e-11 9.999457597732543945e-01 4.464350786292925477e-05 3.166521196362737101e-07 1.528449866672332291e-10 1.016064538278751983e-13 8.514827731787022458e-12 9.769578355189878494e-07 5.712389247491955757e-04 6.467021536082029343e-03 2.746873661862991867e-08 9.987518787384033203e-01 7.148743179641314782e-07 7.356776077216409249e-09
1.184113028983302396e-13 5.744755712799864966e-11 5.735890681535238400e-06 4.713451117277145386e-02 6.889102569657135078e-12 3.940891937868201689e-14 9.992439746856689453e-01 2.075264201266691089e-04 8.005393681287387153e-09 1.280770628442340353e-10 3.084155592928392899e-15 5.504909462300533463e-12 1.450039690098492429e-06 1.403072965331375599e-04 4.952082526870071888e-04 1.249373298151112976e-07 9.999598264694213867e-01 9.513343570688448381e-07 3.105130819136547871e-09
4.635591515272973265e-15 8.707528621754168086e-12 8.202173749222163579e-14 2.677004204088007100e-06 6.648299098743759572e-12 1.419564465976463907e-10 9.999996423721313477e-01 7.996734893822576851e-06 7.463568181265145540e-05 3.069500383034995394e-12 7.710276102475266402e-13 6.976839245220745056e-12 1.002186493792578403e-07 1.342092000413686037e-04 1.153876632452011108e-02 3.377318869013379299e-09 9.959976673126220703e-01 8.806782147985359188e-07 2.674661345736240037e-07
3.754129633307456970e-03 6.816151551902294159e-03 9.120727554545737803e-06 1.113664009608328342e-03 3.219912946224212646e-02 9.984346032142639160e-01 2.774842083454132080e-02 1.632481144042685628e-05 8.708160370588302612e-02 4.731006047222763300e-04 2.384006165812024847e-06 6.264533149078488350e-04 1.579366507939994335e-04 6.636916077695786953e-04 1.390867051668465137e-03 2.313687436981126666e-04 1.136485880124382675e-04 2.486975630745291710e-03 1.160198170691728592e-02
6.827852129936218262e-01 4.725946485996246338e-01 4.352898336946964264e-03 8.670523166656494141e-01 9.066645056009292603e-02 6.266341079026460648e-03 1.692012846469879150e-01 1.853281855583190918e-01 2.447834610939025879e-02 4.027042910456657410e-02 6.560096144676208496e-02 5.955668911337852478e-02 1.178673803806304932e-01 1.657114326953887939e-01 1.549013797193765640e-02 4.968340322375297546e-02 7.380964607000350952e-02 1.380365807563066483e-02 1.248785387724637985e-02
8.924711942672729492e-01 1.228057135449489579e-05 5.774270384756308161e-12 9.998706579208374023e-01 9.777802824974060059e-01 1.840182761725372984e-08 3.178073465824127197e-02 2.876404892049322370e-08 2.022576381932594813e-06 3.722465748978720512e-07 7.564306514495910960e-09 1.048171371221542358e-01 1.132761212829791475e-06 8.713725918596537667e-08 2.948079043108009500e-07 3.336079046130180359e-02 1.307817641645669937e-03 5.260551816377301293e-08 9.441870618687175920e-10
9.908378720283508301e-01 2.139837741851806641e-01 4.544309604170848615e-07 4.727212362922728062e-04 6.785801798105239868e-02 1.767541334629640914e-06 1.609317064285278320e-01 6.920118350535631180e-03 1.274367445148527622e-03 9.665805846452713013e-03 2.653954725246876478e-04 6.942835450172424316e-01 1.627251356840133667e-01 3.527574790496146306e-06 5.636025335320482554e-08 9.363314136862754822e-03 5.523886065930128098e-04 6.814560038037598133e-05 1.173289027065038681e-03
4.880213964497670531e-05 1.058989937519072555e-06 2.368667395558077260e-07 9.657968282699584961e-01 8.080108091235160828e-04 9.384713768959045410e-01 8.129834383726119995e-02 1.196699213323881850e-05 1.851211767643690109e-03 3.228813511668704450e-06 6.309463368436851738e-11 4.954166143988913973e-08 2.940112426585983485e-05 1.143784029409289360e-04 1.666028201580047607e-01 8.219414553423121106e-07 9.477504529058933258e-03 5.235985154286026955e-04 3.370046783857105765e-07
7.719015236943960190e-03 1.449949443340301514e-01 1.240098499692976475e-04 5.218763835728168488e-03 3.332322835922241211e-02 2.756555974483489990e-01 5.804306864738464355e-01 6.474156677722930908e-02 3.913189098238945007e-02 3.835118710994720459e-01 1.901297597214579582e-03 2.013458907604217529e-01 5.881049111485481262e-02 4.557677544653415680e-03 2.372511196881532669e-03 9.058745950460433960e-02 1.340097188949584961e-02 8.666230365633964539e-03 8.001423440873622894e-03
2.930436730384826660e-01 2.962228953838348389e-01 1.861671507358551025e-01 1.732903569936752319e-01 4.628060758113861084e-02 5.718699097633361816e-02 3.572338223457336426e-01 3.649806976318359375e-01 8.706866204738616943e-02 2.434210777282714844e-01 3.419667854905128479e-02 1.945893168449401855e-01 3.703573346138000488e-01 1.742592453956604004e-01 1.279102414846420288e-01 1.207592487335205078e-01 1.666732877492904663e-01 2.972496449947357178e-01 5.514221638441085815e-02
7.756143531878478825e-07 2.015664475038647652e-03 1.725449124023725744e-06 5.666022375226020813e-02 5.268409495329251513e-07 8.477895363512288895e-08 9.955663084983825684e-01 2.584276348352432251e-02 3.392123326193541288e-04 1.188314308819826692e-05 8.658852266307803802e-07 7.765787586322403513e-07 6.186662358231842518e-04 9.507190585136413574e-01 1.493285060860216618e-03 4.378253652248531580e-04 5.031735301017761230e-01 7.576232552528381348e-01 2.150109594367677346e-06
8.629313111305236816e-01 4.546964764595031738e-01 3.012526407837867737e-02 1.841308549046516418e-02 2.376016788184642792e-02 1.227547763846814632e-03 9.745027124881744385e-02 2.557576298713684082e-01 1.068083010613918304e-02 7.129526883363723755e-02 3.742962377145886421e-03 2.384317219257354736e-01 8.360421657562255859e-01 9.561855345964431763e-03 4.382115730550140142e-04 6.045749410986900330e-02 1.035547256469726562e-02 3.306916356086730957e-02 1.276190858334302902e-02
3.139690507580894518e-09 2.952647674969721692e-12 9.727606845119525926e-21 4.490734173412391783e-11 1.400465876599810144e-08 5.338468556104203344e-10 2.200675226049497724e-05 7.116718734323512763e-07 5.504946067676382004e-14 1.000000000000000000e+00 5.002298759677198392e-15 8.160256147384643555e-01 2.516178028599824756e-06 6.985825908815590932e-20 4.143981639499576264e-16 8.381262421607971191e-03 2.970506340904677245e-10 6.553419584776065676e-09 1.032936098922978944e-16
4.278438165783882141e-03 4.706094041466712952e-03 5.065288860350847244e-06 2.703017962630838156e-04 2.215264923870563507e-02 1.023506838828325272e-02 7.164456248283386230e-01 1.954817585647106171e-02 1.187602430582046509e-02 7.694285511970520020e-01 6.379684200510382652e-04 5.943030118942260742e-01 1.326115280389785767e-01 1.256161795026855543e-05 8.589639764977619052e-05 1.813354194164276123e-01 5.844683386385440826e-03 2.332884119823575020e-03 5.559214390814304352e-03
6.930652260780334473e-02 1.636671461164951324e-02 4.065919256390770897e-06 2.552398014813661575e-03 1.040938962250947952e-02 4.860139742959290743e-04 1.373353600502014160e-01 5.015970394015312195e-02 5.225099157541990280e-04 9.415718913078308105e-01 9.082949254661798477e-04 5.960797667503356934e-01 1.778994649648666382e-01 1.782744766387622803e-05 2.064459658868145198e-05 1.465017944574356079e-01 4.251317586749792099e-03 7.573179434984922409e-03 4.923205124214291573e-04
1.467740628868341446e-02 2.985405153594911098e-04 8.988605970650098698e-10 2.284593421109093470e-07 1.711234101094305515e-03 2.037182821368332952e-05 4.084530174732208252e-01 3.557893505785614252e-04 8.088255417533218861e-04 8.718920946121215820e-01 1.219910700456239283e-05 7.582023739814758301e-01 2.406684309244155884e-01 2.957052103180757285e-10 3.094193568031755603e-09 3.746305406093597412e-02 1.636622982914559543e-05 2.028209564741700888e-05 8.263588533736765385e-04
2.328351736068725586e-01 4.517584602581337094e-05 1.960091838186864277e-14 3.618013180717305488e-11 1.002449935185723007e-04 1.012383399334737533e-09 2.156324535608291626e-01 1.954538902282365598e-06 1.971133133338298649e-05 6.005462408065795898e-01 2.914554997346385790e-08 9.219048619270324707e-01 2.845235466957092285e-01 1.154845567319460337e-15 1.407769711248712825e-15 2.139812335371971130e-03 1.259886417415145843e-08 7.103107435568745132e-09 7.459690823452547193e-05
1.444314792752265930e-02 4.404041916131973267e-03 1.826505240387632512e-06 6.845426105428487062e-05 1.947627402842044830e-02 2.583534689620137215e-03 7.966066598892211914e-01 4.848461598157882690e-03 2.467904798686504364e-02 3.887375593185424805e-01 6.067513604648411274e-04 6.259320974349975586e-01 1.836812794208526611e-01 3.197240857844008133e-06 1.893063563329633325e-05 8.916246891021728516e-02 2.384874504059553146e-03 7.441636989824473858e-04 1.406219881027936935e-02
6.583805079571902752e-04 1.858954346971586347e-04 4.471860037824626488e-08 3.515075604809680954e-06 8.224634453654289246e-03 1.007504761219024658e-02 7.021650671958923340e-01 7.151329191401600838e-04 8.758038282394409180e-03 8.374937772750854492e-01 1.664656338107306510e-05 5.658357143402099609e-01 5.386196449398994446e-02 3.673991599839609989e-08 1.430533984603243880e-06 8.175633102655410767e-02 1.659320987528190017e-04 1.664490264374762774e-04 2.500449772924184799e-03
7.187498211860656738e-01 8.207407663576304913e-04 4.636288315068570753e-12 1.116607917239775816e-09 4.530710284598171711e-04 1.454261333577733240e-08 3.869235217571258545e-01 8.260299182438757271e-06 5.963662988506257534e-04 2.096616923809051514e-01 6.701841925860207994e-07 8.872632384300231934e-01 1.934958845376968384e-01 3.420194086712485815e-13 2.367468471698580545e-13 2.119272248819470406e-03 2.710745832246175269e-07 4.281075405287992908e-08 3.169130068272352219e-03
5.926671996712684631e-02 5.175895616412162781e-02 1.150174532085657120e-02 2.767285145819187164e-02 1.250282227993011475e-01 1.867854446172714233e-01 6.653530597686767578e-01 6.811616569757461548e-02 2.109718769788742065e-01 1.961449831724166870e-01 1.350131817162036896e-02 2.811298966407775879e-01 1.428318321704864502e-01 1.006262842565774918e-02 3.147510811686515808e-02 1.353841572999954224e-01 6.272258609533309937e-02 5.923850461840629578e-02 1.228294670581817627e-01
1.686943345703184605e-03 1.578028313815593719e-04 5.268361746857408434e-09 1.091951730813889299e-06 3.165941452607512474e-03 4.761521704494953156e-04 5.805454850196838379e-01 7.998625515028834343e-04 1.896669273264706135e-03 9.409677386283874512e-01 1.617002271814271808e-05 6.913630366325378418e-01 1.047629341483116150e-01 3.152105243486857944e-09 8.406259155435691355e-08 7.671193033456802368e-02 6.602821667911484838e-05 6.608913099626079202e-05 9.314150083810091019e-04
7.998454570770263672e-01 2.040071703959256411e-04 2.104869758850179406e-14 1.695001083934499775e-11 1.072350787580944598e-04 3.440435991652890380e-10 3.204312324523925781e-01 7.243820618896279484e-07 1.196786543005146086e-04 1.862784773111343384e-01 3.415651761429217004e-08 9.290657639503479004e-01 1.698107719421386719e-01 9.039418087276461684e-16 4.797027630569288773e-16 6.590933771803975105e-04 1.057889686961743791e-08 1.348981593096709730e-09 9.635937749408185482e-04
5.233412142843008041e-03 6.231783032417297363e-01 2.219879679614678025e-04 5.850762128829956055e-03 1.381583046168088913e-03 9.658163785934448242e-01 2.503189444541931152e-01 9.499243460595607758e-03 2.440105937421321869e-02 7.965401746332645416e-04 1.685106399236246943e-04 4.333800461608916521e-04 1.072192913852632046e-03 4.944070279598236084e-01 1.544049126096069813e-03 6.384574808180332184e-04 7.423331262543797493e-04 3.440555185079574585e-03 6.868485943414270878e-04
3.645832836627960205e-01 5.947564262896776199e-03 1.191741685033775866e-04 2.332622898393310606e-05 1.580573245882987976e-02 1.088655790226766840e-05 2.582137882709503174e-01 4.399952013045549393e-03 5.393986357375979424e-04 4.693895578384399414e-01 9.209526615450158715e-05 7.705198526382446289e-01 4.960545599460601807e-01 2.656906303855066653e-07 9.861993532922497252e-08 4.722278192639350891e-02 1.918620109790936112e-04 1.256603864021599293e-04 1.436354010365903378e-03
2.272315759910270572e-04 8.408898793277330697e-06 9.980708481904798646e-10 2.346412202314240858e-06 1.028376980684697628e-03 9.928026702255010605e-05 1.026421785354614258e-01 8.544872398488223553e-04 2.679032331798225641e-05 9.992902278900146484e-01 1.009784341476915870e-06 7.480716705322265625e-01 1.074531022459268570e-02 3.262382031188337805e-10 3.065154174919371144e-08 9.054839611053466797e-02 3.811004717135801911e-05 6.864435272291302681e-05 2.614433014969108626e-06
1.200544552659721376e-08 1.886254494820605032e-07 3.961428407528444495e-10 1.392952253809198737e-04 1.584473939146846533e-04 1.564282037236353062e-09 9.999976158142089844e-01 3.318594735901569948e-06 2.087141619995236397e-03 5.226346466713494010e-09 2.384123547471972415e-07 1.546535058878362179e-03 2.711464549065567553e-05 1.432708813808858395e-05 1.925706979818642139e-03 5.848932196386158466e-04 4.611639976501464844e-01 2.804218411256442778e-06 1.343992480542510748e-04
9.999997615814208984e-01 2.598666250705718994e-01 1.712766484196492911e-09 2.706656596274115145e-05 5.677534267306327820e-03 2.565148180672105482e-12 5.987530312268063426e-05 7.556417840532958508e-04 6.179871059330821481e-10 7.319911219383357093e-07 1.686553563473580652e-09 3.753823041915893555e-01 7.379259467124938965e-01 1.320172628993532271e-07 1.177790368489181616e-13 6.930953986739041284e-06 4.203111814149451675e-08 2.362706936764880084e-07 1.796378379381735613e-09
1.000000000000000000e+00 3.441179916262626648e-02 3.714832694928782431e-12 3.321420634165406227e-03 8.920170366764068604e-02 7.205732321588498301e-14 4.660635022446513176e-04 2.121707439073361456e-05 4.238020490099358994e-10 1.249362213684435119e-08 6.352907089279824504e-09 2.115818113088607788e-01 3.065881785005331039e-03 4.688900645533067291e-08 1.071507574508523408e-12 1.297886115025903564e-06 1.775894929778587539e-06 9.041842274903899579e-10 1.461077092645979292e-10
1.000000000000000000e+00 9.737827815115451813e-03 2.898745628840231070e-14 2.955987751483917236e-01 3.941106200218200684e-01 7.797925209344186952e-19 1.877214913292846177e-06 1.297698872804176062e-07 5.513196502101861871e-17 4.616751425601250958e-12 1.385243482421305572e-12 5.149067938327789307e-02 3.936327993869781494e-04 3.165057993470554720e-09 2.397675252666862629e-16 2.896250883566153789e-08 3.332717213311298110e-09 6.336604418261115867e-13 1.269447881003325893e-16
6.583939830306917429e-05 5.594144454335037153e-07 8.187914929402850817e-11 4.247865581419318914e-05 1.309404820203781128e-01 4.107116637896979228e-06 9.996659755706787109e-01 1.356177961042703828e-07 2.956364769488573074e-03 2.641300795858114725e-07 4.678410991942882902e-09 4.847580939531326294e-02 7.346113852690905333e-05 2.704592532154492801e-07 1.150965690612792969e-04 1.296836533583700657e-03 3.222227096557617188e-03 2.311414164068992250e-06 1.333508498646551743e-05
1.334088665316812694e-05 1.818985101431636053e-10 2.163542905249361218e-16 2.796799378756986698e-07 9.865895509719848633e-01 1.081904149602408438e-10 9.992714524269104004e-01 9.803118603338156767e-13 2.935384167358279228e-03 1.058088408556479010e-10 3.615950594504369064e-11 9.705942273139953613e-01 1.179270192608328216e-08 2.747353939399482803e-13 6.011249137349850002e-11 4.435438290238380432e-02 1.897209403978195041e-05 3.375646429049083963e-08 7.039826499521950609e-08
1.880973172774247359e-07 1.855463051469996572e-05 5.095163828627846669e-07 6.140300538390874863e-03 9.790138574317097664e-05 1.361631257168482989e-05 9.998348951339721680e-01 9.699228103272616863e-04 1.120673958212137222e-02 9.040933946380391717e-06 2.609543116705026478e-06 1.512463059043511748e-04 8.553654770366847515e-04 5.688004661351442337e-03 2.727783657610416412e-02 1.479944330640137196e-03 2.160927057266235352e-01 4.341822350397706032e-04 3.136672894470393658e-04
6.759926327504217625e-04 5.057196617126464844e-01 3.799998751219391124e-07 7.327464818954467773e-01 2.555395985837094486e-05 6.905596703290939331e-02 3.276473656296730042e-02 9.346781298518180847e-03 4.517545676208101213e-05 1.691088641564419959e-06 1.450053304097309592e-07 2.659027131812763400e-08 8.195097325369715691e-05 9.973478317260742188e-01 2.238542583654634655e-05 6.484373898274498060e-06 3.168231705785728991e-05 1.421107299393042922e-04 2.114260126973022125e-07
1.989630050957202911e-03 1.373873371630907059e-02 3.989850170910358429e-03 9.628730826079845428e-03 4.912307485938072205e-03 3.055071923881769180e-03 9.794719219207763672e-01 9.720329940319061279e-02 5.117294192314147949e-01 6.685044150799512863e-03 2.534263767302036285e-02 3.047528676688671112e-02 2.614491805434226990e-02 4.707404598593711853e-02 8.284507691860198975e-02 2.600614540278911591e-02 4.685761034488677979e-01 9.983416646718978882e-02 1.850280314683914185e-01
2.460555697325617075e-05 2.501798444427549839e-04 1.412842684658244252e-04 2.933356724679470062e-02 2.180184819735586643e-04 4.204488504910841584e-05 6.807346940040588379e-01 7.280318439006805420e-02 4.841001238673925400e-03 1.423365087248384953e-03 2.351464536332059652e-05 1.066507888026535511e-03 4.461243748664855957e-03 4.077997058629989624e-02 1.975423097610473633e-02 8.713381364941596985e-03 9.282043576240539551e-01 8.754084706306457520e-01 4.851248813793063164e-04
9.317520856857299805e-01 3.052858170121908188e-03 1.774542397470213473e-06 3.771421313285827637e-02 4.200583100318908691e-01 3.315419598948210478e-05 8.887778520584106445e-01 2.465396537445485592e-04 6.663547363132238388e-03 1.383551079925382510e-05 3.347140227560885251e-05 1.686273813247680664e-01 7.301240693777799606e-04 2.259758330183103681e-04 7.295317947864532471e-03 2.026628004387021065e-03 6.997591257095336914e-02 5.597068229690194130e-05 4.473316075745970011e-04
1.625961886020377278e-04 2.249713987112045288e-03 4.289935168344527483e-04 1.734980195760726929e-02 5.575680406764149666e-04 1.246052415808662772e-04 8.919362425804138184e-01 1.278748214244842529e-01 3.964142873883247375e-02 2.552540041506290436e-03 6.641173968091607094e-04 2.664530649781227112e-03 1.419679727405309677e-02 1.463195532560348511e-01 2.469226531684398651e-02 2.607133612036705017e-02 7.043820619583129883e-01 9.246150851249694824e-01 3.103550989180803299e-03
7.048768997192382812e-01 2.515544295310974121e-01 2.946826680272351950e-05 9.978723526000976562e-01 2.661517560482025146e-01 6.893732643220573664e-05 6.915912777185440063e-02 1.597965322434902191e-02 6.091788411140441895e-03 3.101685317233204842e-03 4.562015458941459656e-02 1.874962821602821350e-02 9.401414543390274048e-03 3.830066695809364319e-02 2.348754496779292822e-04 5.837364122271537781e-02 2.447522990405559540e-02 8.790344145381823182e-05 5.573549424298107624e-04
2.006334431925438366e-09 1.758601982146501541e-03 7.310511918046103119e-11 2.575047952646514204e-10 1.354154505861515645e-06 1.000000000000000000e+00 6.400587437838112237e-08 5.004594828827979569e-13 1.944072937476448715e-05 1.338538568179670207e-11 1.825524216782386014e-16 2.884149082754694504e-13 7.956365601080594985e-12 9.345328435301780701e-04 2.936820564514164289e-08 9.071786724601516028e-12 9.899529113122085278e-13 3.949271132341891644e-08 5.719802942394380807e-08
1.913104951381683350e-02 2.622566171339713037e-06 7.190703588122460133e-09 9.999874830245971680e-01 2.047764882445335388e-02 7.785028428770601749e-04 6.430865731090307236e-03 9.274548574467189610e-06 9.305906019108078908e-07 1.393498387187719345e-03 9.320604010820687790e-11 8.838404028210788965e-05 2.290275442646816373e-04 2.554237653384916484e-06 4.351641982793807983e-03 1.079092180589213967e-04 3.995423205196857452e-03 4.023500878247432411e-06 6.216460124441880453e-10
2.310903966426849365e-01 1.962267930366579094e-07 8.489184558297782125e-17 3.080163077720521336e-12 1.960976794362068176e-02 1.305015530318406891e-14 4.339938238263130188e-02 1.839487850929799606e-08 5.138853786945674074e-10 2.701120637357234955e-02 2.148225824658012151e-12 9.996514320373535156e-01 7.725434843450784683e-03 2.267786373256498655e-18 1.738272195511346090e-21 6.415518932044506073e-03 2.032102264237778400e-10 5.605441805167643565e-11 1.295005630508327954e-10
9.969131946563720703e-01 7.222082931690465557e-09 4.876171808357219431e-18 9.728433191776275635e-02 9.990438818931579590e-01 1.646092150661779968e-14 5.871999859809875488e-01 4.002488444843077531e-13 1.492668322278234427e-09 3.561611726030089464e-13 3.100110771390995890e-14 8.316746354103088379e-01 2.057943260247441231e-10 3.857458176124116400e-14 2.735732473890806205e-11 6.358029786497354507e-04 3.594323061406612396e-05 3.290596267691014987e-11 8.658696047485203717e-14
1.676413118839263916e-01 6.732743699103593826e-03 4.799121234100311995e-05 4.748607985675334930e-03 5.232889652252197266e-01 3.336846828460693359e-03 8.699139356613159180e-01 4.403583297971636057e-04 4.027183651924133301e-01 2.213921397924423218e-03 2.813693368807435036e-03 6.588734984397888184e-01 4.760777577757835388e-03 1.612212654436007142e-04 7.445921073667705059e-04 8.630038797855377197e-02 1.286962814629077911e-02 3.942669834941625595e-03 5.320046842098236084e-02
3.079459071159362793e-02 1.859792135655879974e-02 1.595209585502743721e-03 2.522007375955581665e-02 1.268026679754257202e-01 3.518035262823104858e-02 6.795665621757507324e-01 8.183903992176055908e-02 3.506926074624061584e-02 5.144120454788208008e-01 6.145584397017955780e-03 5.700695514678955078e-01 1.567617952823638916e-01 2.242654794827103615e-03 8.971266448497772217e-03 2.880936861038208008e-01 8.161740005016326904e-02 4.248298332095146179e-02 1.473069004714488983e-02
4.035282507538795471e-02 1.502459496259689331e-02 1.375301508232951164e-03 3.106109239161014557e-02 2.143990844488143921e-01 2.576716616749763489e-02 6.810382008552551270e-01 5.542096868157386780e-02 2.996372058987617493e-02 3.695539236068725586e-01 4.314014222472906113e-03 6.352492570877075195e-01 1.451390683650970459e-01 1.963353017345070839e-03 7.071967236697673798e-03 3.041503131389617920e-01 8.576812595129013062e-02 3.959882259368896484e-02 9.847959503531455994e-03
4.332481697201728821e-02 1.898351125419139862e-02 1.702199690043926239e-03 2.854773402214050293e-02 1.965429484844207764e-01 2.750538103282451630e-02 7.016076445579528809e-01 6.114102900028228760e-02 3.890131041407585144e-02 3.296596705913543701e-01 5.822721868753433228e-03 6.026834249496459961e-01 1.600620299577713013e-01 2.392139518633484840e-03 8.157081902027130127e-03 2.836754322052001953e-01 8.976680040359497070e-02 3.833333402872085571e-02 1.400167122483253479e-02
