2.475067288209477339e-18 6.041888452219812411e-13 5.152221672773326918e-21 1.855932168837171048e-05 5.723398421864089869e-10 1.776412784232350717e-12 1.000000000000000000e+00 4.123571276104520678e-11 8.270721991721075028e-07 2.446693970472799129e-14 1.198276500093099843e-17 3.279349708451562151e-11 8.118871130946558878e-10 3.455865851265116362e-07 2.152787419618107378e-05 2.592100400988783804e-08 4.661543644033372402e-04 6.273404018486417044e-11 3.576598739396530391e-11
2.317769175360321628e-18 5.741638718290142940e-13 4.788678216936972094e-21 1.838364369177725166e-05 5.490968235655202534e-10 1.738953165492107544e-12 1.000000000000000000e+00 3.930576350508196981e-11 8.146427035171655007e-07 2.269534827268899352e-14 1.097718551848804672e-17 3.049591135173557177e-11 7.750629027469813082e-10 3.427723811455507530e-07 2.158028837584424764e-05 2.452523162332909124e-08 4.586725553963333368e-04 6.031036781095622246e-11 3.422670827313289976e-11
3.384936775319147273e-08 3.179322675350704230e-06 1.862339438218896248e-08 3.963512368500232697e-03 8.399745638598687947e-06 2.353636227780953050e-05 9.999347925186157227e-01 2.303281216882169247e-04 1.386730000376701355e-03 1.573780764374532737e-06 2.330961557106547843e-08 4.151318989897845313e-06 2.386561100138351321e-04 7.762188091874122620e-03 5.340100079774856567e-02 4.924532913719303906e-05 2.404145002365112305e-01 9.296393545810133219e-05 3.229475987609475851e-05
6.887523084878921509e-02 2.193063683807849884e-02 2.626143209636211395e-02 1.746298670768737793e-01 3.394593000411987305e-01 1.251790858805179596e-02 6.260082125663757324e-01 1.074542850255966187e-01 2.298762276768684387e-02 3.149518072605133057e-01 4.979634657502174377e-03 6.405914425849914551e-01 1.475686877965927124e-01 1.093845162540674210e-02 2.000012807548046112e-02 3.639267683029174805e-01 1.866451948881149292e-01 8.657909184694290161e-02 7.444189395755529404e-03
9.566783905029296875e-03 1.080733141861855984e-03 6.771572399884462357e-03 3.373825177550315857e-02 3.272041976451873779e-01 1.766872708685696125e-03 6.811067461967468262e-01 2.361341193318367004e-02 3.424444701522588730e-03 3.033684790134429932e-01 2.658170997165143490e-04 8.454393148422241211e-01 6.421203166246414185e-02 5.518689285963773727e-04 1.268693013116717339e-03 4.033111929893493652e-01 7.876815646886825562e-02 3.259414434432983398e-02 6.671659648418426514e-04
3.759071603417396545e-02 2.217628061771392822e-03 3.805834800004959106e-02 9.999105930328369141e-01 1.156698912382125854e-02 1.539176609367132187e-02 7.966150529682636261e-03 3.180461702868342400e-03 2.656483557075262070e-04 5.772730219177901745e-04 3.343707476233248599e-06 1.518595672678202391e-05 9.081088937819004059e-03 2.520886808633804321e-02 4.611025750637054443e-02 2.095216652378439903e-03 7.281990721821784973e-03 2.172826090827584267e-03 1.066658114723395556e-05
9.747553616762161255e-03 9.157928824424743652e-01 9.999070167541503906e-01 6.470672488212585449e-01 1.895717468869406730e-05 3.043883225473109633e-06 9.120662696659564972e-03 2.545602917671203613e-01 4.759371563523018267e-07 1.798561061150394380e-05 2.398436772637069225e-04 2.298624849572661333e-06 3.037879941985011101e-03 9.953598380088806152e-01 2.057445934042334557e-03 2.755391411483287811e-03 8.054682402871549129e-04 2.308231778442859650e-03 2.004093857976840809e-06
1.570031604725130592e-11 2.705066570740655152e-08 7.513599742381416036e-10 1.004353293865278829e-06 2.006016472932969918e-07 5.500207771547138691e-05 9.999967813491821289e-01 3.374495918251341209e-06 5.096931010484695435e-02 4.744558523839259578e-09 4.107128803720883070e-10 1.418924853169301059e-07 4.125719897274393588e-06 2.046440728008747101e-03 4.730104003101587296e-03 4.131169134780066088e-06 4.089460242539644241e-03 2.014205092564225197e-04 9.058194700628519058e-05
2.310674972250126302e-05 1.675297878682613373e-02 5.828006123920204118e-06 8.637991850264370441e-04 2.091186070174444467e-05 6.554221698706896859e-08 9.895572066307067871e-01 2.757781147956848145e-01 1.655190601013600826e-03 2.572102239355444908e-03 2.403147809673100710e-04 1.124547887593507767e-02 7.944451645016670227e-03 9.763468988239765167e-03 5.897448281757533550e-04 2.938985638320446014e-02 9.175509810447692871e-01 8.301735506393015385e-04 7.652872009202837944e-04
5.646406758115719802e-35 2.213478680655236613e-26 5.617634313811325994e-29 1.492204797226559521e-12 3.776335844544331956e-23 8.197985764710944752e-32 1.000000000000000000e+00 5.355903220927160646e-12 1.089105544573205908e-13 9.239317993373975435e-24 5.267110865405570304e-26 5.580225345960810107e-18 1.011711059980408001e-14 4.999382933459570189e-14 7.162907766922188557e-11 8.750662412564114145e-13 9.999989271163940430e-01 2.991510265826600329e-17 6.587671162932640708e-16
1.638590474613010883e-04 1.491244802309665829e-05 7.580599685752531514e-07 2.054779790341854095e-03 3.608217462897300720e-02 9.999420642852783203e-01 1.778039615601301193e-03 9.168614951704512350e-07 1.846092008054256439e-02 9.362994023831561208e-05 8.929145423053341801e-09 2.726334787439554930e-05 5.687894008588045835e-05 3.079670568695291877e-05 1.762607018463313580e-03 7.802750769769772887e-05 3.445373731665313244e-04 5.466150119900703430e-03 8.065185102168470621e-05
9.864884195849299431e-04 9.699113368988037109e-01 9.713782668113708496e-01 7.432802319526672363e-01 1.950344454826336005e-07 1.610015942787867971e-07 2.804773161187767982e-03 2.635629773139953613e-01 2.168281909575853206e-08 6.398352638825599570e-07 8.779070412856526673e-06 1.479012023963832689e-08 1.852854475146159530e-04 9.997269511222839355e-01 1.124206828535534441e-04 1.091691083274781704e-04 1.611310581211000681e-04 4.320551233831793070e-04 9.548982049523146998e-09
3.419751673936843872e-02 3.325087726116180420e-01 1.231770170306845102e-07 1.059411326423287392e-03 3.672236925922334194e-04 3.076611756114289165e-05 9.912097454071044922e-01 9.794683428481221199e-04 6.994891166687011719e-01 2.112674155796412379e-05 1.556634996086359024e-02 1.006870996206998825e-02 7.407031080219894648e-05 7.078005000948905945e-04 1.413214340573176742e-04 1.708089112071320415e-04 2.406882122159004211e-02 2.872621407732367516e-04 1.174921542406082153e-01
5.424088955763295417e-10 2.165177829738240689e-05 6.356351178737895680e-08 3.060164749622344971e-01 1.049861353408232389e-08 2.052704881072564547e-11 9.995952248573303223e-01 4.228311590850353241e-03 1.731035081320442259e-05 1.185795852620685764e-07 4.504885353640020185e-09 1.010443195781363102e-08 5.000834062229841948e-05 9.175571054220199585e-02 4.294063255656510592e-04 3.219970312784425914e-05 9.626959562301635742e-01 4.134655318921431899e-05 4.455696114291640697e-07
4.105619087044156342e-24 3.433970829842439938e-18 8.482147169310001217e-20 3.372410337099118749e-11 8.587679269940186278e-17 4.567168586484034202e-24 1.000000000000000000e+00 2.316379095645970665e-06 2.561540909939985511e-11 6.199943444924749247e-13 7.552910072605340821e-18 3.236474976908709777e-10 1.359090062713619318e-09 1.924664178032386985e-10 4.245085172271956253e-09 4.764771119880606420e-07 9.999964237213134766e-01 1.541859695475267245e-11 4.249593385519112587e-11
1.422210238466448118e-09 8.963142037391662598e-01 9.029096914581202782e-12 3.953538835048675537e-04 9.875183353338923276e-13 4.078693791598198004e-07 9.993054866790771484e-01 1.844704966060817242e-04 8.912856173992622644e-06 3.215097675937639288e-12 8.451119803964957100e-10 7.190918054154199490e-14 1.172321906217632659e-09 9.999722242355346680e-01 3.469048825976983608e-09 1.490571555073927357e-09 1.651023353588243481e-06 1.789676957741903607e-07 5.524276522339555129e-11
8.475147187709808350e-03 1.362325274385511875e-03 4.999335033062379807e-06 5.698715802282094955e-03 6.803948199376463890e-04 5.750097334384918213e-04 7.946696132421493530e-03 3.403514251112937927e-02 7.514032859035069123e-06 9.992011189460754395e-01 7.142501272028312087e-05 3.720507621765136719e-01 2.385929226875305176e-02 2.063877036562189460e-05 8.166108455043286085e-05 8.127669990062713623e-02 1.595681998878717422e-03 7.686842698603868484e-03 2.684689434317988344e-06
9.991379976272583008e-01 8.524482250213623047e-01 9.350064722468687251e-09 4.816033761017024517e-04 1.467884285375475883e-03 9.342416618096649472e-09 2.946035861968994141e-01 1.229377277195453644e-02 9.904715418815612793e-02 5.720157219002430793e-07 3.793678805232048035e-02 1.953816227614879608e-02 9.951697429642081261e-04 2.268024582008365542e-05 1.766458312957297494e-09 3.045883204322308302e-05 2.199961338192224503e-03 5.418526143330382183e-07 1.456643338315188885e-03
4.158903310711586920e-14 6.954742115539147562e-09 3.053957438990678600e-18 5.715818985653486894e-13 3.679313076432322305e-09 1.289356035133470968e-11 9.999984502792358398e-01 3.250889130868017673e-05 6.920736268511973321e-07 1.197210326790809631e-02 4.188164398621907480e-11 3.363703563809394836e-02 2.220024354755878448e-03 5.869507354108738362e-13 1.094063988710258783e-11 2.885714545845985413e-02 1.461938372813165188e-04 3.379411472881344025e-10 6.066187552278279327e-08
1.118347572628408670e-04 4.175650974502786994e-05 5.438047148004221398e-12 4.322138614952564240e-03 2.510161145607980870e-08 4.125174655200680718e-07 8.267225894087459892e-06 3.700629342347383499e-03 3.065463464665962867e-12 9.999997615814208984e-01 6.069794888929891385e-09 7.287497818470001221e-02 1.227303873747587204e-03 3.696279904374932812e-08 1.724617781917459070e-08 3.279333701357245445e-03 4.577209438139107078e-06 2.471821790095418692e-04 2.479648647871202094e-12
1.622763276100158691e-02 1.200975477695465088e-02 1.371661201119422913e-03 9.992489218711853027e-01 1.110963639803230762e-03 1.871185144409537315e-03 6.871179677546024323e-03 1.220181882381439209e-01 6.580817171197850257e-06 8.410316891968250275e-03 8.317508672917028889e-07 4.361481842352077365e-06 1.742125116288661957e-02 6.633270978927612305e-01 1.225179806351661682e-01 6.994717987254261971e-04 3.147845342755317688e-02 6.449990272521972656e-01 1.291507601308694575e-06
1.781341707101091743e-04 5.319080082699656487e-04 1.048862969810215873e-07 2.934397896751761436e-03 5.644101111101917922e-05 8.915686521504539996e-06 1.934359222650527954e-02 5.603000521659851074e-02 6.362506610457785428e-07 9.996090531349182129e-01 5.628533472190611064e-06 5.076570510864257812e-01 7.168026175349950790e-03 2.214819505752529949e-05 1.299841187574202195e-05 1.524771153926849365e-01 4.720418713986873627e-03 5.065325181931257248e-03 2.423722094135882799e-07
9.545999169349670410e-01 8.107747137546539307e-02 1.129005795519333333e-05 1.238481723703444004e-03 2.154677510261535645e-01 7.235417433548718691e-05 7.633607387542724609e-01 3.888249048031866550e-04 2.992662489414215088e-01 2.198768488597124815e-04 6.818453315645456314e-03 5.648949146270751953e-01 2.023644512519240379e-03 3.762464257306419313e-05 2.294172190886456519e-05 7.742293644696474075e-03 6.379972677677869797e-03 1.386258227284997702e-04 1.497319191694259644e-01
1.600719201633182820e-08 2.384500694461166859e-04 3.077285626318371214e-08 3.127364441752433777e-03 1.421445517735264730e-06 2.678639088316003836e-09 9.995872378349304199e-01 1.492250524461269379e-02 1.558129006298258901e-04 2.261297340737655759e-04 5.235877438281022478e-07 1.961738598765805364e-04 9.897749405354261398e-04 3.431483637541532516e-03 2.480692055542021990e-04 4.865350667387247086e-03 5.114074945449829102e-01 1.611806146684102714e-05 9.797786333365365863e-06
5.923194289207458496e-01 4.559400305151939392e-02 2.431493776384741068e-04 1.038388442248106003e-02 3.743816316127777100e-01 2.780845621600747108e-03 8.126240968704223633e-01 1.676742103882133961e-03 4.010959863662719727e-01 2.575763734057545662e-03 1.400373876094818115e-02 5.913491249084472656e-01 6.957276258617639542e-03 5.880897515453398228e-04 1.385751646012067795e-03 4.998206719756126404e-02 2.333206124603748322e-02 3.848281223326921463e-03 1.352222561836242676e-01
2.227195363957434893e-05 5.628016941372493420e-10 3.134562108573352157e-13 9.789542555809020996e-01 1.479096772527555004e-05 9.415841777808964252e-04 1.404196955263614655e-02 3.448534187100449344e-07 4.922351415359571547e-11 9.999117851257324219e-01 1.543663124504101279e-15 1.068671699613332748e-03 5.763054286944679916e-05 3.306318413498487985e-11 2.915601362474262714e-04 3.094575276918476447e-06 2.549872442614287138e-05 7.257539778038335498e-07 1.538103411996560865e-14
1.183917745947837830e-02 3.784273564815521240e-01 7.182361150626093149e-05 9.392632246017456055e-01 1.262300531379878521e-03 7.886042818427085876e-03 7.564025372266769409e-02 1.132842972874641418e-01 4.744416510220617056e-04 5.529615445993840694e-04 2.809419493132736534e-05 1.840753793658223003e-05 6.176498252898454666e-03 9.709742665290832520e-01 1.588135841302573681e-03 1.377218286506831646e-03 3.999941982328891754e-03 6.333796773105859756e-03 2.926249362644739449e-05
9.760614633560180664e-01 3.898961236700415611e-03 2.449293035056143708e-08 9.999994039535522461e-01 6.079469919204711914e-01 9.002546619285567431e-08 5.592509987764060497e-04 2.076478267554193735e-05 8.312330805892997887e-07 1.875757698144298047e-05 1.086986344489559997e-06 1.179566141217947006e-03 3.578887844923883677e-04 6.033392273820936680e-04 3.169894853272126056e-06 9.161658585071563721e-03 8.463688427582383156e-04 1.064939354478156019e-07 9.618044316539453575e-08
2.570545339086738323e-12 5.214507492468101191e-09 1.575441666012977748e-09 1.283435835830459837e-06 3.065860232354111758e-09 3.205001368467019773e-12 9.999961853027343750e-01 1.578547642566263676e-03 2.578947751317173243e-04 8.742726009813850396e-08 5.625113175256046816e-08 1.551188347548304591e-06 1.550835986563470215e-05 3.230738730053417385e-05 1.258857373613864183e-04 1.105113333323970437e-04 9.981626868247985840e-01 1.572296787344384938e-05 8.509465988026931882e-05
1.489389944708818803e-08 3.095745881864786497e-09 2.751590344463039628e-10 8.062919378280639648e-01 6.993947465616656700e-08 3.521146209095604718e-05 9.981854557991027832e-01 3.729465561264078133e-06 3.421525661906343885e-06 1.622879469698190746e-10 9.054055451879726435e-15 3.008874182794385455e-12 3.341292824643460335e-07 1.051485654897987843e-03 7.076082825660705566e-01 1.819685929715930683e-10 6.747670173645019531e-01 5.187818601370963734e-07 1.916741210195027634e-09
9.150076075457036495e-04 3.271664900239557028e-05 1.859024756356575381e-08 3.216155746486037970e-04 7.160150289564626291e-06 1.533686918264720589e-05 2.532019861973822117e-04 5.963614676147699356e-03 1.012891814866634377e-08 9.999912977218627930e-01 6.500102927020634525e-07 2.435936778783798218e-01 4.369425121694803238e-03 5.500218591691918846e-08 5.552336119762912858e-07 1.907531730830669403e-02 3.973513594246469438e-05 7.771663949824869633e-04 2.897470707807769941e-09
2.917697550230968773e-08 1.278757433276211941e-09 6.901848917959061552e-15 1.743605224646671559e-07 1.969593057538077119e-07 7.738059082385007059e-10 4.378399753477424383e-04 1.318651920882984996e-04 1.388881089130211688e-12 1.000000000000000000e+00 6.371147099476504039e-12 8.763219714164733887e-01 1.051603521773358807e-05 6.070003440855620269e-13 6.383009398813754842e-11 8.652897924184799194e-02 2.867202965717297047e-06 5.261790192889748141e-06 4.182322755263631620e-14
1.023374363029461165e-08 4.973442173650255427e-06 6.750953684964144941e-10 5.708651588065549731e-05 4.528389035840518773e-05 5.227096835369593464e-07 9.999139308929443359e-01 5.678975721821188927e-04 3.652021114248782396e-04 6.824518204666674137e-04 3.593634971821302315e-07 7.152537815272808075e-03 3.275783965364098549e-03 1.625136974325869232e-05 9.167477401206269860e-05 2.100520022213459015e-02 3.729446604847908020e-02 2.829550612659659237e-05 4.112076931050978601e-05
9.379857779379108251e-09 4.906124104309128597e-06 5.673542746720272589e-10 3.780486804316751659e-05 4.126344356336630881e-05 5.297883944876957685e-07 9.999165534973144531e-01 5.561198922805488110e-04 3.750191826838999987e-04 7.599074160680174828e-04 3.629845650721108541e-07 7.722033187747001648e-03 3.573379013687372208e-03 1.237444394064368680e-05 7.112465391401201487e-05 2.185216359794139862e-02 3.307023271918296814e-02 2.512681385269388556e-05 4.296804763725958765e-05
8.064799317253346089e-08 1.725433139654342085e-05 2.633014473119033028e-09 1.883416916825808585e-05 1.280125870835036039e-04 6.923166438355110586e-06 9.996848106384277344e-01 8.423701510764658451e-04 1.195530407130718231e-03 3.705719253048300743e-03 1.655343112361151725e-06 2.242369949817657471e-02 8.147974498569965363e-03 8.004662049643229693e-06 5.027194492868147790e-05 3.805578872561454773e-02 1.571770571172237396e-02 5.846205749548971653e-05 1.560865057399496436e-04
4.958852753043174744e-02 3.602001070976257324e-02 1.322116877418011427e-04 1.478977650403976440e-01 5.928325699642300606e-04 2.236121334135532379e-03 1.148651447147130966e-02 1.845443993806838989e-01 2.704141297726891935e-05 9.928465485572814941e-01 7.887273095548152924e-04 1.956679373979568481e-01 9.630240499973297119e-02 3.348935162648558617e-03 1.081742579117417336e-03 5.994242802262306213e-02 7.850382477045059204e-03 6.648685038089752197e-02 3.338055466883815825e-05
4.039823710918426514e-01 5.321667715907096863e-02 1.924788928590714931e-03 1.800978370010852814e-02 1.034663617610931396e-02 1.002039294689893723e-03 3.472089767456054688e-02 1.036085486412048340e-01 3.861677541863173246e-04 8.813900947570800781e-01 2.393668284639716148e-03 4.502649903297424316e-01 6.399205327033996582e-01 4.129700828343629837e-04 2.222459297627210617e-04 1.194118261337280273e-01 2.698782831430435181e-03 6.185054406523704529e-02 1.195595832541584969e-03
