1.009401057672221214e-05 6.108284287620335817e-05 9.040260096071506268e-09 1.601516828486637678e-06 6.948572117835283279e-04 2.057117962976917624e-04 9.712520837783813477e-01 3.982173278927803040e-03 2.833254402503371239e-03 6.862371563911437988e-01 1.996653190872166306e-05 4.900346994400024414e-01 5.446432903409004211e-02 1.303076118119861349e-07 1.747405576679739170e-06 1.538248658180236816e-01 1.922370167449116707e-03 1.183857457363046706e-04 9.115565335378050804e-04
9.208997767910093168e-14 5.444009687494144600e-10 8.035781241810813214e-15 2.749684334391044871e-11 1.313174777806125348e-07 1.202763133534290318e-08 9.999997615814208984e-01 3.258200820255297003e-07 1.740213949233293533e-03 2.341306981179513969e-06 8.279866375859867844e-11 4.434024740476161242e-04 1.521889353170990944e-04 4.462261671278611175e-10 2.017505984497347526e-08 1.326436526142060757e-03 1.233403454534709454e-04 8.688831343306446797e-08 8.896015970094595104e-06
5.670352877553056620e-17 1.084090608081955676e-12 1.504484199981587222e-13 8.981853347016233169e-14 1.554027902455484833e-13 2.732297443852615970e-10 1.000000000000000000e+00 4.787353291568763325e-10 9.960404634475708008e-01 1.210088463216322727e-14 6.034129359372419898e-12 2.363961804086045504e-10 4.475101279127757792e-12 6.518886319639705107e-09 1.661855293377811904e-07 2.978170765555177013e-10 3.089973935857415199e-03 9.197305771522223949e-04 3.448454737663269043e-01
3.405045681721154127e-14 1.186777759398793819e-11 2.462127550451054248e-11 7.984456195167521919e-13 3.808497267554500354e-11 3.901417949236929417e-05 9.999885559082031250e-01 6.960945708733845549e-11 9.851180315017700195e-01 3.944957208124044712e-12 1.442534026258046609e-12 3.863469100195970896e-09 5.237258196566507706e-11 1.266422189338811677e-09 2.737666022767371032e-07 2.916288321941351569e-09 3.802829087362624705e-05 5.037150112912058830e-04 6.212697029113769531e-01
5.449706274864869546e-20 9.458634942254010220e-17 2.193579586914060265e-21 7.948557177034354382e-15 3.440567553081308461e-10 1.526528592421527719e-08 1.000000000000000000e+00 5.249242837763945719e-17 9.396889805793762207e-01 3.276294654094316866e-17 2.573024497889844535e-18 1.539516292226039695e-09 1.370587484787267121e-14 1.614511042219435311e-12 3.853092955807824183e-09 2.611557636811312477e-09 6.622895565300268572e-09 1.759395189537826809e-07 2.445187419652938843e-05
1.677250564098358154e-01 1.373225870793248760e-07 3.967943161542475394e-12 9.999994039535522461e-01 3.016902506351470947e-01 1.307281962681372534e-07 5.193521827459335327e-02 3.969593720398734149e-08 9.503404498900636099e-07 4.160961353250058892e-09 9.811228912637304234e-11 8.498547686031088233e-06 3.941866566492535640e-07 2.120040676345524844e-07 7.505735848098993301e-04 1.948316094058100134e-05 4.452201351523399353e-02 7.107494592872853900e-10 2.094705242594585570e-10
9.966948032379150391e-01 9.354737037087224039e-13 2.882983488779966975e-24 1.000000000000000000e+00 9.858691692352294922e-01 2.086737423479107860e-18 2.272038254886865616e-04 1.853720355409705571e-16 3.053740969133095923e-15 6.806228030288013629e-17 1.464046870191093239e-19 1.813152380236715544e-06 1.317938407062804740e-13 3.841589606780370161e-15 3.890620881019657418e-10 2.649401267262874171e-07 2.107088075717911124e-04 2.716140857630720009e-19 1.587467435930447441e-21
3.304941506893804316e-16 6.245092778857743776e-20 4.125998125239183350e-24 1.000000000000000000e+00 3.730734593324937232e-14 1.733233179240734970e-21 9.618877768516540527e-01 4.963499229682089009e-13 1.004020577860534271e-16 2.547442242695738701e-21 8.409893306828029343e-32 4.197115217743828549e-25 1.395917496855138620e-14 3.065962414505740696e-11 7.187744017755903769e-07 4.101123426729733773e-18 9.901784658432006836e-01 9.829403374838966787e-21 3.511787129433384030e-25
6.728458758639303200e-21 1.279676945350666892e-17 1.221166129507103917e-15 7.190557516878470778e-05 4.267457867385571896e-17 4.444850821027146090e-20 9.991034865379333496e-01 1.257593339687446132e-06 2.058804732599228693e-12 4.392574798090399107e-15 2.811555600067021897e-21 5.993180559506617981e-16 1.188447812383586211e-10 7.092889120485779131e-08 3.471703166724182665e-06 9.137206963272248572e-11 1.000000000000000000e+00 3.031533196917735040e-06 6.076965103005149693e-13
2.323611366743867410e-26 1.609158016122694084e-24 1.240532214450002292e-25 1.000000000000000000e+00 4.935054047012000936e-29 8.349934423369367962e-37 2.639180794358253479e-02 8.869833756364187138e-10 1.030246468132311037e-27 6.228337302548912378e-22 0.000000000000000000e+00 7.430697697533376384e-36 2.586795475173882470e-16 3.104692503086425859e-09 1.907643903953371023e-10 8.399763308661650969e-24 1.000000000000000000e+00 1.303330866489612813e-15 4.123316489265063027e-35
0.000000000000000000e+00 1.013086647951504602e-35 3.410270568223476795e-37 1.000000000000000000e+00 0.000000000000000000e+00 0.000000000000000000e+00 2.514284551143646240e-01 8.335770665575132493e-15 0.000000000000000000e+00 3.013878802419056551e-33 0.000000000000000000e+00 0.000000000000000000e+00 7.813031444324513797e-24 9.674703258574085529e-14 1.427099638379766399e-15 3.565019522542159586e-34 1.000000000000000000e+00 5.899064255090211842e-26 0.000000000000000000e+00
5.981045519964922619e-11 1.203919985925949732e-08 1.043770410001036014e-14 4.703839123249053955e-02 5.006227875128388405e-04 3.733263920224771937e-09 9.999992847442626953e-01 6.231111626675556181e-09 7.552260998636484146e-03 9.874100148632436458e-11 1.577940778041408976e-09 2.001394568651448935e-05 7.993206452283629915e-08 1.672493567639321554e-06 1.733669923851266503e-04 2.857490442693233490e-03 5.519954720512032509e-04 1.005010517474147491e-06 3.009291162925364915e-07
5.524848356586176124e-10 1.336733723711347466e-09 3.990135485763453878e-19 3.394666127860546112e-04 2.843275724444538355e-04 2.223167072656906385e-08 1.000000000000000000e+00 4.639320611704578212e-13 1.234812010079622269e-02 6.673619066694942530e-16 5.433627723108735985e-13 1.277499421803440782e-07 3.749394197893884950e-11 2.274393580137257231e-07 1.721430220641195774e-03 7.026626036576999468e-08 1.623363459657412022e-05 2.892710737611992045e-09 1.855645734849531436e-07
2.809346644205845678e-10 3.063935878344636876e-07 1.485205824991453483e-08 4.840091150981606916e-06 3.414199767348691239e-08 3.009996418779081750e-10 9.999810457229614258e-01 5.662383046001195908e-03 8.728896081447601318e-02 9.831905600776735810e-08 1.419723867002176121e-05 2.399260210950160399e-06 2.414791197224985808e-05 5.673167761415243149e-04 4.130427550990134478e-04 1.402441412210464478e-04 9.968293309211730957e-01 5.743604153394699097e-03 2.486151410266757011e-03
1.770667404343839735e-05 4.343817709013819695e-04 1.004603618071087112e-07 1.266240246877714526e-06 7.163455393310869113e-06 8.331608114531263709e-07 9.999327659606933594e-01 4.212350904708728194e-05 7.904958724975585938e-01 5.284451845000148751e-07 3.473969700280576944e-04 8.862962713465094566e-04 7.168259799072984606e-06 2.891984877351205796e-05 3.890410007443279028e-04 3.437509440118446946e-05 1.336247622966766357e-01 6.100751925259828568e-04 6.369359493255615234e-01
4.350985682854968672e-10 3.193998665551589511e-08 3.123676428629096335e-09 1.324004260823130608e-04 3.202933953616593499e-07 1.014405226484882405e-09 9.999258518218994141e-01 1.308334060013294220e-03 1.485180291638243943e-05 4.371137947600800544e-06 7.532099388640745019e-09 4.400949546834453940e-05 2.375328913331031799e-04 4.278193227946758270e-05 9.012548252940177917e-04 3.474423428997397423e-04 9.816292524337768555e-01 1.726911432342603803e-05 8.186167178791947663e-06
1.891048438847064972e-02 1.370468089589849114e-04 3.479852139776085096e-08 1.864797559392172843e-05 1.310944855213165283e-01 5.993174909235676751e-06 3.255763351917266846e-01 5.004550912417471409e-04 5.570672874455340207e-05 5.582818388938903809e-01 3.443602508923504502e-06 9.715861678123474121e-01 3.961677104234695435e-02 1.612323252686564956e-08 7.508618615759132808e-09 2.187190800905227661e-01 1.915854372782632709e-04 1.447563263354822993e-04 9.350570508104283363e-06
9.268086432712152600e-05 1.424239144398598000e-07 3.630836950541116437e-11 5.597666677203960717e-05 3.019963502883911133e-01 4.909874178338213824e-07 8.770456165075302124e-02 1.433561737940181047e-05 2.398069653963830206e-08 9.954231381416320801e-01 6.714240829985840264e-10 9.976378679275512695e-01 1.849472464527934790e-04 3.940441584138199005e-10 6.782536754457169081e-10 5.134782791137695312e-01 1.742451422614976764e-05 3.988383832620456815e-05 3.289148398089025704e-10
2.810768111316530593e-13 2.431415485615318062e-11 2.598645951201739024e-11 2.772297943010926247e-03 1.399672377999650053e-09 1.166967591352888189e-13 9.999866485595703125e-01 1.941727350640576333e-05 2.161435652681120700e-08 7.774110799552147455e-10 5.500527605010324672e-14 3.534713144404122431e-08 2.165510295526473783e-06 1.722235083434497938e-06 1.447381218895316124e-04 2.921347913797944784e-06 9.989989399909973145e-01 7.889466502319919528e-08 6.570353150436858414e-09
2.996380544573185034e-06 3.908694270648993552e-05 3.320636210446537007e-09 9.878903627395629883e-01 1.206747139804065228e-03 4.118475871450755221e-08 9.936470389366149902e-01 6.161480996524915099e-05 9.522217442281544209e-04 3.214523758288123645e-06 1.680229786416020943e-07 6.516784196719527245e-05 1.029357081279158592e-04 8.707335800863802433e-04 4.839717585127800703e-04 2.624534536153078079e-03 4.154669493436813354e-02 5.096709401186672039e-07 1.777491206667036749e-06
1.078988787206469624e-09 4.388345189454412321e-07 1.176037616975713685e-16 1.629584716056342586e-07 5.753838649980025366e-06 2.033510915211422798e-09 1.000000000000000000e+00 1.507054203653268587e-10 7.364854216575622559e-01 1.291908095259197697e-12 3.146202232073846972e-08 3.274864138802513480e-05 4.790431940016048884e-10 6.152420155558502302e-07 9.215917089022696018e-06 2.632484211062546819e-06 4.640438055503182113e-05 2.079123760267975740e-06 1.015142421238124371e-03
1.907512897636465254e-10 2.140443363865670787e-15 2.944605397834351573e-23 5.187182128429412842e-02 7.721484899520874023e-01 6.710315574309788644e-07 9.999929666519165039e-01 9.838384462490367143e-18 2.426395192742347717e-02 9.761905427548857837e-16 5.215232148825970412e-17 5.049926767242141068e-05 4.004550055274058717e-13 1.463830684271527627e-13 1.059683995663363021e-06 4.099707803106866777e-05 8.346490432131759007e-08 6.994614665245535434e-08 1.174062236319883823e-10
2.328186528757214546e-03 8.946471214294433594e-01 3.590616324800066650e-05 9.331608563661575317e-02 3.478851067484356463e-05 1.674034632742404938e-02 3.315676152706146240e-01 9.952693432569503784e-02 8.186065242625772953e-04 1.240952551597729325e-04 7.976537017384544015e-05 1.581115429871715605e-05 6.239467766135931015e-04 9.880675077438354492e-01 1.526484993519261479e-04 2.251925034215673804e-04 1.183238578960299492e-03 9.791972115635871887e-04 5.654556844092439860e-06
4.686788306571543217e-04 4.909261042485013604e-05 3.816301441528224814e-10 1.891617197543382645e-03 1.087261551901974599e-07 1.979823991860030219e-06 1.465751483920030296e-05 7.170374970883131027e-03 4.524402033578844851e-11 9.999991655349731445e-01 6.651115569411558681e-08 1.041358932852745056e-01 2.610630355775356293e-03 9.140357803971710382e-08 9.150737412255693926e-08 5.656457971781492233e-03 1.201160648633958772e-05 6.098351441323757172e-04 4.881270040946183997e-11
1.536208856850862503e-02 2.527417964302003384e-04 4.846273604641737620e-09 9.999958276748657227e-01 4.290452226996421814e-03 5.232321200310252607e-06 6.799841066822409630e-04 1.023834993247874081e-04 7.694029413585212751e-09 7.405264377593994141e-01 5.719284490446341351e-10 1.057707588188350201e-03 2.369985682889819145e-03 3.203981032129377127e-05 5.679963942384347320e-05 1.483558444306254387e-03 9.905758779495954514e-04 2.527508058847161010e-06 9.164819597673456997e-11
8.626894950866699219e-01 4.042829573154449463e-02 1.511038863100111485e-05 9.909967184066772461e-01 4.812386259436607361e-02 5.965666787233203650e-06 9.956277161836624146e-02 1.675444096326828003e-02 1.070496509782969952e-04 1.859209587564691901e-04 1.591716078110039234e-03 1.029263017699122429e-03 6.706378888338804245e-03 2.372926101088523865e-02 2.529067546129226685e-02 8.017916698008775711e-04 5.899944901466369629e-01 1.775891141733154655e-04 1.084369159798370674e-05
1.123636364936828613e-01 1.535397320985794067e-01 6.953732669353485107e-02 9.127681851387023926e-01 4.053409770131111145e-02 3.264385461807250977e-02 1.921927183866500854e-01 3.637275695800781250e-01 6.250235252082347870e-03 1.017668396234512329e-01 3.482677740976214409e-03 7.069135084748268127e-03 1.232990175485610962e-01 5.384481549263000488e-01 2.998014688491821289e-01 4.333050921559333801e-02 2.003006637096405029e-01 4.953917860984802246e-01 2.117475029081106186e-03
5.677908193320035934e-03 6.652466254308819771e-05 8.266753866337239742e-06 9.997709393501281738e-01 1.100279297679662704e-02 8.794870227575302124e-02 2.051368542015552521e-02 3.570315602701157331e-04 8.510167826898396015e-04 2.526105090510100126e-04 9.904104558700055350e-08 1.321712443314027041e-05 1.052435720339417458e-03 4.654061922337859869e-04 4.975735768675804138e-02 1.971209130715578794e-04 1.251427736133337021e-02 1.019246876239776611e-03 3.317841446914826520e-06
5.137641710462048650e-05 7.227936293929815292e-04 1.595547510078176856e-04 7.736728191375732422e-01 1.350879436358809471e-03 2.546891892052371986e-06 9.686167836189270020e-01 1.644708216190338135e-02 2.946567256003618240e-03 3.142671193927526474e-04 5.630634404951706529e-05 1.090103294700384140e-03 6.539961788803339005e-03 1.296570524573326111e-02 1.429423782974481583e-02 1.246986072510480881e-02 6.653534770011901855e-01 1.166613539680838585e-03 2.955874078907072544e-04
8.777943439781665802e-03 6.358212232589721680e-02 1.340824761427938938e-03 9.982903599739074707e-01 1.340746879577636719e-03 1.914606982609257102e-04 2.963930740952491760e-02 1.816201806068420410e-01 4.489266211749054492e-05 2.288075396791100502e-03 1.084418818209087476e-05 6.009835487930104136e-06 1.214909367263317108e-02 8.013447523117065430e-01 2.751662209630012512e-02 1.702144625596702099e-03 7.497695088386535645e-02 9.929644316434860229e-02 7.378416285064304247e-06
1.031654537655413151e-04 1.785056106746196747e-02 1.023882759909611195e-05 9.991181492805480957e-01 1.739624167385045439e-05 1.331350603095415863e-07 1.576773226261138916e-01 1.318106651306152344e-01 1.237874039361486211e-05 1.271776854991912842e-04 3.032372717370890314e-07 6.117672768368720426e-08 1.743967179208993912e-03 7.877238988876342773e-01 2.012527314946055412e-03 1.113720427383668721e-04 3.995150625705718994e-01 3.129126504063606262e-03 3.531435197601240361e-07
1.879988303699065000e-06 8.617319166660308838e-03 3.139035470667295158e-05 4.929594695568084717e-03 1.693318154138978571e-05 3.549387201928766444e-07 9.395785331726074219e-01 2.787354886531829834e-01 1.888262486318126321e-04 2.579350173473358154e-01 1.522961156297242269e-05 2.153618820011615753e-02 8.161419071257114410e-03 2.322037145495414734e-02 2.768010599538683891e-04 1.094576418399810791e-01 2.196934968233108521e-01 5.727566895075142384e-04 2.626490095281042159e-05
5.262867733836174011e-02 8.379693627357482910e-01 4.297681152820587158e-04 1.760753244161605835e-01 1.420493790647014976e-04 3.907889549736864865e-05 3.923081755638122559e-01 5.715661048889160156e-01 4.275684244930744171e-03 8.837090572342276573e-04 9.379546158015727997e-03 8.617163985036313534e-04 1.567858085036277771e-02 6.613056659698486328e-01 1.128897070884704590e-03 5.880666896700859070e-03 1.974869966506958008e-01 2.148259617388248444e-02 1.415241276845335960e-04
2.170943326230403633e-15 5.599142026760373092e-13 4.577653360537947691e-12 1.118971034884452820e-03 9.712389312938052299e-13 5.027148165250797801e-15 9.985332489013671875e-01 4.215742592350579798e-05 2.442168467453598169e-09 2.632293515103523163e-11 7.288884211943561040e-16 6.124992874001478071e-12 6.501121418978073052e-08 5.903687451791483909e-06 1.411552511854097247e-04 3.309521900973777520e-08 9.999965429306030273e-01 1.588419581821653992e-05 8.725543620968778669e-10
9.638801813125610352e-01 8.600842356681823730e-01 1.337847555987536907e-03 3.464400395750999451e-02 5.767378490418195724e-03 6.340780964819714427e-05 6.286527961492538452e-02 4.697721302509307861e-01 3.413891652598977089e-03 4.719880875200033188e-03 7.004866842180490494e-03 8.281622827053070068e-02 5.303738713264465332e-01 2.611465007066726685e-02 3.108688179054297507e-05 1.625835336744785309e-02 7.311531808227300644e-03 1.110462564975023270e-02 5.101441056467592716e-04
8.284984230995178223e-01 7.515190541744232178e-02 3.204720633220858872e-05 4.608118534088134766e-01 1.499056001193821430e-03 7.131625170586630702e-05 1.869520638138055801e-03 4.367613047361373901e-02 8.068598162935813889e-07 9.065784811973571777e-01 2.038910679402761161e-05 1.859312504529953003e-01 5.024582743644714355e-01 2.601470041554421186e-04 2.575648795755114406e-05 9.109421633183956146e-03 2.634781121741980314e-04 2.259937860071659088e-02 6.482055596279678866e-06
5.626996159553527832e-01 7.612290233373641968e-02 8.043989655561745167e-04 5.280080810189247131e-02 9.147562086582183838e-03 1.003042212687432766e-03 2.265956439077854156e-02 1.000210717320442200e-01 1.557061041239649057e-04 8.706147074699401855e-01 1.574898720718920231e-03 3.984753787517547607e-01 5.686370134353637695e-01 5.170745425857603550e-04 2.238899760413914919e-04 7.043030112981796265e-02 1.919410075061023235e-03 6.473147869110107422e-02 6.270846351981163025e-04
6.760420743376016617e-03 5.160592263564467430e-04 5.471444524118851405e-07 1.208526939153671265e-01 1.365881063975393772e-03 5.907667218707501888e-04 7.524876389652490616e-03 7.602324709296226501e-03 9.379152743349550292e-07 9.996814727783203125e-01 3.591398126445710659e-06 4.050459563732147217e-01 1.094063464552164078e-02 5.459427484311163425e-06 2.325253735762089491e-04 4.401986300945281982e-02 1.288149971514940262e-03 2.683897968381643295e-03 2.002617804919282207e-07
1.577595476476290060e-08 2.273887744763669616e-08 1.691750406429548548e-09 9.989087581634521484e-01 4.004805020940693794e-07 3.869954525725916028e-07 9.758356213569641113e-01 2.176489579142071307e-05 2.490247879904927686e-06 6.282906195309578834e-09 1.270736174705661137e-13 2.850452859859409216e-11 3.837915755866561085e-06 2.643767220433801413e-04 2.040185965597629547e-02 3.250664448728457501e-08 5.624282360076904297e-01 2.879509679587499704e-07 6.085917325648892984e-10
1.211297083940848047e-16 9.470696227253938559e-09 5.883132682423134694e-18 6.819409037461809930e-08 2.674274105114726741e-13 4.700157448710379562e-15 1.000000000000000000e+00 1.345888904324965551e-06 1.093867123126983643e-01 4.492918132670406170e-15 1.286959316892932748e-09 3.654499012434309080e-12 5.906126143706558196e-10 3.384247887879610062e-03 2.102800863212905824e-05 4.221596849873776591e-09 5.464925765991210938e-01 1.434971864000544883e-06 3.204142103641061112e-06
2.449509507989472423e-14 1.522488732308424630e-13 9.762677584107063838e-18 3.907315476681105793e-05 7.673763491311547114e-08 3.583375458339477238e-13 9.999841451644897461e-01 1.892741323672453291e-07 1.018944234543184280e-10 9.874734096229076385e-04 3.568410840439458420e-17 2.371602924540638924e-03 4.214288310322444886e-06 1.725529961971172810e-11 3.613025967297289753e-08 1.149962539784610271e-03 7.984590716660022736e-03 1.408892202903189173e-08 2.466002391437321917e-13
9.872534871101379395e-01 2.001798013225197792e-03 7.699107735896493221e-13 1.279960883948660921e-06 1.819499284029006958e-01 6.228889848358676318e-09 9.756301045417785645e-01 7.790249334505006118e-09 3.640665411949157715e-01 5.793121093944364475e-09 2.081325874314643443e-05 7.159879207611083984e-01 3.921356892533367500e-07 8.595363309993331313e-10 7.689374137420657007e-10 7.607461884617805481e-05 2.338661397516261786e-05 1.154510531620189795e-08 2.110742963850498199e-02
9.704344272613525391e-01 2.168910577893257141e-02 3.524417646616484490e-09 9.986347556114196777e-01 7.335606813430786133e-01 2.787320170227758354e-07 4.972638189792633057e-02 2.481495721440296620e-05 4.139667144045233727e-04 6.729684628226095811e-06 9.687601123005151749e-04 3.602606058120727539e-02 7.018415635684505105e-05 1.328990329056978226e-04 1.894530782919900957e-06 1.219638902693986893e-02 2.944686682894825935e-03 9.720121596501485328e-08 1.430537940905196592e-05
1.332318788627162576e-06 2.644756705194595270e-06 7.021387811445567451e-12 1.470025290473131463e-05 3.796505916398018599e-05 1.000000000000000000e+00 1.195625600303173997e-06 2.073973076610613475e-10 1.678633998380973935e-04 4.161381905731786901e-09 5.744316138614436948e-15 4.378581178188234446e-11 1.021704854053950839e-08 1.360042733722366393e-05 3.987513264291919768e-05 2.648753716361085253e-10 3.458143282841774635e-08 3.814189767581410706e-05 5.791675761201986461e-08
6.360199451446533203e-01 1.253748685121536255e-02 3.189274622172888485e-08 8.895151040633209050e-06 1.339854556135833263e-03 2.039095488726161420e-05 9.464560151100158691e-01 7.797149919497314841e-06 6.149091124534606934e-01 4.731719309347681701e-05 1.235119416378438473e-04 1.654323488473892212e-01 7.594493945362046361e-05 3.652371276530175237e-07 8.455366469206637703e-07 7.648779137525707483e-05 1.125112641602754593e-03 1.868917206593323499e-05 7.146803140640258789e-01
1.407664331054547802e-05 1.112566042138496414e-05 3.385631465979110771e-21 2.559012741564382215e-14 9.884364160495096030e-12 2.678310386514982933e-14 9.999998807907104492e-01 1.578599718391610063e-13 9.799697995185852051e-01 2.205256842681912154e-15 7.409867386343194084e-09 1.311865844400017522e-06 3.463776913404693902e-14 3.382803274152614004e-14 6.952752176075938095e-13 3.087501771175532594e-13 1.865818558144383132e-05 3.649515412096349110e-10 9.824306368827819824e-01
1.674479713441223076e-16 7.953371823532506824e-05 3.775392936396152323e-19 1.000000000000000000e+00 5.067803706891613662e-19 1.227109622888150335e-24 4.336457550525665283e-01 6.847629556432366371e-04 3.439282321991765439e-17 3.686703756083849768e-16 3.272913718695849519e-22 6.094824402803881349e-26 1.382235298441614191e-11 9.999991655349731445e-01 8.387631734996237043e-12 1.155501069176681495e-13 8.819341659545898438e-02 5.810228298486208587e-09 2.186126933952511487e-22
1.365290245303185657e-05 4.892009198665618896e-01 2.919646249210927635e-06 6.297996044158935547e-01 3.299097954823082546e-07 7.368337406887803809e-08 4.386450648307800293e-01 2.339726388454437256e-01 2.011874357776832767e-06 1.065809046849608421e-04 3.865749533815687755e-07 3.073863297231582692e-07 4.107978311367332935e-04 9.976414442062377930e-01 4.382266706670634449e-05 3.836937539745122194e-04 5.739190801978111267e-02 2.040568040683865547e-03 3.194461939415305096e-08
4.586840979754924774e-03 3.753309845924377441e-01 7.228970993310213089e-03 1.851066201925277710e-01 7.875511655583977699e-04 1.511423499323427677e-03 8.569372892379760742e-01 2.479749023914337158e-01 1.271701976656913757e-02 2.708781044930219650e-03 2.824295079335570335e-03 7.006566738709807396e-04 1.272822637110948563e-02 8.791889548301696777e-01 2.066520787775516510e-02 1.139495894312858582e-02 1.089503392577171326e-01 5.522465705871582031e-02 1.239499542862176895e-03
9.939504861831665039e-01 9.875746369361877441e-01 8.389666618313640356e-06 8.771455846726894379e-03 8.605676703155040741e-05 1.054616376450212556e-07 1.766076125204563141e-02 7.439980506896972656e-01 3.570948319975286722e-04 2.629964183142874390e-05 1.106269890442490578e-03 2.454029163345694542e-03 1.736246645450592041e-01 9.322572499513626099e-03 3.409163085166255769e-08 1.286024344153702259e-03 8.967807516455650330e-04 5.706917727366089821e-04 4.481565611058613285e-06
9.229871630668640137e-02 9.203528761863708496e-01 1.394466729834675789e-03 4.319491386413574219e-01 1.701955188764259219e-04 9.302236867370083928e-05 6.205715239048004150e-02 7.159783244132995605e-01 4.171312320977449417e-04 1.500957878306508064e-03 1.049559563398361206e-03 4.039718769490718842e-04 3.561787679791450500e-02 8.793128132820129395e-01 1.208544592373073101e-03 9.185328148305416107e-03 3.101553022861480713e-02 3.734329715371131897e-02 1.755188350216485560e-05
2.353722602128982544e-01 1.515985422884114087e-05 1.000000000000000000e+00 7.501813570343074389e-07 3.782056737691164017e-03 3.248847805364940555e-12 6.344690918922424316e-04 4.511267878115177155e-03 2.181480229746998734e-13 8.785521388053894043e-01 2.324342801562906402e-11 1.701681017875671387e-01 8.955585360527038574e-01 2.366407443332718685e-07 4.769587155784016375e-11 2.472127601504325867e-02 9.985759561459417455e-07 1.124785626416269224e-06 4.451236323976814901e-10
2.785018587019294500e-04 3.842443766188807786e-05 7.496040232979339635e-09 8.801210206001996994e-04 1.627644792279170360e-07 2.299955895068706013e-06 2.372731250943616033e-05 8.164665661752223969e-03 1.473842992094631654e-10 9.999990463256835938e-01 1.190523093441697711e-07 1.230207234621047974e-01 2.601434011012315750e-03 1.575387358343505184e-07 1.598603773800277850e-07 8.421669714152812958e-03 1.805552165023982525e-05 5.713399732485413551e-04 1.551755668405263577e-10
4.766459824168123305e-05 2.421815770503599197e-05 1.225833898388373200e-06 1.281701610423624516e-03 1.748790265992283821e-03 3.290215681772679090e-05 3.882055878639221191e-01 2.761842310428619385e-02 2.625718843773938715e-05 9.920890331268310547e-01 5.655511813529301435e-06 7.685720324516296387e-01 4.666119348257780075e-03 9.363813660456798971e-06 6.541727634612470865e-05 3.326951563358306885e-01 2.172539569437503815e-02 7.783095818012952805e-03 5.064975084678735584e-06
4.734567937703104690e-06 6.594338628929108381e-05 3.141205739964902932e-09 3.934480191674083471e-04 6.769399533368414268e-06 2.008345916237885831e-07 3.266287222504615784e-02 3.912047296762466431e-02 7.882217545329694985e-08 9.998185038566589355e-01 2.935353506927640410e-07 6.090625524520874023e-01 1.644424395635724068e-03 3.248212578910170123e-06 1.037684569382690825e-06 2.005102932453155518e-01 3.519181860610842705e-03 1.281160395592451096e-03 1.526813875329935399e-08
2.521986786074847942e-11 5.355400567452761607e-09 7.161049531134722201e-11 3.633273541927337646e-01 2.684642508299361907e-10 1.594269334603826138e-11 2.964629419147968292e-02 1.900497591122984886e-03 2.409351385068703166e-09 1.213768001662174356e-07 3.890774268928585619e-15 5.937118574550481753e-10 8.983863040157302748e-07 4.131957888603210449e-03 1.176126068457961082e-03 1.811301473253479344e-07 9.999592304229736328e-01 9.716007113456726074e-01 3.958541480719723893e-11
7.289901841431856155e-03 2.108140885829925537e-01 5.711463745683431625e-04 6.007472518831491470e-03 9.071782231330871582e-03 9.993214607238769531e-01 1.465563662350177765e-02 1.018830924294888973e-03 2.107746526598930359e-02 5.452618352137506008e-04 2.791297265503089875e-05 1.329293299932032824e-04 1.024040975607931614e-03 1.973785161972045898e-01 6.526891142129898071e-03 2.857905637938529253e-04 3.439428983256220818e-04 6.569842807948589325e-03 1.690937555395066738e-03
9.166404008865356445e-01 7.726725190877914429e-02 4.056880061398260295e-05 6.629078648984432220e-03 5.878427028656005859e-01 2.238162778667174280e-05 4.761838018894195557e-01 5.166086368262767792e-03 3.413932165130972862e-03 2.194952219724655151e-03 1.315455418080091476e-03 7.601881623268127441e-01 3.051935695111751556e-02 1.004181540338322520e-04 7.982661372807342559e-06 7.851285487413406372e-02 1.367127522826194763e-02 3.998226602561771870e-04 8.839225629344582558e-04
1.506310328841209412e-02 1.556897768750786781e-04 3.490679711103439331e-02 3.663189090730156749e-06 6.909633520990610123e-03 1.257625740436196793e-06 1.599408537149429321e-01 4.140504170209169388e-03 8.163714483089279383e-06 8.640573024749755859e-01 3.159672360197873786e-06 8.001685142517089844e-01 5.265696644783020020e-01 6.739626456919722841e-08 3.444129248464378179e-08 1.015174984931945801e-01 6.035674596205353737e-05 6.977022712817415595e-05 2.481954652466811240e-05
2.198114270868245512e-05 1.546264829812571406e-04 7.731256002936061459e-18 3.039929866790771484e-01 2.897869383844208337e-16 8.841657874597563804e-14 1.221336920487203770e-10 1.188514195382595062e-02 8.156877295792989627e-23 1.000000000000000000e+00 4.648305903327733940e-15 5.792244337499141693e-05 8.798019262030720711e-04 1.289959072892088443e-06 1.549643727683132355e-14 2.943209892691811547e-06 4.790687291311712670e-10 6.328232120722532272e-04 8.256347541598338487e-20
8.549001812934875488e-01 3.970465809106826782e-02 2.144078470323051988e-09 1.172169111669063568e-03 2.834930783137679100e-04 1.422277904339352972e-07 1.974096288904547691e-03 8.744428865611553192e-03 1.993878413486527279e-07 9.163620471954345703e-01 3.940836450055940077e-06 5.358434915542602539e-01 5.792903304100036621e-01 1.155622513238085958e-07 2.971584533995041966e-09 7.797671947628259659e-03 7.389387974399141967e-06 8.381818188354372978e-04 2.114555627485970035e-06
7.393728010356426239e-03 1.092589809559285641e-04 4.544435796560719609e-06 9.998649358749389648e-01 1.752892974764108658e-03 9.198927273246226832e-07 1.430428177118301392e-01 2.587238326668739319e-03 1.032122690958203748e-05 3.003691199410241097e-05 8.744476787114763283e-08 2.462332076902384870e-06 6.498561706393957138e-04 2.582666231319308281e-03 1.834597252309322357e-02 5.356601104722358286e-05 8.522145152091979980e-01 1.073524072126019746e-05 5.855331508541894436e-08
3.238191828131675720e-02 1.253786534070968628e-01 2.538025006651878357e-02 9.202259778976440430e-02 2.028582617640495300e-02 5.329921841621398926e-03 8.021233677864074707e-01 4.385550320148468018e-01 1.318194717168807983e-01 9.088438004255294800e-02 6.707324832677841187e-02 9.439871460199356079e-02 1.528304368257522583e-01 1.968152821063995361e-01 1.258742809295654297e-01 1.614256799221038818e-01 6.008457541465759277e-01 3.033526241779327393e-01 6.230072304606437683e-02
1.100054830312728882e-01 3.899329006671905518e-01 3.497271612286567688e-02 7.901963591575622559e-02 6.336376816034317017e-02 8.722587823867797852e-01 2.287275791168212891e-01 8.158734440803527832e-02 1.446891427040100098e-01 4.523607715964317322e-02 1.244522165507078171e-02 3.375881165266036987e-02 5.508088320493698120e-02 2.541643083095550537e-01 8.530427515506744385e-02 2.954317815601825714e-02 3.357885032892227173e-02 8.565445989370346069e-02 5.532430857419967651e-02
3.146401291365032854e-15 6.256023260195475721e-13 2.657013712407875917e-16 2.360770622544805519e-06 2.088777364406269044e-07 4.520491490323257002e-16 9.999998807907104492e-01 5.525760116142919287e-07 1.214343514632787446e-09 7.747147634518114501e-08 1.088816299762377510e-14 3.695148508995771408e-03 8.727663953322917223e-06 9.885751106608609007e-10 5.905388178462089854e-08 3.918196074664592743e-03 3.925566077232360840e-01 1.151100192942067224e-08 8.133018564171479170e-11
3.611056399677181616e-06 1.017173985019326210e-03 2.935429392891819589e-07 3.283675468992441893e-04 1.565142447361722589e-04 7.841430260668857954e-08 9.979808926582336426e-01 4.840902239084243774e-02 3.666905686259269714e-04 3.866337705403566360e-03 6.327256414806470275e-05 8.610329031944274902e-02 1.491412334144115448e-02 2.781693474389612675e-04 2.469522878527641296e-04 6.712682545185089111e-02 5.845153927803039551e-01 8.406944107264280319e-05 2.739137853495776653e-04
1.091970480047166348e-03 3.815419040620326996e-04 1.288292796009990471e-13 3.349598598489933465e-09 8.298079592350404710e-06 6.301369050442122074e-15 9.999943971633911133e-01 8.340591648448025808e-07 4.995540678501129150e-01 8.404521653279650728e-13 7.543106097728013992e-03 2.576607745140790939e-03 8.947835539174775477e-08 1.086344347811518674e-09 4.896392269415628107e-08 2.396644049440510571e-06 9.396534562110900879e-01 9.643403853232257461e-10 5.308929085731506348e-01
0.000000000000000000e+00 0.000000000000000000e+00 0.000000000000000000e+00 1.000000000000000000e+00 0.000000000000000000e+00 0.000000000000000000e+00 9.942256808280944824e-01 1.383117849640280879e-16 0.000000000000000000e+00 2.156024526174489117e-35 0.000000000000000000e+00 0.000000000000000000e+00 1.426750202046505287e-24 1.551663033053562925e-15 8.021678460368164565e-11 1.057627509306462700e-34 1.000000000000000000e+00 6.320831203256954619e-27 0.000000000000000000e+00
1.120654350567074076e-11 2.906552498682657415e-10 1.211848924867808819e-03 5.284282960928976536e-04 8.789441380940843374e-06 4.808135001255209318e-10 9.999709129333496094e-01 1.883733057184144855e-05 5.035515187046257779e-07 6.178768785503052641e-08 3.048813100852559854e-14 4.011285636806860566e-05 1.389644894516095519e-04 1.181503421321394853e-06 1.630180304346140474e-05 7.475914317183196545e-04 1.778880506753921509e-01 2.639638694290624699e-07 2.854819269870745302e-09
6.041195813261810072e-17 1.444523389793062051e-10 3.003883364272041945e-07 6.773584118491271511e-06 1.866321767268752652e-12 1.756173208937482962e-15 9.999998807907104492e-01 1.308093342231586576e-04 2.710365265556902159e-08 6.698967491836071986e-10 3.132413389274075338e-15 6.216673287262608483e-10 7.199061201390577480e-06 5.062043055659160018e-05 1.015362795442342758e-05 5.134800630912650377e-06 8.814753890037536621e-01 4.755567051262232781e-09 4.068511083588077781e-10
