1.383693236857652664e-02 1.814664108678698540e-03 4.439542815089225769e-02 4.138502757996320724e-03 7.043476402759552002e-02 4.883410292677581310e-04 2.518280148506164551e-01 7.771526277065277100e-02 2.517773536965250969e-04 9.238797426223754883e-01 2.677430456969887018e-04 8.004422187805175781e-01 1.209799423813819885e-01 2.190162631450220942e-04 1.915043394546955824e-04 3.646201789379119873e-01 1.490097958594560623e-02 1.464370824396610260e-02 1.199102116515859962e-04
1.333997147412446793e-06 1.132471183495908917e-07 1.512325695784966229e-07 1.810256833323364845e-07 9.188639232888817787e-04 3.326641717649181373e-07 3.333675563335418701e-01 2.185916295275092125e-03 2.244759826908193645e-07 9.980866909027099609e-01 1.319191778037520635e-08 9.696050882339477539e-01 3.897555870935320854e-03 2.876396343332032757e-10 1.273810834589994556e-09 3.934119343757629395e-01 1.407649106113240123e-04 1.482139668951276690e-05 1.863163845428061904e-08
4.772579371929168701e-01 7.475633174180984497e-04 9.491683385931537487e-07 9.784213304519653320e-01 1.589920721016824245e-04 2.478982496540993452e-04 3.064635966438800097e-04 2.145787933841347694e-03 6.021789733523519317e-09 9.990822076797485352e-01 3.701846651438245317e-08 1.933077536523342133e-02 8.674893528223037720e-02 3.900655883626313880e-06 1.047285695676691830e-04 1.911650033434852958e-04 7.711690705036744475e-05 1.102288253605365753e-03 3.145678828531117688e-09
6.657561063766479492e-01 1.518315970897674561e-01 1.447633374482393265e-03 1.061375904828310013e-02 8.555531501770019531e-03 2.435805072309449315e-04 1.828956976532936096e-02 8.141943067312240601e-02 1.999366359086707234e-04 4.909716546535491943e-01 8.894276106730103493e-04 4.499148428440093994e-01 8.845605850219726562e-01 4.245647287461906672e-04 6.470002699643373489e-05 7.528207451105117798e-02 1.066649216227233410e-03 6.095075234770774841e-02 8.492427878081798553e-04
1.807211898267269135e-02 6.233915314078330994e-02 2.406680550848250277e-06 9.994718432426452637e-01 3.433323872741311789e-04 3.937824294553138316e-05 1.178785460069775581e-03 6.635382771492004395e-02 2.453309946304216282e-07 5.455671250820159912e-02 3.189448989360244013e-07 1.976822204596828669e-05 1.835198514163494110e-02 8.329829573631286621e-01 2.144325408153235912e-04 1.094346400350332260e-03 2.805724507197737694e-03 8.251547813415527344e-03 7.977138238857151009e-08
7.569836668608331820e-08 3.911063117811863776e-08 1.716136260876410802e-11 1.125262549805938761e-09 1.114526894525624812e-04 8.423578947258647531e-06 7.129659056663513184e-01 1.159567109425552189e-04 3.655654381873318925e-06 9.980017542839050293e-01 2.712018609685173942e-09 8.604837059974670410e-01 3.656664164736866951e-03 9.327885686083448036e-13 6.362491783429291559e-11 1.600949913263320923e-01 4.908033588435500860e-06 2.694017666726722382e-07 2.656997253325243946e-07
2.513753088351222686e-06 1.120974513213468526e-08 4.740817147760954114e-15 9.205281799040676560e-07 4.037688794422678029e-10 3.229496448042823431e-09 1.576210877374251140e-07 7.884291699156165123e-05 3.069823795460850137e-15 1.000000000000000000e+00 7.330795692706004729e-12 1.100497692823410034e-01 4.304396134102717042e-05 2.050292308977338940e-13 7.314274186320801618e-12 9.647829574532806873e-04 1.514764669252599560e-08 2.512403852961142547e-06 4.298207280953271134e-16
1.860880615822679829e-06 2.742616134199238331e-09 2.774721563625348608e-10 3.109061253780964762e-06 8.335539698600769043e-01 5.984425732741271986e-10 9.977224469184875488e-01 1.288974349478166914e-08 6.372464849846437573e-05 3.261496033246658044e-07 2.703588464214590203e-10 9.795020222663879395e-01 1.112571317207766697e-05 1.651290215676226580e-10 1.949098882292332746e-09 2.399969547986984253e-01 1.218719640746712685e-03 2.164979605367989279e-06 6.751978531838176423e-08
8.769475668668746948e-02 7.551210001111030579e-03 1.125774681568145752e-01 2.073098767141345888e-05 1.976898312568664551e-02 1.184899811050854623e-04 8.463966846466064453e-01 3.960275556892156601e-03 4.193047434091567993e-02 2.871734276413917542e-02 1.687698531895875931e-04 4.573364555835723877e-01 2.027748525142669678e-01 6.616921382374130189e-06 7.938720045785885304e-06 3.851758316159248352e-02 6.113407202064990997e-03 4.063296000822447240e-05 5.044519528746604919e-02
1.429660897701978683e-02 1.353999550701701082e-06 4.040165535457163060e-08 6.723988056182861328e-02 9.450426697731018066e-01 1.228483057502671727e-07 8.247357010841369629e-01 2.944321749964728951e-06 1.036900721373967826e-05 6.701039819745346904e-05 1.444960062713107618e-08 9.577367901802062988e-01 1.824255014071241021e-05 1.163785583457865869e-07 7.810470492586318869e-07 4.311970770359039307e-01 2.758930809795856476e-02 1.611061207950115204e-02 1.293216627118454198e-07
3.419200424104928970e-03 1.131420940509997308e-04 7.016506278887391090e-04 2.791382186114788055e-02 2.914847135543823242e-01 2.651433169376105070e-04 4.778584241867065430e-01 5.718430038541555405e-03 1.092630554921925068e-04 7.606235146522521973e-01 1.247819454874843359e-05 9.323278069496154785e-01 2.011384069919586182e-02 4.097405690117739141e-05 1.471449795644730330e-04 4.287304282188415527e-01 1.712065935134887695e-02 1.847361028194427490e-02 1.400620931235607713e-05
7.117087370716035366e-04 3.505655740809743293e-06 9.967725872993469238e-01 1.535444425826426595e-05 4.408606764627620578e-05 4.125677932620419597e-08 2.447493898216634989e-04 6.154948845505714417e-03 1.818526232377770668e-11 9.999730587005615234e-01 9.011751345155971649e-09 3.006290793418884277e-01 8.404483646154403687e-02 1.669021685302141123e-07 5.006573644550371682e-08 6.359278410673141479e-02 4.888442163064610213e-06 3.631122235674411058e-04 2.334932525105415380e-10
1.408486394183228185e-08 1.607640797374187969e-06 1.652472406021843199e-06 3.907606587745249271e-04 2.522821660022600554e-06 9.400150879912416713e-09 9.983490705490112305e-01 3.240515291690826416e-02 4.445835656952112913e-04 7.326860941248014569e-05 1.852296691140509211e-06 3.598601324483752251e-04 7.572821341454982758e-04 1.443971064873039722e-03 1.554503105580806732e-03 7.519269827753305435e-03 9.882854223251342773e-01 5.150931421667337418e-03 1.775109121808782220e-04
1.088207960128784180e-01 1.383723020553588867e-01 9.987847208976745605e-01 6.602260470390319824e-01 2.722040377557277679e-02 9.570530615746974945e-03 1.533531993627548218e-01 2.440351247787475586e-01 2.043519169092178345e-03 2.131223119795322418e-02 2.113248454406857491e-03 3.244620282202959061e-03 2.054359316825866699e-01 3.666628301143646240e-01 2.081667780876159668e-01 5.202484130859375000e-02 1.053979471325874329e-01 8.236087858676910400e-02 5.417623557150363922e-03
1.085676029324531555e-01 2.925058603286743164e-01 9.999053478240966797e-01 2.582806348800659180e-01 1.041152700781822205e-02 1.481553073972463608e-03 8.468507975339889526e-02 3.086033463478088379e-01 1.505323743913322687e-04 1.445079874247312546e-02 1.721547450870275497e-03 2.821097848936915398e-03 1.884141862392425537e-01 7.159770131111145020e-01 1.092023998498916626e-01 5.841957405209541321e-02 3.783146664500236511e-02 4.299700260162353516e-02 4.056288860738277435e-03
8.468421519580715540e-09 1.417850103817286378e-12 2.592919556469755563e-17 8.851158694866967380e-10 7.825671434402465820e-01 4.629413411021232605e-02 7.544292807579040527e-01 3.371212597275130562e-12 3.118213498964905739e-04 3.557277377694845200e-03 9.567371309256167411e-14 9.686736464500427246e-01 3.180200280894496245e-07 8.097690562288274805e-16 2.494605867361943119e-12 1.140234768390655518e-01 4.838683054231296410e-08 5.481446123667410575e-07 6.571055255477631363e-09
2.564655542373657227e-01 3.434091508388519287e-01 9.974539875984191895e-01 1.962262541055679321e-01 3.874202072620391846e-02 5.090903025120496750e-03 1.537958979606628418e-01 3.837437629699707031e-01 1.781764673069119453e-03 8.738095313310623169e-02 6.683400832116603851e-03 3.129536285996437073e-02 3.018123805522918701e-01 4.983166754245758057e-01 5.887551605701446533e-02 1.196124106645584106e-01 5.903416126966476440e-02 5.485002696514129639e-02 9.246727451682090759e-03
3.137161135673522949e-01 8.430023193359375000e-01 9.777606464922428131e-06 1.265526376664638519e-02 1.374847022816538811e-03 2.167756174458190799e-04 3.890075981616973877e-01 3.321580886840820312e-01 3.404337167739868164e-02 3.397007659077644348e-02 3.605253761634230614e-03 1.459997445344924927e-01 6.111185997724533081e-02 8.052239194512367249e-03 3.545433355611748993e-05 1.092191040515899658e-02 1.493134628981351852e-02 1.841073506511747837e-03 1.303034019656479359e-03
1.049811757525276334e-07 1.241978880850425071e-10 2.296952761655118410e-18 6.820527431727896328e-08 1.759212755132466555e-04 4.637434325438505311e-10 1.025142148137092590e-03 5.738264121646352578e-07 3.294907478367664622e-13 9.999998807907104492e-01 3.353949943837343517e-14 9.958220720291137695e-01 1.461660417589882854e-06 1.471317087567045826e-15 5.152397402501986134e-14 1.861524581909179688e-01 3.449007124345371267e-08 1.086274892259098124e-07 9.666927623173233140e-16
1.905282259610935829e-23 2.109803316086057824e-20 2.819941708982275078e-23 1.000000000000000000e+00 4.177117593796475899e-25 1.269708018988786060e-33 8.697404265403747559e-01 3.455610020353105938e-09 2.326338945028749290e-22 5.996823969184685792e-21 9.105809433371754127e-36 5.033130031089524524e-32 7.883332251963984239e-15 9.543233403519479907e-08 3.422137295761018549e-10 1.519651631177527008e-20 1.000000000000000000e+00 2.465776436928312360e-17 6.507825615643841729e-29
6.294977763338614751e-15 7.843506221517097274e-20 0.000000000000000000e+00 1.216458140815279698e-12 1.826997754472703406e-12 5.972419717733670636e-21 9.755657393029082414e-11 3.874855894047540827e-13 2.035051790270679296e-31 1.000000000000000000e+00 7.675492866801517987e-30 9.993692040443420410e-01 3.334643216938715238e-13 3.936832895932136436e-30 5.114549249307308722e-27 3.411045530810952187e-03 5.869439369126809363e-17 1.750134287540033428e-15 2.001281858641236673e-35
1.126799583435058594e-01 4.378378763794898987e-02 4.376109689474105835e-03 8.125092834234237671e-02 1.614228263497352600e-02 1.831047609448432922e-02 8.425436168909072876e-02 2.095036059617996216e-01 1.938645844347774982e-03 9.594795703887939453e-01 8.821079507470130920e-03 3.840200901031494141e-01 1.657277792692184448e-01 4.634344018995761871e-03 9.410073049366474152e-03 1.631174981594085693e-01 3.355789929628372192e-02 8.693686872720718384e-02 1.397710992023348808e-03
1.415973827079142211e-07 1.953936873411166175e-10 1.513018599092434990e-18 5.343404652080607775e-08 1.694874167228188622e-12 3.243221663451478776e-11 2.235454266141800872e-09 8.539233931514900178e-06 6.671726043183599612e-19 1.000000000000000000e+00 1.720390831476317078e-14 6.057813391089439392e-02 4.257138698449125513e-06 3.376495673904295405e-16 1.481958341307577920e-14 1.759085425874218345e-04 1.877456246024422626e-10 1.290694484623600147e-07 7.720402359323600044e-20
2.105827665022097506e-12 3.846263124301735564e-17 7.428376314154705658e-28 5.242805148353291145e-11 1.009508618153631687e-03 3.897680075607990726e-16 5.428667645901441574e-03 1.211219406022090439e-11 6.930275302309885244e-19 1.000000000000000000e+00 1.303843314318965037e-22 9.999965429306030273e-01 2.732636339430882799e-10 3.454958960467085161e-23 1.625559345476584450e-21 6.647800207138061523e-01 4.235198303170761847e-11 4.522520899441495601e-11 1.028815668738052911e-22
7.319702854147180915e-05 2.419396696495823562e-05 6.514201178475786946e-09 4.830803845834452659e-06 1.861241878941655159e-03 3.177634498570114374e-04 4.605907201766967773e-01 2.634366275742650032e-03 2.322136570001021028e-04 9.948476552963256836e-01 4.114611783734289929e-06 7.583488225936889648e-01 1.318512763828039169e-02 7.795005529942500289e-09 2.632250470924191177e-07 1.795600205659866333e-01 3.350558108650147915e-04 1.147070579463616014e-04 2.806779048114549369e-05
1.422178596258163452e-01 1.849047280848026276e-02 3.261111123720183969e-05 9.788303971290588379e-01 5.457266233861446381e-04 1.061966875568032265e-03 1.465666806325316429e-03 3.471308946609497070e-02 4.566517475268483395e-07 9.896326065063476562e-01 5.357132067729253322e-06 2.274527586996555328e-02 1.019004806876182556e-01 1.986360410228371620e-03 8.005968411453068256e-04 2.667474327608942986e-03 1.871037529781460762e-03 9.169055148959159851e-03 3.651354347766755382e-07
3.077067434787750244e-03 2.214740234194323421e-04 2.643702146087889560e-07 2.626702189445495605e-03 6.146953674033284187e-04 8.643536712042987347e-04 1.158722210675477982e-02 9.720063768327236176e-03 4.661232651415048167e-06 9.997920393943786621e-01 7.007739895925624296e-06 4.251773059368133545e-01 1.297823246568441391e-02 7.390976293208950665e-07 2.265592411276884377e-05 5.108160525560379028e-02 4.402487538754940033e-04 1.243395847268402576e-03 7.413142384393722750e-07
2.859982259906246327e-06 1.078021893974323575e-09 6.609190972284295640e-09 3.284947069914778695e-06 6.161196231842041016e-01 4.030133449184347683e-10 7.238211035728454590e-01 1.907513251353520900e-06 1.616557199213275453e-08 3.352664783596992493e-02 1.682516279077894694e-11 9.997689127922058105e-01 1.092476304620504379e-04 2.200946785935187222e-10 8.130672350670220538e-12 7.076585888862609863e-01 2.088161854771897197e-04 7.025896047707647085e-05 1.331135479620826345e-10
7.054453715682029724e-03 2.658510638866573572e-04 5.107306787976995111e-05 9.162665158510208130e-02 6.637595891952514648e-01 9.931397438049316406e-02 7.668522000312805176e-01 7.665330194868147373e-04 1.163250133395195007e-01 2.376018464565277100e-02 4.305983311496675014e-04 4.496889710426330566e-01 3.991017583757638931e-03 2.649459638632833958e-04 3.262017155066132545e-03 2.590093910694122314e-01 2.742034755647182465e-02 1.494695246219635010e-01 4.166418220847845078e-03
5.882673940504901111e-05 5.615267468783713412e-07 3.485292836558073759e-05 6.004187071084743366e-06 3.768729567527770996e-01 9.675614087711892353e-09 8.589290976524353027e-01 9.248363494407385588e-05 4.035424808535026386e-06 5.904222372919321060e-03 3.300425532870576717e-08 9.962977766990661621e-01 5.471845157444477081e-03 1.737789645517295867e-08 1.400994320555071226e-09 5.405452847480773926e-01 3.217554418370127678e-03 3.784292493946850300e-05 2.368400942032167222e-07
3.209297778084874153e-03 2.875218633562326431e-04 3.526696161770814797e-07 2.519091591238975525e-03 7.838554301997646689e-05 1.690438220975920558e-04 1.635338994674384594e-03 1.558673474937677383e-02 4.213611077830137219e-07 9.999206066131591797e-01 7.737467967672273517e-06 2.953876554965972900e-01 1.108915731310844421e-02 1.492254227741796058e-06 1.229173631145386025e-05 3.318941593170166016e-02 3.092194383498281240e-04 2.130123088136315346e-03 1.305227783632290084e-07
6.323770503513514996e-04 1.904738383018411696e-05 7.382852107440385225e-09 2.114058879669755697e-04 4.001979050372028723e-06 9.005772881209850311e-06 1.627683668630197644e-04 4.491035826504230499e-03 4.075627391131320110e-09 9.999953508377075195e-01 3.164091424423531862e-07 2.346800863742828369e-01 3.281570971012115479e-03 2.358330242202555382e-08 2.674283905435004272e-07 1.605678722262382507e-02 2.390234476479236037e-05 5.414769402705132961e-04 1.086228218483142882e-09
6.346497684717178345e-02 4.794373363256454468e-02 4.804184660315513611e-03 4.224913418292999268e-01 3.172309324145317078e-02 9.001029133796691895e-01 4.927847906947135925e-02 3.707597032189369202e-02 4.850868508219718933e-02 2.117303758859634399e-02 5.915448418818414211e-04 2.327501075342297554e-03 3.468169644474983215e-02 1.215222626924514771e-01 2.527154684066772461e-01 3.784589003771543503e-03 3.123801574110984802e-02 9.030639380216598511e-02 6.415780633687973022e-03
2.318441718816757202e-01 4.123402293771505356e-03 6.433936505345627666e-06 9.956171512603759766e-01 1.531193382106721401e-03 8.264726493507623672e-04 2.541691064834594727e-03 6.214233115315437317e-03 1.041381324284884613e-06 9.519357085227966309e-01 4.593572100475284969e-07 6.597458384931087494e-03 6.293521076440811157e-02 4.001105262432247400e-04 1.515927724540233612e-03 9.811625350266695023e-04 1.698532258160412312e-03 1.145580550655722618e-03 2.016875555455044378e-07
6.354797278618207201e-06 8.120271672851231415e-07 2.011304722771001252e-08 5.024615347792860121e-06 1.962001202628016472e-03 2.617730569909326732e-05 4.079895317554473877e-01 1.341912429779767990e-03 2.892527618314488791e-06 9.975774884223937988e-01 1.150398389881956973e-07 9.067753553390502930e-01 3.609497565776109695e-03 2.617946304184215478e-09 1.180552260393596953e-07 2.967763841152191162e-01 3.368506731931120157e-04 6.344445864669978619e-05 2.971719652578030946e-07
1.071530743502080441e-03 6.854067760286852717e-05 2.235059071153955301e-08 1.150651252828538418e-03 3.552063208189792931e-05 7.518673373851925135e-05 9.727649739943444729e-04 6.392048206180334091e-03 8.862316036584161338e-08 9.999847412109375000e-01 9.459233183406468015e-07 3.219706416130065918e-01 5.021364428102970123e-03 1.502166071531974012e-07 2.454728473821887746e-06 2.552259154617786407e-02 1.040253773680888116e-04 6.136096199043095112e-04 1.674253269356995588e-08
1.426716715960136411e-14 2.460494847689002895e-14 1.545199986377555402e-16 1.322609023191034794e-05 2.827782230596653790e-09 2.015651751410829640e-12 9.998176693916320801e-01 1.822114609240088612e-05 9.394759276082353949e-12 5.217196345329284668e-01 2.530277201768339279e-16 1.011934783309698105e-02 3.164684585499344394e-06 6.630117982409089450e-11 1.246388933395792264e-06 1.903647207655012608e-03 1.226352751255035400e-01 1.037714901030994952e-05 3.867782288023702275e-13
3.489166556592052104e-14 4.752129679347349978e-13 3.583748118954951239e-15 5.616613634629175067e-06 3.558637828859900765e-09 9.106958893598249283e-13 9.999474287033081055e-01 1.182824998977594078e-04 8.994004152551582365e-11 5.831104144454002380e-02 1.088679249831511764e-14 6.755155511200428009e-03 1.007684295473154634e-05 1.185229359101924729e-09 1.356515895167831331e-06 3.097562585026025772e-03 4.783661663532257080e-01 6.947936526557896286e-06 1.255037306718831402e-11
2.545212805271148682e-01 9.346675127744674683e-03 3.193609416484832764e-02 2.037988156080245972e-01 2.248623641207814217e-03 1.348405843600630760e-03 4.852519370615482330e-03 6.600517779588699341e-02 6.611326625716174021e-06 9.958374500274658203e-01 8.549156336812302470e-05 1.967363953590393066e-01 2.257587909698486328e-01 6.663735839538276196e-04 5.585281178355216980e-04 1.800963096320629120e-02 1.377610024064779282e-03 2.179365232586860657e-02 1.977547981368843466e-05
8.830369703678730975e-13 3.735372945744101780e-16 7.031434930379204896e-28 3.057358836586199224e-12 1.214110450935594002e-15 1.656506203696078857e-16 1.606013412536189122e-11 8.332536438615534280e-09 2.948951267073878731e-26 1.000000000000000000e+00 3.314678665590891427e-22 5.120348334312438965e-01 1.155358031468267654e-09 3.482453681799386740e-24 8.821479759475267833e-21 2.272031852044165134e-04 8.506945690413270089e-14 9.312141335815482535e-12 1.127561324883891885e-28
1.159536902311220132e-17 2.140278637908210265e-24 0.000000000000000000e+00 3.199409084697156124e-18 1.148035931382026283e-25 1.354484271684064099e-23 2.958877783866230249e-19 7.416890181449059538e-14 0.000000000000000000e+00 1.000000000000000000e+00 4.500044463384670266e-34 2.081837505102157593e-02 6.380419331980871633e-14 0.000000000000000000e+00 4.151413685588407656e-33 1.214038380936699468e-08 3.004241073458525447e-23 2.540633552668339939e-18 0.000000000000000000e+00
4.168377472524298355e-06 1.407189387236940092e-08 2.749156052816743162e-14 7.477478334294573870e-07 3.616899002523155104e-09 1.035330932097622281e-08 8.510685347573598847e-07 9.586444502929225564e-05 5.168706513681599335e-14 1.000000000000000000e+00 2.457909570319216641e-11 1.755508482456207275e-01 7.353809633059427142e-05 2.852277333591224373e-13 1.973630113505375760e-11 2.160317497327923775e-03 3.745297760815446964e-08 4.059212642459897324e-06 4.116286203223202406e-15
3.036355376243591309e-01 2.288973517715930939e-02 1.108568976633250713e-04 4.867218900471925735e-03 8.474722504615783691e-03 2.627997018862515688e-04 3.755129128694534302e-02 5.726066231727600098e-02 1.313889952143654227e-04 9.247873425483703613e-01 7.338207215070724487e-04 5.563690066337585449e-01 5.398873686790466309e-01 4.966719643562100828e-05 3.518461016938090324e-05 1.183886006474494934e-01 1.914684078656136990e-03 2.441518381237983704e-02 4.062741936650127172e-04
2.321553438378032297e-07 2.073743676778150302e-10 1.586666087263695650e-16 1.709000571281649172e-06 2.281682379543781281e-02 3.212981436462314377e-09 8.004493080079555511e-03 3.543465254551847465e-07 3.199601824807607464e-12 9.999936819076538086e-01 8.733701153777750914e-14 9.991759657859802246e-01 1.299158043366333004e-06 9.980840616876165972e-14 1.221286743610661141e-12 4.791828691959381104e-01 1.963041000863086083e-07 5.208804054745996837e-07 7.198201182247870866e-15
5.078318210394172638e-09 2.216096994800409448e-08 1.253050885274831217e-09 2.779677044600248337e-03 9.283222652811673470e-07 1.737832633352809353e-08 9.997627139091491699e-01 5.310837877914309502e-04 1.826021048145776149e-06 1.473196971346624196e-05 1.308954333811840343e-10 2.829307595675345510e-05 3.532549890223890543e-04 5.144094029674306512e-05 4.179181065410375595e-03 1.087597265723161399e-04 9.498186111450195312e-01 2.081371349049732089e-05 2.685150093384436332e-07
3.920307634075470560e-09 2.127828402365139482e-08 7.649570421541795895e-10 1.819928409531712532e-03 1.830884457376669161e-06 6.613352976359010427e-09 9.998494386672973633e-01 4.053853626828640699e-04 1.398215545123093762e-06 1.961803172889631242e-05 1.193534021615150209e-10 1.062306328094564378e-04 4.121899837628006935e-04 2.280950138811022043e-05 1.414584228768944740e-03 2.507787721697241068e-04 9.047876000404357910e-01 1.186886129289632663e-05 1.956465922603456420e-07
6.617096870442651380e-10 5.534607883106446025e-09 1.583916331426848956e-10 5.827145068906247616e-04 4.881682684754196089e-07 1.364515944679567383e-09 9.999142885208129883e-01 3.263175312895327806e-04 5.562889100474421866e-07 1.403031274094246328e-05 4.076695925281370592e-11 6.942875916138291359e-05 2.536264946684241295e-04 9.739087545312941074e-06 7.420317851938307285e-04 1.835603907238692045e-04 9.355085492134094238e-01 7.148367785703158006e-06 9.853175697571714409e-08
4.286679011755722968e-09 3.498126233125731233e-08 1.004660132863932631e-09 6.960700848139822483e-04 2.835523673638817854e-06 6.016865228275491972e-09 9.998863935470581055e-01 5.289085092954337597e-04 2.484301148797385395e-06 3.208255657227709889e-05 4.109197149215759737e-10 2.951751521322876215e-04 6.731472094543278217e-04 1.842146411945577711e-05 8.591793593950569630e-04 5.600468721240758896e-04 8.569867610931396484e-01 1.264445290871663019e-05 4.048246466936689103e-07
