1.891418044408510468e-08 3.135792439934448339e-06 2.071496822964036255e-07 1.535382762085646391e-05 1.297350195272883866e-06 4.917578011465195686e-10 9.995695948600769043e-01 3.604410961270332336e-02 1.374595885863527656e-04 1.098182183341123164e-04 3.187449692632071674e-06 2.103279810398817062e-03 1.024812459945678711e-03 1.411855337209999561e-04 3.864421450998634100e-04 9.662455879151821136e-03 9.950077533721923828e-01 5.249875539448112249e-05 4.836682928726077080e-04
1.591825693481041526e-08 2.743062850640853867e-06 1.980470329954187036e-07 1.531232919660396874e-05 1.145854866990703158e-06 4.456069679914520520e-10 9.995896220207214355e-01 3.409573808312416077e-02 1.404849317623302341e-04 9.115514694713056087e-05 2.993761199832079001e-06 1.716076279990375042e-03 9.169568656943738461e-04 1.419106120010837913e-04 3.970832622144371271e-04 8.791312575340270996e-03 9.954627156257629395e-01 5.403854811447672546e-05 4.898785846307873726e-04
1.586627185190536693e-08 2.737154318310786039e-06 1.969966803017086932e-07 1.525746483821421862e-05 1.143586359830806032e-06 4.432622602301705683e-10 9.995902180671691895e-01 3.410201892256736755e-02 1.398490130668506026e-04 9.135808068094775081e-05 2.981967782034189440e-06 1.721471315249800682e-03 9.173073922283947468e-04 1.414536964148283005e-04 3.956311848014593124e-04 8.802783675491809845e-03 9.954596161842346191e-01 5.382346716942265630e-05 4.878673353232443333e-04
7.201235857792198658e-04 1.947682540048845112e-05 4.614714157469279598e-07 1.189646427519619465e-03 6.531956195831298828e-01 3.588509187102317810e-02 8.426305055618286133e-01 2.977229269163217396e-05 5.467549338936805725e-02 1.258691027760505676e-02 1.236862772202584893e-05 7.554983496665954590e-01 1.618493464775383472e-03 2.140797732863575220e-06 5.605411934084258974e-05 2.314030379056930542e-01 2.574858488515019417e-03 4.023530986160039902e-03 6.128749228082597256e-04
2.600027620792388916e-01 1.274070888757705688e-01 4.104165327589726076e-07 9.998509883880615234e-01 6.114508584141731262e-02 5.525377218873472884e-06 1.166939269751310349e-02 8.176316507160663605e-03 1.972208701772615314e-05 1.636659167706966400e-02 5.639447408611886203e-05 2.279077656567096710e-03 1.217896118760108948e-02 1.333135813474655151e-01 1.616968256712425500e-05 4.022357985377311707e-02 1.820282661356031895e-03 5.739334301324561238e-05 8.027122021303512156e-06
9.799047802516724914e-06 7.344050345636787824e-08 1.344832448527122359e-13 2.124276043957706861e-08 1.891803694888949394e-03 2.718183168326504529e-06 1.756505817174911499e-01 1.900798815768212080e-05 8.989898105937754735e-07 9.993027448654174805e-01 2.849515512437506004e-09 9.650980234146118164e-01 7.883936050347983837e-04 2.143742540254567341e-13 1.864696938524978975e-11 1.584473848342895508e-01 2.210861339335679077e-06 1.915399025165243074e-06 2.581138325297160918e-08
9.943708777427673340e-01 7.080107331275939941e-01 2.117499968770641949e-12 4.252383405400905758e-06 1.168513335869647563e-05 2.713114177765874047e-10 9.546015858650207520e-01 2.456464608258102089e-05 8.515192866325378418e-01 4.952020127291234530e-09 2.153732813894748688e-03 3.900806652382016182e-03 3.413581737277127104e-07 7.148955916136401356e-08 8.944171098201891823e-11 9.375821008461571182e-08 9.856354445219039917e-04 1.004400118631565419e-08 3.159379586577415466e-02
5.484080873429775238e-03 9.505506753921508789e-01 9.385750843193818582e-08 3.154893871396780014e-03 3.490766175673343241e-06 6.085459176574659068e-07 9.686804413795471191e-01 1.509659588336944580e-01 9.299482405185699463e-02 1.401958616042975336e-05 9.280276484787464142e-03 5.344790988601744175e-04 2.019362436840310693e-04 1.011218875646591187e-01 3.997687144874362275e-06 1.429029653081670403e-04 3.995804116129875183e-02 3.666544216684997082e-05 1.136837017838843167e-04
5.115126259624958038e-04 9.146478772163391113e-01 3.880948861478827894e-05 2.914191782474517822e-01 1.255401798516686540e-06 5.185030749998986721e-05 9.307149052619934082e-02 2.078384160995483398e-01 7.918915798654779792e-06 1.026076279231347144e-05 5.418631189968436956e-06 1.780385616712010233e-07 2.635562268551439047e-04 9.987651109695434570e-01 1.113058970076963305e-04 5.201889143791049719e-05 1.135085592977702618e-03 8.194166002795100212e-04 1.462209695546334842e-07
1.143032188228464884e-18 2.219384081692693002e-15 1.613102961598284635e-25 2.422797260805964470e-04 2.971470847157320350e-09 7.533237054990760129e-12 1.000000000000000000e+00 5.232272863537950833e-16 6.354553988785482943e-06 4.289237225952537675e-21 5.818107922381874557e-22 2.466998536064610864e-14 3.630270387143356980e-14 2.447434432895079226e-08 2.163797616958618164e-04 1.241229948684141604e-11 3.307328142909682356e-06 4.552070526075979728e-13 3.070699619057981611e-13
1.946167549593734539e-17 1.795288025771384077e-14 2.207250956609211115e-23 4.523707088083028793e-03 2.893891792865588286e-09 6.062392775285641022e-12 1.000000000000000000e+00 1.621335410492610180e-14 2.130026814484153874e-06 9.831396363127336738e-20 5.533011117367202117e-21 3.445597553477543207e-14 4.173495587751069325e-13 8.754656732889998239e-08 4.653813957702368498e-04 2.067955875983962244e-11 4.211290433886460960e-05 7.578572643572589751e-13 4.172986012730001137e-13
6.505206003877819903e-18 1.369691154522482621e-14 2.251514888634248352e-23 4.849016200751066208e-03 1.238669833369954176e-09 3.250820793110342777e-11 1.000000000000000000e+00 1.011398504822871164e-14 3.076422672165790573e-06 5.997467861436898700e-20 1.699664105875930385e-21 5.784314304933205891e-15 1.897288478668740508e-13 1.253141732604490244e-07 4.438679025042802095e-04 8.860422812118073921e-12 1.673736005614046007e-05 7.831874255029291909e-13 2.530001490426425637e-13
1.547843664884567261e-01 1.498834695667028427e-03 4.706247693775367225e-07 1.000000000000000000e+00 1.543117337860167027e-03 3.879624728142516688e-06 2.286782728333491832e-05 2.390318695688620210e-04 4.408847065207055493e-09 3.490374889224767685e-03 1.095445290033580932e-09 7.529523031735152472e-07 4.258817061781883240e-03 7.175448816269636154e-03 4.705790706793777645e-05 2.078147226711735129e-04 2.733377914410084486e-04 2.662095312189194374e-06 6.386738915509226899e-10
2.735055387020111084e-01 1.887642778456211090e-02 3.265393897891044617e-03 9.997652173042297363e-01 7.090254873037338257e-02 3.563348436728119850e-03 9.347178973257541656e-03 5.975827574729919434e-03 2.080798149108886719e-04 1.411734241992235184e-02 4.591909601003862917e-05 1.473980140872299671e-03 2.941028401255607605e-02 2.919389680027961731e-02 7.968943566083908081e-03 1.892257668077945709e-02 1.121630240231752396e-02 6.838815752416849136e-04 3.423350790399126709e-05
2.742150127887725830e-01 9.623139165341854095e-03 3.513742922223173082e-05 9.999328851699829102e-01 3.108902834355831146e-02 2.130473585566505790e-04 1.895755878649652004e-03 2.183443401008844376e-03 2.143999381587491371e-06 1.164059937000274658e-01 1.803828467927814927e-06 1.951260375790297985e-03 2.337740734219551086e-02 3.540986916050314903e-03 6.943008629605174065e-04 8.847668766975402832e-03 3.925807774066925049e-03 1.059986097970977426e-04 3.911380872523295693e-07
9.926249040290713310e-04 1.554803689941763878e-03 1.795877236872911453e-03 7.876799106597900391e-01 2.468098828103393316e-04 5.434953421354293823e-02 9.258475154638290405e-02 6.906546652317047119e-02 3.969155950471758842e-04 1.597546227276325226e-02 1.518273847977980040e-06 2.783689160423818976e-05 9.515633806586265564e-03 1.541633307933807373e-01 7.993194460868835449e-01 2.928410540334880352e-04 2.308015972375869751e-01 4.895652234554290771e-01 1.050717310135951266e-05
3.477212786674499512e-02 4.379951953887939453e-02 3.466605022549629211e-02 5.293451547622680664e-01 1.340096630156040192e-02 1.390241980552673340e-01 2.905282974243164062e-01 2.432735711336135864e-01 1.841786317527294159e-02 1.095660701394081116e-01 1.399911590851843357e-03 9.159252978861331940e-03 9.088348597288131714e-02 2.614995837211608887e-01 6.296405792236328125e-01 1.708039268851280212e-02 3.079061806201934814e-01 3.981650471687316895e-01 3.237739903852343559e-03
3.575581649783998728e-05 6.992887938395142555e-04 1.249577908311039209e-04 7.607919978909194469e-04 1.010675914585590363e-03 8.056781371124088764e-04 9.977941513061523438e-01 4.572045523673295975e-03 5.585574507713317871e-01 2.480476978234946728e-04 9.334969799965620041e-04 6.124130450189113617e-03 2.023865003138780594e-03 6.844393443316221237e-03 2.127737551927566528e-02 8.024320006370544434e-03 1.129546910524368286e-01 3.936555236577987671e-02 9.046801924705505371e-02
9.245130419731140137e-02 1.049288958311080933e-01 7.037960737943649292e-02 4.182473123073577881e-01 3.821822628378868103e-02 1.488622575998306274e-01 3.859608173370361328e-01 3.338473737239837646e-01 4.915284737944602966e-02 1.765715479850769043e-01 9.551822207868099213e-03 5.003001913428306580e-02 1.652340143918991089e-01 3.041307628154754639e-01 5.359058380126953125e-01 5.420628190040588379e-02 3.119871914386749268e-01 3.689552545547485352e-01 1.467847451567649841e-02
3.114029467105865479e-01 3.121899664402008057e-01 1.897002905607223511e-01 1.729400008916854858e-01 4.679296910762786865e-02 6.122025474905967712e-02 3.393756747245788574e-01 3.645509779453277588e-01 9.075579047203063965e-02 2.480484545230865479e-01 3.645206615328788757e-02 1.983954757452011108e-01 3.822780251502990723e-01 1.757812947034835815e-01 1.264109313488006592e-01 1.206144541501998901e-01 1.610228568315505981e-01 3.042342960834503174e-01 5.897082388401031494e-02
9.750962257385253906e-02 1.101404651999473572e-01 7.260165363550186157e-02 4.082790315151214600e-01 4.039202630519866943e-02 1.493579000234603882e-01 3.941412568092346191e-01 3.395599424839019775e-01 5.270605534315109253e-02 1.823822259902954102e-01 1.073540002107620239e-02 5.563487112522125244e-02 1.716511249542236328e-01 3.059193193912506104e-01 5.270528793334960938e-01 5.829771980643272400e-02 3.101612031459808350e-01 3.669895827770233154e-01 1.614431850612163544e-02
3.283637674530486148e-33 1.593331164661762242e-32 5.613204782423500055e-35 1.000000000000000000e+00 8.268156887068914558e-37 0.000000000000000000e+00 2.373214665567502379e-04 1.395489626632162583e-13 2.144244040918897301e-37 3.186383384514074355e-29 0.000000000000000000e+00 0.000000000000000000e+00 9.744203771746004936e-22 5.382547706156426415e-13 9.653850493258810811e-15 1.042821593169554617e-32 1.000000000000000000e+00 1.883092391207973988e-23 0.000000000000000000e+00
9.164001991100879107e-29 2.072122321177533053e-29 2.847409369951633609e-30 1.000000000000000000e+00 1.058795738551183929e-31 0.000000000000000000e+00 5.735388913308270276e-05 2.375697728818071397e-12 1.123732467274285815e-33 2.599941329974219194e-25 0.000000000000000000e+00 0.000000000000000000e+00 4.034721813249769184e-19 2.137203608532090016e-12 4.497535698901045098e-13 1.680964444839716399e-29 1.000000000000000000e+00 2.442749773038795297e-21 0.000000000000000000e+00
1.237972195302955513e-29 1.232758910770900491e-31 1.743906021694847002e-34 1.000000000000000000e+00 7.784053649231313952e-32 0.000000000000000000e+00 1.717336090223398060e-06 7.420356240269224135e-14 2.262468969123256901e-36 5.427322968577717967e-27 0.000000000000000000e+00 0.000000000000000000e+00 9.052093513728503828e-21 5.875799114840943305e-14 2.874991775680610373e-14 7.067482284672029476e-32 1.000000000000000000e+00 1.281656475141879245e-23 0.000000000000000000e+00
9.999874830245971680e-01 7.187404036521911621e-01 3.368362255784518311e-10 7.126601531126652844e-08 2.981399518375837943e-07 1.079873325905266607e-14 6.039512072675279342e-07 1.125653041526675224e-03 1.262997302228785479e-12 2.865327360268565826e-06 1.392568243878400391e-12 1.363261491060256958e-01 9.999411106109619141e-01 1.201492860758435199e-08 3.797843610837576558e-17 7.164493581512942910e-06 8.187758804290012904e-11 6.592079444089904428e-06 1.119372563390674813e-11
1.000000000000000000e+00 3.880651593208312988e-01 9.642998476545178166e-14 3.091079170403077114e-09 1.227903396738838637e-07 1.633548973153309039e-19 1.698854501519519999e-09 2.544640119594987482e-05 1.687070221273086585e-18 2.353104378016723786e-08 2.317072192976184447e-17 1.938619315624237061e-01 9.999859333038330078e-01 1.446435939772561241e-11 2.630772863910276447e-22 5.738073483030348143e-08 2.025199195084155523e-14 3.886656330109872215e-08 4.696926070956163610e-17
9.998304843902587891e-01 4.016810655593872070e-01 3.872992692777188495e-06 1.729479175992310047e-03 2.217506757006049156e-03 1.146671557705758460e-08 1.562512043165042996e-04 1.319531258195638657e-02 8.226416881029763317e-09 2.921664563473314047e-04 8.881691115902867750e-08 2.343673706054687500e-01 9.713194370269775391e-01 4.707029802375473082e-05 3.059428488327853302e-09 2.616334531921893358e-04 1.290479531235178001e-06 4.836987354792654514e-04 3.854322017105005216e-08
1.066035870462656021e-02 1.266035687876865268e-04 1.263620833924505860e-05 9.509975910186767578e-01 5.196830257773399353e-02 4.829615820199251175e-03 1.408931761980056763e-01 1.241738325916230679e-03 1.666571915848180652e-05 9.151660799980163574e-01 4.564358278003055602e-07 2.687406837940216064e-01 1.154497358947992325e-02 1.854318725236225873e-05 7.308169268071651459e-03 2.449693530797958374e-02 1.824848353862762451e-02 2.003014087677001953e-03 2.665072429408610333e-07
5.951040424406528473e-03 3.925298005924560130e-05 1.280375954593182541e-06 9.298996329307556152e-01 2.280301451683044434e-01 1.300150412134826183e-03 3.435416817665100098e-01 3.195967001374810934e-04 3.691936217364855111e-05 4.563186168670654297e-01 1.937325322387550841e-07 5.018550157546997070e-01 5.196455400437116623e-03 5.620166120934300125e-06 2.085003536194562912e-03 6.431786715984344482e-02 1.863675564527511597e-02 1.520984922535717487e-03 3.338830651955504436e-07
3.209358837921172380e-04 1.000546376417332795e-06 2.281076838528406370e-08 8.984279036521911621e-01 8.782668411731719971e-02 7.396252476610243320e-05 9.176508784294128418e-01 1.738143146212678403e-05 9.211670112563297153e-05 5.828933208249509335e-04 1.612872946310517364e-09 2.087524347007274628e-02 3.768161986954510212e-04 2.523601324355695397e-06 3.731277072802186012e-03 5.197041667997837067e-03 3.184900432825088501e-02 8.783966040937229991e-05 2.480569776253105374e-07
5.854489018020103686e-07 3.760736025978234087e-13 7.867683823364350737e-29 1.000000000000000000e+00 2.037712102321360623e-20 6.091531143199090895e-16 1.849381669019773058e-18 3.840322504444770857e-11 5.312298936441180859e-38 1.000000000000000000e+00 5.066168122665430490e-31 1.212161926389399014e-08 4.853760060541389976e-07 7.515281600690909449e-20 2.625424942129006870e-18 8.890694983606367563e-15 4.542320720514082398e-17 3.193107399584310668e-13 0.000000000000000000e+00
1.191751675122532106e-08 1.537568722448606588e-15 1.322119121454591178e-30 1.000000000000000000e+00 9.997287016214661333e-17 2.016690791480633439e-15 2.349937269852998313e-16 1.613728139830683528e-13 4.552926330313390809e-37 1.000000000000000000e+00 4.732193485577036932e-32 1.011090080282883719e-05 4.311557333380733326e-09 9.431075879936909426e-24 2.948762233514349901e-17 5.188456435323285376e-12 1.842398436580671762e-16 1.572548853829604243e-15 0.000000000000000000e+00
7.144757319110794924e-08 4.631657470749450667e-12 3.598493404568631139e-27 9.967800974845886230e-01 5.650783542018853661e-19 2.901495097787018529e-14 4.118953933490579825e-16 1.386223358323945831e-09 1.936377591240550492e-32 1.000000000000000000e+00 2.706400081286057790e-25 7.208988336060428992e-06 4.008725511539523723e-07 9.451335305992777032e-20 2.465428359326550046e-17 3.923093447322223426e-11 7.307119243111170025e-16 1.173815211696904726e-11 1.140580478829736262e-32
9.947618842124938965e-01 1.543906331062316895e-01 7.703621207610922283e-08 1.990457803913159296e-06 2.148312523786444217e-05 1.327448984067558513e-10 3.842062142211943865e-05 1.643513445742428303e-03 1.837793361936235215e-09 4.733247682452201843e-03 2.980911295580312981e-09 4.946474730968475342e-01 9.994889497756958008e-01 1.109001424026700988e-08 1.445500403401966949e-12 6.458830903284251690e-04 2.759487216508205165e-08 1.983745896723121405e-04 4.251326046755821153e-08
9.846424460411071777e-01 1.435908163205379395e-11 1.215037518794763095e-22 2.953987277010128309e-09 9.999490976333618164e-01 4.543767728239136723e-21 8.511022925376892090e-01 3.846160223033533968e-17 3.688890013765766529e-13 2.878464949577531906e-14 6.854812132014555375e-20 9.999670982360839844e-01 4.646894848081561946e-12 1.244165065449458196e-21 3.256782270490548840e-24 5.415008869022130966e-03 3.368946788206983456e-10 1.732171873926498240e-14 3.107913396371746904e-18
3.498987055650104594e-08 3.147819143123342656e-06 7.776884136667661096e-10 2.439218224026262760e-05 3.040282763322466053e-06 1.897630426128671388e-07 9.999984502792358398e-01 1.040205825120210648e-05 3.960745781660079956e-02 2.340748483931065493e-09 5.668599669661489315e-07 6.687778295599855483e-06 8.767339750193059444e-06 8.454899070784449577e-04 5.644230544567108154e-02 3.955422471335623413e-06 4.175537824630737305e-01 9.374177352583501488e-06 3.466797061264514923e-03
6.742341518402099609e-01 1.777307130396366119e-02 1.354778032691683620e-05 1.859171837568283081e-01 1.525171101093292236e-03 1.301119482377544045e-04 2.713188761845231056e-03 2.788753435015678406e-02 1.010104028864589054e-06 9.839594960212707520e-01 2.388099710515234619e-05 2.357182204723358154e-01 3.319149017333984375e-01 2.999108437506947666e-05 2.048861097136978060e-05 1.074403803795576096e-02 2.462382544763386250e-04 1.225219480693340302e-02 5.096683707961346954e-06
1.729599386453628540e-01 5.764949601143598557e-04 1.165243830314466322e-07 4.853522113990038633e-05 1.646110322326421738e-04 8.238116038228326943e-07 1.403130241669714451e-03 3.607088932767510414e-03 2.090022945822056499e-07 9.965040683746337891e-01 2.204239990533096716e-06 5.289496779441833496e-01 5.560777783393859863e-01 8.166228582240364631e-09 4.249086860141915167e-09 3.070853650569915771e-02 3.976489097112789750e-06 1.239233417436480522e-03 1.674143618402013090e-06
1.065952346834819764e-05 4.104191029909998178e-04 4.987555803381837904e-05 3.066231729462742805e-04 9.755117935128509998e-05 5.930896440986543894e-05 9.989558458328247070e-01 1.335680112242698669e-02 7.368397116661071777e-01 7.928382547106593847e-05 2.107649808749556541e-03 1.872737309895455837e-03 1.060054055415093899e-03 7.867046631872653961e-03 1.448084600269794464e-02 1.726718852296471596e-03 5.651665925979614258e-01 5.774752795696258545e-02 1.529523283243179321e-01
1.870933520735791047e-16 1.771506660981636561e-12 4.379236107048842610e-17 6.228381010942030116e-08 3.669951240681257332e-07 1.185052896741575768e-13 1.000000000000000000e+00 1.061552179493219228e-08 2.679650151549139991e-06 5.448569928567792431e-10 2.075742870774263671e-13 1.268360501853749156e-04 2.611320724099641666e-06 4.637286110664717853e-09 1.459065686049143551e-07 1.320456969551742077e-03 4.690859466791152954e-03 4.338797321423726316e-09 2.486415517921614082e-09
1.333883670184832226e-09 7.879757504269946367e-07 1.386319237184352460e-08 3.840485987893771380e-06 1.384777732482689316e-07 1.497308410591813299e-08 9.999918937683105469e-01 1.724491128697991371e-03 6.031473278999328613e-01 8.526318140411603963e-08 2.933270661742426455e-05 9.891898116620723158e-06 2.423257319605909288e-05 6.393885123543441296e-04 1.826325431466102600e-03 3.925750934286043048e-05 9.592996239662170410e-01 2.140177646651864052e-03 1.355069689452648163e-02
1.947534258306404809e-07 2.744805094323510275e-08 1.475489760753567747e-12 7.823626947356387973e-05 2.393080212641507387e-04 5.060329288244247437e-02 9.997395873069763184e-01 3.703481687988841031e-10 5.442237854003906250e-02 9.863879157911981110e-11 3.720242863769485098e-12 5.147398383087420370e-07 1.250112990902607635e-08 3.211932198610156775e-05 1.365103013813495636e-02 9.079855090021737851e-08 2.267287163704168051e-05 1.484837684984086081e-05 1.677811269473750144e-05
7.167447787625319533e-14 1.180064401230807025e-12 2.507284961247857602e-12 9.993507266044616699e-01 1.558854363951575617e-14 1.006213731449432866e-16 6.885717809200286865e-02 1.035759996739216149e-04 7.443476851597477517e-14 2.050056790992016431e-10 1.247801247216871170e-21 4.442757159171361724e-16 3.290714190029575548e-08 6.158960604807361960e-05 1.721024018479511142e-04 2.462409443015900479e-11 9.999990463256835938e-01 2.523011062294244766e-05 3.941428797938083305e-16
6.271592285262704286e-20 7.252572565945303307e-14 6.956925614080271828e-18 1.142200556358829999e-09 3.928647771683779766e-12 2.578712553673277145e-19 1.000000000000000000e+00 2.184454395148804906e-08 4.249044286552816629e-05 3.375917362159557532e-15 9.034282870412635447e-12 2.798930864855719847e-08 2.911491936430365968e-09 1.065975308023325852e-08 6.300507493506302126e-07 6.001451424708648119e-07 9.717141389846801758e-01 2.124820874804811410e-10 3.637167651504569221e-07
5.951955972705036402e-05 2.359604986850172281e-04 1.453541368246078491e-01 5.714325904846191406e-01 5.896085713175125420e-05 1.568369189044460654e-04 6.905106902122497559e-01 4.781262949109077454e-02 2.681617625057697296e-04 2.790448488667607307e-04 4.634238166545401327e-07 6.710662546538515016e-06 6.552272476255893707e-03 5.710484087467193604e-02 1.815521419048309326e-01 2.374264586251229048e-04 9.513133764266967773e-01 7.252735551446676254e-03 8.250652172137051821e-05
7.231282901035834820e-15 9.896188686228657438e-13 1.873543366889135475e-13 9.972152709960937500e-01 4.406200664747172979e-12 9.120020683745996837e-15 9.999424219131469727e-01 3.399482579879986588e-07 1.625255346970888581e-10 3.283683546427551558e-13 1.550790069855261466e-19 4.567433315106261479e-15 2.352628669655132398e-08 4.950119091517990455e-06 2.439607487758621573e-04 1.558798229384095180e-10 9.960308670997619629e-01 5.507349090660973445e-11 3.847927361401611013e-14
1.131995048808676074e-07 2.120984160872141366e-12 1.366327141996638486e-15 1.000000000000000000e+00 1.637028799450490624e-05 1.581224609026321559e-07 2.394360676407814026e-02 5.811566783364696676e-10 1.965537599346589559e-08 5.727018685675044907e-12 2.005225908544790253e-19 5.130851256016089046e-14 1.784528302906096542e-09 5.142160031113007790e-09 1.520492660347372293e-04 3.457533148676361634e-10 9.759173728525638580e-03 3.941737995033500752e-12 2.793486284440949499e-15
1.703782670503528607e-10 5.928122992493456422e-10 3.121874286859949166e-11 9.995794892311096191e-01 2.001885768265765364e-08 1.698173129893731925e-10 9.963091015815734863e-01 3.800081913141184486e-06 7.416431202500461950e-08 2.653815778241863654e-10 1.506185410599005913e-15 3.564141603379367140e-12 7.729022968305798713e-07 3.310048850835300982e-05 1.823268248699605465e-03 1.396739346404274329e-08 8.393201828002929688e-01 6.363930715735932608e-09 1.450497274374518142e-11
7.038901498697128694e-34 3.639966280274117075e-20 5.800919980401540016e-34 1.222276030388158574e-10 1.543407963438623327e-25 1.246729264132766337e-23 1.000000000000000000e+00 1.238595695869345106e-14 2.971466983581194654e-08 4.056244690224259953e-29 1.704756149573805688e-27 8.173053497556557692e-28 3.456273066722941532e-18 2.754325396381318569e-05 2.621308567540836520e-06 8.353797818810181389e-20 1.933726370334625244e-01 4.849964013399130341e-16 1.929336971844567089e-16
8.060303050135007272e-32 1.179377093128683465e-21 1.856924182628632294e-26 2.147780720894080192e-22 4.013619761694566282e-24 4.108407710344112618e-24 1.000000000000000000e+00 6.635738101579483073e-14 9.999456405639648438e-01 2.255199099556926222e-26 8.060176101711647383e-18 1.524385839147230579e-17 1.206439433740381656e-19 1.611591394189149096e-12 1.257838798396360147e-11 1.143971199523932019e-16 3.568336963653564453e-01 3.635202119767200202e-06 1.856245216913521290e-03
1.472819759321949801e-33 4.612943029370388633e-22 7.059740419068361321e-27 1.488015979403465753e-19 4.250260378553810977e-21 4.890876712308390131e-23 1.000000000000000000e+00 5.222263593784859381e-12 2.796426182612776756e-03 1.480613815559335037e-21 1.801473843020190818e-20 6.353283911537574956e-16 7.016203481917393514e-13 1.059142357151543479e-10 5.194643382111507890e-09 1.245660172233264973e-11 3.996055945754051208e-02 1.270904735617417458e-11 3.471429810275594718e-10
5.520443774592411931e-37 2.694348544404651258e-32 4.374350840065253510e-29 6.578379543498158455e-04 2.657084609412256710e-31 7.225131876338214993e-38 9.999997615814208984e-01 1.456656952177060038e-12 1.270822331576390986e-26 2.214948396314397400e-26 0.000000000000000000e+00 1.320320521058285013e-29 2.893967060042815923e-18 8.001175541344149322e-14 9.961761276988667646e-11 7.027039536601191979e-20 1.000000000000000000e+00 2.470673875550218317e-16 3.169257353410164671e-27
5.343237050565073891e-36 1.414126286807576477e-30 1.168894030013652039e-25 7.185065769590437412e-04 3.905076869024898306e-31 3.934358929215560741e-36 9.995195865631103516e-01 4.503798028965277922e-11 4.047072147937561932e-25 2.451875096292629857e-25 0.000000000000000000e+00 4.481107845221622288e-30 2.560413509066014213e-18 3.954992149751701547e-12 2.615649086212812335e-10 1.038814449157293027e-19 1.000000000000000000e+00 1.523942950998335988e-11 5.227916188070147892e-26
5.878786426993397186e-31 1.917492214189282046e-26 2.375553326332846674e-23 6.145128607749938965e-02 3.449541443409337889e-26 9.662493768782123242e-33 9.999994039535522461e-01 7.156216591530650817e-11 2.686172861344392828e-22 3.615066169790741717e-23 4.814208182024064653e-37 1.168501571713304585e-25 1.673994919427817998e-15 1.478578197378066506e-11 2.571594048816905342e-09 3.389605824868770852e-17 1.000000000000000000e+00 8.993604192741844715e-16 1.572458372710207976e-23
2.887199810827634217e-12 5.211094333823496072e-10 5.898993649111616833e-08 1.645283997058868408e-01 8.979040427847806427e-11 3.251803665747787786e-13 9.949917197227478027e-01 4.197691159788519144e-04 1.596352916521937004e-08 5.420027537894611669e-09 5.025406157291474607e-14 1.919421704910106996e-10 3.515608796078595333e-06 2.956398238893598318e-04 4.944389220327138901e-04 7.576501843686855864e-07 9.999327659606933594e-01 1.775152850314043462e-05 4.669050035488453432e-09
1.547712560326028330e-13 6.686364656394161443e-11 6.911027739670005943e-12 1.282186713069677353e-04 5.290247753753085647e-11 5.163775223387956359e-12 9.999848604202270508e-01 6.392568320734426379e-05 2.935179509222507477e-06 6.217452941381651499e-11 2.422660379600150016e-12 1.227977719508999144e-10 5.438898256215907168e-07 4.415671719470992684e-05 2.397506264969706535e-03 8.539680607100308407e-08 9.997296929359436035e-01 2.108144599333172664e-06 1.795874737808844657e-07
8.570952920918667450e-14 5.062532615340842312e-10 1.139650439990758102e-12 7.955161709105595946e-05 3.921058616684902631e-11 4.535193054433506177e-11 9.999994039535522461e-01 2.545382631069514900e-05 3.110591933364048600e-05 4.201638342804514537e-11 6.349977401537421073e-12 2.952519478904847006e-11 4.617245394911151379e-07 5.169599899090826511e-04 4.418590106070041656e-03 2.883188443547624047e-08 9.936542510986328125e-01 1.039254243551113177e-06 2.438907245050359052e-07
1.615578296956712151e-14 2.817708955049624819e-09 1.759924998623318970e-05 5.721831897176343773e-08 8.614491064928841979e-12 2.087566773091575900e-13 9.999998807907104492e-01 9.033086826093494892e-04 3.782368823885917664e-02 6.112729766805102827e-11 3.846484464276045401e-09 1.820638084737424833e-09 1.170746941170364153e-06 4.528574936557561159e-05 5.534227966563776135e-05 2.774177119135856628e-06 9.881416559219360352e-01 4.854815415455959737e-06 4.239043482812121511e-05
2.928481251029766780e-26 1.409724378740845032e-17 1.281300446438134898e-22 1.041749198806474121e-15 3.919605349222751772e-20 6.380825283042273687e-24 1.000000000000000000e+00 2.000351351227891428e-08 8.813488483428955078e-01 4.226477320355777539e-21 8.053481926478811559e-13 3.434002434759284364e-15 8.098177754463711797e-14 2.880399918581133534e-09 8.646653171240359370e-09 1.467356618156667736e-12 9.999834299087524414e-01 2.628675233040667081e-08 1.268019605049630627e-05
0.000000000000000000e+00 6.818656414656635597e-30 1.069783264532878245e-36 2.376793309713532960e-17 8.131176384994592737e-25 1.775392653811798221e-35 1.000000000000000000e+00 1.541615316474995601e-15 9.436585193811630745e-12 7.713486553482919963e-27 3.408556556412709210e-28 5.208271175817152918e-18 2.635833653561782137e-16 6.592749654847022273e-16 4.013810226029257411e-13 3.104350543986500455e-12 8.033584356307983398e-01 1.564128098738737614e-19 5.312109226062465865e-18
5.672653583491644833e-22 1.574839908545337674e-14 3.477885848562880177e-17 7.231676195373903937e-13 1.587397883496058371e-13 1.014961464212201653e-15 1.000000000000000000e+00 2.422423817094454535e-09 5.568392276763916016e-01 2.831755550635254009e-16 3.154324132621788568e-13 1.154163570271649064e-10 7.320320044579275987e-11 1.076290914170385804e-07 1.200921019517409150e-06 3.332718634396769630e-08 1.036248728632926941e-02 8.593623306296649389e-07 6.034790658304700628e-06
1.529161469079554081e-03 6.032556295394897461e-03 5.074723158031702042e-03 7.461910136044025421e-04 2.549950033426284790e-02 9.968253374099731445e-01 1.627924665808677673e-02 2.273130376124754548e-04 2.593247890472412109e-01 3.587019396945834160e-03 3.956351065426133573e-05 3.505413187667727470e-03 1.909452257677912712e-03 1.897562178783118725e-03 2.466716617345809937e-02 2.617962425574660301e-03 1.925620832480490208e-03 1.248049922287464142e-02 2.110599726438522339e-01
1.130045257013989612e-05 6.564934706965175337e-11 4.220119975290387228e-18 2.716496055654715747e-06 9.801133871078491211e-01 5.725794949285045732e-08 9.994493126869201660e-01 1.479566150857942325e-14 5.671374797821044922e-01 4.604635422955638546e-11 2.364191620252142911e-10 8.216918706893920898e-01 2.154670469822761447e-10 2.037509429838463282e-13 8.663686434928763447e-10 5.792920012027025223e-03 5.402318947744788602e-07 7.156710921663034242e-07 3.133654900011606514e-06
1.000000000000000000e+00 4.044050456286640838e-06 8.393105795938128762e-23 1.718392138652657941e-12 9.942373037338256836e-01 1.129562887235804991e-21 1.989183425903320312e-01 9.204743460229213720e-15 1.799618232212196745e-10 5.683677473436975214e-15 1.115061594457228324e-15 9.985488057136535645e-01 3.660832303964411949e-09 3.604233127943463309e-21 1.016505670573187532e-26 4.043603894388070330e-06 1.597412848698687160e-12 2.830542986575312526e-18 1.304262904275321766e-12
9.999998807907104492e-01 2.394058741629123688e-03 3.583306708910313342e-17 1.600653498634585503e-10 1.178702265024185181e-01 4.308023334020764407e-16 1.054810360074043274e-01 9.443724691138299931e-10 1.237042283719347324e-06 1.653424841485673369e-09 1.042389854988279296e-10 9.725510478019714355e-01 2.049281283689197153e-05 4.136905473318654635e-16 1.559170508059674683e-20 2.258439053548499942e-06 1.229147672532349134e-09 2.817298667577225468e-14 7.093016733961121645e-07
7.392771840095520020e-01 1.725697709731299767e-11 1.888818890291154357e-23 4.394000094332106698e-11 9.998044371604919434e-01 1.023842224161081217e-17 9.973047971725463867e-01 7.059957576818651849e-19 3.550840347088524140e-06 4.167538684553902424e-16 3.837911048569563142e-16 9.994171857833862305e-01 7.127154769137611368e-13 1.442574210646657802e-21 1.868283864002906394e-20 1.012516557238996029e-03 5.348558818063509079e-10 6.916925257387240844e-15 1.049965843435973767e-11
1.320869429036974907e-03 4.844514789326126447e-10 9.039183760838351278e-22 3.296458429575405136e-14 6.454393286503545824e-08 1.989245653440173227e-15 1.172923384729074314e-05 1.664916382537739992e-08 1.211788373638167382e-14 9.999967813491821289e-01 5.501814840980267032e-15 9.596787691116333008e-01 4.729440435767173767e-02 4.226970743385662419e-24 9.057226019482714501e-24 9.792649652808904648e-04 8.573667492108028032e-14 3.133556747414445454e-10 3.535376608436099910e-14
2.357701538130640984e-03 3.463371082979005422e-12 2.672432223745306785e-25 4.514834087785374076e-18 3.347767051309347153e-03 3.023168070531441519e-20 1.348489709198474884e-02 1.505443881534562767e-12 6.762780507580008760e-15 6.653182208538055420e-02 1.218567633429816574e-18 9.999966621398925781e-01 3.150083357468247414e-04 1.107804726254254438e-27 3.667948390314311043e-31 2.953813178464770317e-03 5.496508179565718841e-15 2.399012664751017966e-15 2.571672760691841005e-16
4.604971706867218018e-01 8.746053936192765832e-05 8.691358315557687342e-14 5.289607418745845280e-09 1.726115308701992035e-02 4.516221840944467658e-10 2.602155208587646484e-01 2.780377599265193567e-06 1.373634859191952273e-06 3.286438435316085815e-02 1.335233434929250507e-08 9.847999811172485352e-01 2.207493223249912262e-02 1.449961976656907736e-13 4.472261540185715548e-15 4.223319236189126968e-03 2.566722514529828914e-07 7.121625067441073043e-09 5.247370040706300642e-07
1.409545909912636953e-26 1.421606742169764716e-22 1.125998232635495775e-33 2.825600802225380903e-07 1.322269405079623539e-09 4.780730054919625992e-17 1.000000000000000000e+00 9.006449946021769184e-22 1.269622953259386122e-05 6.137403170163185461e-26 2.862608283955901275e-26 9.400073493030791649e-14 1.298401750158968525e-17 1.234233662538233856e-13 8.925097461087716511e-08 1.529488868889927744e-09 7.309068905669846572e-09 3.284683993982212558e-14 2.634738069384067903e-16
1.639083324400203805e-22 1.952517980592426643e-17 5.660234150844221702e-26 3.378530344377850270e-09 2.619820627103308652e-08 1.998906275961845336e-15 1.000000000000000000e+00 7.333844191388227268e-16 1.536791026592254639e-02 2.139354382243605951e-18 2.874088338280002817e-17 3.651712532359852048e-08 5.732239227555779859e-13 5.734133654011763781e-12 2.124126119440461480e-08 1.830270230129826814e-05 5.175425599190930370e-07 1.386683656789955421e-09 6.883064257445781209e-11
2.364921185270022712e-22 4.694460002565838097e-22 4.989979764054349215e-33 1.181945386008464993e-08 8.848861398291774094e-06 7.016638658985385746e-11 1.000000000000000000e+00 1.960915531103335116e-24 3.152831224724650383e-03 9.113227846790033044e-25 5.530697643528691729e-26 5.508074205073931751e-11 3.372347114978158206e-18 1.804608141048259957e-15 1.517760850333615963e-08 2.936785037377376284e-09 1.939347814283731708e-11 1.950899728223043361e-12 1.206194059834731630e-14
1.502265222370624542e-04 3.585983940346260113e-11 1.785365458310773576e-17 1.000000000000000000e+00 2.884944193259908474e-11 1.569325051853365238e-11 6.448185355893004678e-14 4.190499613976328419e-10 4.788373985037479784e-26 5.362288951873779297e-01 7.845292179421864825e-30 9.129618890527368144e-17 8.097983368315908592e-07 9.378963383710470225e-09 1.201988020227418019e-08 1.736466466494349103e-13 3.076102983445849759e-10 4.829502076031388924e-11 2.942192206605328558e-30
1.475303084589540958e-03 4.911451512157327670e-08 2.094744343261734087e-11 1.000000000000000000e+00 5.803048566122015473e-07 1.245719545295287389e-07 1.415248362945931149e-08 9.378144483207506710e-08 5.408892997325865336e-17 9.699647426605224609e-01 4.725820875280166893e-19 1.163820684269012418e-08 6.419442070182412863e-05 3.352067423634252918e-08 2.348436055399361067e-06 5.990118978616010281e-08 5.188408067624550313e-07 2.071258276004073196e-09 1.451506165869935782e-20
1.027973485179245472e-05 3.899735048773500523e-11 6.561506397910016626e-18 9.993950128555297852e-01 8.625020728007803950e-14 1.783967995550028718e-08 4.420091723189578659e-11 2.588859260299614107e-08 4.278039074034774016e-23 1.000000000000000000e+00 1.187259118663322971e-20 1.895404602691996843e-05 6.113162271503824741e-06 1.082524253156552868e-16 1.788688225312640157e-10 2.727023329374134164e-10 8.882640283036646878e-12 6.888084547185258089e-10 4.368456792433963839e-25
1.006215559176852523e-35 1.447009451713074485e-23 2.984784986628418766e-32 2.374180773486118449e-19 1.615161149003812831e-23 2.185546596138473058e-34 1.000000000000000000e+00 2.331741435135023521e-14 3.006797851412557065e-05 3.585351147517624299e-28 2.236445378726265274e-19 1.278901695136969944e-16 2.724559891565527068e-17 5.379824732400229070e-14 4.059571082071222747e-11 8.020442491575574540e-14 9.997296929359436035e-01 2.585343905547749915e-17 1.170581187537322876e-09
6.876459045389393974e-31 2.682018591075399248e-20 1.679426258759914000e-29 3.045303806294393846e-17 6.250005585461455204e-19 2.472278954717222162e-29 1.000000000000000000e+00 5.091932802595185159e-14 1.733385943225584924e-05 1.781161740935149261e-24 3.323282276559115954e-18 3.159484121811190205e-13 5.215051074357671124e-14 1.096769051446566667e-12 1.205645028257151807e-09 2.992546835334231048e-11 7.654064297676086426e-01 5.940600989305807288e-16 4.969901157281242376e-10
3.731371012518576743e-31 4.398545529025208197e-22 1.920074154391326462e-28 3.401183251517216165e-18 3.069519881345415933e-22 9.079319082724685871e-34 1.000000000000000000e+00 1.870188249056270458e-12 7.934481232041434851e-07 1.291293564808227790e-25 1.060578423586581998e-16 9.832920881604895191e-15 7.010427424489630143e-16 1.575320515039609764e-14 5.055061577663444439e-11 7.662015011171419143e-13 9.999998807907104492e-01 2.148204098104096400e-17 3.970052375734667294e-07
1.603442593477666378e-03 9.063001489266753197e-04 7.038468867540359497e-02 1.803980325348675251e-03 6.836096197366714478e-02 9.191663411911576986e-05 6.747460961341857910e-01 9.827555716037750244e-02 6.015956168994307518e-04 5.196194648742675781e-01 2.041982952505350113e-04 8.385791778564453125e-01 1.225362494587898254e-01 1.930016151163727045e-04 1.070805810741148889e-04 4.697696864604949951e-01 5.276170000433921814e-02 4.897512029856443405e-03 2.851430617738515139e-04
1.163829714059829712e-01 7.932985574007034302e-02 1.772929728031158447e-02 8.670262247323989868e-02 8.323211967945098877e-02 8.137415163218975067e-03 6.415420770645141602e-01 2.035339176654815674e-01 4.892508313059806824e-02 1.848578304052352905e-01 1.736365258693695068e-02 3.467260301113128662e-01 2.389083653688430786e-01 2.493318170309066772e-02 2.521857805550098419e-02 1.897034645080566406e-01 1.915181726217269897e-01 8.759466558694839478e-02 2.927285805344581604e-02
1.245689173286126245e-14 1.923764897382440608e-10 1.284722382730724144e-13 3.495983264656388201e-06 1.849802657716281828e-07 5.569694011553494306e-12 1.000000000000000000e+00 1.259414148080395535e-06 1.590383326401934028e-04 3.096424894266647243e-09 1.840960300869554089e-10 2.066480556095484644e-05 6.857311291241785511e-06 1.421002480128663592e-06 1.956877895281650126e-05 8.650680538266897202e-04 5.054304376244544983e-02 3.386690821116644656e-07 3.247457982524792897e-07
1.708342578510269050e-09 1.127146336335482779e-13 5.614358352939396986e-21 1.299018776990124024e-07 9.363720417022705078e-01 1.549592276717248751e-08 9.999896287918090820e-01 2.499606403446057081e-16 4.024690687656402588e-01 1.274871050740977729e-12 6.222215668053032722e-13 5.851455330848693848e-01 3.535928147502254149e-11 7.964643179735660800e-15 2.152374667385714702e-10 6.297280080616474152e-03 5.979753581186741940e-08 1.575871380055104964e-07 1.042979960175216547e-07
1.932471782595257537e-08 5.194276564424171738e-09 1.556368423895337916e-13 4.937747348776611034e-07 1.170952486972964834e-06 2.041224300697308536e-09 6.931144278496503830e-03 5.367547855712473392e-04 6.973623761785674446e-11 9.999992847442626953e-01 8.631567682826357668e-11 9.211714267730712891e-01 1.969573531823698431e-05 2.088305743608298570e-11 1.188384946004816811e-09 2.034482210874557495e-01 5.494436481967568398e-05 1.837431955209467560e-05 1.698041989135756769e-12
1.011014357209205627e-02 1.201478153234347701e-04 8.062631451366542024e-08 2.838544023688882589e-04 4.222052211844129488e-06 3.449719315540278330e-06 1.469953422201797366e-04 8.595500141382217407e-03 2.903550511135222223e-09 9.999680519104003906e-01 1.197226424665132072e-06 2.293545305728912354e-01 3.875365108251571655e-02 5.403184388796944404e-08 6.031748256418723031e-08 1.599031873047351837e-02 1.229411645908840001e-05 1.759618520736694336e-03 1.296274643181050124e-08
6.425082904951140428e-13 2.648709696018158866e-09 9.888678417779850349e-13 1.355156165061544016e-08 3.910494594805413726e-09 4.862139879081850413e-14 9.999996423721313477e-01 7.430638652294874191e-04 1.781499577191425487e-06 2.324553861399181187e-06 2.032428891851623121e-09 6.031032535247504711e-04 1.403713831678032875e-04 2.223920319011085667e-07 2.590502390376059338e-06 1.059397356584668159e-03 9.751812815666198730e-01 3.923892677448748145e-08 2.270270670123863965e-06
4.102352249901741743e-06 1.868575054686516523e-05 9.107845471589826047e-06 8.072524070739746094e-01 3.051489102290361188e-06 2.074950316455215216e-06 1.792527735233306885e-01 4.146574810147285461e-02 4.166573489783331752e-06 8.816800545901060104e-04 3.498951794966842499e-09 3.367647877894341946e-06 1.021244912408292294e-03 3.289426863193511963e-02 8.069901913404464722e-02 7.909594569355249405e-05 9.911555051803588867e-01 2.128026634454727173e-01 3.936036137019982561e-07
2.676055580377578735e-02 2.276316372444853187e-04 5.704462182620773092e-07 8.627945184707641602e-01 5.499590039253234863e-01 8.953860960900783539e-04 1.491512209177017212e-01 3.257468633819371462e-04 2.994021815538872033e-05 7.124145030975341797e-01 7.831204698049987201e-07 8.456399440765380859e-01 5.420900415629148483e-03 8.368658200197387487e-06 3.846650070045143366e-04 2.009420245885848999e-01 6.187788676470518112e-03 2.180959796532988548e-03 2.965745977689948631e-07
9.201687498716637492e-05 2.008793130517005920e-02 4.381896872018842259e-07 5.104197934269905090e-02 5.525572305487003177e-06 1.226326162395707797e-06 2.788938954472541809e-02 4.101748168468475342e-01 5.542570420402626041e-07 9.945623278617858887e-01 7.856152478780131787e-06 1.047479882836341858e-01 1.244917884469032288e-02 2.393726073205471039e-02 5.724051152355968952e-05 1.016069427132606506e-01 2.672726102173328400e-02 2.390881255269050598e-02 3.191950099790119566e-07
7.412184476852416992e-01 9.177044034004211426e-02 1.694709317234810442e-05 2.173988468712195754e-04 3.079616697505116463e-03 2.552486839704215527e-04 8.323110342025756836e-01 9.088212391361594200e-04 5.218328833580017090e-01 1.663037342950701714e-03 1.694572507403790951e-03 1.535766422748565674e-01 3.183786291629076004e-03 2.599602521513588727e-05 2.202373798354528844e-05 6.681710365228354931e-04 9.877211414277553558e-03 3.535086871124804020e-04 6.846989989280700684e-01
9.006935954093933105e-01 1.791100203990936279e-01 9.795788355404511094e-05 6.843275041319429874e-04 1.172592490911483765e-02 2.886155270971357822e-04 6.712576746940612793e-01 4.572323057800531387e-03 4.266822040081024170e-01 4.938961938023567200e-03 5.796002689749002457e-03 2.623384892940521240e-01 2.033886127173900604e-02 7.711441139690577984e-05 2.801962727971840650e-05 2.580091590061783791e-03 1.310342643409967422e-02 5.777929327450692654e-04 5.565173625946044922e-01
1.421066730955544699e-08 2.062353759990642743e-12 4.393483389663743239e-21 3.782181323686018004e-08 2.470332235097885132e-01 1.586835082889592741e-06 9.999933242797851562e-01 2.694831847530983806e-17 6.597785353660583496e-01 1.429740454175244813e-14 1.399140372516146508e-14 5.261513404548168182e-03 1.616862351470904624e-12 5.565804436259702559e-13 2.843262514318212197e-08 2.831081246768007986e-06 4.934143760237930110e-09 2.316671654511992529e-08 8.999771239359688479e-07
6.213380920883082581e-09 1.300910980717162602e-06 3.580799443625437561e-07 6.762234988855198026e-05 7.458299364770937245e-07 7.569699866927237508e-10 9.997207522392272949e-01 7.787187118083238602e-03 9.176041348837316036e-04 2.230218797194538638e-06 5.589895408775191754e-06 7.262321742018684745e-05 1.892983855213969946e-04 2.563259040471166372e-04 1.357189961709082127e-03 1.285637263208627701e-03 9.972616434097290039e-01 1.375071733491495252e-04 1.886435900814831257e-03
9.793283939361572266e-01 2.118450962007045746e-02 2.238100549334376410e-08 4.013444595329929143e-06 3.271254524588584900e-02 5.308651793711760547e-07 3.906164169311523438e-01 1.616032677702605724e-04 4.829318262636661530e-03 1.394928805530071259e-02 3.477733480394817889e-05 8.386726975440979004e-01 5.833098664879798889e-02 8.263624451387840963e-09 1.220105794175196934e-09 5.467892158776521683e-03 3.895707413903437555e-05 2.702037591006956063e-06 8.517756126821041107e-03
9.932261109352111816e-01 1.705772941932082176e-03 3.074797794849759569e-12 5.282614623514092500e-11 2.799964249788899906e-06 1.601841437270934421e-10 9.871096611022949219e-01 5.852167084263726338e-10 7.278650403022766113e-01 7.115039224458996614e-09 2.547609945224849071e-08 6.713777035474777222e-02 5.705256356236532156e-08 4.127808392404702653e-13 1.691359590360805298e-13 7.126149448311025481e-09 3.120294877589913085e-06 8.962818681679252109e-11 9.323934912681579590e-01
2.829194454534444958e-05 1.193754942505620420e-04 7.341337040998041630e-04 1.316192594913445646e-07 1.448975240236904938e-06 1.050963182933628559e-04 9.993904829025268555e-01 5.822434104629792273e-06 8.499632477760314941e-01 5.077341484138742089e-06 3.879299129039281979e-06 3.221606020815670490e-04 2.010992147916113026e-06 2.014316578424768522e-06 4.918136255582794547e-05 7.609814474562881514e-06 1.290902681648731232e-02 4.361642932053655386e-04 9.151561856269836426e-01
8.668427540214906912e-07 4.325294867157936096e-05 3.789353206218315506e-11 3.692515626596559741e-09 2.232263973667159007e-08 4.200690576633414608e-12 9.999992847442626953e-01 5.168005009181797504e-05 7.236073017120361328e-01 4.395535879719858485e-10 5.433101323433220387e-04 5.313635119819082320e-05 4.621703624252404552e-07 4.094875691862398526e-07 1.895717468869406730e-05 8.148128927132347599e-07 9.910550117492675781e-01 9.697674840936088003e-07 8.420343995094299316e-01
1.000000000000000000e+00 7.790117706463206559e-06 2.544893253905228569e-32 1.028975756673422060e-16 9.987741112709045410e-01 5.884633545279318484e-34 4.158888768870383501e-04 7.409332042685084188e-20 8.250471483171309059e-17 5.415870310607622605e-25 9.004904031083025672e-22 9.984857439994812012e-01 6.369212340699703656e-13 5.381490265540173844e-28 0.000000000000000000e+00 7.859296546897098779e-11 1.769032859833975300e-18 1.388406267286161004e-28 1.273875617522102802e-18
3.407872281968593597e-05 9.575779813530971296e-08 6.855114566273190491e-12 1.454256288707256317e-02 8.810969442129135132e-02 5.762135515396948904e-06 9.999231100082397461e-01 1.164242569018369977e-08 4.941261839121580124e-03 1.577311059541841587e-10 2.159859097128347116e-10 1.496300974395126104e-04 4.347157869233342353e-07 8.162865924532525241e-06 3.528450801968574524e-02 2.212674553447868675e-05 5.751238204538822174e-03 1.909460706883692183e-06 3.237900955355144106e-06
8.427554368972778320e-01 1.134223566623404622e-05 3.189757748105040536e-18 3.603119191897263818e-10 2.332230564206838608e-03 1.944528522576649543e-12 9.999604225158691406e-01 2.291353413431951314e-13 7.695993781089782715e-01 1.958466212554493824e-14 8.401145379366425914e-08 1.176583617925643921e-01 1.684034856008764791e-11 8.669872003479184297e-13 5.540104833223757907e-11 2.086533079648233979e-08 6.240365109988488257e-06 2.917726477091875381e-11 6.509616225957870483e-02
1.000000000000000000e+00 3.479284420609474182e-02 1.645107390157302119e-13 2.573690377175807953e-03 9.785751104354858398e-01 1.444621679564024076e-15 1.924069947563111782e-03 1.302087184740230441e-07 6.635333948956656513e-10 1.700291166542577947e-12 4.728182290136828669e-08 5.297663211822509766e-01 1.639547349441272672e-06 2.854465108725889877e-09 1.368783405194777948e-16 1.101430552807869390e-05 1.335032777660671854e-07 1.134361051272070320e-12 2.291438740142925923e-11
2.582013905048370361e-01 9.325235486030578613e-01 5.928052269155159593e-05 8.588107228279113770e-01 1.304551842622458935e-04 5.985703865007963032e-06 2.245520614087581635e-02 5.630694627761840820e-01 1.302851451328024268e-04 3.515339340083301067e-04 1.329607446677982807e-03 1.700103020993992686e-04 2.135905623435974121e-02 6.123169064521789551e-01 4.682789585785940289e-05 3.704737173393368721e-03 1.264560874551534653e-02 3.293905872851610184e-03 5.564715593209257349e-06
3.419927008252443557e-09 2.140604789816571735e-17 1.329620505740521783e-29 1.086400835959011602e-08 9.972278475761413574e-01 2.003716152552828880e-15 9.999990463256835938e-01 2.849333277915616789e-22 7.772044045850634575e-05 1.159761373280072881e-19 1.030804448926810051e-20 2.875568568706512451e-01 3.938214466721930845e-15 1.519164854774085158e-20 2.443145410643571963e-14 6.566045340150594711e-05 5.914426282060958329e-09 8.893679927712491717e-15 2.798470006074027516e-13
4.353390564704184840e-11 9.885673522949218750e-01 3.507736906927655385e-14 3.008642488566692919e-05 1.391087397352539379e-15 3.779820474392181495e-07 9.994571805000305176e-01 1.984333721338771284e-05 6.659180940005171578e-07 4.467385171508372541e-15 1.243065980011115457e-11 3.917369224118018929e-17 4.509529034912862500e-12 9.999983310699462891e-01 1.697897031305295457e-11 4.647090004472609337e-12 1.176405817204795312e-08 2.176094637817982402e-09 1.581218337688705677e-13
1.202438488689949736e-05 5.866559147834777832e-01 2.021463552104307837e-10 5.647197961807250977e-01 1.068595736342103919e-07 1.105119884014129639e-01 6.141350604593753815e-03 4.420726327225565910e-04 6.154902507660153788e-07 1.136838623239100343e-09 7.060632634114938355e-11 3.023480771302544667e-12 3.793069254243164323e-07 9.999091625213623047e-01 7.795024004053630051e-08 1.020485651537228478e-08 1.045068813709804090e-07 1.340214794254279695e-06 1.477766936597291192e-10
8.971733223006594926e-06 2.134772762656211853e-02 4.904643802206010150e-09 1.063404852175153792e-05 3.989536344306543469e-05 1.000000000000000000e+00 1.862016069935634732e-04 2.855626668463173701e-08 3.351836057845503092e-04 1.416571659973442365e-08 1.544149356991209032e-11 8.667884188184871164e-10 5.793709334511731868e-08 3.084354475140571594e-02 6.321570253930985928e-06 9.998376349074078462e-09 2.094260054263941129e-08 1.175495526695158333e-05 1.129252609644026961e-06
6.741848587989807129e-01 2.894506752490997314e-01 6.498291238443698603e-09 9.392591714859008789e-01 3.008684143424034119e-02 3.642141734871984227e-07 5.469638109207153320e-01 2.323740045540034771e-04 5.300428718328475952e-02 8.518919685229775496e-07 5.416392087936401367e-01 6.578334607183933258e-03 2.518153087294194847e-05 1.094262581318616867e-03 5.903118562855524942e-06 6.189296254888176918e-04 6.207613740116357803e-03 1.644837510639263201e-07 6.851461366750299931e-04
9.991691112518310547e-01 5.931474268436431885e-02 5.245358036809477653e-10 8.380211369285461842e-08 9.074958506971597672e-05 5.758254317811406509e-09 6.629800200462341309e-01 6.523449883388821036e-06 5.464346408843994141e-01 2.753554554146830924e-06 2.074953954434022307e-05 7.844316959381103516e-02 2.588759816717356443e-04 9.714700155427635764e-10 1.682028474836450016e-11 1.695751052466221154e-06 7.728645141469314694e-05 4.874754822026261536e-08 7.466321587562561035e-01
3.796393876890659380e-14 5.704551329872636564e-15 4.085368531192742531e-18 1.000000000000000000e+00 8.153208807420465887e-15 9.084531650856034603e-23 1.404194976203143597e-03 1.789915984318213305e-07 3.903168518233953571e-17 2.173090300641809108e-14 6.245261178913099382e-27 1.779898577410664116e-24 8.144008384336487438e-11 5.082811753709393088e-07 2.986928393511334434e-08 1.133373282106563823e-15 9.997614026069641113e-01 2.844577194236960760e-14 8.191855565824192965e-25
1.959002183239780823e-16 3.989181074432932537e-17 3.053734720610748697e-19 1.000000000000000000e+00 1.371736109109347236e-17 1.701146124856288032e-25 2.810539444908499718e-03 5.441357231461552146e-08 1.799318294354408591e-19 1.415540391506823776e-15 1.994328857356498592e-30 2.988371509324387776e-26 9.260793520926569045e-12 7.340912588915671222e-08 1.107468960981350392e-08 3.041646344497929378e-17 9.999969005584716797e-01 1.501519381378289830e-14 3.044208262865056957e-27
6.379907727241516113e-01 2.237474322319030762e-01 9.407752258994150907e-06 1.174368150532245636e-02 2.113144472241401672e-02 2.033876990026328713e-05 9.512116312980651855e-01 9.912018664181232452e-03 2.367929220199584961e-01 3.119607936241663992e-05 1.972738504409790039e-01 7.401208579540252686e-02 2.245635492727160454e-03 2.431201748549938202e-03 3.189716488122940063e-03 2.119499957188963890e-03 4.311628043651580811e-01 3.125228686258196831e-04 7.166755199432373047e-02
7.184882262399590724e-26 2.492950312667414382e-16 2.062812349104087177e-25 4.033852956796413897e-15 6.538559415747295428e-21 4.350003549681191575e-30 1.000000000000000000e+00 3.640269474747270806e-10 1.120388606068445370e-05 1.486107670095234867e-22 3.711622480716270100e-13 2.159956673629804917e-15 1.793433023616897160e-14 4.976766221354012032e-11 6.640740179975068713e-10 2.141729068400044511e-12 9.999998807907104492e-01 4.310247091968838484e-14 2.904740313169895671e-06
3.182689488155187780e-22 1.399746255183317509e-14 1.324047493605740756e-22 1.302512098177999178e-09 7.417488033185099384e-17 5.468555653073421664e-19 1.000000000000000000e+00 6.697344900885582319e-10 1.706281545921228826e-05 2.511167052803728288e-19 6.413649302710428771e-16 8.863565047701404357e-16 1.000074589113664203e-11 1.422573859599651769e-06 9.049138316186144948e-05 1.616994949396599601e-12 9.855706691741943359e-01 5.191198599457935714e-12 1.313728059670893344e-08
6.133012357167899609e-04 3.138183046758058481e-08 5.632307197830807558e-23 2.395619874280790866e-15 2.491007045080095850e-08 1.633569581688254502e-13 9.999997615814208984e-01 4.102925026103874267e-17 9.480356574058532715e-01 4.302259010116902876e-16 5.417900503235095755e-12 8.255501161329448223e-04 1.334905967774295543e-14 9.472645396597188382e-17 5.284501338582124619e-14 3.240122363121211713e-12 9.941351919451335561e-08 2.096773709520105555e-12 8.769751191139221191e-01
9.997194409370422363e-01 4.125747829675674438e-02 4.743156534203762931e-09 6.033506989479064941e-01 5.036576464772224426e-02 4.041491052930723527e-08 9.141137823462486267e-03 2.640547463670372963e-04 9.298310033045709133e-06 7.989410369191318750e-05 6.979980753385461867e-06 6.550315767526626587e-02 3.667339449748396873e-03 2.341607250855304301e-05 4.602447347679117229e-07 1.150007883552461863e-04 3.367968893144279718e-04 3.562284121017000871e-07 4.388480647321557626e-06
3.582185672712512314e-05 5.800934732569373864e-10 2.941576696851092021e-14 9.998892545700073242e-01 2.976519055664539337e-02 1.403374881192576140e-06 1.281710434705018997e-02 4.583332824381614046e-08 7.967451351453824770e-12 9.925582408905029297e-01 8.652165741099228282e-16 5.676403045654296875e-01 1.633618194318842143e-05 8.020802771957491473e-12 3.120607289019972086e-06 2.057160949334502220e-03 1.062291266862303019e-04 9.094125061892555095e-07 4.943244575506694233e-16
2.986542610439180123e-11 3.650773433561127490e-11 1.416126417519425473e-11 9.725923538208007812e-01 7.409701324734285777e-12 9.017381286113845817e-11 2.893320620059967041e-01 3.063847252633422613e-04 2.416620722978102265e-11 3.161934500894858502e-07 4.805906124043289943e-18 9.251343181110316394e-13 1.022578317133593373e-06 3.405905154068022966e-04 2.842621318995952606e-02 9.535473521893322868e-10 9.998966455459594727e-01 1.346008648397400975e-04 7.023215017366857271e-14
1.396548068161029832e-11 1.734509480488810595e-10 2.697989054389893226e-10 6.286591887474060059e-01 2.551564515229642893e-11 1.068762873340789454e-11 2.303742915391921997e-01 9.945048950612545013e-04 2.052815417652453789e-10 3.215534150058374507e-07 2.392129833840307132e-16 4.329137742731248295e-11 2.088868086502770893e-06 6.210576975718140602e-04 4.029971547424793243e-03 6.048325928986741928e-08 9.999721050262451172e-01 8.568993769586086273e-03 1.270802907349377620e-11
1.850790902972221375e-02 5.617221177089959383e-05 1.604667687615801697e-07 9.790717959403991699e-01 5.797255039215087891e-01 1.057108747772872448e-03 4.042990207672119141e-01 1.462681539123877883e-04 2.985960163641721010e-04 8.439355529844760895e-03 2.716105029776372248e-07 1.830770820379257202e-01 1.329343416728079319e-03 2.010178286582231522e-05 4.071800503879785538e-03 5.519324913620948792e-02 3.621934726834297180e-02 1.686241710558533669e-03 1.663967623244388960e-06
5.357403279049322009e-05 1.637582869307152578e-07 4.963348398945299778e-09 9.999774694442749023e-01 6.902937311679124832e-04 5.098359286785125732e-02 4.226339235901832581e-02 3.521367034409195185e-06 1.060203503584489226e-04 4.088546745606436161e-07 1.541306036793865797e-12 4.752864768420295150e-09 6.275235136854462326e-06 1.548080217617098242e-05 3.359078243374824524e-02 5.189585863263346255e-07 8.916417136788368225e-03 6.723103069816716015e-06 5.889312149065517588e-09
