6.794272065162658691e-01 1.798058487474918365e-02 1.220580306835472584e-04 9.805878996849060059e-01 5.523028969764709473e-01 5.394043400883674622e-04 8.745905011892318726e-02 2.855010563507676125e-03 4.391398979350924492e-04 3.435443341732025146e-02 1.829150132834911346e-04 2.340188473463058472e-01 2.392777800559997559e-02 1.211705151945352554e-03 1.724200556054711342e-03 9.455484896898269653e-02 3.108249790966510773e-02 9.060334414243698120e-04 5.802234227303415537e-05
2.322001965704423299e-12 7.257914824698730172e-10 2.815166346835807493e-14 9.999955892562866211e-01 1.865742803308645392e-11 4.544643774546376321e-17 9.588662981986999512e-01 4.986709245713427663e-05 9.054021421484037546e-11 4.607319414873245478e-09 4.639264799380194646e-18 2.975927270994042917e-14 4.220190135129087139e-07 5.168143543414771557e-04 2.594411398604279384e-06 8.224518843746864150e-09 9.723834395408630371e-01 8.895139486098102566e-11 4.953383454006209802e-15
5.199606530368328094e-03 1.369218248873949051e-02 6.540156006813049316e-01 9.029713273048400879e-02 1.104191318154335022e-02 2.527109463699162006e-04 8.898863196372985840e-01 2.429729551076889038e-01 7.911047898232936859e-03 2.026542462408542633e-02 1.056523295119404793e-03 3.967298939824104309e-02 1.077439337968826294e-01 3.891398757696151733e-02 5.963151156902313232e-02 7.806409150362014771e-02 7.374398708343505859e-01 1.414461899548768997e-02 1.259210333228111267e-02
2.405094448477029800e-03 1.534928381443023682e-02 9.706421494483947754e-01 1.089362055063247681e-02 1.363741140812635422e-02 9.112410545349121094e-01 2.833378612995147705e-01 7.036785595118999481e-03 2.374113500118255615e-01 3.026008838787674904e-03 5.275807416182942688e-05 1.575706293806433678e-03 5.171269644051790237e-03 2.183428034186363220e-02 9.771735221147537231e-02 8.038276806473731995e-03 3.676761686801910400e-02 7.672424428164958954e-03 6.715238094329833984e-02
1.673155426979064941e-01 6.175387501716613770e-01 8.927654474973678589e-03 4.246842861175537109e-01 2.741458010859787464e-04 3.071237297262996435e-04 1.550948619842529297e-02 5.318049192428588867e-01 2.437513649056199938e-05 4.296511113643646240e-01 5.313410074450075626e-04 3.356394544243812561e-02 2.136953026056289673e-01 6.413724422454833984e-01 1.333417487330734730e-03 3.325489908456802368e-02 1.043578982353210449e-02 1.598087847232818604e-01 3.848978667519986629e-05
7.720830035395920277e-05 4.763933611684478819e-05 4.682564167524105869e-07 1.748168468475341797e-01 1.241507232189178467e-01 2.140657488780561835e-05 9.934267997741699219e-01 1.629370090086013079e-04 5.822252947837114334e-03 1.552496396470814943e-04 4.184640147286700085e-06 8.530085533857345581e-02 1.324573182500898838e-03 1.737239508656784892e-04 2.151471329852938652e-03 1.047949716448783875e-01 4.863978549838066101e-02 8.686640067026019096e-04 7.784787158016115427e-05
2.270338587337742737e-19 1.417664728962713880e-14 4.440575028313425023e-22 9.999698400497436523e-01 2.618869747797458736e-13 9.505784308255366689e-21 9.999997615814208984e-01 7.020226067133705783e-11 4.703027550734262263e-11 1.019038339666455007e-16 9.575391671659851768e-24 8.601477304302060822e-18 4.663278443950424901e-11 4.040370527036429849e-07 1.247531429271475645e-07 2.139525362432337374e-11 5.382760241627693176e-02 3.776707160953376573e-17 1.070540705642762395e-17
7.102778920575758548e-10 8.376851677894592285e-03 2.077270855327384425e-10 1.906718164682388306e-01 1.191238687553441977e-11 1.775654796809522651e-11 9.970539808273315430e-01 9.213716723024845123e-03 4.394283337205706630e-08 9.974769898946078683e-10 2.034338669743007699e-11 6.996758858054952235e-13 6.078092837924486957e-07 9.999475479125976562e-01 2.833042117345030420e-06 1.943333813869685400e-07 3.478461131453514099e-02 1.023998670279979706e-02 1.278973281448880783e-11
5.176006816327571869e-04 1.147691742517054081e-03 6.037240382283926010e-05 3.699577937368303537e-04 2.403775788843631744e-02 9.997907280921936035e-01 4.058074671775102615e-03 1.246571810042951256e-05 7.555529475212097168e-02 4.805498174391686916e-04 7.171735774136323016e-07 2.896194346249103546e-04 2.064411673927679658e-04 5.369884311221539974e-04 4.916989244520664215e-03 3.053800610359758139e-04 2.255573635920882225e-04 4.567505791783332825e-03 1.209235750138759613e-02
3.541983096511103213e-05 1.114626720664091408e-04 5.037156734033487737e-05 5.587886273860931396e-02 1.156653888756409287e-04 4.109221918042749166e-04 9.721732735633850098e-01 1.763003878295421600e-02 3.537827171385288239e-03 9.994994616135954857e-05 4.735380571219138801e-06 5.623047400149516761e-05 3.168461378663778305e-03 3.294081613421440125e-02 3.175317943096160889e-01 3.592150460463017225e-04 9.002990126609802246e-01 5.877286661416292191e-03 5.678320303559303284e-04
6.269367531785974279e-06 9.264922482543624938e-06 3.212273043118329952e-07 9.983232617378234863e-01 3.988172352364927065e-07 2.546481692178304002e-09 3.570050895214080811e-01 6.050563883036375046e-03 3.867357065701071406e-07 4.743756107927765697e-06 3.985658192373620068e-10 4.039000245370516495e-09 1.485180837335065007e-04 1.063012145459651947e-02 6.764500867575407028e-03 2.031104486377444118e-06 9.962339997291564941e-01 6.272485188674181700e-05 6.529650597997260775e-09
3.190993083990179002e-06 6.165867671370506287e-03 6.407115393791684710e-10 3.455945989117026329e-05 4.300705711557384348e-07 3.119243405236282740e-11 9.999409914016723633e-01 3.095157677307724953e-03 3.800252079963684082e-02 2.598342518922436284e-08 1.544740051031112671e-02 8.693841664353385568e-05 2.037487865891307592e-05 1.447900140192359686e-04 5.830638838233426213e-05 1.116343482863157988e-04 9.866677522659301758e-01 1.662793511059135199e-05 1.091190148144960403e-02
2.555860296692938523e-15 2.997639914070759914e-09 2.636951419414802593e-15 3.338290754939521321e-09 9.192199779128884529e-11 1.542727153097385277e-15 1.000000000000000000e+00 3.023238969035446644e-04 9.972592351914499886e-08 3.894753263011807576e-06 3.476370927235628017e-11 1.094914696295745671e-04 7.026344974292442203e-05 3.096686285175564990e-08 7.869643781077684253e-08 7.987996214069426060e-04 6.875147223472595215e-01 1.289207407495496227e-09 2.789056097185493854e-08
8.819844714209934598e-18 4.161203326358275945e-11 5.130755170716134886e-17 1.540043115255684825e-07 1.909419324042094246e-11 1.256350438180037221e-14 1.000000000000000000e+00 4.248748837198945694e-07 2.433920940347888973e-07 2.195445769626047650e-10 1.121007448109598292e-14 9.573327908185547130e-09 1.288806856791779865e-06 1.135762886406155303e-06 1.598710468897479586e-06 2.801201162583311088e-06 1.064412668347358704e-01 2.267864923632956220e-10 9.302830172863707503e-10
1.021782736643217504e-04 4.790194452652940527e-06 1.593946308275917545e-08 1.000000000000000000e+00 2.352557082474504568e-08 5.104054139337677043e-07 1.208952404851970641e-08 3.948062658309936523e-04 1.269320884294752871e-14 1.865059573447069852e-07 4.724417253178240974e-18 8.295032033641785681e-17 2.744875018834136426e-05 7.452799677848815918e-01 2.150246436940506101e-04 1.018540585207006188e-09 3.557287072908366099e-06 6.812455505132675171e-02 6.466024526212714365e-16
4.516741540428527215e-20 1.012051331628072148e-09 1.077112951908176556e-21 9.999660253524780273e-01 1.441448761145239084e-18 1.095014566119469735e-21 9.999996423721313477e-01 9.946240275837681111e-09 1.020578510591008126e-09 8.850843540309906591e-20 2.480716070685272153e-21 7.028389268617010810e-25 6.607535970194061692e-14 1.287201792001724243e-01 5.874950748108176413e-09 2.595841522352762380e-15 1.499111391603946686e-02 1.000167305869466251e-16 2.764700650587010352e-17
4.349959310717962339e-20 1.477024924961237336e-15 2.007015623659973833e-20 2.132305399957235004e-12 1.686369238695917261e-10 2.172102497866035264e-08 1.000000000000000000e+00 1.119178703976476258e-14 3.128511309623718262e-01 3.072913771652433824e-17 4.739291201362863241e-18 6.533804747244076339e-11 4.370366644534245948e-13 1.075184563603670540e-08 8.895320320334576536e-07 3.364210243717025151e-09 1.177392832119039667e-07 1.290134576947821188e-07 5.313873998602502979e-07
8.641967724543064833e-06 3.139391628792509437e-05 3.508642265614980715e-09 5.385058466345071793e-04 4.913846350973471999e-05 9.999994039535522461e-01 6.656609912170097232e-05 1.088087202560927835e-07 4.861974448431283236e-04 8.796872208449713071e-08 2.018132839662345468e-12 8.052756239607106181e-10 3.855160741750296438e-07 8.828540449030697346e-04 2.312733093276619911e-03 4.171044842848914413e-09 3.690553967317100614e-06 2.647209912538528442e-04 3.931935737000458175e-07
3.800576742207795178e-09 4.781243543444668731e-12 5.642222410448928874e-15 1.748601644067093730e-04 3.299831296317279339e-04 1.000000000000000000e+00 4.108900100163737079e-07 7.885376989498656120e-15 2.077297394862398505e-04 9.325116200054051063e-12 3.632503560185240228e-20 8.052775026662351010e-13 5.438994393758278534e-11 2.851172076212549200e-10 9.756589633980183862e-07 4.919010684889535412e-11 1.148975172782229492e-07 1.948219323821831495e-05 9.529722150292130323e-11
8.574804866157137440e-08 1.260379178802395472e-08 1.145496544840973741e-10 1.996357639200141421e-07 4.755488038063049316e-02 9.999985694885253906e-01 4.207426100037992001e-04 9.178722885916368313e-12 3.762044385075569153e-02 1.612468281564360950e-06 2.450688577852050409e-13 1.087647069653030485e-05 3.778396262532623950e-08 3.065672826707555032e-09 3.492983466912846779e-07 1.018914099404355511e-05 6.897925430848772521e-08 2.697272066143341362e-05 3.811586429947055876e-05
1.471993280574679375e-03 1.034976798109710217e-03 1.779907941818237305e-02 2.824797928333282471e-01 1.178734842687845230e-02 2.904484281316399574e-04 9.502391815185546875e-01 3.411369025707244873e-02 2.371817128732800484e-03 3.339304123073816299e-03 2.876062899304088205e-05 1.504308916628360748e-02 3.619415685534477234e-02 9.751945734024047852e-03 8.527010679244995117e-02 2.144506387412548065e-02 6.694233417510986328e-01 5.002059042453765869e-03 8.875418570823967457e-04
4.818685071890499157e-17 2.883546873500009156e-11 8.882646747856798119e-18 2.063746978819835931e-05 2.880211902311913263e-10 2.544585017615562904e-15 1.000000000000000000e+00 7.375153376898424540e-09 1.578283900016685948e-06 7.663384222989996775e-14 2.966808453097082021e-14 9.932036304505231783e-10 2.305075064157335873e-08 1.273484599551011343e-06 2.510918238840531558e-05 1.711765378331620013e-07 1.830233186483383179e-01 1.557128037621424710e-10 1.495886081670505519e-09
2.813022874761372805e-04 2.059709466993808746e-02 9.496521353721618652e-01 9.463360905647277832e-01 7.027624815236777067e-05 1.658582618802029174e-06 4.026575088500976562e-01 1.562974601984024048e-01 1.454622688470408320e-04 2.586038608569651842e-04 1.162473472504643723e-05 1.608071670489152893e-06 9.714360348880290985e-03 5.368999242782592773e-01 2.668336778879165649e-02 2.396242925897240639e-03 6.613826155662536621e-01 3.011433873325586319e-03 7.420172914862632751e-05
6.621880642562402719e-14 2.279976196587085724e-02 1.388053901053180813e-17 3.775031771510839462e-03 3.839099329915442518e-15 1.748218323577299671e-12 9.999996423721313477e-01 3.324193471598846372e-07 1.121885452448623255e-05 1.492070903552213481e-16 2.450936318048463347e-13 7.232954130127992057e-18 8.038288459334685943e-13 9.998218417167663574e-01 2.352581462972125337e-10 7.522396767989381061e-12 7.650568818462488707e-07 3.247523777671901257e-11 2.189868945901007891e-12
9.273787140846252441e-01 1.681064963340759277e-01 3.489022329449653625e-02 9.141884446144104004e-01 1.016114279627799988e-01 1.194676500745117664e-03 1.688824407756328583e-02 8.140806108713150024e-02 5.917868475080467761e-05 7.236052304506301880e-02 1.021530944854021072e-03 9.879517555236816406e-02 4.200218617916107178e-01 7.312360405921936035e-02 2.630018070340156555e-02 2.776701189577579498e-02 1.889170333743095398e-02 5.099727585911750793e-02 1.472603617003187537e-04
7.980303466320037842e-02 6.941664218902587891e-02 8.404044806957244873e-02 5.438942909240722656e-01 2.727638371288776398e-02 1.607965826988220215e-01 3.169852793216705322e-01 2.537054419517517090e-01 2.795373834669589996e-02 1.725344061851501465e-01 4.245467949658632278e-03 2.074179612100124359e-02 1.460884064435958862e-01 2.460597455501556396e-01 5.990275144577026367e-01 3.137970343232154846e-02 2.852966785430908203e-01 2.999097704887390137e-01 6.919079460203647614e-03
8.407683968544006348e-01 4.205407202243804932e-01 6.167240906506776810e-03 2.076193690299987793e-02 1.672570034861564636e-02 3.919771697837859392e-04 4.250644147396087646e-02 1.652361601591110229e-01 8.086185553111135960e-04 1.130788996815681458e-01 1.646718941628932953e-03 3.862617313861846924e-01 8.827695846557617188e-01 4.515951499342918396e-03 2.279100590385496616e-04 5.598569288849830627e-02 3.862880868837237358e-03 6.314408034086227417e-02 1.608941936865448952e-03
6.716161351505434141e-07 1.351716648787260056e-02 6.979419264752095842e-09 5.377665956984856166e-08 1.469259877922013402e-04 1.000000000000000000e+00 2.525326999602839351e-05 2.166800738834240292e-09 4.353752010501921177e-04 8.768477499643267947e-08 7.427685203009737336e-12 7.522364953160831647e-09 3.857786623484571464e-08 1.090363948605954647e-03 7.405256496895162854e-07 4.578945933531031187e-08 1.579419262043302297e-09 2.933547875727526844e-06 4.616889782482758164e-06
9.908618927001953125e-01 2.297532191732898355e-04 3.399108319574080384e-14 9.999938011169433594e-01 9.799105527008578065e-08 7.278021935119838304e-12 1.094179857830113178e-09 9.369477083964738995e-06 9.339447108176703877e-19 9.980033040046691895e-01 1.497717198708831046e-15 1.455301244277507067e-04 1.075399890542030334e-01 2.006021482259257027e-08 1.374875647358608788e-11 2.655026776210434036e-07 1.058395704411907445e-09 1.260526914848014712e-06 5.475554159402533751e-17
9.993391633033752441e-01 2.114508301019668579e-02 1.000000000000000000e+00 5.588609201367944479e-05 1.664233207702636719e-02 7.355478032211593131e-11 4.080347716808319092e-04 7.537500001490116119e-03 1.104107430482947905e-11 7.886390201747417450e-03 2.094100359784079046e-08 1.866675466299057007e-01 9.849204421043395996e-01 1.775151322362944484e-04 1.488324352649783577e-09 2.475150628015398979e-03 1.339379195997025818e-06 2.575850157882086933e-05 3.286969842974940548e-07
2.951733767986297607e-01 5.498359445482492447e-03 2.056764714097880642e-07 9.910171031951904297e-01 4.204777724226005375e-05 1.734146462695207447e-05 7.553455361630767584e-05 7.724174764007329941e-03 6.563373178281040055e-10 9.978708028793334961e-01 3.445397567247709958e-08 1.109889894723892212e-02 1.156966015696525574e-01 6.248902354855090380e-05 1.129031625168863684e-05 3.519589663483202457e-04 7.587444270029664040e-05 2.306654583662748337e-03 1.759648760035759096e-09
1.170895099639892578e-01 1.860276609659194946e-01 1.024186758513678797e-06 9.282196760177612305e-01 2.097507752478122711e-02 3.492051519060623832e-06 7.885396480560302734e-01 5.359603557735681534e-03 6.089014187455177307e-02 9.375867193739395589e-06 6.000339388847351074e-01 2.947745844721794128e-03 4.377177101559937000e-04 1.948616281151771545e-02 1.169124967418611050e-03 2.183844568207859993e-03 2.144535928964614868e-01 1.264988168259151280e-05 1.273366506211459637e-03
4.786954820156097412e-01 2.254454791545867920e-01 2.907137641727786104e-08 9.999715089797973633e-01 1.597606204450130463e-02 3.754036725922560436e-08 1.033971551805734634e-02 4.833516199141740799e-03 1.880102536233607680e-05 2.980928402394056320e-04 3.386378230061382055e-04 2.652472467161715031e-04 2.342328894883394241e-03 4.700294509530067444e-02 1.782267759153910447e-06 4.313692450523376465e-03 9.093024767935276031e-03 4.498160421917418716e-07 1.648564079914649483e-06
1.555649012385806884e-11 3.316040351655244825e-17 5.047477908224882423e-23 1.007400651613366005e-12 8.958964347839355469e-01 3.072020626859739423e-05 9.646093845367431641e-01 8.703973452526853494e-16 3.083483761656680144e-06 3.221983497496694326e-04 2.405084086074734709e-18 9.995558857917785645e-01 3.860935127164566438e-09 2.024137616104967949e-21 3.479172941596012688e-17 2.792162895202636719e-01 3.519109725846902847e-10 2.704806822961813850e-09 2.506610804337006115e-12
9.090244174003601074e-01 9.767882525920867920e-03 2.968605983255656611e-08 2.175968140363693237e-03 8.686313405632972717e-03 8.914470299714594148e-07 1.078555453568696976e-02 2.538538072258234024e-03 1.045339558913838118e-06 7.942919135093688965e-01 2.891156782425241545e-06 6.334429979324340820e-01 2.448885440826416016e-01 9.454637250883024535e-08 1.723365095074314013e-08 9.365512058138847351e-03 3.021111297130119056e-05 2.122155128745362163e-04 3.680845793496700935e-06
8.686889486853033304e-05 6.517872407130198553e-06 1.095842890208587050e-06 5.325378775596618652e-01 1.001848722808063030e-04 9.970526695251464844e-01 1.019745715893805027e-03 3.326028308947570622e-05 1.528578461147844791e-03 1.142832661571446806e-05 8.899182502020153152e-10 2.786870467730295786e-08 4.589628952089697123e-05 9.875844698399305344e-04 5.583904981613159180e-01 1.579504953497234965e-07 2.254306105896830559e-03 6.462553050369024277e-03 3.155405238430830650e-06
1.368730366230010986e-01 1.817672699689865112e-02 1.140668064181227237e-05 3.951078280806541443e-02 5.807410343550145626e-05 9.969180246116593480e-05 1.299423864111304283e-03 8.896996080875396729e-02 5.653768653246515896e-07 9.969785213470458984e-01 6.027627387084066868e-05 2.084634006023406982e-01 2.281554490327835083e-01 1.343098410870879889e-04 1.434569549019215629e-05 2.503301948308944702e-02 3.570426197256892920e-04 4.315960034728050232e-02 4.627446742233587429e-06
8.047996163368225098e-01 2.865125425159931183e-02 8.270136277133133262e-06 2.104330994188785553e-02 4.725970923900604248e-01 1.442770189896691591e-05 2.116194367408752441e-01 5.888153333216905594e-03 1.963855320354923606e-04 4.757584631443023682e-02 1.107729840441606939e-04 8.422114253044128418e-01 4.638565331697463989e-02 3.870795626426115632e-05 2.898328830269747414e-06 1.122152358293533325e-01 3.980799112468957901e-03 6.650183931924402714e-04 4.098171484656631947e-05
3.044015467166900635e-01 2.274158410727977753e-03 3.116742277597950306e-07 4.077912867069244385e-02 5.248476266860961914e-01 9.421409231435973197e-06 1.498997807502746582e-01 1.098021049983799458e-03 1.823661659727804363e-05 2.782817780971527100e-01 4.036795417050598189e-06 9.347186088562011719e-01 1.623731665313243866e-02 3.992258370999479666e-06 8.074547395153786056e-07 1.913486719131469727e-01 1.270464621484279633e-03 6.584598449990153313e-04 1.507303636572032701e-06
6.341324653476476669e-03 6.162381614558398724e-04 2.968566377603565343e-06 2.339144051074981689e-02 1.779040545225143433e-01 9.519816637039184570e-01 1.316793411970138550e-01 1.428707128070527688e-05 1.595889776945114136e-01 2.605603076517581940e-04 3.637237796283443458e-06 2.984589198604226112e-03 2.897047670558094978e-04 2.039776009041815996e-04 2.725052647292613983e-03 1.289582462050020695e-03 1.075828215107321739e-03 6.061119958758354187e-03 3.150296397507190704e-03
2.055429155007004738e-03 2.184874574595596641e-06 1.918200028070554675e-13 9.999928474426269531e-01 6.028889119625091553e-02 4.394313320517539978e-02 3.641305956989526749e-03 4.625448912776164434e-09 1.475040218792855740e-03 6.793376527980399260e-09 8.637789268572948487e-12 7.869388696235546377e-08 3.027370780728233512e-07 9.955218729373882525e-07 3.276114966865861788e-06 6.774921530450228602e-06 4.187071226624539122e-06 7.957245884426811244e-08 4.821060528570342285e-08
1.264360994100570679e-01 1.645030861254781485e-04 6.506969962849495914e-10 9.860202670097351074e-01 6.768615841865539551e-01 1.779455778887495399e-04 6.490528583526611328e-01 7.097916068232734688e-07 2.389339543879032135e-02 2.971166395582258701e-06 2.273052359669236466e-06 1.022234745323657990e-02 1.391316709487000480e-05 1.472886560804909095e-05 7.500466308556497097e-04 4.456389695405960083e-03 3.577228169888257980e-03 2.629646360219339840e-06 6.534669228130951524e-05
2.572366502135992050e-03 1.755891293287277222e-01 2.453195862472057343e-03 3.474845783784985542e-03 6.579624954611063004e-03 9.987584352493286133e-01 2.582479454576969147e-02 1.601628377102315426e-03 1.633298769593238831e-02 5.421586101874709129e-04 2.628860602271743119e-05 1.320280134677886963e-04 5.630175583064556122e-04 3.659205138683319092e-01 4.970157984644174576e-03 5.189488292671740055e-04 3.735138452611863613e-04 4.094730131328105927e-03 1.078735571354627609e-03
1.506391614675521851e-01 5.988416671752929688e-01 9.798285365104675293e-01 3.525000214576721191e-01 9.770243428647518158e-03 4.436438903212547302e-03 1.098272055387496948e-01 4.456467330455780029e-01 1.274068956263363361e-03 4.418962821364402771e-02 1.165083143860101700e-02 1.405779644846916199e-02 1.561527699232101440e-01 8.001811504364013672e-01 5.644530802965164185e-02 8.157689124345779419e-02 4.079083725810050964e-02 6.592558324337005615e-02 3.130475524812936783e-03
2.825689502060413361e-03 1.003430690616369247e-03 1.300265081226825714e-03 3.421562537550926208e-02 4.964737594127655029e-02 9.985621571540832520e-01 1.646436005830764771e-02 2.171454980270937085e-04 6.190332770347595215e-02 4.406009975355118513e-04 2.348137968510854989e-06 1.928654819494113326e-04 1.179641927592456341e-03 3.709777491167187691e-03 2.429052442312240601e-02 6.218777853064239025e-04 8.064344525337219238e-03 2.227296680212020874e-02 1.342783099971711636e-03
1.600000687176361680e-04 5.599264986813068390e-04 1.817406518966890872e-05 9.944834113121032715e-01 5.091555431135930121e-05 1.308765786234289408e-05 5.301434174180030823e-02 1.004808321595191956e-01 3.585754711821209639e-06 2.225271426141262054e-03 2.295147183417611814e-08 1.825418735279527027e-06 2.896721474826335907e-03 1.205390170216560364e-01 1.452554464340209961e-01 6.114548887126147747e-05 8.909815549850463867e-01 4.496024549007415771e-01 1.625184751219421742e-07
9.178179993796220515e-08 4.186402122741128551e-07 8.497452341771349893e-08 9.972540736198425293e-01 2.157205969410824764e-08 8.153898112261970255e-10 6.478458642959594727e-02 8.439858444035053253e-03 1.109204550431286407e-08 1.074414103641174734e-05 4.667474089517509306e-13 1.001835725489286233e-09 5.638737275148741901e-05 7.602300029247999191e-03 1.044971030205488205e-02 3.353222268742683809e-07 9.990191459655761719e-01 1.452079135924577713e-02 2.081951416821326006e-10
3.931587286842841422e-07 4.322864910477619560e-08 2.596246785266376200e-12 3.654461977475875756e-07 8.606553310528397560e-04 1.024540807748053339e-07 4.046378135681152344e-01 2.679785247892141342e-04 1.872766546284765354e-07 9.984625577926635742e-01 3.129562164971844140e-09 9.845042228698730469e-01 3.147261741105467081e-04 5.691890361814166965e-11 6.414562214729357947e-10 4.339672625064849854e-01 1.979315420612692833e-04 1.489263559051323682e-05 5.349306331225989197e-09
5.830207058235212236e-14 9.343367944280205229e-19 1.770701839762371255e-24 5.902643651634065236e-11 3.626207634806632996e-02 1.000000000000000000e+00 6.760560467000686913e-08 1.888688215482204496e-24 6.176122114993631840e-04 6.004811719476782494e-14 2.576823969147151437e-27 1.119979022717876305e-11 2.360917199129578198e-16 7.777308766552068429e-19 2.865143831822652976e-14 4.141005593982782784e-11 1.182278287856913801e-13 4.787118257354450179e-09 7.380513843309455257e-13
1.256697661138790645e-18 2.696057414704556942e-23 7.067135984036277230e-31 3.817144877814766395e-18 7.531358301639556885e-02 1.000000000000000000e+00 3.770079803899761828e-09 1.952622041548151388e-32 1.850858330726623535e-03 1.296053244110098590e-14 1.519189613548531197e-33 1.248493669558925490e-10 9.685877037244646183e-21 8.774265655692076824e-27 1.467540868173820157e-20 1.258510830270953562e-11 1.925819154679113824e-19 4.834492723683470050e-13 1.954173368262646093e-12
9.947674274444580078e-01 1.800433034077286720e-03 5.125357471769120821e-09 5.438635945320129395e-01 1.092580496333539486e-04 2.043239177851319255e-08 1.035399782267631963e-05 4.539122746791690588e-04 4.868111556227683323e-12 9.661430120468139648e-01 2.486276740043535938e-10 7.267615944147109985e-02 5.006323456764221191e-01 6.150900588863805751e-08 5.401863401033324408e-09 5.420664092525839806e-05 1.442397206119494513e-07 2.094542869599536061e-04 1.022711845766188787e-10
9.592689275741577148e-01 1.206661388278007507e-02 1.814139250200241804e-04 9.292495250701904297e-01 9.212398901581764221e-03 1.373486011289060116e-04 1.805360661819577217e-03 1.118912547826766968e-02 1.737877965979350847e-07 6.543885469436645508e-01 1.889283907985372934e-06 7.231798768043518066e-02 3.314918577671051025e-01 5.397229106165468693e-04 2.027342794463038445e-03 1.428978983312845230e-03 8.996246615424752235e-04 7.265666499733924866e-03 2.555406979354302166e-07
9.780240058898925781e-01 2.564912736415863037e-01 9.950128878699615598e-05 1.095127873122692108e-02 9.449991397559642792e-03 6.771594598831143230e-06 4.080491606146097183e-03 3.492948412895202637e-02 4.184923454886302352e-06 5.303592979907989502e-02 3.371033744770102203e-05 4.169796109199523926e-01 8.931052684783935547e-01 1.863662764662876725e-04 1.696349613666825462e-06 8.606242015957832336e-03 1.257572439499199390e-04 8.755227550864219666e-03 2.317063263035379350e-05
1.546108485683816980e-08 8.055029421250026189e-10 5.785597559848296156e-14 1.104370781490615627e-07 4.240005463361740112e-02 9.999997615814208984e-01 2.087288012262433767e-04 4.398907046997482806e-14 1.357367448508739471e-02 2.822341649277859688e-08 1.104490623275494656e-15 6.093374622651026584e-07 8.552435426523175011e-10 1.689031414731090308e-10 1.749663169903215021e-08 5.290634135235450231e-07 3.420585814595256124e-09 5.944500117038842291e-06 9.012594546220498160e-07
5.105855649389923201e-08 2.963226286567532952e-08 9.465116407661455789e-13 9.040625445777550340e-05 2.963167615234851837e-02 3.489337686914950609e-04 9.999165534973144531e-01 9.039324289084049724e-10 3.611856102943420410e-01 6.473722002908743889e-09 3.230180567470597452e-09 3.409268101677298546e-03 2.348697449860992492e-07 5.450503408610529732e-07 1.917607005452737212e-04 1.144000329077243805e-03 2.733123619691468775e-05 7.716442632954567671e-05 4.261542926542460918e-05
1.100578252226114273e-02 2.331150695681571960e-02 2.992298221215605736e-03 9.493931531906127930e-01 4.112742375582456589e-03 8.135410025715827942e-04 2.559757232666015625e-01 2.505393624305725098e-01 1.593802822753787041e-03 2.830474823713302612e-02 1.345912314718589187e-04 5.578146665357053280e-04 4.334300756454467773e-02 2.432335019111633301e-01 1.768100857734680176e-01 5.813397001475095749e-03 7.113344669342041016e-01 1.657043099403381348e-01 2.139789285138249397e-04
2.431193292140960693e-01 5.759640596807003021e-03 8.311964484164491296e-05 8.071913719177246094e-01 4.644983112812042236e-01 3.810361493378877640e-03 5.496113896369934082e-01 2.387114102020859718e-03 1.068231277167797089e-02 9.784555993974208832e-03 1.502861123299226165e-04 1.798132359981536865e-01 1.169248484075069427e-02 1.284069032408297062e-03 1.775434426963329315e-02 5.462775751948356628e-02 7.458540797233581543e-02 1.716689788736402988e-03 4.815053544007241726e-04
5.030916929244995117e-01 1.035729516297578812e-02 9.513572877040132880e-05 3.847281634807586670e-01 5.378634333610534668e-01 1.343893003650009632e-03 5.028521418571472168e-01 3.422232111915946007e-03 4.398185294121503830e-03 1.782383769750595093e-02 2.373698807787150145e-04 4.605117738246917725e-01 1.837546005845069885e-02 5.369297577999532223e-04 2.978179603815078735e-03 6.908317655324935913e-02 4.837694019079208374e-02 1.964415656402707100e-03 3.855150716844946146e-04
5.482012033462524414e-01 9.402791038155555725e-03 6.486738129751756787e-05 2.596944272518157959e-01 6.469454765319824219e-01 7.525014807470142841e-04 6.181454062461853027e-01 2.079310594126582146e-03 8.161589503288269043e-03 3.504652064293622971e-03 2.951385395135730505e-04 4.648819565773010254e-01 9.631113149225711823e-03 5.049371975474059582e-04 2.479119226336479187e-03 6.869933754205703735e-02 5.688885971903800964e-02 1.504450803622603416e-03 7.315587718039751053e-04
8.463952383408468449e-08 7.862231541366782039e-06 2.555211153776326682e-08 2.738576731644570827e-04 5.833471659570932388e-04 1.211469498230144382e-05 9.999464750289916992e-01 4.328583963797427714e-05 2.084387689828872681e-01 2.428018888167571276e-06 5.338944447430549189e-06 1.676754793152213097e-03 1.450225681765004992e-04 3.811304050032049417e-04 3.381747752428054810e-03 7.153726182878017426e-03 1.246289256960153580e-02 1.006159465759992599e-03 1.017100759781897068e-03
6.983969513818522046e-10 3.196726936494087568e-07 3.064791442852765613e-08 1.059410278685390949e-04 2.251637880590351415e-07 1.402269633743458144e-09 9.999707937240600586e-01 1.969227800145745277e-03 3.779217600822448730e-03 2.411591992768080672e-07 1.851000661190482788e-06 7.972124876687303185e-06 5.766682807006873190e-05 3.241495578549802303e-04 1.362000359222292900e-03 2.019479870796203613e-04 9.887537956237792969e-01 7.728210766799747944e-05 5.078277317807078362e-04
2.681747603863293521e-16 2.278620868378933295e-11 1.504061051967292128e-15 6.315881819318747148e-06 5.158872795618663076e-08 1.170108497941524384e-12 1.000000000000000000e+00 4.793817964809932164e-08 1.103997929021716118e-03 1.800128969497993836e-11 3.092514438973736901e-11 9.959861699826433323e-07 1.389888808489558869e-07 7.807290103301056661e-07 1.330569102719891816e-05 2.850718447007238865e-04 1.072811614722013474e-02 3.095172473877028096e-07 9.736933037629569299e-08
9.866082668304443359e-01 1.089580878615379333e-01 2.461970041167660384e-07 5.259436147753149271e-05 7.712485239608213305e-05 2.100019047546197726e-09 3.524448766256682575e-05 2.505278447642922401e-03 1.400155547059966921e-09 3.645421937108039856e-02 3.306853102458262583e-08 4.513852298259735107e-01 9.975059628486633301e-01 8.987431954210478580e-08 4.313279941547953911e-11 1.423155656084418297e-03 6.220890469421647140e-08 1.300800126045942307e-03 4.725685442963367677e-08
9.962336421012878418e-01 2.790586948394775391e-01 9.615615454094950110e-06 2.354650525376200676e-03 4.019569605588912964e-03 1.754904275230728672e-07 9.598447941243648529e-04 1.556981354951858521e-02 1.849211770377223729e-07 7.983148097991943359e-03 1.708382910692307632e-06 4.074645936489105225e-01 9.489751458168029785e-01 3.223983367206528783e-05 2.964497980428859591e-08 2.210032660514116287e-03 1.275135491596302018e-05 1.836178824305534363e-03 1.308507194153207820e-06
