9.130021333694458008e-01 2.800832099580929935e-08 1.405789559976269084e-15 1.247477829456329346e-01 9.988168478012084961e-01 2.471135709253280410e-12 5.156174302101135254e-01 1.881541970838451761e-11 8.492992975561719504e-09 6.679472530635166549e-10 7.933811485387465279e-13 9.617264270782470703e-01 1.524584014589436265e-09 3.244074063199486879e-12 6.906640623999260598e-12 9.277942776679992676e-02 1.182444902951829135e-04 5.959707323199836537e-07 1.056264450904897956e-12
8.551495075225830078e-01 2.639777108015550766e-07 1.747359852297125649e-14 8.839742541313171387e-01 9.966565370559692383e-01 2.527140718910914075e-10 2.721827626228332520e-01 3.117407443298247927e-10 1.335733230689584161e-07 1.040954433761953624e-08 4.540619963355752020e-11 8.015083670616149902e-01 1.465697962999001902e-08 2.495665063495522418e-10 7.174698057887951563e-10 9.395244717597961426e-02 3.991071134805679321e-04 7.949576570354111027e-07 1.833977934795338882e-11
3.916137218475341797e-01 9.921362398301880603e-09 5.499926381024363570e-15 5.454073846340179443e-02 9.977747797966003418e-01 1.050330395574450293e-11 6.646468043327331543e-01 8.021082409381818934e-11 1.337132182754885434e-08 1.377536751334673681e-08 7.690404302956865834e-13 9.787843823432922363e-01 5.775369071869818072e-09 5.920918703244959502e-12 2.346270747133338830e-11 2.142099291086196899e-01 3.575255977921187878e-04 1.507985507487319410e-05 3.055504850871249012e-12
9.623371544087433449e-11 2.871135995619056303e-09 1.086613573642383757e-13 9.580190293490886688e-03 2.526044590922538191e-05 4.531897957349428907e-06 9.999969005584716797e-01 1.664744786467053927e-08 2.265466609969735146e-04 5.291179161481807114e-10 4.382077112199261881e-13 1.106071962908572459e-07 3.340948921959352447e-07 1.898224581964313984e-05 2.047247020527720451e-03 3.931796527467668056e-06 1.064482494257390499e-03 4.881165978076751344e-07 2.192314063620415254e-08
4.143869691830559532e-09 9.800680406124584465e-11 1.385776394894136510e-13 4.126530711801024154e-06 1.060865237377583981e-03 6.069965641231078735e-10 8.180614113807678223e-01 1.587441511219367385e-05 9.793956756709576439e-10 9.809110164642333984e-01 3.421317916474375664e-12 9.961751699447631836e-01 3.738861414603888988e-05 1.549569153547203371e-11 5.411760484186345366e-10 6.406950354576110840e-01 6.257834029383957386e-04 2.778578527795616537e-05 3.981606364056311520e-11
3.451000907261914108e-08 5.486576470925541571e-12 8.677098776287118027e-21 1.132304916495741054e-09 1.826545685534863850e-11 2.351027142064032738e-12 1.600242960364539613e-08 9.600511248208931647e-07 5.888877141584585764e-19 1.000000000000000000e+00 4.069243422700797056e-16 3.556758463382720947e-01 1.436632828699657694e-06 4.936829996651498642e-19 2.510040790565045993e-16 7.324831094592809677e-04 5.814457249009308271e-11 1.762797197102372593e-08 8.434710623002072529e-21
1.031571955536492169e-04 4.309556251897057877e-14 9.672114335127155017e-19 5.810967087745666504e-02 9.967149496078491211e-01 1.664545313989130616e-15 9.992480874061584473e-01 1.653562642443383995e-14 7.115542377533756735e-09 8.354934786006761038e-15 3.044422494982555348e-16 8.059864640235900879e-01 6.535683886449428215e-12 1.448540350439554009e-14 2.741000315609198879e-09 6.637970451265573502e-03 8.828536607325077057e-03 2.416997624266059574e-08 1.056787849503665333e-13
3.925011426986202423e-10 5.552230391003831755e-07 1.281063276292737640e-11 1.070774313660649568e-08 7.477922281395876780e-08 4.845059629107056898e-14 9.999268054962158203e-01 1.341196894645690918e-01 5.414656811808526982e-07 1.415452803485095501e-03 6.941982633179577533e-08 2.082178294658660889e-01 1.476288074627518654e-03 3.416897413899278035e-07 3.098926697475690162e-07 7.098246365785598755e-02 9.906468391418457031e-01 1.793115984582982492e-07 5.326967766450252384e-06
4.154831604743251231e-20 9.965645703423282918e-17 1.002963523755752757e-17 4.845434631306488882e-08 4.904235637791199906e-15 3.092854159729912758e-20 9.999998807907104492e-01 1.604378553565766197e-06 1.570741280099152704e-11 1.286679963963255346e-12 3.196030258690030145e-18 6.276204556066034002e-11 5.957665027978009675e-09 2.331129067556503287e-09 7.885282684583216906e-07 4.172439105332159670e-08 9.999979734420776367e-01 2.935562626316112755e-10 7.839489474248395595e-11
9.992449283599853516e-01 5.725450068712234497e-02 9.093845121377341911e-11 3.603648543357849121e-01 1.441395580768585205e-01 2.653147701536795466e-10 4.168911254964768887e-04 4.597360675688832998e-04 1.083959921821531225e-09 2.782257972285151482e-03 8.132781914582665195e-08 4.517353475093841553e-01 3.152554482221603394e-02 2.612561047499184497e-06 4.894853966597167982e-11 3.049555467441678047e-03 3.914507487934315577e-06 1.048634544531523716e-06 3.396874559413731731e-09
1.196950746331891964e-26 6.205520037290810162e-23 6.068065000415011168e-22 9.478355646133422852e-01 6.281468252029687250e-24 1.040340941046325075e-27 9.999810457229614258e-01 6.552441367269068451e-10 2.629722197110008134e-20 7.554277431238459386e-22 1.107868413367095742e-34 1.493150836947277963e-26 2.226992597493052117e-14 1.294714779831451779e-09 7.212648256427200977e-07 3.921867597725204804e-18 1.000000000000000000e+00 1.018743466321692104e-15 2.861585991713254379e-23
5.718522121706774026e-21 4.174883949131699804e-19 1.215109398083885504e-18 9.999998807907104492e-01 1.812343997933160615e-20 6.132956583107584211e-26 9.827427864074707031e-01 1.872312260786657134e-08 4.046374461635168538e-19 8.609947633774603826e-18 1.024061408627041402e-31 1.100624651421144828e-24 2.594450045426133222e-12 1.242826019876019927e-08 1.421373525545277516e-07 1.307004395442295510e-16 9.999998807907104492e-01 1.541638927518400315e-15 3.513718606056011101e-24
1.200334065337916043e-19 4.103660885976801440e-17 1.405997797732395633e-16 9.999430179595947266e-01 4.797628693089594305e-17 3.469039180992193956e-22 9.998786449432373047e-01 2.664586418177350424e-08 1.029533819036764636e-15 7.500142566969358079e-17 8.169129993073852015e-27 3.463740297531096207e-20 6.256757612010943603e-11 5.879494935356888163e-08 1.623284219931520056e-06 1.003267971087448696e-13 9.999943971633911133e-01 2.716987435545919344e-14 1.027507213301119917e-19
6.213541382749099284e-06 5.323488949215970933e-06 7.738446328175996314e-09 5.700467154383659363e-03 9.179670363664627075e-03 1.334825158119201660e-01 9.914093613624572754e-01 3.024660145456437021e-06 1.247807778418064117e-02 1.149625313701108098e-05 9.296076797227215138e-09 1.428788382327184081e-04 8.792438893578946590e-05 2.038523962255567312e-04 6.173171103000640869e-03 3.463584289420396090e-04 1.055000466294586658e-03 3.048448415938764811e-04 3.099833702435716987e-05
9.391106141265481710e-05 2.106287138303741813e-05 4.458084674752171850e-07 2.231912454590201378e-03 3.798239305615425110e-02 9.967632293701171875e-01 1.154642105102539062e-01 3.663384404717362486e-06 2.559539861977100372e-02 1.587798324180766940e-04 1.551295625290549651e-08 1.212604620377533138e-04 1.378458837280049920e-04 1.125759154092520475e-04 2.454645931720733643e-03 2.376710763201117516e-04 4.714100214187055826e-04 3.501740982756018639e-03 7.816468132659792900e-05
9.911835193634033203e-01 8.156042546033859253e-02 1.070153550244867802e-03 9.569677710533142090e-01 1.902959197759628296e-01 7.514459139201790094e-05 9.299892932176589966e-03 1.742596924304962158e-02 4.280580014892620966e-06 8.691900409758090973e-03 1.096835258067585528e-04 8.970250934362411499e-02 2.083952724933624268e-01 9.209413081407546997e-03 4.473261535167694092e-03 6.859826855361461639e-03 9.846573695540428162e-03 2.463486278429627419e-03 7.704708878009114414e-06
9.936608076095581055e-01 1.466658562421798706e-01 6.143864011391997337e-04 4.999756813049316406e-01 1.247393265366554260e-01 5.382387462304905057e-05 1.858771592378616333e-02 2.798808552324771881e-02 2.162208693334832788e-05 1.019848883152008057e-02 1.843767822720110416e-04 2.154848426580429077e-01 2.690802216529846191e-01 4.214649088680744171e-03 6.492182146757841110e-04 5.258976016193628311e-03 4.657633602619171143e-03 2.837095176801085472e-03 3.767250018427148461e-05
9.999445676803588867e-01 3.982947394251823425e-02 7.126689238745598232e-10 1.189971371786668897e-04 3.087363541126251221e-01 2.939783527722283907e-09 3.122902214527130127e-01 5.403589057095814496e-06 2.511007245630025864e-03 1.197128796093238634e-07 2.090783345920499414e-05 5.941877365112304688e-01 8.586912736063823104e-05 4.333043079896015115e-08 8.168390408513914736e-10 1.328108628513291478e-04 8.677343430463224649e-05 1.586430542488415085e-08 4.265521129127591848e-04
7.716562906402484617e-23 2.439435921099433077e-20 1.684341069704525715e-21 5.373011546794259630e-08 1.703445295474339459e-17 1.689331207167373210e-25 1.000000000000000000e+00 7.155156467320011870e-10 6.548313882917588050e-15 9.344009009254933825e-19 4.543501181605593406e-24 9.265995631370371743e-14 1.358425177899746927e-11 6.446764563156071048e-12 2.529470464196492685e-07 1.499126517368054579e-11 1.000000000000000000e+00 7.554016853499826573e-15 2.091193158307996791e-13
1.716146158514675335e-07 4.867821701282082358e-09 1.227535850745198331e-09 1.031833067536354065e-01 7.242867257446050644e-03 9.191380989648223476e-10 9.996955394744873047e-01 2.820498821165529080e-06 2.550455064920242876e-06 3.024127579465130111e-07 6.410253577948665793e-11 1.532382890582084656e-02 5.135917672305367887e-05 5.493137109624512959e-07 2.043326676357537508e-04 7.589844521135091782e-03 3.980062007904052734e-01 1.240873916685814038e-05 4.347779380964311713e-08
9.799978137016296387e-01 5.601352546364068985e-03 1.679619344940874726e-06 9.999902248382568359e-01 1.892064958810806274e-01 1.461034685235063080e-06 7.500387146137654781e-04 2.526603639125823975e-04 4.281843359876802424e-07 1.475784665672108531e-04 1.487583745074516628e-06 7.455886807292699814e-04 3.833752591162919998e-03 1.489332993514835835e-03 2.407886058790609241e-04 2.494489075616002083e-03 3.304851241409778595e-03 6.661210136371664703e-06 2.226299358198957634e-07
4.289042408345267177e-06 2.872314362321048975e-04 5.212322093939292245e-07 9.505578782409429550e-04 1.140123466029763222e-03 6.151189154479652643e-05 9.988388419151306152e-01 3.862765152007341385e-03 7.016624324023723602e-03 2.368322107940912247e-03 3.724380803760141134e-05 1.949541270732879639e-02 1.523632556200027466e-02 5.816540797241032124e-04 1.992368372157216072e-03 3.795446455478668213e-02 6.598217040300369263e-02 5.985290626995265484e-04 9.665885008871555328e-04
1.352410065010190010e-03 5.414807819761335850e-04 3.282922261860221624e-05 5.833046045154333115e-03 4.144160449504852295e-02 9.959024786949157715e-01 6.212970614433288574e-02 1.134427438955754042e-04 3.895816951990127563e-02 1.487732050009071827e-03 1.202084035867301282e-06 6.300194654613733292e-04 1.207208842970430851e-03 1.351644634269177914e-03 1.562888920307159424e-02 7.746542687527835369e-04 2.201065886765718460e-03 1.343023031949996948e-02 9.004375897347927094e-04
4.819532914552837610e-04 1.182083142339251935e-04 5.275773219182156026e-06 3.967897500842809677e-03 3.460413962602615356e-02 9.985101819038391113e-01 3.636880218982696533e-02 2.481280171195976436e-05 1.986308582127094269e-02 8.096121018752455711e-04 1.223100980496383272e-07 2.128169144270941615e-04 5.107868346385657787e-04 3.150065604131668806e-04 7.795031182467937469e-03 3.217842313461005688e-04 1.098061911761760712e-03 7.790676783770322800e-03 2.018705708906054497e-04
3.800937440246343613e-03 9.835703670978546143e-02 3.945864136767340824e-06 8.833264112472534180e-01 2.083762374240905046e-04 3.188819448496360565e-07 8.962329030036926270e-01 2.730879373848438263e-02 9.059475734829902649e-03 7.710766112722922117e-06 7.394925504922866821e-02 4.489702769205905497e-05 4.718143900390714407e-04 9.167323261499404907e-02 1.529470202513039112e-03 2.857257204595953226e-04 7.528136968612670898e-01 1.179346072603948414e-04 4.846491792704910040e-04
7.251961870164583780e-33 1.874311077573131827e-25 5.323640129789314557e-30 2.385268602269751282e-16 1.090635700208783767e-24 6.745405354880766161e-33 1.000000000000000000e+00 2.076385287666515644e-12 4.164811670450546677e-13 7.801829422255149124e-25 2.333713839970870433e-24 2.390458292073878350e-18 2.161522837549278118e-15 8.797680601602478334e-15 9.584339988322199133e-10 6.501668625545240984e-15 1.000000000000000000e+00 3.583699774797640884e-19 7.056535911154071528e-12
1.286132875547019161e-12 1.756026053734149883e-11 3.187246067114582471e-14 3.899653907865285873e-03 1.126577737348144481e-11 6.889486048577411412e-15 9.999827146530151367e-01 1.543031999062804971e-06 2.618560479561438115e-09 5.163831601900925605e-13 2.463503635772592258e-15 8.848313574894017819e-12 3.792519009948591702e-08 3.866622591885970905e-06 5.195424426347017288e-03 9.267551726033218529e-10 9.999871253967285156e-01 5.146722603655007333e-09 3.040968588052805899e-09
2.875840436900034547e-07 3.203458618372678757e-05 2.995932391058886424e-08 2.432852750644087791e-03 3.781374252866953611e-04 2.486636049070511945e-06 9.996209144592285156e-01 1.104992814362049103e-03 9.207991533912718296e-04 5.259649478830397129e-04 2.388780785622657277e-06 7.539894431829452515e-03 3.252408001571893692e-03 2.200089511461555958e-04 1.033612643368542194e-03 2.247763238847255707e-02 7.919616252183914185e-02 1.482977531850337982e-04 9.881499863695353270e-05
2.444302627056110788e-13 3.526105407658519653e-09 1.698749478487148606e-14 1.403365786245558411e-05 3.159821346798707964e-07 3.279321703075765981e-09 9.999998807907104492e-01 3.737081044619117165e-07 2.081436832668259740e-05 4.443588963454203622e-08 1.182421608542094660e-11 3.509933776513207704e-06 6.666293757007224485e-06 2.742032393143745139e-06 3.068527803407050669e-05 1.129288939409889281e-04 3.409327706322073936e-03 1.118599897154126666e-07 1.349551581597552286e-07
6.768891545362587525e-13 6.222263593258503533e-09 4.600730603779301653e-14 3.628009289968758821e-05 4.850210757467721123e-07 2.691083134109817365e-09 9.999998807907104492e-01 5.862092393726925366e-07 1.961288762686308473e-05 4.661168517827718460e-08 1.972967622609900218e-11 4.064895620103925467e-06 7.838700184947811067e-06 5.215169949224218726e-06 5.546617467189207673e-05 1.233257644344121218e-04 6.006057839840650558e-03 1.362280670491600176e-07 1.398223332671477692e-07
2.088223554892465472e-04 4.226569086313247681e-03 6.008440966986938747e-11 9.872812628746032715e-01 1.844948656071210280e-06 8.446856725186080439e-08 8.297352906083688140e-05 1.953064091503620148e-02 9.787915269954261532e-12 9.995467066764831543e-01 9.776268683481248445e-09 1.279371045529842377e-02 1.216200878843665123e-03 2.765547251328825951e-03 4.188838147456408478e-07 8.911316283047199249e-03 1.284624595427885652e-04 4.959676880389451981e-04 5.651019149149894005e-12
5.435924322227947414e-06 4.729880376252992846e-11 5.198819810138122024e-19 4.857601597905158997e-03 8.813305497169494629e-01 1.524795567586778589e-10 9.562655352056026459e-03 4.479812076851885649e-10 3.479332707362337018e-13 9.959535598754882812e-01 1.721856516112422238e-16 9.999321699142456055e-01 1.911212024197084247e-07 1.881790249070192794e-14 5.554083465386140672e-14 5.443847179412841797e-01 4.015933896539536363e-08 1.705435010990186129e-07 3.222610301467380349e-17
3.629953084782755468e-07 5.836234967526721107e-11 1.648612816157179339e-17 1.011810491036158055e-05 7.102602124214172363e-01 4.566202083111647880e-09 9.687576293945312500e-01 3.032545325964974836e-10 2.600445441203191876e-07 5.839966470375657082e-04 7.427152832637992641e-14 9.953272342681884766e-01 2.910960574808996171e-06 4.086203150475108126e-14 5.342751414894042483e-12 2.671584188938140869e-01 4.140682904107961804e-06 5.955679327485086105e-08 1.958188992901011005e-11
1.198535755975171924e-05 5.227933434071019292e-05 2.061294850363992737e-07 1.591524342074990273e-03 4.502210300415754318e-03 4.220919311046600342e-01 9.798486828804016113e-01 1.714690370135940611e-05 2.688716724514961243e-02 5.602488454314880073e-05 9.881104290343500907e-08 2.569229109212756157e-04 2.211895480286329985e-04 8.273717248812317848e-04 7.059154566377401352e-03 5.180737935006618500e-04 8.347987313754856586e-04 7.287740590982139111e-04 3.685854026116430759e-04
4.573749265546211973e-06 2.463882537995232269e-06 5.570382821673547369e-09 7.632777560502290726e-04 2.266352064907550812e-02 4.666369855403900146e-01 9.612499475479125977e-01 1.863125021372979973e-06 1.032508257776498795e-02 1.393009297316893935e-04 8.673842089024219604e-09 8.298674365505576134e-04 1.868598628789186478e-04 1.583765333634801209e-05 7.943901000544428825e-04 1.206481130793690681e-03 3.820649289991706610e-04 4.622093110810965300e-04 2.979166310979053378e-05
1.052858307957649231e-01 1.649309247732162476e-01 2.037437865510582924e-03 3.591315150260925293e-01 4.298524465411901474e-03 6.309573538601398468e-03 6.318847835063934326e-02 3.631038069725036621e-01 5.571082583628594875e-04 9.174849390983581543e-01 5.401386413723230362e-03 1.990204751491546631e-01 1.870722323656082153e-01 5.519903078675270081e-02 9.062506258487701416e-03 1.065455079078674316e-01 4.262170195579528809e-02 1.738023012876510620e-01 5.997113185003399849e-04
4.791103947354713455e-06 2.553730666932096938e-07 1.015071381983700949e-12 9.462649359193164855e-06 1.828370586736127734e-04 1.353883050114745856e-07 1.077821012586355209e-02 2.741474017966538668e-04 2.718030911452729015e-09 9.999868869781494141e-01 1.160508467101806218e-09 9.398460388183593750e-01 1.555548951728269458e-04 1.509211644545871422e-10 2.027101597690261769e-09 1.968601197004318237e-01 2.595218211354222149e-05 2.451463660690933466e-05 7.807898078082686766e-11
8.541677379980683327e-04 1.471311406930908561e-05 8.285182317990802403e-09 1.691703946562483907e-04 7.155808061361312866e-02 4.735285983770154417e-06 1.391550004482269287e-01 7.594082271680235863e-04 1.566322680446319282e-06 9.893550872802734375e-01 2.694683018944488140e-07 9.759820699691772461e-01 3.043525852262973785e-03 4.751959892246304662e-08 5.142565129290233017e-08 4.024250507354736328e-01 3.317492082715034485e-04 4.011986893601715565e-04 1.109035707713701413e-07
7.158783288385706101e-11 5.924067902896013038e-09 3.247007629675162377e-16 1.243094516212295275e-11 1.880795537090307334e-07 6.052370271625306941e-10 9.977445602416992188e-01 3.595712187234312296e-04 4.965916673427273054e-07 9.686634540557861328e-01 1.824963069552154593e-09 8.222643136978149414e-01 3.934797830879688263e-03 9.691954270391045512e-14 2.523852437805174098e-12 1.556741446256637573e-01 8.251651161117479205e-05 3.979888418825794361e-08 9.948104917611999554e-08
2.005051499994175285e-14 6.920013867484087200e-11 7.501066282868118495e-15 1.266084570517023167e-08 1.997814802479069840e-09 8.107462252005155634e-15 1.000000000000000000e+00 6.557073106705502141e-07 8.048455129028297961e-06 2.106652179090229282e-11 5.001192862619241453e-11 3.343592652527149767e-06 2.716918288570013829e-06 1.551330228721781168e-07 3.116625521215610206e-05 4.036279278807342052e-06 9.405004978179931641e-01 1.403594240834138418e-09 2.847892346835578792e-06
3.139301831778061732e-16 7.616459546389009461e-11 9.478651257239915397e-16 3.727571584732913834e-09 1.238008473514184971e-09 8.147083912178870041e-15 1.000000000000000000e+00 2.279811752714522299e-07 3.229739668313413858e-04 1.048361050748347623e-11 1.583469327881559252e-10 1.673651922828867100e-06 1.167885557151748799e-06 3.103134815773955779e-07 1.086383417714387178e-05 1.763493492035195231e-05 2.617707848548889160e-01 8.744340362909497344e-09 1.714604877633973956e-06
1.566549986600875854e-01 1.600881665945053101e-02 8.734225957596208900e-06 5.090871453285217285e-01 1.244777888059616089e-01 2.160876174457371235e-04 5.048815160989761353e-02 1.739409752190113068e-02 2.740985655691474676e-05 9.088432788848876953e-01 1.085866606445051730e-04 7.070760726928710938e-01 6.253834068775177002e-02 2.250634715892374516e-04 1.338693546131253242e-04 2.008160203695297241e-01 4.924620036035776138e-03 8.754035457968711853e-03 7.605164682900067419e-06
1.422668901795987040e-05 3.388759751032921486e-06 1.532161419959265913e-08 1.830683759180828929e-04 5.284202750772237778e-03 3.045172206839197315e-06 3.757007718086242676e-01 4.511946346610784531e-03 2.462339352859999053e-06 9.937268495559692383e-01 2.876279268093639985e-07 9.582108259201049805e-01 1.449991366825997829e-03 3.374259733845974552e-07 1.302101395594945643e-06 5.078344345092773438e-01 5.182276014238595963e-03 8.837697096168994904e-04 2.191777497273506015e-07
4.722697894976590760e-07 2.893446193752424733e-08 1.955580974932757954e-10 5.581296863965690136e-05 1.173246931284666061e-02 7.904905885425250744e-08 8.109170198440551758e-01 1.394884893670678139e-04 3.607139262840064475e-07 8.715111017227172852e-01 2.310298619079276250e-09 9.888562560081481934e-01 4.340483283158391714e-04 7.508202948258713150e-09 4.232087036371012800e-08 6.703075170516967773e-01 2.235107822343707085e-03 2.063425781670957804e-04 1.381541547829101546e-08
1.825806433125576334e-12 8.230347653404024300e-11 2.162023199359097703e-10 8.429117202758789062e-01 3.655937358404415249e-11 2.198707253590892474e-13 9.963232278823852539e-01 5.506915476871654391e-05 8.867059309025648872e-10 2.333267468124233801e-10 2.761571459416946751e-16 2.889497235231131000e-12 6.161703254292660858e-07 5.602552482741884887e-05 9.987573139369487762e-04 1.381462588767590205e-08 9.999154806137084961e-01 5.236446654066639894e-08 2.588702342765092368e-11
1.640783862943973048e-12 2.903667084552807864e-09 1.563173201990508687e-12 9.093891130760312080e-04 1.309801547222377849e-07 2.021947587138583913e-08 9.999998807907104492e-01 4.941044835504726507e-07 2.726280363276600838e-04 9.360815594883220569e-11 7.192667468569613476e-12 1.082088996184893404e-08 7.510310524594387971e-07 2.909661270678043365e-04 6.398765835911035538e-03 1.683386244621942751e-06 3.798828274011611938e-02 5.264200808596797287e-07 1.958837003712687874e-07
2.160033397376537323e-02 1.031738705933094025e-02 2.000691602006554604e-04 1.178869139403104782e-02 3.116431832313537598e-02 1.140689570456743240e-02 2.646194696426391602e-01 9.619432687759399414e-02 4.795087035745382309e-03 9.607549309730529785e-01 2.772961277514696121e-03 5.529736280441284180e-01 1.006590425968170166e-01 2.818155335262417793e-04 1.376119675114750862e-03 2.392357438802719116e-01 2.155250124633312225e-02 2.022205106914043427e-02 1.517972443252801895e-03
1.776634715497493744e-02 7.860636338591575623e-03 3.600701165851205587e-04 5.961916409432888031e-03 1.265700161457061768e-01 4.610987752676010132e-02 5.860398411750793457e-01 4.024435952305793762e-02 2.959953248500823975e-02 7.357934713363647461e-01 2.465762896463274956e-03 6.457887291908264160e-01 1.053733527660369873e-01 3.200437058694660664e-04 1.773518160916864872e-03 3.129655718803405762e-01 2.603556402027606964e-02 1.841153018176555634e-02 9.444846771657466888e-03
1.548610271129291505e-05 1.347579200228210539e-06 8.013033720999374054e-07 4.680766165256500244e-01 1.192101899505360052e-05 8.729529810125313816e-08 9.673105478286743164e-01 1.155871083028614521e-03 4.926251676806714386e-06 1.143056351793347858e-06 2.725771608425020531e-09 5.828984740219311789e-06 2.486007579136639833e-04 1.165854162536561489e-03 1.045416742563247681e-01 2.046316694759298116e-05 9.965858459472656250e-01 3.490515155135653913e-05 1.984572463697986677e-06
1.281300728995168899e-29 7.328885122862193206e-26 2.332687889385775575e-26 7.931523100523918401e-07 3.343252999869973137e-21 2.514671117821434933e-30 1.000000000000000000e+00 2.061859363799989353e-11 2.633930478476371662e-19 6.584392572604192373e-20 5.489064322965561890e-32 6.384890019522083114e-17 2.318429465335974937e-13 4.683005624451543059e-14 9.294530700643122145e-10 8.533374202569776745e-13 1.000000000000000000e+00 3.869709459502877627e-16 6.380205623334891720e-20
2.281394040272200245e-16 3.913400213015642490e-15 3.822073650038275861e-16 6.423397280741482973e-05 9.107857968249782887e-14 8.671784347646617963e-18 9.999953508377075195e-01 5.993301215312385466e-07 6.926613362739919566e-12 2.886774207264825032e-13 7.230247181573412274e-19 9.952659356382564937e-12 1.567998886287114146e-08 4.511930029593713698e-08 1.836873416323214769e-04 1.662405546554168723e-09 9.999990463256835938e-01 8.168717369194666844e-10 5.506655895159973113e-11
4.799648178899218465e-11 2.645932584144361499e-09 1.140312063524495656e-11 1.276531747862463817e-06 2.761983921573119005e-07 1.259784221385729097e-10 9.829828739166259766e-01 3.008460439741611481e-02 8.771284143449520343e-09 9.949979782104492188e-01 4.636010464409423548e-10 8.907430171966552734e-01 8.627359784441068769e-05 1.175071417947037844e-08 1.399197060436563333e-07 3.989849388599395752e-01 7.580479234457015991e-02 6.762880366295576096e-05 1.492856283036303466e-09
1.167798042297363281e-01 1.306131482124328613e-03 2.093514485750347376e-04 6.658093929290771484e-01 1.213968172669410706e-02 1.073458770406432450e-04 7.292270660400390625e-01 1.047421526163816452e-02 6.150429253466427326e-04 1.838550379034131765e-04 3.329925675643607974e-05 2.794807311147451401e-03 6.212904583662748337e-03 1.428775396198034286e-02 3.628220856189727783e-01 8.809448918327689171e-04 9.243311882019042969e-01 1.076858723536133766e-03 1.063916206476278603e-04
1.811934821307659149e-02 3.646400989964604378e-03 3.137649764539673924e-05 1.903537847101688385e-02 2.801386825740337372e-02 3.431066288612782955e-04 9.946296215057373047e-01 2.511034719645977020e-03 7.143643498420715332e-02 5.188873910810798407e-05 8.154009701684117317e-04 2.051278017461299896e-02 3.208457259461283684e-03 8.674201555550098419e-03 2.208138406276702881e-01 2.592580392956733704e-03 4.505297839641571045e-01 9.984166827052831650e-04 2.317232266068458557e-02
9.997226595878601074e-01 9.888359904289245605e-02 1.102791543416969944e-06 1.390032768249511719e-01 6.003050208091735840e-01 1.173168442392125144e-07 6.478215754032135010e-02 1.227124594151973724e-03 2.712809327931609005e-05 1.057284043781692162e-05 3.097428707405924797e-04 3.423928320407867432e-01 4.458923358470201492e-03 1.359590532956644893e-04 2.239630930489511229e-06 2.145169302821159363e-03 4.077127203345298767e-03 5.096878339827526361e-06 5.341944415704347193e-06
9.268528819084167480e-01 2.835430903360247612e-03 2.493643478373996913e-07 7.177786827087402344e-01 2.006313879974186420e-04 3.545811750882421620e-06 9.627375402487814426e-05 2.605310874059796333e-03 6.941829888695849604e-10 9.950549602508544922e-01 2.930290676772528968e-08 7.877811789512634277e-02 3.151976168155670166e-01 9.404966476722620428e-07 6.226653113117208704e-07 4.164788115303963423e-04 5.673381110682385042e-06 1.418672734871506691e-03 5.858300955452477865e-09
1.042370968207251281e-06 3.226444960091612302e-07 9.082452834263676777e-08 7.267637252807617188e-01 4.031044081784784794e-04 2.700581447356853459e-08 9.974447488784790039e-01 9.904944454319775105e-05 1.257339954463532194e-05 2.559985432526445948e-06 1.301000085440762177e-09 2.445701975375413895e-04 2.626611967571079731e-04 5.790846989839337766e-05 4.531622398644685745e-03 9.757617372088134289e-04 7.145512104034423828e-01 1.415080805600155145e-05 3.004444977250386728e-07
4.996048808097839355e-01 6.150250434875488281e-01 3.456151811406016350e-03 1.062644645571708679e-01 3.078898042440414429e-02 5.393065046519041061e-03 6.783396005630493164e-01 2.145274579524993896e-01 3.350636363029479980e-01 1.972193270921707153e-02 1.779809594154357910e-01 1.282586008310317993e-01 4.967987164855003357e-02 4.564369469881057739e-02 9.064236655831336975e-03 2.939064987003803253e-02 1.569015532732009888e-01 1.767956651747226715e-02 8.576041460037231445e-02
8.970562140331317380e-12 4.027979338960818723e-11 8.086505076665417846e-11 9.998719692230224609e-01 1.259749357780670653e-12 3.166956239896052960e-15 1.989062428474426270e-01 1.727930211927741766e-04 3.729201409480298324e-12 1.445044861547728487e-09 5.991570580657278459e-19 1.381466183038738277e-14 2.963430176805559313e-07 9.000953286886215210e-05 1.908397243823856115e-04 3.070194931620306988e-10 9.999865293502807617e-01 1.147732746176188812e-06 8.513774639440623709e-15
7.744303047729772516e-07 9.614743134989112150e-08 1.262413888980518095e-07 9.999961853027343750e-01 3.215984918369940715e-07 4.421849997271465327e-09 4.677691683173179626e-02 1.090351492166519165e-03 1.777772062894200644e-08 2.136292550858343020e-06 4.486723221685390284e-13 1.437588659225497167e-10 3.809794725384563208e-05 3.853598027490079403e-04 2.329457318410277367e-03 1.221585677058101282e-07 9.866509437561035156e-01 6.217180725798243657e-06 1.338012686757927838e-11
1.365643984172493219e-04 7.535663462476804852e-05 5.093503204989247024e-05 7.290654182434082031e-01 2.135083079338073730e-02 1.290073942072922364e-05 9.695596694946289062e-01 2.336191479116678238e-03 1.302435295656323433e-03 3.506693465169519186e-04 4.849900960834929720e-06 1.448684930801391602e-02 3.373393323272466660e-03 7.944608223624527454e-04 1.110490318387746811e-02 3.219464793801307678e-02 4.503238201141357422e-01 2.188476268202066422e-03 7.577046199003234506e-05
6.680389574853506929e-10 6.945604695829388220e-07 2.241779029077406449e-08 2.007454895647242665e-06 6.427647463169705588e-07 1.674157346087667975e-08 9.999948740005493164e-01 2.245669718831777573e-03 4.251036792993545532e-02 5.034001787862507626e-06 4.985404302715323865e-06 1.935989712364971638e-04 7.031909772194921970e-04 2.383202954661101103e-04 1.097815576940774918e-03 1.126605086028575897e-03 6.810985207557678223e-01 1.602837874088436365e-04 1.118897460401058197e-03
2.313979702295299035e-10 1.325534384477577987e-07 7.437169813329091994e-08 3.317465962027199566e-05 1.238483093857212225e-07 1.947618871733780566e-10 9.995607733726501465e-01 3.526516258716583252e-02 1.213214200106449425e-04 3.210572685929946601e-05 1.836568372937108506e-07 8.606808842159807682e-05 2.006862778216600418e-04 6.641361396759748459e-04 2.878886007238179445e-04 5.779476370662450790e-03 9.954527616500854492e-01 8.036714047193527222e-03 2.445882637402974069e-05
2.599419290927329484e-11 3.063663456259746454e-08 2.388374120698699699e-08 3.541773912729695439e-05 1.887353207052910875e-08 6.117756301549093223e-11 9.992800354957580566e-01 8.843993768095970154e-03 1.074420404620468616e-03 3.473162450973177329e-07 1.053809981499398418e-07 1.922059709613677114e-06 2.435624628560617566e-05 1.949322409927845001e-03 1.092979582608677447e-04 7.638197857886552811e-04 9.971098303794860840e-01 7.502049803733825684e-01 1.409157903253799304e-05
2.640421726634593262e-17 3.481118117289877523e-13 6.912360007299556131e-12 1.427865299774566665e-06 7.463234891202930044e-11 7.594025581260656593e-17 1.000000000000000000e+00 9.851603863353375345e-06 2.025012157957917225e-08 2.006956961730921307e-10 2.521785812939145166e-14 2.004972117219949723e-07 1.829800453378993552e-06 7.012661740191106219e-08 1.340011635875271168e-06 1.374500516249099746e-05 9.910270571708679199e-01 4.945318377025387235e-09 2.127733988999125359e-09
1.079935645975638181e-05 4.691548483037877304e-08 7.062130421469151043e-14 9.999963045120239258e-01 2.021720400080084801e-03 1.040007724384395260e-08 3.809882998466491699e-01 8.909925952593766851e-08 1.030606782137510891e-07 3.097144872299395502e-05 3.490324958850717085e-14 5.494155175256310031e-06 4.268936663720523939e-06 1.454651652466054657e-07 7.018300493655260652e-06 4.797767178388312459e-05 1.906694378703832626e-03 2.816949729034234906e-10 2.460957436098420992e-12
9.918441355694085360e-05 1.007643959383131005e-06 5.001739022958417991e-10 2.231368489447049797e-05 1.246866434812545776e-01 3.850638313451781869e-05 2.714605331420898438e-01 9.174710430670529604e-05 6.349580417008837685e-06 9.872772097587585449e-01 4.793004393377486849e-08 9.847618341445922852e-01 8.973531075753271580e-04 2.488545813861264833e-09 2.279976385466397915e-08 4.496760666370391846e-01 9.937574941432103515e-05 1.181945481221191585e-04 1.542137511023611296e-07
9.999700784683227539e-01 1.048187538981437683e-01 4.538563747047419383e-09 2.866957765945699066e-05 5.013293623924255371e-01 2.299061913069166962e-10 1.201076805591583252e-02 1.340028102276846766e-04 1.962408333611165290e-07 6.889739324833499268e-06 1.436198289184176247e-07 8.394354581832885742e-01 2.133075706660747528e-02 5.446818818199972156e-08 7.429963220194346629e-13 1.061102841049432755e-03 2.018887926169554703e-06 1.547765862142114202e-07 1.662246802425215719e-07
2.711997240112395957e-06 5.800005475897762608e-10 3.109405311355062373e-12 5.288677493808791041e-05 8.544072508811950684e-01 1.713825303895077923e-09 9.680510759353637695e-01 3.967988959630019963e-08 1.654647235227457713e-06 8.090558549156412482e-05 2.539290826220064190e-11 9.974039196968078613e-01 6.381183993653394282e-06 1.473115102124111786e-10 2.554190192682881388e-10 5.867784619331359863e-01 7.361114257946610451e-04 8.409919246332719922e-05 2.009294508553693959e-09
2.438991214148700237e-04 2.938873331004288048e-05 3.259636685015721014e-07 1.326292520388960838e-03 3.417251282371580601e-04 7.022727368166670203e-05 4.054829850792884827e-02 1.686790212988853455e-02 1.608087018212245312e-06 9.996650218963623047e-01 2.665880629137973301e-06 6.284434795379638672e-01 5.442110355943441391e-03 9.039511041919467971e-07 3.902024400304071605e-05 1.458670794963836670e-01 3.888338338583707809e-03 4.235505126416683197e-03 3.630115941177791683e-07
5.777437417364694738e-10 1.141691363670815917e-08 9.786189636429298844e-10 1.467459499835968018e-01 8.613061908135932754e-08 2.538632325188583394e-11 9.998105168342590332e-01 9.293113544117659330e-05 3.257554510582849616e-07 9.177620796663177316e-08 5.136457231769142595e-12 3.572278899355296744e-07 3.151868077111430466e-05 6.401280552381649613e-05 1.003632438369095325e-03 1.395027447870234028e-05 9.871650934219360352e-01 5.664767854796082247e-07 2.123931608366547152e-08
8.420136570930480957e-01 3.977182507514953613e-01 3.329909639433026314e-03 1.148260105401277542e-02 1.578837819397449493e-02 2.302097709616646171e-04 4.905274882912635803e-02 1.480081826448440552e-01 9.659490897320210934e-04 1.119964346289634705e-01 1.291338820010423660e-03 4.269347190856933594e-01 8.939803242683410645e-01 2.058425219729542732e-03 9.712559403851628304e-05 5.902760848402976990e-02 3.810743102803826332e-03 4.102097824215888977e-02 1.780787832103669643e-03
2.919761696830391884e-03 2.319080531597137451e-01 1.203608117066323757e-03 5.431887507438659668e-02 7.049724226817488670e-04 7.488327537430450320e-05 7.110041379928588867e-01 6.028054356575012207e-01 5.551554262638092041e-03 1.132074147462844849e-01 2.028811722993850708e-03 4.267799854278564453e-02 5.344608053565025330e-02 2.289148569107055664e-01 5.615156143903732300e-03 1.058654412627220154e-01 4.844549596309661865e-01 4.299092665314674377e-02 1.083514420315623283e-03
6.932762933388537555e-26 1.568317070607676858e-18 1.857728556730073510e-22 3.201846882246173198e-13 1.784528020658624891e-17 2.185016911995556897e-23 1.000000000000000000e+00 5.436232797251250304e-08 5.257039248363071238e-09 1.464117625152739494e-14 1.850653004262236434e-17 4.320633087417924401e-11 2.823018485642592168e-09 1.037692431982151220e-10 8.559457143064719276e-09 2.049425518180214567e-08 9.983905553817749023e-01 7.880137514737484139e-13 9.195584571575210475e-11
3.499518040066645409e-21 2.204118303345860286e-14 2.377479931660497915e-19 2.425146750084650193e-09 2.894324710456253058e-11 3.027860353885773606e-16 1.000000000000000000e+00 1.958874618068762175e-09 1.777424331521615386e-04 4.522048358056134088e-14 3.600521912409428149e-14 6.599139457108549323e-09 7.364990395331005857e-09 2.812845600885793829e-08 6.170071173983160406e-07 6.447173291235230863e-06 7.290747947990894318e-03 1.847881070382584312e-09 3.683708893476023150e-09
3.936779194191331044e-06 2.442238189459544628e-09 2.018264895486954202e-11 1.366702927043661475e-04 9.060826301574707031e-01 2.931864373385906219e-02 9.479228258132934570e-01 1.518492553920225419e-09 6.943941861391067505e-02 2.530961319280322641e-05 6.018253895234693118e-09 5.149791240692138672e-01 1.555976723466301337e-06 6.256844486962620522e-10 3.154510181957448367e-07 6.393450498580932617e-02 3.740358806680887938e-05 8.411566377617418766e-04 8.291719495900906622e-06
5.785152867550987649e-15 1.366688771702040395e-12 1.772169637904617238e-15 9.999227523803710938e-01 1.262992314898792046e-12 3.050827056680532922e-17 9.998793601989746094e-01 2.366486455684935208e-07 5.302127487061270017e-11 1.121440044776420009e-13 8.402247984485914314e-20 3.947763810290157421e-16 7.134200785685607116e-09 5.683817562385229394e-06 3.327474769321270287e-05 5.321173363048714577e-11 9.946098327636718750e-01 1.142730549942572171e-12 4.396497831185607399e-15
2.886906258936505765e-05 5.714165496328860172e-08 3.141926185890042689e-08 9.525862932205200195e-01 3.046929577976698056e-06 5.546286236494779587e-03 4.960042238235473633e-01 2.088775217998772860e-04 3.049229917451157235e-07 3.508926630020141602e-01 3.091150816217358432e-12 3.773790922423359007e-06 2.580590662546455860e-04 4.772900865646079183e-05 6.008066534996032715e-01 9.070919873011007439e-07 6.605658680200576782e-02 1.585732970852404833e-04 5.103308886589275062e-10
5.205189154366962612e-05 8.722705757691073813e-08 3.423910044375588768e-08 1.308533363044261932e-03 7.096364498138427734e-01 2.659613755895406939e-07 8.788459897041320801e-01 1.428598079655785114e-05 8.313446414831560105e-06 3.611974650993943214e-03 6.297506960351029193e-09 9.917023777961730957e-01 1.486175169702619314e-04 1.269939104986406164e-07 1.041566548565242556e-07 6.162005662918090820e-01 9.953375905752182007e-03 6.537805777043104172e-03 1.175846549017478537e-07
9.279186770072556101e-07 2.043495078396517783e-05 7.578809163533151150e-05 3.703261166810989380e-02 1.670441706664860249e-03 1.611781158317171503e-06 9.979660511016845703e-01 4.776140209287405014e-03 2.028967253863811493e-03 1.343009935226291418e-04 1.135710772359743714e-05 1.014227233827114105e-02 3.684030147269368172e-03 9.048532228916883469e-04 4.062544554471969604e-03 4.862822592258453369e-02 4.507534801959991455e-01 2.378025325015187263e-03 2.120385470334440470e-04
5.879931450181175023e-06 1.450592098990455270e-04 4.560537126963026822e-05 1.834852737374603748e-03 1.193415591842494905e-04 6.942631216588779353e-07 9.969564676284790039e-01 2.632165513932704926e-02 6.642528343945741653e-03 1.425168884452432394e-04 2.704868966247886419e-04 3.019391791895031929e-03 3.597451373934745789e-03 2.356345998123288155e-03 1.089903246611356735e-02 9.441144764423370361e-03 9.661949276924133301e-01 9.320248500443994999e-04 1.200897898524999619e-02
3.535362493426127305e-18 1.317295581053639243e-16 7.375418288975142439e-17 1.000000000000000000e+00 2.487373130105336849e-17 7.511532923216892207e-26 9.858777523040771484e-01 4.521742624774560682e-08 9.581309135818074437e-17 2.393261681616075691e-16 1.024185123633437197e-26 2.499714769534674298e-21 3.120433772485498025e-11 3.134874759780359454e-08 2.344583371893804724e-08 4.792093981288887694e-14 9.999969005584716797e-01 2.091777297639411774e-15 1.521449093033017603e-21
2.907476263614302263e-19 4.577058997518859348e-16 7.343582423303691552e-17 9.991623163223266602e-01 1.360896390255317539e-15 2.095003307316589168e-23 9.999954700469970703e-01 2.328872739099097089e-08 2.649375063410418230e-14 1.460557969191903296e-15 5.066882387657599393e-24 1.218341089339553614e-16 3.452096941636284555e-10 6.755030312888266053e-08 2.303249715396304964e-07 4.886058224684575180e-11 9.999167919158935547e-01 6.424969876874658814e-14 1.074952059849507691e-17
3.662460112963117354e-09 2.665088372211243950e-09 4.235377881744994966e-10 2.523991279304027557e-04 8.863682887749746442e-05 1.512363324851495605e-11 9.999715089797973633e-01 1.525956031400710344e-05 7.717201810919505078e-07 1.800564888299049926e-07 1.292054935264630444e-10 1.142351701855659485e-02 1.127690993598662317e-04 6.585304390682722442e-07 4.440916382009163499e-05 2.854793332517147064e-03 9.179461002349853516e-01 1.431305008736671880e-06 3.937692270028492203e-07
1.769272055252013587e-11 3.734793030396588165e-10 3.694893002670340820e-11 1.593864435562863946e-04 2.152609646088876616e-09 1.474958068008180856e-12 9.999443292617797852e-01 8.165672625182196498e-05 9.094135577925044345e-08 4.476961468213858097e-09 3.950920753753583980e-12 1.498528803267618059e-07 6.683455467282328755e-06 5.021740889787906781e-06 1.062120660208165646e-03 2.590929852885892615e-06 9.998348951339721680e-01 3.173090306063386379e-07 5.347747560335847083e-07
1.763086183927953243e-03 2.511248931114096195e-05 3.657887326369291259e-09 7.467278192052617669e-05 6.052132844924926758e-01 4.550553421722725034e-05 9.934111237525939941e-01 3.264455585849646013e-07 4.790506064891815186e-01 3.729184754774905741e-06 1.859767871792428195e-05 6.367079019546508789e-01 5.483888890012167394e-05 6.124238893789879512e-07 2.339018283237237483e-05 3.064886108040809631e-02 9.330995380878448486e-04 1.333766413154080510e-04 4.421139601618051529e-03
1.152532719455154399e-19 6.442893764551164345e-19 3.702499299276141865e-18 9.999997615814208984e-01 1.340476209298417022e-17 1.721545790531391406e-26 9.994845390319824219e-01 2.219547656778786404e-09 3.473495173871448706e-18 1.935527359938342434e-18 2.447543544310383128e-29 4.481452916897764008e-21 3.732368147185693985e-12 1.297567719937831043e-09 7.659096468159987126e-08 1.536279750061122357e-14 9.999994039535522461e-01 1.055682242279207120e-16 3.050609686378692344e-22
2.564902229409277146e-13 6.406669032094081118e-12 8.213572599835572419e-10 9.966346621513366699e-01 1.426722351371978448e-10 2.035167915252479543e-16 9.978536963462829590e-01 9.044107173394877464e-06 9.750263790797575325e-11 6.054653306497570497e-11 2.421093132854932868e-17 3.973920845168343874e-11 2.823693705522600794e-07 2.337770638405345380e-06 1.657431312196422368e-05 1.143286993965375586e-07 9.996663331985473633e-01 4.299665956608578199e-09 1.524096170449351639e-12
3.578979885787703097e-06 1.748912104547473145e-12 1.980446675184095555e-16 1.000000000000000000e+00 4.324263718444854021e-04 4.830667116317854948e-13 9.690587222576141357e-02 5.205987863021732664e-10 2.820040867490547498e-10 1.011715884680075561e-12 8.044817012097762765e-18 7.451627509480474032e-11 1.671951466164500744e-09 7.838970028650749100e-10 6.534919066325528547e-06 1.498151114276424778e-08 4.789450168609619141e-01 4.250940216694344687e-14 1.841527316133979917e-16
7.506316279659586144e-08 1.209343281516339630e-05 9.443857038604619447e-07 4.605670401360839605e-04 1.598023118276614696e-06 1.347756182212833664e-07 9.865825772285461426e-01 2.199955470860004425e-02 8.780105039477348328e-03 1.739955769153311849e-05 2.977861186082009226e-06 1.950813020812347531e-05 4.503490636125206947e-04 6.063875183463096619e-02 1.102379639632999897e-03 2.391197253018617630e-03 8.839694857597351074e-01 9.960480332374572754e-01 7.489442214136943221e-05
1.702546725823594898e-08 4.306815299059962854e-06 2.845511914983944735e-07 2.341858198633417487e-04 5.210532663113554008e-07 3.530010417307494208e-08 9.906882047653198242e-01 1.543466374278068542e-02 6.296862382441759109e-03 6.598923391720745713e-06 1.015991642816516105e-06 7.557647222711239010e-06 2.261480549350380898e-04 4.898260533809661865e-02 6.057081627659499645e-04 1.478096353821456432e-03 9.092317223548889160e-01 9.976770281791687012e-01 3.540017860359512269e-05
3.114392771452756392e-11 1.404604343946402878e-08 9.985588356187236059e-09 8.548575639724731445e-02 4.823521027041977050e-10 1.132189394320581854e-11 7.435919642448425293e-01 1.739355153404176235e-03 1.077087787848540756e-07 1.209422180181718431e-07 6.025983206349450061e-13 1.228137591624545166e-09 4.154519047006033361e-06 6.800475064665079117e-03 6.942458567209541798e-04 1.628203790460247546e-06 9.999115467071533203e-01 5.071014165878295898e-01 2.555663458636558971e-09
7.459942698478698730e-01 5.182168097235262394e-04 1.095584957511164248e-05 9.066464900970458984e-01 3.462425619363784790e-02 1.167742357210954651e-05 4.967741668224334717e-01 1.691930345259606838e-03 3.534735151333734393e-05 2.228091761935502291e-05 4.576162154990015551e-06 2.056903671473264694e-03 2.056522062048316002e-03 3.302326658740639687e-03 3.587591052055358887e-01 1.392583071719855070e-04 8.800685405731201172e-01 9.619776392355561256e-05 1.933642352014430799e-06
7.460059350705705583e-06 3.928768705918628257e-07 5.767369160025737074e-08 4.074318706989288330e-01 5.123429218656383455e-07 3.889074307039663836e-08 7.977865934371948242e-01 1.169186667539179325e-03 5.313260658112994861e-07 3.870932516747416230e-07 2.341189186960690449e-10 1.015726525110949297e-07 5.869321103091351688e-05 1.959416549652814865e-03 2.797862589359283447e-01 7.891933364589931443e-07 9.994889497756958008e-01 1.873513683676719666e-04 1.552545256799930939e-07
9.999953508377075195e-01 4.181863367557525635e-02 5.932572575556571692e-12 3.744866626220755279e-05 9.014450758695602417e-02 3.131014328014436465e-12 3.038704097270965576e-01 5.173656973056495190e-06 3.543241764418780804e-04 3.594977648901931389e-10 3.800951162702403963e-05 2.080265581607818604e-01 1.145099668065086007e-05 3.031466988545616914e-08 4.979215997846786479e-11 5.254774350760271773e-06 4.520253278315067291e-04 4.905053030412886983e-10 1.025932488118996844e-05
4.694910016311837353e-10 2.395660771981056314e-07 2.735048099111736519e-08 9.919689182424917817e-05 8.125216055532291648e-08 1.624072432093726093e-09 9.942084550857543945e-01 8.244951255619525909e-03 1.719314139336347580e-03 1.010722712635470089e-06 1.182502771257532004e-07 2.339706497878069058e-06 4.599040039465762675e-05 6.375225726515054703e-03 2.729723928496241570e-04 5.317475879564881325e-04 9.886503219604492188e-01 9.759170413017272949e-01 9.880951438390184194e-06
2.987467857731157528e-13 3.599849585089742732e-10 1.406021743477481323e-09 1.666613534325733781e-04 7.199948970360026124e-10 1.136886266552006308e-13 9.998966455459594727e-01 6.394174997694790363e-04 1.401219037688861135e-06 4.505495088125144321e-09 8.443944848890438948e-11 8.499576154008536832e-08 3.317332129881833680e-06 2.270266486448235810e-05 7.851803820813074708e-05 2.683300044736824930e-05 9.998262524604797363e-01 1.766317836882080883e-05 9.114076533478510100e-07
3.344924059955900475e-10 2.449809812787862029e-07 2.307683644175995141e-08 6.688852590741589665e-05 5.071564856962140766e-08 1.038366059802342534e-09 9.961274266242980957e-01 6.920679006725549698e-03 2.301258267834782600e-03 5.616676048703084234e-07 1.042870607648183068e-07 1.274331339118361939e-06 3.823888255283236504e-05 9.661328978836536407e-03 1.933703752001747489e-04 4.339718143455684185e-04 9.862792491912841797e-01 9.893469214439392090e-01 8.773579793341923505e-06
6.688732504844665527e-01 6.357320118695497513e-03 1.444165991415502504e-05 1.951538841240108013e-03 5.793667435646057129e-01 7.678749170736409724e-06 2.539319097995758057e-01 2.083702478557825089e-03 1.229767512995749712e-04 4.453551769256591797e-02 2.189323458878789097e-05 9.420903325080871582e-01 3.830371052026748657e-02 7.157979325711494312e-06 2.708161730424762936e-07 1.485487371683120728e-01 8.997540571726858616e-04 5.466806469485163689e-04 2.862813198589719832e-05
9.160774350166320801e-01 1.214213818311691284e-01 3.599194751586765051e-04 5.672836303710937500e-02 5.427051186561584473e-01 3.990719269495457411e-04 4.199644327163696289e-01 1.580402627587318420e-02 9.996123611927032471e-03 7.731681689620018005e-03 4.312341101467609406e-03 6.070104837417602539e-01 4.525495693087577820e-02 1.063392730429768562e-03 3.490647068247199059e-04 7.737160474061965942e-02 2.788506634533405304e-02 2.251321217045187950e-03 3.084519179537892342e-03
3.785182780120521784e-04 2.851763963699340820e-01 3.483621549094095826e-05 4.673175513744354248e-01 3.730103708221577108e-05 3.512381681503029540e-06 1.301364153623580933e-01 5.511245131492614746e-01 1.425564551027491689e-05 2.418000102043151855e-01 1.826753214118070900e-05 1.607320504263043404e-03 1.336593925952911377e-02 9.270389676094055176e-01 4.484079254325479269e-04 3.090026043355464935e-02 9.846653044223785400e-02 2.014666795730590820e-02 2.604324663479928859e-06
7.252347469329833984e-01 2.077618390321731567e-01 9.998245835304260254e-01 2.201021090149879456e-02 1.004993915557861328e-01 2.188872313126921654e-04 1.616318821907043457e-01 2.800160646438598633e-01 3.844987659249454737e-04 1.118024066090583801e-01 7.003522478044033051e-04 1.556311696767807007e-01 6.049362421035766602e-01 3.909910097718238831e-02 9.308583103120326996e-04 1.153371185064315796e-01 2.588702552020549774e-02 7.076354231685400009e-03 4.973174538463354111e-03
9.913406968116760254e-01 1.605497114360332489e-02 5.101362603454617783e-07 9.911967515945434570e-01 6.914363503456115723e-01 8.744424349060864188e-07 2.869465947151184082e-02 4.795977147296071053e-04 7.464079772034892812e-06 1.855607260949909687e-04 4.671790156862698495e-05 1.230609193444252014e-01 2.448218408972024918e-03 3.301731776446104050e-04 6.957450386835262179e-05 1.111800689250230789e-02 2.157836034893989563e-02 5.445714577945182100e-06 1.410673007740115281e-06
3.471952974796295166e-01 1.835296512581408024e-03 5.854059281773515977e-08 1.000000000000000000e+00 1.089487411081790924e-02 1.698217374723753892e-06 6.935794954188168049e-05 1.626093726372346282e-04 1.472953758963058135e-08 2.869814168661832809e-03 5.808001191098810523e-09 8.298198736156336963e-06 3.412441583350300789e-03 2.794497646391391754e-03 3.786068191402591765e-05 5.589666543528437614e-04 7.036199676804244518e-04 1.518803969702275936e-06 2.277185107146806331e-09
8.175282824839091855e-13 2.840137130988296121e-05 6.193127607967419124e-12 2.663208246231079102e-01 3.078258405554007426e-13 4.251587011052868070e-15 9.999457597732543945e-01 7.550615700893104076e-04 7.697129689177018008e-08 4.211290344224849491e-11 2.983398033826190066e-12 1.995060407568131911e-14 1.348517315591379884e-07 9.985710382461547852e-01 2.324799879716010764e-06 4.495866079423649353e-08 8.166740536689758301e-01 1.252257730811834335e-02 1.981668301676009492e-11
3.922960250374828151e-14 6.497808069383381735e-09 3.309329199563393331e-10 2.537129446864128113e-02 7.483271814712200154e-12 2.341973889599387008e-15 9.999783039093017578e-01 2.544713497627526522e-04 3.824438010724406922e-07 4.493424382578936616e-11 7.944249424962634976e-12 1.083919499295094013e-11 4.894553740086848848e-07 5.130332894623279572e-03 3.776973244384862483e-05 4.758917384606320411e-07 9.997064471244812012e-01 4.738741336041130126e-05 9.203752426856226521e-09
1.132054844830976403e-12 1.451947095887362593e-08 2.724486469762865681e-10 2.670439243956934661e-05 3.812082038923136906e-10 1.305522205098663679e-12 9.997845292091369629e-01 2.215448301285505295e-03 1.765263587003573775e-04 1.130227644807746401e-08 1.449671604980551365e-09 1.096859136850980576e-08 5.093258096167119220e-06 3.500901535153388977e-02 3.607402686611749232e-05 7.381384784821420908e-05 9.939861297607421875e-01 9.951946139335632324e-01 1.696199376510776347e-07
8.600430367877720528e-10 9.241097664869357686e-09 2.325050959053887034e-12 4.219914444547612220e-06 1.081923073797952384e-05 1.136205014518054668e-06 9.999456405639648438e-01 1.554330447106622159e-05 4.786847057403065264e-06 2.703923964872956276e-03 4.182799592800101607e-11 2.526084193959832191e-03 9.823163272812962532e-04 6.269417696103118942e-08 2.255703475384507328e-05 1.609864528290927410e-03 4.795540124177932739e-03 2.401794517936650664e-06 1.267161451323772781e-07
6.000320411977261292e-15 7.088236681634940695e-12 2.169977739163719832e-12 4.396175965666770935e-02 3.138618108900620429e-13 7.768666013762380584e-15 1.150594353675842285e-01 1.691563666099682450e-04 6.694850923638639983e-11 9.121783328680521663e-10 2.542068297440813166e-18 1.543912892497389944e-12 1.865482346374847111e-08 3.899282310158014297e-04 6.632146687479689717e-05 6.720022760475785617e-09 9.999988079071044922e-01 9.030871987342834473e-01 6.300798641514782084e-13
2.941908689990668790e-07 7.332201334975252394e-07 1.436206673588458216e-07 1.459350436925888062e-02 2.170925654354505241e-06 8.485191926865809364e-08 9.908224344253540039e-01 3.990253899246454239e-03 1.171322674053953961e-05 1.618180795048829168e-05 1.580890618413377524e-08 2.616215897432994097e-05 6.398314144462347031e-04 6.834362284280359745e-04 2.799094095826148987e-02 1.784280902938917279e-04 9.957450032234191895e-01 2.727351384237408638e-04 1.930678081407677382e-05
4.884867467122577800e-14 3.456766470288918924e-11 4.918674584926570337e-14 6.306807994842529297e-01 8.247091161026065542e-13 2.970301616971558756e-14 4.504692275077104568e-03 3.972437698394060135e-04 5.092821130092684001e-12 1.796662818520644578e-09 2.285266612454910658e-19 1.713515505701035391e-12 2.284935085583583714e-08 1.360835391096770763e-03 3.305274876765906811e-04 1.990067888257840423e-09 9.999974966049194336e-01 9.956007003784179688e-01 3.095797340810398091e-14
7.757831554044969380e-06 3.828509557990411594e-12 1.006133197144994703e-16 3.175254619236511644e-07 9.933214783668518066e-01 2.624982479645932010e-12 9.913262724876403809e-01 1.293478670526260199e-12 1.362563011753081810e-06 1.244861547178288674e-08 2.193394866233620843e-14 9.993220567703247070e-01 1.055678477968058360e-08 1.992366969850805324e-15 3.332670782136420984e-14 2.527004182338714600e-01 6.543170002260012552e-06 9.863874339544054237e-08 2.590001303703903801e-11
4.669580347393953446e-11 6.575018078887437563e-16 7.351929722055962013e-26 2.087839796882651200e-11 1.527568674646317959e-03 2.718984434303683972e-13 1.626412034966051579e-03 7.244260052940987293e-11 5.740061042134125368e-17 1.000000000000000000e+00 2.077561528331102731e-20 9.999743700027465820e-01 2.032983337230120924e-09 3.117049697518068159e-22 3.507592502223770700e-20 4.356074631214141846e-01 2.639281675154148132e-11 7.280468589110355992e-11 4.180632612050873262e-21
2.367161799909922593e-09 7.592375079329416465e-13 2.383595182803332005e-16 1.431891133440998942e-10 5.339035391807556152e-01 1.717004871615301909e-10 9.965159893035888672e-01 2.694254194746115161e-11 1.210461277878494002e-06 1.172936754301190376e-05 3.898866567596769028e-14 9.992904663085937500e-01 3.826527517958311364e-06 2.313610938421017558e-16 1.107051648567341715e-14 3.609408736228942871e-01 1.796819901755952742e-06 6.383454209668570911e-09 1.992911946580022686e-10
8.129497769404636642e-11 1.505952486257883178e-19 6.189859338872471727e-26 1.204612382066372334e-10 9.617280960083007812e-01 1.825051915149700221e-11 4.430342018604278564e-01 5.642176458911540328e-16 2.502759013488925488e-13 6.747620701789855957e-01 1.079485309085665809e-23 9.999996423721313477e-01 1.970302532239287530e-10 1.033945552318614629e-23 1.165175254233361108e-20 7.703434228897094727e-01 4.867436315114659351e-11 2.501531759513397901e-10 9.876955920303108965e-20
2.871447293273376999e-07 1.324251147107047277e-12 1.013644390017767157e-18 7.786642527207732201e-06 4.398919343948364258e-01 1.297659537158324383e-06 1.319492757320404053e-01 1.160076340545046492e-10 6.316098338787767830e-11 9.988670349121093750e-01 8.416055174703194054e-17 9.991317391395568848e-01 3.931924652533780318e-07 3.587560402492306032e-17 1.229769541408187727e-12 1.916030943393707275e-01 1.636614577193995501e-08 3.956976613039842050e-08 4.517045866172944915e-15
1.990038872498316665e-19 1.456251865446299247e-15 6.727086698001390154e-17 1.082885265350341797e-02 2.375806185457736679e-16 8.680319610797246379e-19 9.999996423721313477e-01 1.092883508135855664e-07 9.412425699961701753e-12 4.636509063713086486e-16 1.112046388607553468e-21 2.263690588453442338e-17 3.397656878068033848e-10 7.875625556152954232e-07 6.938620208529755473e-05 4.335068328614744004e-12 9.999940395355224609e-01 3.579970000999743718e-11 1.081081635345183811e-13
6.460684537887573242e-01 3.200617805123329163e-02 2.055415417999029160e-03 2.920497953891754150e-01 5.065394192934036255e-02 1.557097886689007282e-03 6.357160806655883789e-01 5.505618453025817871e-02 7.194455247372388840e-03 3.056619083508849144e-03 3.849109401926398277e-03 5.030071735382080078e-02 4.265093058347702026e-02 3.397965803742408752e-02 3.245131969451904297e-01 8.109309710562229156e-03 7.200436592102050781e-01 1.217413786798715591e-02 3.180339466780424118e-03
7.846443331800401211e-04 7.913897093203559052e-08 9.792397795416185602e-12 1.411695120623335242e-04 9.469484090805053711e-01 2.244838448461905500e-08 9.924411773681640625e-01 6.653460005168199132e-09 8.339392952620983124e-04 6.895005100204798509e-08 2.910414798051874641e-09 8.858340382575988770e-01 2.484042852302081883e-06 1.187834275384602734e-09 1.162000131671447889e-07 5.626205354928970337e-02 1.116775674745440483e-03 2.786661070786067285e-06 7.020730663498397917e-07
2.104103565216064453e-01 2.466635257005691528e-01 1.486730426549911499e-01 1.945232748985290527e-01 4.213656485080718994e-02 3.369673714041709900e-02 4.504125118255615234e-01 3.962719142436981201e-01 7.104468345642089844e-02 2.032260298728942871e-01 3.017313592135906219e-02 1.633839309215545654e-01 2.921873331069946289e-01 1.865402609109878540e-01 1.194822117686271667e-01 1.279443502426147461e-01 1.899196356534957886e-01 2.697211802005767822e-01 3.833869099617004395e-02
9.727715849876403809e-01 2.707910239696502686e-01 6.656867917627096176e-04 7.539230864495038986e-04 1.673881709575653076e-02 1.072652521543204784e-04 3.640482127666473389e-01 2.049785852432250977e-02 2.652294337749481201e-01 7.914480753242969513e-03 4.982083104550838470e-03 2.449984550476074219e-01 1.403607875108718872e-01 1.342788455076515675e-04 1.170785435533616692e-05 5.368227604776620865e-03 9.109163656830787659e-03 5.352501757442951202e-04 4.037223458290100098e-01
3.807316422462463379e-01 1.137084513902664185e-02 7.019018255505216075e-08 2.191953853980521671e-06 5.663857155013829470e-05 5.723510912503115833e-05 9.347268342971801758e-01 1.252125184691976756e-05 6.101808547973632812e-01 1.574335619807243347e-04 3.437840859987773001e-05 3.149206936359405518e-02 8.400341175729408860e-05 2.054090941783215385e-07 5.126244673192559276e-07 1.279976095247548074e-05 1.181383733637630939e-03 3.904771074303425848e-05 9.265233278274536133e-01
2.777898907661437988e-01 2.526382915675640106e-02 4.622450422431256811e-09 1.226030417456058785e-05 8.203674224205315113e-05 6.035559272277168930e-05 9.689409136772155762e-01 5.089237674837931991e-06 6.965808272361755371e-01 9.351418157166335732e-06 4.590022581396624446e-05 1.046337280422449112e-02 7.552668648713734001e-06 1.118791487897397019e-06 1.404025283591181505e-06 2.906657982748583890e-06 1.109882607124745846e-03 3.432582889217883348e-05 7.299801707267761230e-01
9.992204904556274414e-01 2.438620431348681450e-03 9.981114115294874076e-20 2.006976941408555870e-13 1.172827879258875328e-08 5.777147559166487256e-15 9.971619844436645508e-01 1.023933195176685018e-11 9.245864152908325195e-01 1.294952534959536994e-12 2.433999135575959372e-08 3.047346603125333786e-03 1.784714875885384799e-10 2.748885552845037501e-16 3.987611499220613167e-18 5.259047104050340593e-12 4.609023562807124108e-07 2.192944041417774215e-13 9.531071782112121582e-01
3.578002960580306535e-08 2.471760573996562016e-10 9.121591421643385211e-14 2.240919805274188548e-08 6.161777377128601074e-01 9.998069405555725098e-01 1.364317908883094788e-02 3.550808301902574904e-12 1.780482195317745209e-02 2.179983130190521479e-04 3.499605661684557223e-13 9.531965479254722595e-03 1.199487513758867863e-07 2.487469648662643529e-12 1.392812087885886285e-09 2.251042751595377922e-03 8.584197530581150204e-08 8.373720447707455605e-06 8.476382049593667034e-07
9.478254119066331640e-12 2.269072929550475237e-09 3.136833570671626603e-10 1.195507422089576721e-01 2.192980796955623646e-10 2.766286331945533306e-11 9.993368983268737793e-01 1.596092333784326911e-04 1.828227453870567842e-07 1.080265432662486091e-09 2.443952700804941092e-13 2.731878959161271325e-11 1.911497520268312655e-06 6.825539749115705490e-04 4.700506106019020081e-03 8.643343107905820943e-08 9.994649291038513184e-01 2.792944997054291889e-06 9.966218073031996028e-09
1.111961966948626923e-09 1.457258235859626438e-06 5.431131544497702635e-09 5.327188432602270041e-07 2.808449835356441326e-06 1.572971939367562300e-07 9.999908208847045898e-01 1.319047994911670685e-03 6.622550543397665024e-03 9.239539940608665347e-05 1.717879854368220549e-06 1.585977268405258656e-03 5.403236951678991318e-03 2.213286461483221501e-05 9.599461191100999713e-05 8.470320142805576324e-03 6.954041868448257446e-02 3.312628905405290425e-05 3.344143624417483807e-04
1.213712377129416708e-11 6.456351542283300660e-08 3.901649281434771410e-10 8.474241752765010460e-08 1.364757906685554190e-07 3.842143492249761039e-09 9.999995231628417969e-01 3.763877029996365309e-04 1.064808014780282974e-02 2.103379301843233407e-06 2.353758361550717382e-07 1.149815943790599704e-04 6.897515268065035343e-04 1.965880437637679279e-05 1.139928426709957421e-04 1.201762468554079533e-03 1.528503447771072388e-01 1.455759047530591488e-05 1.586958242114633322e-04
2.381663088968366537e-09 6.911976697665522806e-07 5.361596677744273620e-08 1.874359440989792347e-05 3.658932712369278306e-07 6.104821093089185524e-10 9.992513060569763184e-01 1.350096613168716431e-01 1.965914270840585232e-05 1.027292665094137192e-02 5.758328143201651983e-07 9.338421747088432312e-03 9.311586036346852779e-04 1.125779454014264047e-04 1.403901260346174240e-04 4.594596102833747864e-02 9.732793569564819336e-01 3.822479920927435160e-04 1.535037335997913033e-05
1.214451572195685003e-06 9.028098429553210735e-05 3.219570771761937067e-06 8.528849139111116529e-05 1.462558157072635368e-05 5.748402998051460600e-08 9.995384216308593750e-01 1.647712849080562592e-02 2.514232881367206573e-02 1.928282290464267135e-05 6.186255486682057381e-04 9.767457377165555954e-04 9.350138134323060513e-04 9.223106317222118378e-04 4.777316935360431671e-03 2.611843636259436607e-03 9.868416786193847656e-01 4.113599716220051050e-04 4.687784612178802490e-02
1.455240727921136568e-08 1.197734604829747695e-06 8.555445418778617750e-08 2.752906584646552801e-04 9.446639523957855999e-07 3.151446037463756511e-07 9.998294115066528320e-01 3.183361142873764038e-03 9.440193884074687958e-03 1.253437403647694737e-06 1.702789177215890959e-06 5.220041202846914530e-06 1.896231988212093711e-04 2.067153574898838997e-03 1.969074644148349762e-02 7.889955304563045502e-05 9.669245481491088867e-01 4.060475039295852184e-04 6.877826526761054993e-04
5.863198589190117289e-16 3.490063522131547046e-15 1.000541787076381257e-15 9.951366782188415527e-01 4.988906965493200563e-13 1.074763462669845601e-17 9.999567270278930664e-01 1.041467143636509718e-07 2.027874938283213968e-13 7.517430688358528457e-13 4.293783791069899147e-23 2.281979604736548983e-14 1.042762676206621109e-08 1.563024767392562353e-07 4.563869151752442122e-05 1.367944646446517254e-10 9.997511506080627441e-01 6.944458896818161975e-12 9.165105600550383074e-17
2.592371078208088875e-03 1.068379916250705719e-02 3.200857900083065033e-04 3.109912853688001633e-03 1.301462016999721527e-02 2.512603299692273140e-03 8.780756592750549316e-01 1.769612431526184082e-01 2.255847491323947906e-02 5.641448497772216797e-01 5.740957800298929214e-03 4.794671833515167236e-01 1.746739745140075684e-01 9.706592536531388760e-04 2.583274384960532188e-03 3.016488850116729736e-01 1.129788830876350403e-01 1.334853190928697586e-02 1.279114000499248505e-02
3.274592757225036621e-02 3.845536382868885994e-03 3.241269150748848915e-03 9.828634858131408691e-01 1.903000660240650177e-02 1.594820320606231689e-01 1.001094579696655273e-01 2.944179065525531769e-02 6.018930114805698395e-03 1.960123516619205475e-02 3.897331043845042586e-05 8.975595701485872269e-04 2.576104365289211273e-02 2.084795571863651276e-02 3.014895617961883545e-01 3.088636323809623718e-03 8.273213356733322144e-02 4.936467111110687256e-02 2.882594126276671886e-04
1.401377655565738678e-02 3.303525596857070923e-02 5.152035737410187721e-04 9.993053674697875977e-01 1.314664492383599281e-03 4.140833625569939613e-04 5.650464911013841629e-03 1.386895477771759033e-01 3.269217586421291344e-06 2.056330209597945213e-03 1.093610762836760841e-06 2.229757228633388877e-06 8.287631906569004059e-03 9.345135688781738281e-01 4.034491255879402161e-02 1.028966391459107399e-03 1.759434677660465240e-02 4.841137528419494629e-01 7.734737437203875743e-07
3.397405089344829321e-04 2.030202595051378012e-04 5.989694545860402286e-05 9.999685287475585938e-01 7.622649263794301078e-06 5.762158616562373936e-05 1.826657564379274845e-03 4.522301629185676575e-02 1.689613249311605614e-08 8.989379275590181351e-04 8.634382792083172831e-11 2.180020608477661881e-09 1.107480842620134354e-03 5.020484924316406250e-01 2.754001915454864502e-01 6.184910034789936617e-06 3.196165338158607483e-02 9.212399125099182129e-01 3.305367646255774616e-10
9.704031348228454590e-01 9.589210152626037598e-02 1.479422498960047960e-04 9.999688863754272461e-01 5.179774016141891479e-03 3.322119027870940045e-06 3.384285446372814476e-05 8.675648830831050873e-03 1.748615474639336753e-08 2.390925772488117218e-03 1.815844711927638855e-06 1.332474785158410668e-04 1.318146735429763794e-01 2.190189510583877563e-01 1.591275067767128348e-04 2.180920448154211044e-03 2.015361387748271227e-04 6.871310062706470490e-03 1.535319853473993135e-07
3.870962653309106827e-03 2.305133239133283496e-05 1.540541234135162085e-06 1.947424262762069702e-01 7.403340339660644531e-01 1.301429583691060543e-04 8.782350420951843262e-01 2.362285886192694306e-04 1.793163595721125603e-03 3.411131678149104118e-03 7.868171451264061034e-06 7.988101840019226074e-01 7.391903200186789036e-04 3.494345219223760068e-05 4.544411203823983669e-04 4.431645274162292480e-01 1.000051200389862061e-01 1.518625617027282715e-01 5.476170190377160907e-05
9.668258428460822852e-23 1.102561611617241394e-17 6.369445300171187006e-16 7.055828064039815217e-06 1.198890433543736700e-15 6.976251972276756851e-24 1.000000000000000000e+00 3.479737245015712688e-07 2.704185139701387186e-11 1.004277731769364756e-15 9.842095815103739439e-19 6.151287812450334513e-12 2.074467680968083982e-10 2.210329475005323729e-09 2.430570766875916888e-08 5.022239335517042491e-08 9.999985694885253906e-01 1.769647622884562566e-10 1.934146592885710447e-11
3.223811972929979675e-07 5.252390877785728662e-08 5.687970272560960439e-08 9.891668558120727539e-01 1.422122011263127206e-07 6.117292783436312220e-10 8.961921930313110352e-01 3.761296393349766731e-04 4.784081042430443631e-08 5.705953043388944934e-08 1.396947119612634847e-12 4.753726301487404271e-09 2.395053525106050074e-05 4.335744015406817198e-04 1.704113930463790894e-02 3.630444780355901457e-07 9.989370703697204590e-01 1.298411007155664265e-06 1.770999014105711922e-09
8.326495365599676241e-21 6.235957887311196842e-18 3.260318813445833882e-20 3.145262780890334398e-06 1.818149603836455254e-17 4.002444643075309116e-12 1.000000000000000000e+00 8.787924277164904652e-10 1.670080629345704892e-09 3.056111572402131538e-19 4.890127846651063825e-24 2.655569329430302799e-20 4.623536796477534239e-12 2.591560223663691431e-05 2.867732346057891846e-01 2.854586000239513590e-16 9.988412261009216309e-01 4.676882769949486374e-10 1.627682092841115091e-13
2.669368852613882362e-15 1.247979990832634445e-13 1.217882945100251524e-13 2.735225716605782509e-03 1.653727475054919682e-13 6.420121595809846760e-13 9.994256496429443359e-01 6.803169526392593980e-06 2.562824175100786306e-09 3.586240462580270183e-13 9.311739245993168248e-18 1.048035559703640318e-14 1.260256610180476855e-08 1.957366657734382898e-05 1.602938026189804077e-02 5.763621177545807939e-11 9.999911785125732422e-01 6.827887091276352294e-07 6.673457619843503608e-11
4.283351492787307285e-28 1.656169545322672837e-18 5.427623667563646244e-23 1.984359787599032643e-09 3.122989908486803763e-21 2.815796004800393194e-28 1.000000000000000000e+00 1.746501276933543068e-09 8.683554986177455248e-10 1.499404810487836110e-21 6.698834302820610866e-19 2.105584526940975458e-18 1.261008306238306509e-13 2.278240707198619930e-09 2.513921071312097411e-09 3.645671438345932103e-12 9.999996423721313477e-01 1.541825749105246723e-13 4.659186664951464607e-12
9.282525861635804176e-04 1.808122848160564899e-03 2.549303546039993762e-10 8.689606367795477126e-09 7.360979452641913667e-06 8.009676949471966623e-11 9.999880790710449219e-01 2.994033275172114372e-05 4.510417580604553223e-01 1.171084385021003982e-08 9.608242544345557690e-04 7.266739849001169205e-03 1.769627488101832569e-05 9.005552215057832655e-08 2.969104571093339473e-06 1.983043512154836208e-05 7.581579685211181641e-01 2.269871401949785650e-07 7.485632896423339844e-01
1.000000000000000000e+00 1.303007081151008606e-02 6.818289117712424824e-16 7.309151347726583481e-03 8.986649513244628906e-01 4.443399514547845903e-17 8.651683107018470764e-03 1.935747562242795539e-08 1.872080090947747522e-08 7.164741347952252593e-14 4.326948896959947888e-07 2.713358104228973389e-01 8.548888530413023545e-08 6.838940525000225534e-10 8.005980081627565165e-15 1.456027348467614502e-06 4.245830496074631810e-06 1.742450788148018626e-14 1.224063211902048920e-10
9.982674121856689453e-01 6.756106740795075893e-04 6.706787902821531588e-11 9.999945163726806641e-01 3.455584943294525146e-01 9.365619391132895544e-11 3.804987762123346329e-03 9.039132237376179546e-06 4.518466312219970860e-08 6.247441319828794803e-08 3.223466592316981405e-06 5.019014352001249790e-04 1.582020377099979669e-05 3.575162190827541053e-05 1.977393367269542068e-05 5.986319956718944013e-05 1.752250194549560547e-01 7.072794017126682320e-10 5.531829438965019108e-10
3.556228429079055786e-02 3.064080141484737396e-02 5.417641295935027301e-05 1.652658730745315552e-01 2.851017343346029520e-04 1.210024114698171616e-03 7.017773576080799103e-03 1.715991050004959106e-01 8.632174285594373941e-06 9.957138299942016602e-01 4.022827197331935167e-04 1.692986637353897095e-01 8.013757318258285522e-02 2.786761382594704628e-03 6.026323535479605198e-04 4.837403073906898499e-02 5.227081011980772018e-03 5.873023718595504761e-02 1.173643886431818828e-05
2.114036679267883301e-02 8.746542036533355713e-03 8.660051040351390839e-03 1.563139706850051880e-01 3.778594434261322021e-01 2.605211548507213593e-02 8.249787092208862305e-01 3.619199618697166443e-02 1.115691810846328735e-01 5.235133692622184753e-02 7.184820249676704407e-03 4.514818191528320312e-01 6.128072738647460938e-02 1.236895658075809479e-02 4.446694627404212952e-02 3.269656598567962646e-01 1.981467455625534058e-01 1.446640491485595703e-01 2.004451490938663483e-02
9.330645589500363712e-09 2.080393187497975305e-06 2.589208625281003151e-09 9.371085616294294596e-05 4.713825546787120402e-05 4.460444813503272599e-08 9.999823570251464844e-01 1.893545268103480339e-04 4.915203899145126343e-04 6.122112608863972127e-06 1.604898756113470881e-07 1.595119130797684193e-03 1.240951474756002426e-03 8.387789421249181032e-05 6.405941094271838665e-04 3.767521120607852936e-03 1.836385130882263184e-01 1.250114746653707698e-05 3.812546128756366670e-05
8.149030463755480014e-07 3.826980121690581882e-10 2.454304392097289567e-13 1.668782533670309931e-05 9.103090167045593262e-01 1.197013079945463687e-05 9.969598054885864258e-01 2.305912821798372647e-10 1.978410966694355011e-02 9.240455369763367344e-07 9.971594661095650736e-10 8.932758569717407227e-01 7.143461857594957110e-07 4.959765584344744127e-11 2.388998332492064947e-08 1.597550064325332642e-01 3.184883462381549180e-05 4.211892883176915348e-05 1.471192717872327194e-06
5.380401387810707092e-02 7.335761785507202148e-01 9.963569045066833496e-01 4.090579152107238770e-01 1.546252286061644554e-03 7.859545876272022724e-04 1.024199649691581726e-01 3.708437085151672363e-01 2.929395996034145355e-04 2.110650762915611267e-03 5.371072329580783844e-03 4.986521089449524879e-04 3.178422525525093079e-02 9.354960322380065918e-01 3.410395234823226929e-02 2.499348856508731842e-02 1.524873543530702591e-02 1.859365031123161316e-02 4.725988837890326977e-04
8.411469752900302410e-04 1.213364489376544952e-02 9.897269606590270996e-01 2.422275990247726440e-01 7.098919013515114784e-04 1.433598663425073028e-05 8.120586276054382324e-01 2.834173738956451416e-01 2.506293822079896927e-03 1.553902402520179749e-03 7.853248825995251536e-05 5.705236690118908882e-04 3.746528923511505127e-02 1.782033592462539673e-01 3.647495806217193604e-02 2.550985850393772125e-02 8.171149492263793945e-01 9.199828840792179108e-03 2.536800922825932503e-03
4.409678876399993896e-01 3.941897675395011902e-02 4.446968159754760563e-05 2.341766143217682838e-03 1.234992966055870056e-02 7.223387365229427814e-05 6.052961200475692749e-02 5.051020532846450806e-02 1.887288817670196295e-04 7.515376806259155273e-01 7.248005131259560585e-04 6.526289582252502441e-01 6.437347531318664551e-01 3.787577588809654117e-05 1.434297428204445168e-05 1.136783808469772339e-01 2.488519763574004173e-03 1.364630553871393204e-02 4.697319236584007740e-04
7.276741089299321175e-04 4.102120510651730001e-05 2.541470962569292169e-07 9.991388320922851562e-01 9.049859945662319660e-04 1.572093140111974208e-07 5.323480963706970215e-01 1.496014301665127277e-03 1.575882924953475595e-05 4.272700971341691911e-05 3.801687498139472154e-08 1.021273237711284310e-05 6.760435062460601330e-04 1.656561391428112984e-03 6.196671631187200546e-03 1.528193242847919464e-04 8.056983351707458496e-01 4.475321475183591247e-06 1.088658123649111076e-07
3.241267670928138500e-11 1.038425456734159980e-09 1.537861634912096598e-12 2.722159990753425518e-07 1.824052560550626367e-06 1.561575169303427990e-13 9.999289512634277344e-01 9.171849815174937248e-04 1.335758259557451311e-08 6.034013349562883377e-04 1.543205008225356778e-10 4.389396309852600098e-01 8.216088754124939442e-04 1.501186019936540106e-08 1.573723551473449334e-07 8.403021097183227539e-02 7.948498725891113281e-01 8.125973636197159067e-07 3.090950428941141581e-08
7.327053547223627561e-11 4.304824552381347758e-10 4.191340742358551363e-13 1.000000000000000000e+00 6.067609956139641270e-12 2.722225190830208398e-15 1.447912654839456081e-04 4.196948721073567867e-04 8.612621690319306050e-15 4.348656545971607557e-09 3.625730180834136607e-22 5.472643088522170023e-20 1.027915175200178055e-07 3.044883487746119499e-03 2.227312943432480097e-04 7.430600731071768106e-13 9.852008819580078125e-01 5.467602386488579214e-05 8.029694237645126891e-20
5.211959197559679069e-10 2.187036940437536714e-10 2.451432069491832344e-13 1.000000000000000000e+00 3.063437004069413661e-11 3.136046313584849032e-16 6.627141847275197506e-04 5.670233804266899824e-05 5.629519203229071955e-14 7.964496839818480112e-10 7.871018539496295075e-21 4.227803862795545440e-19 8.225886460877518402e-08 2.433676418149843812e-04 4.053422890137881041e-05 2.354832908529891355e-12 9.963059425354003906e-01 4.394718899902727571e-08 2.179826416760659066e-19
2.549057187550829440e-09 2.664877683855593204e-04 5.352158299887221915e-11 9.999979734420776367e-01 9.410832529921364653e-11 1.146913019065129088e-14 1.271358430385589600e-01 1.691997237503528595e-02 4.071623871393370564e-10 7.330346551981392622e-09 2.026896581347817361e-13 2.513079203625965576e-15 2.082395894831279293e-06 9.775038957595825195e-01 2.522869863241794519e-06 1.118256065524292353e-08 6.823390722274780273e-01 1.797389995772391558e-05 5.517058164483668037e-13
1.047855207048087323e-07 1.559075258228403982e-06 2.475555316294730801e-09 7.706030010012909770e-05 7.197909289970993996e-04 2.714372612899751402e-06 9.999039173126220703e-01 3.674300387501716614e-05 5.194534314796328545e-04 3.707951691467314959e-05 1.843485009089818050e-08 6.459644995629787445e-03 1.622367650270462036e-03 1.188840360555332154e-05 3.104843490291386843e-04 5.453059449791908264e-03 2.039663121104240417e-02 1.811089714465197176e-05 1.451252774131717160e-05
3.055551587749505416e-06 1.342295945505611598e-06 4.607484811458562035e-07 9.949786067008972168e-01 5.315075100043031853e-07 7.338455247918318491e-07 1.915624737739562988e-01 8.766507729887962341e-03 1.616994040887220763e-07 3.955039137508720160e-04 3.321678002099481830e-11 4.167484135564336611e-08 3.014532267116010189e-04 4.743724595755338669e-03 7.707997411489486694e-02 2.291056944159208797e-06 9.815067052841186523e-01 1.957020722329616547e-03 1.183923403758058157e-09
4.733224034936256430e-09 2.867465718537666464e-15 3.888264241828610959e-24 4.386773236331187320e-11 1.089569181203842163e-01 3.642283008401317468e-14 7.057634182274341583e-03 2.463710659095230682e-11 2.636859622219143908e-16 9.999918937683105469e-01 3.880256108989662822e-20 9.999976158142089844e-01 2.245262464839470340e-08 5.055573514378622534e-22 1.532686006420220201e-21 5.616374015808105469e-01 2.877135855949841670e-11 1.271807381630907230e-10 3.740270330599267922e-20
2.186396341130603105e-05 3.225733569145461388e-10 7.756879550301336995e-15 8.032496445764536475e-09 8.732770681381225586e-01 3.919999047585775998e-10 8.181897997856140137e-01 1.967903617838828723e-09 3.161991912747907918e-07 1.295141875743865967e-03 1.319453227233147175e-12 9.998886585235595703e-01 2.412502908555325121e-05 1.016876351596059450e-14 3.061754112572358417e-15 4.262639284133911133e-01 9.517561920802108943e-07 7.280493719008518383e-08 1.468357657685714912e-10
5.528453925762732979e-07 3.644935759439249523e-06 7.047629878798034042e-06 3.404802083969116211e-02 3.237962573621189222e-06 3.968023349898430752e-07 8.077119588851928711e-01 1.442966703325510025e-02 5.847956708748824894e-05 4.313547469791956246e-05 1.219632252968949615e-07 1.420747776137432083e-05 5.585664184764027596e-04 3.609031205996870995e-03 2.046330086886882782e-02 3.700662637129426003e-04 9.974602460861206055e-01 3.194771334528923035e-02 4.906747926725074649e-05
3.416901790842530318e-06 1.406703231623396277e-04 4.416530646267347038e-05 1.576663809828460217e-03 4.660452395910397172e-05 2.752522732407669537e-06 9.808285832405090332e-01 9.057491272687911987e-02 3.572746366262435913e-02 3.582226054277271032e-04 2.608023933134973049e-04 6.933106924407184124e-04 3.257660195231437683e-03 2.788752876222133636e-02 6.309429649263620377e-03 1.467408239841461182e-02 9.373769760131835938e-01 7.020069360733032227e-01 2.373353112488985062e-03
2.896234491345239803e-06 5.850461093359626830e-05 1.222861953920073574e-07 6.638030754402279854e-05 7.037114119157195091e-05 6.182305156698930659e-08 9.853861331939697266e-01 2.226591557264328003e-01 2.387881067988928407e-05 2.728218436241149902e-01 1.349231388303451240e-05 5.392285585403442383e-01 2.184177190065383911e-02 5.211671305005438626e-05 1.262644218513742089e-04 2.564934790134429932e-01 7.628237605094909668e-01 5.669981474056839943e-04 5.105870513943955302e-05
5.413427518752289558e-12 4.822404975346472611e-11 2.234564313099984822e-12 1.107121570385061204e-04 2.910000063138795667e-08 6.232002761064059371e-13 9.999904632568359375e-01 2.320716703252401203e-05 2.084313699413087306e-08 6.106981942366473959e-08 2.972831399453146339e-13 1.571275970491115004e-05 1.788179906725417823e-05 3.711774070325191133e-07 8.038111991481855512e-05 3.516488504828885198e-05 9.952620267868041992e-01 1.435334411326039117e-07 1.578594677198452700e-08
7.144621605448264745e-08 2.207632405770709738e-07 8.981117516349002017e-10 3.231873051845468581e-05 6.846449105069041252e-04 6.555519238560236772e-09 9.998137354850769043e-01 1.229587069246917963e-04 1.077117394743254408e-05 1.056945111486129463e-04 1.500178470337232284e-08 1.674446612596511841e-01 4.170779138803482056e-03 7.296563353520468809e-07 2.150497493857983500e-05 3.526417538523674011e-02 1.764181554317474365e-01 1.151218293671263382e-05 1.792269245015631896e-06
3.624619543552398682e-02 4.547512435237877071e-05 2.622666443130583502e-06 9.668102264404296875e-01 7.412955909967422485e-02 3.631947947724256665e-06 7.778746485710144043e-01 4.578816588036715984e-04 6.440903234761208296e-05 3.041329000552650541e-05 5.303353987073933240e-07 4.711859393864870071e-03 8.669292437843978405e-04 3.255531191825866699e-04 3.669616207480430603e-02 1.860652700997889042e-03 8.029179573059082031e-01 4.024040390504524112e-05 2.448633040330605581e-06
3.164053850923664868e-06 1.614999398589134216e-02 1.628337464865126094e-09 9.999821186065673828e-01 7.366178351730923168e-07 3.248669736000131536e-11 4.369854927062988281e-01 2.694598399102687836e-03 6.267292974371230230e-06 5.751506364504166413e-07 1.181587450105325843e-07 1.425814466493591226e-09 1.139650339609943330e-05 5.636684894561767578e-01 5.662532203132286668e-07 1.407001400366425514e-05 1.309199258685112000e-02 6.821981646254471343e-09 1.083524292511128806e-08
8.246283300650247838e-07 2.150045521557331085e-02 2.685965228010900319e-09 9.998910427093505859e-01 1.385968175782181788e-07 1.917777742166393296e-11 2.301214933395385742e-01 1.586655899882316589e-02 2.568546904058166547e-07 6.651826879533473402e-06 3.640785006808755497e-09 1.316564302022982247e-09 2.980794670293107629e-05 9.278755187988281250e-01 5.318710805113369133e-07 2.315218807780183852e-05 2.161287702620029449e-02 1.640513858092162991e-07 1.273784189237403552e-09
9.973890185356140137e-01 2.349950969219207764e-01 8.506583981215953827e-06 1.105616334825754166e-02 3.258074223995208740e-01 4.020026153739308938e-06 2.118377685546875000e-01 5.571682006120681763e-03 5.444410722702741623e-03 1.636704255361109972e-04 2.738915849477052689e-03 4.854675233364105225e-01 1.483260374516248703e-02 1.626293669687584043e-04 3.259408231315319426e-06 6.374132353812456131e-03 5.480870138853788376e-03 4.870338671025820076e-05 1.317476504482328892e-03
4.940079954536633761e-15 2.759571217370027085e-12 1.663976465296479468e-12 2.980467615998350084e-05 6.147499176378801167e-12 3.589900119250859223e-14 9.999918937683105469e-01 3.680942973005585372e-05 2.168749801967351232e-07 1.555396783592399856e-11 1.886193295736610098e-13 1.150954123674274854e-10 1.584208604299419676e-07 2.735291445787879638e-06 3.174158628098666668e-04 8.609070079046432511e-08 9.999580383300781250e-01 2.755813852672872599e-07 8.255909023091589916e-08
6.121902843599785760e-14 8.323342882976536572e-12 1.189845028060076970e-10 1.619227230548858643e-03 1.568101204441063601e-11 1.633719201588057501e-13 9.925481677055358887e-01 1.526518462924286723e-04 1.942994032333444920e-08 3.828462269428456466e-10 2.845803697944584987e-14 1.092500603872004206e-10 2.965075509564485401e-07 1.618898568267468363e-05 2.991736400872468948e-04 2.094276538855410763e-07 9.999912977218627930e-01 1.267662737518548965e-04 8.883669799786275689e-09
5.214069504290819168e-03 3.388782963156700134e-03 3.473037504591047764e-04 2.932068705558776855e-02 9.656270965933799744e-03 2.890287199988961220e-03 2.288852483034133911e-01 9.478968381881713867e-02 1.482160529121756554e-03 9.360062479972839355e-01 1.724781701341271400e-03 4.053092598915100098e-01 3.420379757881164551e-02 1.536675146780908108e-03 2.635510405525565147e-03 2.077098637819290161e-01 4.577753320336341858e-02 4.812125116586685181e-02 5.826608976349234581e-04
1.549927424639463425e-02 1.222477731062099338e-04 2.125722630808013491e-06 9.999592304229736328e-01 3.415878862142562866e-02 2.145159803330898285e-02 1.793792843818664551e-02 7.317817653529345989e-05 1.079061883501708508e-03 2.828522701747715473e-05 6.048694700666601420e-08 8.417026947427075356e-06 3.809763584285974503e-04 4.049591661896556616e-04 7.062209770083427429e-03 2.931692870333790779e-04 5.401197355240583420e-03 3.573393041733652353e-05 2.484265678504016250e-06
5.306163802742958069e-03 2.750238672888372093e-05 1.116144289881049190e-06 9.977935552597045898e-01 8.142178505659103394e-02 4.639862477779388428e-01 8.353319019079208374e-02 2.496082561265211552e-05 1.601156592369079590e-02 2.151738590328022838e-05 3.574196938416207558e-08 3.156361708533950150e-05 2.326684189029037952e-04 9.722659888211637735e-05 2.053283713757991791e-02 2.789623977150768042e-04 8.216315880417823792e-03 3.308216109871864319e-04 1.506266744399908930e-05
3.127079398836940527e-04 1.152662935055559501e-05 2.732326187526723515e-08 4.958702251315116882e-02 3.604853060096502304e-03 1.223593726754188538e-01 7.109809517860412598e-01 1.044215241563506424e-04 1.159885578090324998e-04 5.731121897697448730e-01 6.937611818358391247e-09 6.550456862896680832e-03 3.747486975044012070e-03 4.175096819380996749e-06 4.977039061486721039e-03 7.235814118757843971e-04 1.403076807036995888e-03 2.188509242841973901e-04 1.051665094564668834e-06
4.655299854373212698e-14 1.503834556881855633e-11 3.720463173650934152e-12 2.797114211716689169e-05 6.037965266658673613e-11 2.757049688377477548e-13 9.999907016754150391e-01 7.765443297103047371e-05 3.036218458873918280e-07 3.723718278170196072e-10 8.708221318522169074e-13 2.535334830966462505e-09 8.771569355303654447e-07 4.274668754078447819e-06 3.664686519186943769e-04 5.928766881879710127e-07 9.998256564140319824e-01 4.532558364189753775e-07 1.310137491827845224e-07
7.102968178596605266e-25 1.125513474791811508e-17 1.159662790153162753e-21 2.042943765545590651e-11 8.302665653381119046e-16 9.360449482423366673e-20 1.000000000000000000e+00 4.635579475831264062e-09 1.582365882768499432e-08 4.662797366505834137e-15 1.560677747458019940e-18 1.330396123128130270e-11 7.686943526152845152e-09 2.562995371491183505e-09 3.786834668062510900e-07 8.560273379032423691e-09 8.181717991828918457e-01 2.006166500284622956e-12 2.710056311305830690e-11
4.877754449844360352e-01 9.861168218776583672e-04 7.054063583256109382e-11 9.999998807907104492e-01 6.110080480575561523e-01 6.145272379853849998e-08 7.801738567650318146e-03 2.765180624919594266e-06 1.246528845513239503e-04 4.925269877276150510e-06 4.625699602911481634e-06 3.402907750569283962e-04 1.570661697769537568e-05 1.495938631705939770e-04 1.458633164475031663e-06 1.168644335120916367e-02 1.546596991829574108e-03 2.494471740277504068e-09 2.235228038216519053e-07
1.637974777171379872e-17 7.032759051097295746e-18 1.115922809859338295e-27 1.000000000000000000e+00 5.802187614915854663e-13 2.498218130003514511e-21 9.096703529357910156e-01 4.042681920018824371e-14 7.674222856583062802e-14 2.581673989513187696e-20 6.624113416149219936e-30 2.767485772000879721e-25 4.701215392861500184e-15 1.286941525568963129e-10 3.725686148481344162e-10 3.863897489995733042e-16 3.707825439050793648e-03 1.507420735379261658e-23 1.026474191520698534e-24
5.211507726758919777e-19 8.297717558218500341e-18 1.743533015667092733e-27 9.997851252555847168e-01 6.267346641664062190e-09 3.111215754494326031e-15 1.000000000000000000e+00 1.210455907432330622e-17 4.928568131390420604e-08 2.854076288331040018e-22 1.102119666096055087e-25 5.704959467404315128e-17 2.019469906580574799e-15 2.476894210567959220e-11 2.345477014387142844e-06 5.574752465209442676e-12 4.579392680170712993e-06 1.083437262029464398e-16 8.875906053045103496e-18
7.970125963036252199e-27 9.954558139070874225e-23 3.259800304402504702e-25 5.300633265648002634e-10 4.039712038788936746e-19 6.205581090194493610e-26 1.000000000000000000e+00 7.236782284536502630e-09 8.307893964248046215e-16 4.034576322933369069e-15 1.541966320134331928e-25 3.310801611165758995e-13 3.397667910909341060e-11 1.078234181627057975e-12 4.407308296094925026e-09 4.421788490915901093e-10 9.999992847442626953e-01 2.477009753993481000e-13 4.940831590398203545e-16
8.566187661788180526e-16 1.594268553978261949e-12 4.260140296814682792e-16 8.350682258605957031e-01 6.030792618766378510e-12 1.556108685477227121e-15 9.999994039535522461e-01 8.815498375724928337e-08 9.328291472598948531e-10 3.694318614043401450e-13 3.511878525643017142e-19 1.071750246059779976e-13 2.308779833981589036e-08 7.961852134030777961e-06 1.145334972534328699e-04 8.390920736012219550e-10 9.543868303298950195e-01 1.722333907439033140e-11 1.893618996415963318e-13
1.891177025840017588e-15 3.499874869083985374e-12 1.746813346639557174e-14 9.913404583930969238e-01 1.165803971371268122e-13 7.988982883233249933e-16 9.999440908432006836e-01 1.444010422346764244e-06 1.027964727229324637e-10 3.283940231291887502e-13 1.315260083953590191e-19 1.655653215048414175e-16 1.146562222942293374e-08 6.693274190183728933e-05 2.174084074795246124e-04 3.508330778667634320e-11 9.993359446525573730e-01 7.106596561223810227e-11 4.348130809941376518e-14
4.226730088703334332e-04 3.343990538269281387e-04 2.526678326830733567e-05 9.376542642712593079e-03 1.111372839659452438e-03 2.960149431601166725e-04 1.973563879728317261e-01 4.211233183741569519e-02 2.254081919090822339e-04 9.675816893577575684e-01 2.127467305399477482e-04 2.704239487648010254e-01 8.222869597375392914e-03 3.019905998371541500e-04 3.936551220249384642e-04 1.467924267053604126e-01 1.989794708788394928e-02 2.326308190822601318e-02 5.567173866438679397e-05
3.088954463601112366e-02 1.470491843065246940e-04 1.342339373877621256e-06 9.999998807907104492e-01 1.452198135666549206e-03 6.025191032676957548e-05 1.606079749763011932e-04 1.426761155016720295e-04 4.450773616326841875e-08 1.685397466644644737e-03 3.247283553164947989e-10 4.311411601065628929e-07 1.164072542451322079e-03 9.680556831881403923e-04 8.346034446731209755e-04 5.436904757516458631e-05 1.095167710445821285e-03 5.689191766578005627e-06 6.179551870211241749e-10
