1.566308346809819341e-04 8.260982576757669449e-04 1.431206692359410226e-05 6.608934607356786728e-03 7.872352376580238342e-03 2.387617278145626187e-04 9.714026451110839844e-01 3.100689686834812164e-02 3.625521203503012657e-03 1.257543563842773438e-01 2.097750693792477250e-04 2.877910733222961426e-01 4.861837998032569885e-02 5.315481685101985931e-04 2.682559425011277199e-03 1.859520971775054932e-01 1.388217806816101074e-01 6.070760078728199005e-03 1.179839717224240303e-03
9.998422861099243164e-01 1.984085422009229660e-03 1.793049389520184889e-11 3.248503389841062017e-06 9.266170859336853027e-01 3.852853799890532116e-11 3.730236589908599854e-01 1.286690434199044830e-07 1.060915019479580224e-05 5.599658337018809107e-08 4.790070207150165515e-08 9.516925215721130371e-01 4.409502435009926558e-05 1.065490473628472046e-10 3.000991924580198589e-13 1.947938813827931881e-03 2.134313035639934242e-06 2.342650962106063162e-09 7.026820298960956279e-07
5.366716068238019943e-03 4.132495522499084473e-01 3.957091030315496027e-05 1.966533958911895752e-01 3.978349850513041019e-04 1.966563984751701355e-03 9.581670910120010376e-02 3.644865155220031738e-01 2.093506482196971774e-04 7.534604072570800781e-01 2.929639304056763649e-04 3.569485992193222046e-02 3.534142673015594482e-02 5.189493298530578613e-01 6.252052262425422668e-04 4.060491546988487244e-02 1.308644190430641174e-02 1.977391168475151062e-02 3.785472654271870852e-05
2.765617072582244873e-01 1.539465039968490601e-03 1.000000000000000000e+00 1.125466078519821167e-04 2.491347491741180420e-02 1.184359899042419784e-08 1.464508660137653351e-02 4.599171504378318787e-02 5.237652977996276604e-09 4.566067755222320557e-01 5.534177560662101314e-08 9.782259166240692139e-02 7.349044680595397949e-01 1.202881321660242975e-04 1.719050288784274017e-07 7.437691092491149902e-02 2.015918871620669961e-04 3.248087887186557055e-05 1.514274231340095866e-06
1.491487296334526036e-06 7.103053256685143424e-09 2.201482887385420618e-15 1.974109209434971035e-10 1.537816933705471456e-05 3.130015215901948977e-07 4.630085080862045288e-02 7.441804882546421140e-06 9.080287810547815752e-08 9.999850988388061523e-01 2.994620662555291801e-10 8.753014206886291504e-01 1.438167528249323368e-03 2.414776053778538902e-16 2.496356257559312342e-13 2.719951979815959930e-02 4.971308698031862150e-08 1.079426112937653670e-07 4.570602119002842301e-09
2.368810176849365234e-01 3.500311374664306641e-01 9.917590022087097168e-01 1.456967145204544067e-01 5.181987583637237549e-02 2.001729048788547516e-02 5.378029942512512207e-01 4.769047200679779053e-01 1.105532273650169373e-01 9.674853086471557617e-02 1.654494367539882660e-02 5.949486047029495239e-02 2.335647493600845337e-01 2.071321755647659302e-01 7.753281295299530029e-02 1.543758809566497803e-01 2.966769635677337646e-01 3.963494673371315002e-02 1.067404150962829590e-01
9.999042749404907227e-01 2.675005048513412476e-02 6.758345966195733467e-11 4.589033871889114380e-02 3.650535270571708679e-02 1.171186592152650974e-09 9.242679923772811890e-03 7.687841571168974042e-05 1.963225940926349722e-06 9.461172157898545265e-05 4.731692229142936412e-07 2.301682680845260620e-01 2.851380035281181335e-03 2.369817622138725710e-07 1.935041460399133939e-09 6.424886669265106320e-05 4.550631638267077506e-05 3.262329073550063185e-08 8.065435963544587139e-07
2.681129553820937872e-04 3.166806891385931522e-06 1.580634467757136008e-08 2.486190060153603554e-04 1.048725098371505737e-02 9.910824298858642578e-01 2.759272456169128418e-01 1.257642679775017314e-06 2.371571259573101997e-03 2.106211148202419281e-03 4.587587532078885033e-10 2.804277173709124327e-04 2.498287067282944918e-04 2.248493046863586642e-06 2.915364457294344902e-03 3.018108327523805201e-05 4.854003418586216867e-05 3.575072041712701321e-04 1.937960951181594282e-05
7.994307875633239746e-01 7.332918467000126839e-04 1.467410442046457320e-07 7.536499202251434326e-02 1.558243203908205032e-02 5.823569372296333313e-03 7.772724032402038574e-01 1.969552795344498008e-05 4.219003394246101379e-02 3.338656824780628085e-06 1.500183543612365611e-06 9.274746989831328392e-04 3.111194382654502988e-05 4.308346251491457224e-04 5.518690496683120728e-02 3.746748461708193645e-06 4.552670288830995560e-03 5.104687443235889077e-05 1.909123384393751621e-03
9.999998807907104492e-01 3.904732316732406616e-02 1.200242162602283003e-12 1.322249431723321322e-06 1.666017624302185141e-06 7.385889072041083685e-18 1.866413912310349588e-09 6.529824077006196603e-06 2.082465966193460595e-19 1.390332454320741817e-05 4.257183622433173250e-16 2.300671190023422241e-01 9.993363022804260254e-01 8.621345824744164332e-12 6.164335394148133107e-20 9.697659208995901281e-08 4.846797740714822722e-14 1.197780932216119254e-07 4.366693865205721571e-16
9.999386072158813477e-01 3.764872963074594736e-04 2.585473574380573727e-16 1.665061063249595463e-05 6.819041331596054079e-09 2.151024783992902225e-17 5.612341841265688913e-11 1.941978780450881459e-06 1.557481633854420847e-21 7.421594858169555664e-01 1.205222269522258612e-16 1.250726133584976196e-01 9.981731176376342773e-01 3.035819022518615809e-15 2.262987795125501972e-20 3.018552092726167757e-07 7.632772706386110537e-16 1.808818865356442984e-06 4.952169854316141402e-17
1.000000000000000000e+00 5.119854336044227239e-07 3.193187356119919957e-35 1.045534445438534021e-04 9.999785423278808594e-01 2.214039102076878481e-38 9.614647744626836356e-09 9.546967078326710387e-19 4.491375835395829002e-30 2.859771897593324195e-25 8.523866413232954783e-26 8.051447868347167969e-01 1.011968720626699181e-12 5.400935793165204715e-24 1.254893939680720271e-37 3.753857467925225677e-12 7.541940830502275121e-18 4.221947790594138190e-29 2.397116422401986253e-32
9.978477954864501953e-01 1.322255557170137763e-04 2.951645823641268059e-23 3.856693135966156316e-14 1.603764985702582635e-06 1.287673383050278266e-17 9.998930692672729492e-01 1.117898667786585559e-14 9.400976896286010742e-01 3.098505283966946407e-16 6.837042576535168337e-08 3.681978583335876465e-02 4.157486258472148366e-13 8.468253249205495291e-18 2.675491703065003977e-18 2.110303945479508059e-11 1.807453600122244097e-07 2.334481247906212281e-15 5.525104999542236328e-01
9.671226143836975098e-01 1.179110333323478699e-01 4.464554190635681152e-01 1.841148477979004383e-04 2.412974135950207710e-03 3.308720977202028735e-07 2.633137395605444908e-03 1.466243620961904526e-02 4.140826206366909901e-07 6.871639937162399292e-02 2.872772711270954460e-06 4.403240084648132324e-01 9.906570911407470703e-01 3.832606307696551085e-05 9.361328068280272419e-08 1.428829971700906754e-02 1.300514486501924694e-05 2.272252691909670830e-03 3.216591358068399131e-05
1.000000000000000000e+00 2.177453935146331787e-01 6.870222825290954113e-15 4.556956364581673039e-15 2.704015136800741459e-11 6.174176414298128690e-26 3.771124471724229821e-12 2.173947279970889213e-07 5.899388363523502552e-23 2.189528558460551722e-10 1.942942005909643800e-23 1.686968207359313965e-01 1.000000000000000000e+00 7.907147192080969732e-17 1.247781140827233914e-30 6.325107104743210584e-10 1.626944582196926670e-19 1.346091987874942220e-10 1.397003364555787500e-19
1.000000000000000000e+00 1.123370253480970860e-03 2.190595859576796333e-27 3.686837727473468718e-12 9.930585622787475586e-01 2.401664263108523830e-33 5.494221113622188568e-07 1.589224052649020752e-14 2.431655851734716680e-23 5.474829987656285438e-22 2.561834498729629478e-22 9.812890291213989258e-01 1.091481038884012378e-08 6.487424467372459727e-22 0.000000000000000000e+00 5.556083718105675473e-11 2.183331025919681391e-18 1.039144678165132121e-24 5.708856997896006190e-24
1.000000000000000000e+00 5.269672721624374390e-02 8.116638541327984575e-26 2.299409035573518612e-13 5.144212746749365905e-12 7.732161919475294475e-35 1.161994455911115177e-17 6.760928483728889660e-10 1.081820279332620763e-35 1.315289159054336410e-13 4.350250215415768124e-31 6.613046675920486450e-02 1.000000000000000000e+00 5.871890616120768545e-21 0.000000000000000000e+00 1.435640377466049916e-14 5.217039152041830988e-26 4.028149883962550692e-14 4.351146882506575365e-31
9.999626874923706055e-01 3.252160549163818359e-01 4.707690681726717230e-09 4.997658038519148249e-07 4.920526989735662937e-04 5.745216108410389211e-11 8.405265212059020996e-02 1.508191460743546486e-03 4.928543046116828918e-02 6.325679464680433739e-07 8.456247451249510050e-05 4.232103377580642700e-02 3.667306900024414062e-02 3.232296208466323151e-08 1.884802426979637069e-12 1.825354775064624846e-05 8.133436494972556829e-05 3.832425576888454088e-08 3.425578400492668152e-02
1.000000000000000000e+00 3.811770379543304443e-01 2.011174274230143055e-06 9.354720532428473234e-05 3.689208824653178453e-05 4.233894980944008296e-16 3.040813467691805272e-08 1.615712099010124803e-04 1.889898588424814832e-17 4.578273546940181404e-07 2.709996398293779141e-13 9.242977201938629150e-02 9.936096668243408203e-01 1.276651005355233792e-06 7.197562545875420725e-17 3.876026823945721844e-07 7.013490916502052031e-12 6.108548404881730676e-07 6.121797811514326226e-14
1.000000000000000000e+00 1.531326677650213242e-03 5.050584686215336529e-28 2.506957419434741041e-10 3.487715125083923340e-01 6.320028788619749982e-29 5.149209769683693594e-08 4.655260552044460098e-12 1.281671905261185368e-22 3.561832411994167100e-15 1.074248818842372524e-21 9.415643811225891113e-01 5.798301572212949395e-05 6.330019832401217940e-21 1.370103065525056882e-34 2.060940446080294919e-10 2.292139976697101129e-17 7.725499213613604520e-20 1.724296584253156842e-22
9.999268054962158203e-01 4.992199689149856567e-02 9.999830722808837891e-01 9.181839999428120791e-08 4.144670092500746250e-04 1.294484945667598308e-13 5.135060564498417079e-05 7.594440830871462822e-04 6.233357471678580009e-13 3.276945790275931358e-04 3.663084766070134890e-11 3.261327147483825684e-01 9.991582632064819336e-01 1.963919231684485567e-07 2.532298169440928837e-14 3.807564789894968271e-04 4.387664898075627207e-09 3.540539808000175981e-07 3.724446528963198944e-08
7.096429467201232910e-01 4.515603780746459961e-01 7.728619128465652466e-02 1.798506081104278564e-01 8.978872001171112061e-02 1.385272014886140823e-02 1.910526752471923828e-01 3.531589210033416748e-01 1.423335447907447815e-02 2.300878167152404785e-01 3.128124773502349854e-02 3.597743511199951172e-01 6.044849157333374023e-01 6.537012755870819092e-02 1.525110565125942230e-02 1.363311558961868286e-01 5.439712107181549072e-02 1.616589874029159546e-01 1.536497380584478378e-02
1.953587229763797950e-07 2.763078191492240876e-05 1.942757080541923642e-06 8.443599217571318150e-04 3.346549874549964443e-06 2.944752282019180711e-07 9.861624240875244141e-01 2.752665057778358459e-02 9.677589870989322662e-03 3.131638368358835578e-05 5.805075034004403278e-06 3.369757541804574430e-05 7.772748940624296665e-04 8.904684334993362427e-02 1.783664454706013203e-03 3.408731659874320030e-03 8.641263842582702637e-01 9.935427904129028320e-01 1.052538718795403838e-04
1.390803023241460323e-03 3.073453903198242188e-03 9.695459448266774416e-05 6.575714796781539917e-03 8.172319270670413971e-03 1.424128422513604164e-04 9.383993744850158691e-01 1.465740203857421875e-01 2.473377157002687454e-03 1.620390266180038452e-01 9.280678350478410721e-04 4.127713143825531006e-01 1.211247518658638000e-01 2.080950653180480003e-03 8.563879877328872681e-03 2.106618285179138184e-01 5.301791429519653320e-01 1.246281061321496964e-02 2.705585677176713943e-03
3.335328074172139168e-03 7.619687676196917892e-05 5.988439255588673404e-08 4.412851121742278337e-04 1.774699376255739480e-05 1.586577127454802394e-05 6.079492741264402866e-04 8.790722116827964783e-03 2.226239281810649118e-08 9.999712705612182617e-01 1.368094331155589316e-06 2.980605065822601318e-01 1.255235914140939713e-02 7.820265324198771850e-08 6.087949486754951067e-07 2.528983354568481445e-02 6.559743633260950446e-05 1.410699100233614445e-03 1.767921986584042315e-08
1.268790289759635925e-02 3.425374627113342285e-01 1.624348456971347332e-03 4.164972305297851562e-01 1.349670696072280407e-03 3.754278586711734533e-04 1.869319975376129150e-01 5.889598727226257324e-01 6.680609076283872128e-04 4.112136960029602051e-01 1.202510204166173935e-03 2.690011821687221527e-02 8.758749812841415405e-02 6.973716020584106445e-01 9.141876362264156342e-03 9.515714645385742188e-02 1.626996397972106934e-01 1.254953593015670776e-01 2.597779384814202785e-04
1.052433990040495086e-15 2.035017813983852619e-11 1.792237148620645648e-13 6.051553924635300064e-09 9.629773541075525856e-12 2.177245119009077619e-16 9.999958276748657227e-01 4.034302756190299988e-02 6.072192082484662023e-09 1.288878382183611393e-03 1.647602367038647486e-11 8.789171697571873665e-04 7.367826583504211158e-06 1.329952254991439986e-07 1.583116784331650706e-07 1.159338373690843582e-02 9.972787499427795410e-01 1.182223627438361291e-06 4.364194783335051397e-09
6.904282435445334662e-27 6.565402395976921512e-21 7.932380103941573204e-23 1.500870933611453406e-12 5.899377682473063605e-19 1.727703681898377378e-26 1.000000000000000000e+00 2.756547246463014744e-06 8.899504126257812286e-14 2.387749937007854761e-12 5.184792717186169329e-21 1.632752821834060342e-10 2.588501357703165695e-10 7.212628931607678595e-12 3.119173808130426551e-10 3.774021308800001862e-07 9.999994039535522461e-01 9.003181880573585261e-12 1.306116673149837482e-13
6.662515401840209961e-01 8.874053508043289185e-02 5.460786819458007812e-01 4.339585825800895691e-02 1.517351567745208740e-01 1.720679807476699352e-03 2.107472270727157593e-01 1.318499594926834106e-01 1.882336451672017574e-03 4.578679502010345459e-01 4.935038276016712189e-03 5.270952582359313965e-01 4.949789941310882568e-01 4.807502496987581253e-03 1.568844658322632313e-03 1.250931173563003540e-01 1.717385090887546539e-02 2.656191959977149963e-02 5.717806518077850342e-03
3.645434277132153511e-03 4.101922058907803148e-06 6.035827393446879796e-10 9.999998807907104492e-01 1.119579304940998554e-03 1.911830258904956281e-05 3.240210353396832943e-04 6.755256890755845234e-06 3.592340869218446642e-09 2.449537999927997589e-02 7.372044598039084740e-13 2.435059059280320071e-06 1.897255569929257035e-04 4.464694029593374580e-06 3.457141574472188950e-04 1.884306220745202154e-05 5.578282289206981659e-04 1.801834201842211769e-07 2.049835995387994103e-12
8.637319842819124460e-05 5.679953028447926044e-05 5.411512756836600602e-05 3.543385537341237068e-04 8.145724132191389799e-05 7.124118837964488193e-06 1.819512620568275452e-02 3.797902166843414307e-02 3.062802420572552364e-07 9.998530149459838867e-01 2.466085106789250858e-06 6.137907505035400391e-01 6.066232919692993164e-03 5.614631845674011856e-06 8.233465450757648796e-06 2.448371052742004395e-01 1.971825258806347847e-03 2.788080135360360146e-03 1.139707634933984082e-07
9.829970449209213257e-02 8.256205171346664429e-02 9.976724982261657715e-01 4.871523007750511169e-02 3.359018638730049133e-02 9.848477784544229507e-04 1.080442592501640320e-01 3.129618763923645020e-01 2.583333116490393877e-04 6.488083004951477051e-01 1.025536214001476765e-03 1.241706311702728271e-01 2.695283293724060059e-01 6.898216903209686279e-02 7.418503053486347198e-03 2.305308431386947632e-01 2.977332100272178650e-02 2.126859873533248901e-02 1.390217570587992668e-03
1.178656283684631489e-08 1.598975813976721838e-06 1.294888848923925195e-11 3.360903974680695683e-06 5.078802132629789412e-05 2.475118208167259581e-07 9.999910593032836914e-01 8.203290235542226583e-06 2.303979563293978572e-04 6.976014446991030127e-06 3.663521486174659003e-09 1.845575054176151752e-03 6.431174697354435921e-04 2.068247113129473291e-06 4.239524787408299744e-05 1.071542967110872269e-03 6.551173981279134750e-03 5.360027444112347439e-07 9.352104825666174293e-06
4.444885533303022385e-03 2.673537710506934673e-05 1.494063894824648742e-07 2.657195329666137695e-01 6.170769333839416504e-01 8.165929466485977173e-05 6.785352230072021484e-01 1.394867576891556382e-04 1.451850112061947584e-04 3.778136149048805237e-02 4.229202943406562554e-07 8.694986104965209961e-01 2.019732724875211716e-03 5.309226253302767873e-06 8.232882828451693058e-05 2.892611324787139893e-01 1.621693931519985199e-02 2.728191670030355453e-03 2.323237367818364874e-06
4.406202211976051331e-02 1.265460345894098282e-02 1.219611076521687210e-04 9.703522920608520508e-01 2.655199030414223671e-03 1.579840318299829960e-05 3.670369386672973633e-01 5.033852905035018921e-02 5.035159992985427380e-04 9.361668489873409271e-04 2.158378629246726632e-04 2.191397070419043303e-04 8.477146737277507782e-03 6.082117184996604919e-02 6.332933902740478516e-02 1.007579150609672070e-03 8.978620171546936035e-01 1.816440024413168430e-03 5.094256266602315009e-05
9.931956529617309570e-01 1.317857531830668449e-04 1.916111436184309014e-10 3.291791677474975586e-01 9.466941952705383301e-01 6.300222121780052476e-09 3.006895184516906738e-01 1.403657165610638913e-06 1.513752977189142257e-06 6.736206614732509479e-07 3.297380501976476808e-08 6.092391014099121094e-01 2.318924634892027825e-05 9.573533787943233619e-08 1.023271920530532952e-06 4.805360920727252960e-03 4.808365367352962494e-03 3.927004570414283080e-07 1.227016621641041638e-08
5.175210482377679000e-09 1.155586687673348933e-06 2.294854084539110772e-08 4.246253593009896576e-05 1.154085452981234994e-06 9.078122786831954727e-08 9.999866485595703125e-01 1.238746684975922108e-03 1.717371307313442230e-02 1.082664880414085928e-06 3.477309519439586438e-06 2.891959957196377218e-05 2.617135469336062670e-04 1.106410520151257515e-03 1.161551754921674728e-02 1.572353794472292066e-04 8.843802213668823242e-01 1.152382465079426765e-04 1.744365668855607510e-03
3.616148802620955394e-08 9.369619874632917345e-06 4.716293631190637825e-07 2.269504329888150096e-05 1.276144644180021714e-06 1.601714849641666660e-08 9.999296665191650391e-01 9.415852837264537811e-03 2.080628424882888794e-01 1.316049861088686157e-06 3.053026448469609022e-04 6.891950761200860143e-05 1.443462824681773782e-04 9.226605179719626904e-04 2.266565104946494102e-03 4.559754743240773678e-04 9.888123273849487305e-01 1.781668048352003098e-03 2.934774383902549744e-02
6.329040616037673317e-07 3.092539600402233191e-06 2.541013088830368361e-07 2.038356382399797440e-03 1.984727350645698607e-05 5.766104322901810519e-07 9.992203712463378906e-01 3.487972309812903404e-03 1.219534387928433716e-04 4.191661719232797623e-05 1.389108348348599975e-07 3.416575200390070677e-04 1.981639768928289413e-03 5.817150813527405262e-04 1.940679736435413361e-02 5.709123797714710236e-04 9.469311237335205078e-01 1.045860553858801723e-04 8.456102659692987800e-05
1.588203944265842438e-02 2.217613160610198975e-03 5.903285345993936062e-04 8.724114894866943359e-01 2.209942042827606201e-02 8.685757517814636230e-01 4.477040842175483704e-02 5.076960660517215729e-03 2.811430953443050385e-02 3.979369532316923141e-03 1.467289894208079204e-05 2.686282678041607141e-04 8.386022411286830902e-03 1.104572042822837830e-02 2.445475757122039795e-01 8.760752389207482338e-04 3.107328712940216064e-02 3.880323469638824463e-02 6.552593549713492393e-04
1.240271795541048050e-02 4.131795722059905529e-04 5.794117460027337074e-04 9.828522801399230957e-01 1.787170331226661801e-04 2.859893627464771271e-02 1.580858044326305389e-02 1.633038930594921112e-02 5.931967734795762226e-06 9.599423408508300781e-01 3.084143713749654125e-07 7.562901009805500507e-04 1.601445116102695465e-02 3.453375538811087608e-03 3.424403965473175049e-01 1.896546600619331002e-04 1.285621058195829391e-02 2.105853334069252014e-02 1.395473816501180409e-07
2.723630654344333379e-09 5.273292566498888334e-11 2.616380800774258282e-15 4.095617216080427170e-03 9.718842804431915283e-03 2.398098731646314263e-04 9.999696016311645508e-01 7.963911648201094096e-12 3.304993966594338417e-03 6.132497287758553739e-12 7.454227901983797450e-15 9.401532565789239015e-07 6.685466402700512845e-09 6.827126242114900379e-08 1.056079054251313210e-03 2.593082854218664579e-06 1.717523264233022928e-05 5.510351570592320058e-07 7.429878934317457606e-09
6.062403917312622070e-01 1.657536625862121582e-01 3.406225005164742470e-03 2.526059560477733612e-02 3.096792288124561310e-02 1.013049273751676083e-03 7.367436587810516357e-02 1.369197815656661987e-01 1.171574112959206104e-03 5.220791101455688477e-01 3.473201533779501915e-03 5.073961019515991211e-01 7.362657785415649414e-01 1.712077413685619831e-03 4.244854208081960678e-04 1.264219582080841064e-01 7.551399525254964828e-03 6.766831874847412109e-02 2.468412742018699646e-03
1.204485469696869870e-11 4.023923239060422929e-08 6.201120160035733866e-15 5.800342187285423279e-04 3.575499931685044430e-07 4.247763807363469368e-10 9.999779462814331055e-01 1.360911142000986729e-06 1.573425151946139522e-06 2.976130599563475698e-05 5.846668635345331211e-13 2.273509744554758072e-05 1.518912813480710611e-05 2.770169373889075359e-07 5.660156148223904893e-07 2.149953070329502225e-04 1.050154212862253189e-03 5.285179849323640155e-09 8.906026471855454929e-10
9.130666001055942615e-09 3.611393424307607347e-07 4.357072758143232249e-10 5.696195643395185471e-03 4.783389522344805300e-05 1.662342015151807573e-07 9.999431371688842773e-01 2.919183680205605924e-05 5.869903179700486362e-05 6.136245701782172546e-06 3.556553107575410877e-10 9.907078492688015103e-05 2.243551716674119234e-04 6.664358807029202580e-05 1.059721340425312519e-03 5.383780808188021183e-04 5.205262452363967896e-02 3.737027782335644588e-06 4.802874968845571857e-07
9.596162438392639160e-01 8.528092503547668457e-01 1.421906631549063604e-06 9.994658827781677246e-01 6.871235673315823078e-04 9.609298246004982502e-08 1.097745553124696016e-04 6.124078482389450073e-02 6.285965525876235915e-08 1.887303078547120094e-04 3.827073305728845298e-05 1.527096464997157454e-04 4.507473856210708618e-02 3.579888343811035156e-01 2.152943778810367803e-07 1.486478722654283047e-03 8.455441275145858526e-05 2.299261395819485188e-04 1.622335474849023740e-07
5.602163219009526074e-05 2.105896101056714542e-06 2.070444482527022956e-09 2.305935486219823360e-04 7.539558690041303635e-03 1.517920736660016701e-06 7.454394698143005371e-01 9.713438339531421661e-04 1.404338718202780001e-06 7.726938128471374512e-01 2.606294913221063325e-07 9.202729463577270508e-01 9.697640314698219299e-03 2.164501111678873713e-08 1.360704800390521996e-06 2.475103884935379028e-01 1.284491177648305893e-02 6.571117555722594261e-04 4.269256521638453705e-07
1.113344551413320005e-04 6.278553337324410677e-05 7.579707362790049502e-15 9.602270722389221191e-01 7.631128368101869341e-12 7.195089524181241813e-10 3.080361299367950778e-09 1.675558742135763168e-03 4.321315855562840951e-19 1.000000000000000000e+00 5.058731753805612019e-13 3.882391320075839758e-04 9.376298985444009304e-04 2.927718298906256678e-07 1.216074185794724372e-10 8.514367436873726547e-06 2.682398303477384616e-08 1.425897498847916722e-04 5.342633431436591415e-18
4.360531033476000573e-14 1.016863785015253985e-12 2.508544941960723475e-18 3.918657545000314713e-03 9.659581792220706120e-07 3.815144680174853420e-07 1.000000000000000000e+00 1.415774724018714625e-12 1.435277226846665144e-04 8.979308394174560261e-16 4.327735345802923575e-18 2.210824752435502916e-11 5.702354907710649456e-11 7.608846885887032840e-07 2.827874850481748581e-03 4.942037001853805123e-09 3.295293208793736994e-05 2.797771347928801333e-09 6.049827999676793411e-11
5.794216662025064579e-08 5.646182330565352459e-07 7.260270943471036631e-13 4.250701982527971268e-03 3.603074292186647654e-04 6.377427838742733002e-03 9.997021555900573730e-01 2.472469340375482716e-09 2.744957059621810913e-02 3.076361387854831264e-10 3.334971188095892103e-11 2.294232785970962141e-07 2.498196316480516543e-08 4.897547478321939707e-05 1.281484263017773628e-03 1.457377493352396414e-06 1.385321593261323869e-05 1.965310730156488717e-06 1.663517082306498196e-06
2.038923752056831518e-10 6.224448068081755991e-09 4.177455058086086128e-16 9.647908210754394531e-01 1.163827892014523968e-05 1.289247819613592583e-07 9.999881982803344727e-01 1.138011629375768052e-10 6.232439773157238960e-04 1.222276538878977470e-13 2.608384767400530324e-14 7.118956119045449782e-11 4.399461905890689195e-10 6.352010132104624063e-06 3.718273655977100134e-04 2.356266115555172291e-08 4.419483957462944090e-05 2.596690085177044693e-10 8.069177548364336872e-10
2.480656548868864775e-04 2.901365160942077637e-01 3.120592509731068276e-06 7.976968288421630859e-01 8.991930371848866343e-06 4.473536421301105293e-07 3.999868035316467285e-02 4.925732910633087158e-01 7.413234470732277259e-07 7.090458273887634277e-02 1.047941736942448188e-06 7.642174023203551769e-05 7.495493628084659576e-03 9.789276123046875000e-01 1.396057195961475372e-04 7.093777880072593689e-03 4.402320459485054016e-02 1.467545423656702042e-02 9.191038685685271048e-08
1.162710133939981461e-02 4.428104963153600693e-03 6.559404428116977215e-04 8.435490727424621582e-01 9.661265648901462555e-03 5.923056975007057190e-03 5.107324719429016113e-01 7.317891716957092285e-02 2.052778145298361778e-03 2.768703103065490723e-01 6.822245632065460086e-05 1.285872980952262878e-02 5.086125433444976807e-02 1.738727837800979614e-02 1.450790315866470337e-01 1.423221733421087265e-02 3.230782151222229004e-01 1.712642237544059753e-02 1.419306354364380240e-04
2.117058528483539703e-07 1.628272059406299377e-07 1.088456684783523087e-07 6.209951043128967285e-01 2.955508193736022804e-07 6.644711447734152898e-07 8.046168684959411621e-01 4.714035894721746445e-03 5.417549004960164893e-07 2.090109919663518667e-04 5.515748621731653145e-11 4.187739648386923363e-07 3.049503429792821407e-04 2.256285864859819412e-03 8.082377910614013672e-02 1.180652270704740658e-05 9.910876154899597168e-01 1.835434464737772942e-03 2.798658549352239788e-08
3.469976484775543213e-01 1.342907489743083715e-04 1.339454214210888949e-09 3.609315317589789629e-04 3.917827457189559937e-02 9.114432032220065594e-06 1.347720175981521606e-01 1.140015519922599196e-04 2.949667305074399337e-06 7.772551774978637695e-01 9.330400274620842538e-08 7.939990758895874023e-01 2.421099506318569183e-02 1.571459185001344849e-09 2.034663992844798486e-08 9.345320053398609161e-03 4.975631964043714106e-05 1.545634404465090483e-05 6.648203907388960943e-07
9.999996423721313477e-01 3.633931977674365044e-03 1.456491448715430126e-14 6.880146884213900194e-06 5.804460048675537109e-01 1.302260979173935906e-13 7.914541661739349365e-02 2.857048819748797541e-08 1.831804866014863364e-06 4.776289919128373640e-10 4.261675456973534892e-09 7.780529856681823730e-01 6.382157607731642202e-06 1.286864798749620675e-11 2.377368220091592016e-14 7.113935225788736716e-06 6.289754992394591682e-07 4.421691311706776872e-12 1.094527419809310231e-07
1.266540307551622391e-02 9.494433403015136719e-01 1.690641582285934419e-08 9.999111890792846680e-01 1.382719148068645154e-07 1.886890643731931050e-10 2.459471943438984454e-05 1.651321649551391602e-01 9.119847932392843859e-11 1.912798381908942247e-07 1.278080308253493058e-08 8.843986654127888869e-10 2.568690106272697449e-04 9.979008436203002930e-01 2.528309650529081409e-08 2.468462298566009849e-05 3.648626079666428268e-05 7.094961620168760419e-05 9.625238973909322482e-12
4.351184907136484981e-05 3.365132954513683217e-07 7.653670449150884458e-14 3.478027647361159325e-03 1.136376881483158741e-09 4.115767069379216991e-07 1.886533311790117295e-07 1.116695930249989033e-04 1.604868920591397130e-14 1.000000000000000000e+00 8.824499291015808211e-12 1.890261657536029816e-02 1.707169139990583062e-04 2.488738035100190871e-11 4.553130317219711287e-09 6.486354686785489321e-05 6.686055087357090088e-08 5.099931513541378081e-06 4.208535290959247374e-15
7.216435670852661133e-02 2.046574838459491730e-02 6.465046107769012451e-02 3.907568380236625671e-02 1.615994423627853394e-02 1.127387396991252899e-02 8.213488012552261353e-02 1.927798241376876831e-01 1.205090200528502464e-03 9.729894399642944336e-01 4.834566731005907059e-03 4.231798648834228516e-01 1.811265498399734497e-01 3.594055073335766792e-03 6.690096575766801834e-03 2.001866400241851807e-01 2.366692386567592621e-02 7.164764404296875000e-02 8.861979003995656967e-04
3.512210184908326482e-07 3.202175503247417510e-05 1.934668647507464811e-09 1.617791554053837899e-07 1.394908758811652660e-04 2.857169079106824938e-07 9.999784231185913086e-01 9.388886246597394347e-05 1.571678929030895233e-02 2.391589077888056636e-05 1.108519245462957770e-05 4.344249889254570007e-02 7.312815636396408081e-03 2.235028659924864769e-06 3.474998084129765630e-05 9.405202232301235199e-03 2.499417960643768311e-02 8.956123565440066159e-06 3.912200685590505600e-03
4.031092103105038404e-04 8.832269486447330564e-06 4.742271245833373783e-12 4.660364065784960985e-04 1.609676725244924000e-09 7.261632362087766523e-08 6.173538054099481087e-07 2.534069819375872612e-03 1.013656525253661678e-13 1.000000000000000000e+00 2.200738258295587002e-09 5.062653496861457825e-02 1.827588886953890324e-03 1.757508805155794107e-09 6.314209710645002360e-10 1.059473026543855667e-03 3.156348782340501202e-07 1.853054127423092723e-04 5.185268447255308999e-13
1.105682458728551865e-03 1.324895856669172645e-04 1.065139513229951262e-04 4.611190557479858398e-01 4.444608348421752453e-04 9.269781112670898438e-01 1.939827576279640198e-02 1.214104122482240200e-03 4.725385457277297974e-03 4.643668653443455696e-04 1.642489309006123221e-07 3.078635472775204107e-06 8.156263502314686775e-04 9.558662772178649902e-03 7.909435629844665527e-01 8.347933544428087771e-06 1.592805981636047363e-02 1.767275854945182800e-02 5.876024442841298878e-05
9.741931557655334473e-01 7.785002235323190689e-04 2.206481351796352186e-11 7.092385345686125220e-09 8.100897818803787231e-02 2.029221679578085968e-09 8.035584688186645508e-01 4.319745983139000600e-07 3.695714054629206657e-03 5.152764424565248191e-05 6.386811719494289719e-07 9.586635231971740723e-01 1.738299964927136898e-03 9.959229621547827094e-12 1.156114592081036729e-12 1.957204192876815796e-03 2.267972149638808332e-06 1.474384347943669127e-08 1.674048486165702343e-03
4.767614518641494215e-05 3.173983350279740989e-05 3.906357567757368088e-03 2.974254603032022715e-04 7.015250157564878464e-04 1.259557848243275657e-05 1.669729799032211304e-01 7.346226274967193604e-02 4.962138518749270588e-06 9.982264637947082520e-01 3.519755409797653556e-06 7.554504871368408203e-01 9.202646091580390930e-03 1.067570883606094867e-05 3.313482011435553432e-05 3.840636610984802246e-01 8.129028603434562683e-03 2.647799672558903694e-03 1.432651515642646700e-06
1.399363191012525931e-05 1.344721968052908778e-04 4.024047761674864887e-11 9.999724626541137695e-01 9.706850978545844555e-04 5.231420296958333438e-10 9.020004868507385254e-01 2.022739136009477079e-05 1.869910338427871466e-04 9.415116437594406307e-07 8.517183403000672115e-08 2.758369646471692249e-06 1.211880862683756277e-05 1.131755299866199493e-03 6.099529855418950319e-06 7.227044552564620972e-04 9.904744103550910950e-03 1.461532228574924375e-09 6.045787870334606851e-08
2.451488673686981201e-01 1.625123433768749237e-03 8.138507229249469788e-12 7.130159735679626465e-01 6.861256562906703493e-10 9.923571964165489590e-10 1.186876907866007969e-08 3.370299236848950386e-03 7.999957518553909479e-17 9.999843835830688477e-01 1.603564850349847859e-11 4.508107900619506836e-03 2.103095352649688721e-01 2.151788436322021880e-07 4.156372468422375732e-11 2.023497472691815346e-05 4.834004307952000090e-09 2.032299991697072983e-03 1.028380939432915753e-13
5.370973958633840084e-04 1.952054735738784075e-04 4.789038712260662578e-07 3.938691952498629689e-05 2.751367911696434021e-02 4.292420670390129089e-02 5.225555896759033203e-01 1.560340868309140205e-03 5.522029940038919449e-03 9.136089086532592773e-01 1.683759728621225804e-05 5.850493311882019043e-01 2.202383056282997131e-02 3.911000590051116887e-07 1.128753774537472054e-05 1.606744974851608276e-01 6.004445021972060204e-04 6.254647159948945045e-04 1.206728164106607437e-03
1.468004435300827026e-01 7.225252985954284668e-01 6.152305603027343750e-01 7.092779874801635742e-01 1.123284455388784409e-02 5.582476966083049774e-03 1.347825974225997925e-01 4.233225882053375244e-01 3.104893490672111511e-03 1.134548056870698929e-02 3.489438071846961975e-02 5.205731838941574097e-03 6.532256305217742920e-02 8.476309180259704590e-01 3.137830644845962524e-02 6.094815954566001892e-02 4.947952181100845337e-02 6.120181083679199219e-02 2.416309434920549393e-03
9.395918808877468109e-03 9.116197228431701660e-01 2.248605742352083325e-04 2.401902228593826294e-01 7.658435060875490308e-05 1.107128337025642395e-02 3.461157977581024170e-01 1.047871634364128113e-01 2.606765599921345711e-03 8.670064562465995550e-05 1.046435092575848103e-03 3.885626210831105709e-05 9.894685354083776474e-04 9.562293291091918945e-01 2.354245370952412486e-04 4.102505336049944162e-04 1.635602908208966255e-03 9.682461968623101711e-04 3.792192728724330664e-05
1.002328395843505859e-01 2.106189168989658356e-02 1.755901321303099394e-04 1.604156568646430969e-03 4.340325295925140381e-02 5.449210293591022491e-03 4.874045252799987793e-01 3.909337148070335388e-02 2.150620520114898682e-02 6.985376477241516113e-01 4.458195064216852188e-03 5.966081023216247559e-01 3.214657902717590332e-01 6.561907503055408597e-05 2.023041306529194117e-04 1.670738309621810913e-01 8.065351285040378571e-03 7.861573249101638794e-03 1.743519678711891174e-02
6.147109866142272949e-01 4.383810758590698242e-01 8.596132993698120117e-01 6.838443875312805176e-02 7.802913337945938110e-02 1.315448898822069168e-02 5.322693586349487305e-01 3.256610035896301270e-01 1.821429878473281860e-01 9.022340178489685059e-02 3.358775004744529724e-02 1.928281038999557495e-01 2.802751064300537109e-01 6.643599271774291992e-02 1.499360054731369019e-02 7.987207919359207153e-02 1.670975238084793091e-01 2.250824309885501862e-02 1.737955659627914429e-01
5.032948683947324753e-03 7.495166361331939697e-02 5.113270878791809082e-02 1.344959717243909836e-02 3.252280503511428833e-02 1.114548221230506897e-01 7.433663010597229004e-01 1.375939846038818359e-01 4.277563467621803284e-02 1.286803334951400757e-01 2.784113632515072823e-03 1.145586818456649780e-01 7.904371619224548340e-02 6.982587277889251709e-02 1.500852871686220169e-02 1.257282346487045288e-01 5.271191522479057312e-02 1.513782236725091934e-02 1.529067289084196091e-02
5.602018427453003824e-05 2.513286017347127199e-04 1.489881560701178387e-05 7.540039368905127048e-04 1.464117376599460840e-04 7.053198487483314238e-07 9.966883063316345215e-01 1.472116354852914810e-02 5.199446342885494232e-03 6.131909321993589401e-05 3.308837476652115583e-04 3.909253049641847610e-03 2.887593349441885948e-03 9.056276758201420307e-04 2.234866283833980560e-02 3.154854988679289818e-03 9.844748973846435547e-01 2.945398155134171247e-04 3.344414010643959045e-02
7.082580327987670898e-01 6.625608354806900024e-02 1.279990424762900147e-08 4.305870243115350604e-05 7.617442868649959564e-03 2.148160319848102517e-06 1.818838864564895630e-01 4.260044544935226440e-03 4.018367617391049862e-04 3.291150033473968506e-01 8.607719792053103447e-05 7.774403691291809082e-01 2.614513933658599854e-01 8.102789905706231366e-08 8.860419953293785511e-09 1.779586076736450195e-02 1.340407616226002574e-04 4.755463669425807893e-05 4.677984688896685839e-04
8.953343629837036133e-01 3.525034487247467041e-01 1.929522295540664345e-05 1.494642626494169235e-02 3.570515895262360573e-03 2.617461177578661591e-05 9.470205754041671753e-03 8.092037588357925415e-02 3.759282844839617610e-05 3.044577836990356445e-01 2.049332251772284508e-04 3.796378374099731445e-01 8.207483887672424316e-01 2.048375026788562536e-04 3.258003516748431139e-06 2.269607409834861755e-02 3.324682475067675114e-04 2.114512398838996887e-02 1.643411378609016538e-04
7.238336205482482910e-01 7.645951995982613880e-07 2.554625506600130469e-20 3.703368314051866395e-14 1.870971609605476260e-04 2.990061811428829097e-13 9.998344182968139648e-01 2.025031948428720162e-15 7.864232063293457031e-01 1.099485736830163596e-12 1.874286142955483569e-10 7.077712416648864746e-01 5.689448218104686816e-11 1.400948488750024940e-17 1.734024541446424288e-16 3.120986136195824656e-08 7.010638736204555244e-09 5.302657726975745778e-13 2.812577486038208008e-01
2.323622466064989567e-04 6.114591960795223713e-04 2.921531350175143871e-10 5.218749120831489563e-02 3.453682409599423409e-03 1.984358277695719153e-05 9.997327923774719238e-01 2.287533106937189586e-06 1.081745326519012451e-01 5.677226244671373934e-09 1.444484132662182674e-05 6.958199810469523072e-05 1.458713882129814010e-06 1.747537055052816868e-03 3.481704741716384888e-02 2.150038199033588171e-05 6.920806132256984711e-03 7.181293767644092441e-06 7.101013325154781342e-04
9.878796935081481934e-01 3.106324076652526855e-01 1.894067463581450284e-05 1.775846779346466064e-01 8.600499480962753296e-02 1.211589733429718763e-05 4.371387511491775513e-02 4.160922765731811523e-02 1.334250991931185126e-04 1.181448902934789658e-02 1.172137912362813950e-03 3.289017975330352783e-01 2.011552751064300537e-01 1.238961354829370975e-03 2.315850542800035328e-05 1.144988555461168289e-02 5.426137708127498627e-03 1.058152643963694572e-03 1.065656542778015137e-04
7.255761623382568359e-01 7.002543658018112183e-02 9.998074173927307129e-01 9.771798737347126007e-03 1.180114671587944031e-01 4.835269282921217382e-05 9.544727206230163574e-02 1.550170332193374634e-01 5.875957140233367682e-05 2.515849769115447998e-01 2.445904829073697329e-04 2.841663360595703125e-01 7.278370261192321777e-01 7.636571303009986877e-03 2.232696424471214414e-04 1.110353246331214905e-01 7.859212346374988556e-03 5.035310983657836914e-03 1.216703676618635654e-03
5.520118027925491333e-02 2.099382318556308746e-02 9.958416819572448730e-01 1.320322602987289429e-02 5.006672069430351257e-02 4.529792349785566330e-04 2.134745717048645020e-01 2.619300782680511475e-01 3.629161801654845476e-04 7.307138442993164062e-01 4.285947652533650398e-04 2.700167596340179443e-01 3.080874681472778320e-01 7.405660580843687057e-03 1.412365236319601536e-03 2.933874428272247314e-01 2.889707498252391815e-02 9.928850457072257996e-03 1.210636808536946774e-03
9.900856018066406250e-01 1.258739233016967773e-01 2.450208558002486825e-05 1.140919253230094910e-01 7.934509776532649994e-03 3.157949322485364974e-06 1.267452607862651348e-03 1.815068349242210388e-02 2.027176719821000006e-07 9.583792090415954590e-02 4.495035227591870353e-06 2.521705031394958496e-01 7.156782746315002441e-01 1.715550170047208667e-04 2.418486019450938329e-06 2.684994600713253021e-03 7.085921970428898931e-05 4.879928659647703171e-03 1.860181328083854169e-06
1.951484875917230966e-07 4.456118807283360184e-11 1.514704910168700906e-18 1.892838008643593639e-05 2.983169257640838623e-02 4.795660535350521059e-10 1.400090986862778664e-03 1.576629671262708143e-08 4.008078252431233890e-14 9.999992847442626953e-01 1.260107833982409935e-15 9.995141029357910156e-01 1.665561768504630891e-07 2.424311633061372595e-15 1.534265878407048422e-13 3.347902894020080566e-01 1.541273952909705258e-08 5.732449892548174830e-08 2.820488358075546708e-17
3.050747513771057129e-01 3.087804019451141357e-01 1.853849291801452637e-01 1.726630032062530518e-01 4.572186991572380066e-02 5.982197821140289307e-02 3.447725176811218262e-01 3.661225140094757080e-01 9.090789407491683960e-02 2.475830465555191040e-01 3.652999922633171082e-02 1.971824914216995239e-01 3.789052665233612061e-01 1.752289384603500366e-01 1.269384622573852539e-01 1.202342063188552856e-01 1.636736243963241577e-01 3.038970530033111572e-01 5.908770859241485596e-02
1.903484097773300299e-12 5.047380482320340533e-12 7.452324795412206149e-22 4.480047890553350703e-15 1.348425939795561135e-07 3.506441137446358880e-09 9.826349020004272461e-01 3.019715393293154193e-07 3.769872947145813669e-08 9.998037219047546387e-01 2.579453577816748222e-13 9.391218423843383789e-01 1.256414543604478240e-04 7.433281506357908568e-20 7.914389985524484042e-17 6.374367326498031616e-02 1.513551595166973129e-08 1.193194848481127224e-10 1.403773541852615381e-09
6.652732970633193355e-14 8.996980677827837170e-13 3.634881458325356363e-12 2.383869588375091553e-01 4.158041369984460944e-13 1.122214707228660902e-13 7.154796123504638672e-01 1.550756423966959119e-04 1.218011889264625225e-11 1.021190509931102497e-08 1.498589363884636544e-18 1.452717069902464964e-12 2.190688661585227237e-07 5.426441566669382155e-05 8.824655669741332531e-04 7.629699538824752381e-09 9.999952316284179688e-01 3.750215109903365374e-04 1.009164106446913678e-12
3.336525500330367322e-10 5.222419718897697294e-13 4.638758147946283467e-15 9.192798286676406860e-02 7.424569758995858137e-08 3.029790462960590958e-08 9.055981040000915527e-01 4.237626853864639997e-06 3.385110984924222244e-12 9.940539002418518066e-01 9.420825509070946389e-17 1.189247122965753078e-03 8.914632417145185173e-06 3.211595156482616176e-10 1.762836327543482184e-04 3.968870805692858994e-05 2.622858434915542603e-02 9.032715024659410119e-05 1.647678304558808371e-14
9.871523976325988770e-01 5.159208923578262329e-02 1.360849728371249512e-05 9.999419450759887695e-01 1.530794203281402588e-01 2.641479795784107409e-06 6.436304538510739803e-04 2.291508018970489502e-03 9.752542382557294331e-07 6.213771412149071693e-04 2.811223203025292605e-05 1.954077742993831635e-03 1.951364241540431976e-02 1.445505768060684204e-02 1.301135635003447533e-04 5.897416267544031143e-03 2.323145745322108269e-03 5.232182593317702413e-05 2.115776169375749305e-06
1.570157328387722373e-04 8.283635834231972694e-04 1.437113769497955218e-05 6.618288345634937286e-03 7.880091667175292969e-03 2.391599991824477911e-04 9.714033603668212891e-01 3.105131350457668304e-02 3.632738953456282616e-03 1.256559342145919800e-01 2.104433806380257010e-04 2.876521348953247070e-01 4.867539182305335999e-02 5.333917797543108463e-04 2.689359942451119423e-03 1.859260499477386475e-01 1.389678716659545898e-01 6.077099125832319260e-03 1.182679203338921070e-03
6.385499727912247181e-04 3.199707716703414917e-04 4.032515920698642731e-03 6.280907429754734039e-03 1.228852197527885437e-01 1.273962110280990601e-02 9.126812219619750977e-01 5.374586209654808044e-03 1.782904751598834991e-02 1.587915420532226562e-02 3.321476469864137471e-05 2.321886718273162842e-01 2.913625910878181458e-02 5.628222716040909290e-04 3.482990665361285210e-03 1.224984005093574524e-01 5.913328379392623901e-02 8.940037339925765991e-03 1.007362734526395798e-03
6.565664662048220634e-04 3.790003247559070587e-04 4.474133718758821487e-03 4.639031365513801575e-03 1.152389496564865112e-01 6.019728258252143860e-03 9.154530763626098633e-01 6.961958482861518860e-03 1.294872071593999863e-02 2.222930453717708588e-02 3.933347034035250545e-05 3.095089197158813477e-01 3.772492334246635437e-02 4.573141923174262047e-04 2.254784805700182915e-03 1.467244476079940796e-01 6.247475370764732361e-02 6.694389041513204575e-03 9.274105541408061981e-04
1.336987881517259780e-10 3.789746472193655791e-07 2.849089852929864719e-10 2.005238275160081685e-05 4.136850293434690684e-06 6.870757829346985091e-08 9.999940395355224609e-01 2.453320485074073076e-05 8.357250771950930357e-05 4.078401161677902564e-06 4.013272769665121587e-10 8.820647781249135733e-05 4.046448448207229376e-04 2.788538222375791520e-05 8.030006574699655175e-05 9.361806442029774189e-04 1.141266711056232452e-02 7.909277996986929793e-07 1.126804022533178795e-06
3.739086428347551401e-20 4.223250794351896334e-15 2.666006422980858408e-18 1.496728074812381237e-09 2.580897821846672713e-11 6.716750365533957767e-14 1.000000000000000000e+00 1.899486790080118226e-09 2.530252452004333463e-09 5.608082748187470656e-11 1.449122463989105237e-19 9.674543832716153702e-09 7.290511234714358579e-07 2.115541297698086964e-09 2.789708446471195202e-07 7.721522479187115096e-07 3.786629997193813324e-03 2.548908480115574804e-11 3.810645809315671428e-12
1.130430731660636567e-11 2.286824896113870409e-10 5.826991666957326288e-11 2.504996955394744873e-04 9.824918834056006745e-07 4.099518378097855020e-07 9.999967813491821289e-01 5.663649744747090153e-07 2.132752570105367340e-06 2.617663596993224928e-07 1.259084999346953004e-14 9.263616789212392177e-07 2.672209484444465488e-05 4.587155217450344935e-06 7.779154693707823753e-04 1.003659144771518186e-05 1.401918567717075348e-02 4.003922526862879749e-07 3.580315599549521721e-09
1.492052397225052118e-04 8.034800994209945202e-04 1.381904075969941914e-05 6.558148190379142761e-03 7.706122938543558121e-03 2.290692646056413651e-04 9.725728631019592285e-01 3.039599582552909851e-02 3.572599729523062706e-03 1.200727745890617371e-01 2.030667237704619765e-04 2.816560268402099609e-01 4.805161058902740479e-02 5.337627953849732876e-04 2.686552703380584717e-03 1.832713633775711060e-01 1.397677063941955566e-01 5.920617375522851944e-03 1.159596373327076435e-03
3.486055647954344749e-03 5.228164955042302608e-04 2.482398450374603271e-01 2.650290029123425484e-03 3.627183139324188232e-01 3.857676711049862206e-05 8.770260810852050781e-01 5.735628306865692139e-03 3.495557932183146477e-03 4.070851020514965057e-03 3.224198735551908612e-05 7.051658034324645996e-01 2.711395174264907837e-02 1.001171694952063262e-04 1.355251733912155032e-04 2.987692952156066895e-01 1.131427362561225891e-01 1.397223211824893951e-03 5.566367181017994881e-04
1.434772275388240814e-04 7.842215709388256073e-04 1.334187891188776121e-05 6.521643139421939850e-03 7.567612454295158386e-03 2.208865043940022588e-04 9.732899665832519531e-01 2.994117885828018188e-02 3.512197639793157578e-03 1.167879328131675720e-01 1.966827258002012968e-04 2.778955399990081787e-01 4.749008640646934509e-02 5.310862907208502293e-04 2.672374481335282326e-03 1.816508620977401733e-01 1.402026116847991943e-01 5.802859086543321609e-03 1.136442297138273716e-03
