1.418364699929952621e-04 1.168613744084723294e-04 5.834201147081330419e-06 9.999992847442626953e-01 2.379433908572536893e-06 7.974383152031805366e-06 1.395436847815290093e-04 2.300219051539897919e-02 3.408197613019581240e-10 3.019631003553513438e-05 1.243544330009616061e-12 1.278053878006613076e-11 2.267521776957437396e-04 8.854476809501647949e-01 8.289830386638641357e-02 7.906072596597368829e-07 3.158962121233344078e-03 9.291606545448303223e-01 5.873418505025762570e-12
2.616795200083288364e-06 5.706825049855979159e-06 1.093241826310986653e-05 9.609994888305664062e-01 3.086388460360467434e-07 6.249463185667991638e-03 1.007093396037817001e-02 6.896225269883871078e-03 5.316555871104355901e-07 5.722031928598880768e-04 1.784087634570941105e-11 2.284332722979343089e-09 2.196750574512407184e-04 5.789337307214736938e-02 9.327042698860168457e-01 3.755169473151909187e-07 1.252467334270477295e-01 6.309056878089904785e-01 7.238531440911799564e-10
1.024618837982416153e-02 5.533421877771615982e-03 2.448105078656226397e-04 4.651885014027357101e-03 9.257063269615173340e-02 2.582225501537322998e-01 4.627448916435241699e-01 1.520831882953643799e-02 2.720843069255352020e-02 7.470625638961791992e-01 6.873764214105904102e-04 3.787328302860260010e-01 6.550009548664093018e-02 1.965513074537739158e-04 2.989265602082014084e-03 1.406018584966659546e-01 9.771305136382579803e-03 1.043175254017114639e-02 9.186126291751861572e-03
9.985973238945007324e-01 3.111838996410369873e-01 2.144175141438608989e-06 9.889196753501892090e-01 4.470784068107604980e-01 1.712725747893273365e-07 5.119501147419214249e-03 4.576811101287603378e-03 7.833753443264868110e-06 4.844615978072397411e-05 1.431770855560898781e-03 5.265809595584869385e-02 7.765828631818294525e-03 5.644664634019136429e-03 6.373657583935710136e-07 7.288801018148660660e-03 1.167382695712149143e-03 2.741263415373396128e-06 4.611846634361427277e-06
3.662634408101439476e-04 5.799828386443550698e-07 7.510075339389743476e-10 7.505223948101047426e-06 8.017629384994506836e-01 1.145084297604626045e-05 9.100156426429748535e-01 5.563222771343134809e-07 2.449687337502837181e-03 1.318198977969586849e-03 8.067737411465714104e-08 9.876904487609863281e-01 3.423428861424326897e-04 1.476277433631878466e-09 9.024272884516904014e-09 3.270224928855895996e-01 1.708071213215589523e-04 2.902821870520710945e-05 7.840322723495773971e-06
3.244099389121402055e-07 4.028780642428841929e-10 2.128577749146173223e-17 1.241872809032429359e-07 1.524954815201873259e-11 3.829236094876620200e-10 1.041889952091423766e-08 1.086388601834187284e-05 1.994988907399471807e-17 1.000000000000000000e+00 6.982676698137624260e-14 7.431346178054809570e-02 6.697351636830717325e-06 1.045930153434121348e-15 1.971904627431908530e-13 2.267839590786024928e-04 6.035263400150370217e-10 1.943183605135345715e-07 1.510388991925128915e-18
1.188877263302856591e-06 1.561092858537449501e-06 3.874348308841035760e-08 6.714206654578447342e-03 1.334541360847651958e-03 1.528619691271160264e-06 9.973948001861572266e-01 7.690983475185930729e-04 5.024663914809934795e-05 3.367028199136257172e-03 5.638852584866071993e-08 4.733426496386528015e-02 4.621294327080249786e-03 1.875934867712203413e-05 7.257318357005715370e-04 2.833856455981731415e-02 1.564089208841323853e-01 2.748799452092498541e-04 3.330268100398825482e-06
2.265534808631762054e-21 1.094924832047968076e-17 1.509457732008723354e-23 1.000000000000000000e+00 2.836275231797057171e-23 4.509853854274370835e-28 1.912383013404905796e-04 5.287035492074210197e-06 7.963057800140351043e-24 1.420544026884491742e-15 1.177067535919362721e-35 1.342715384914896697e-28 3.039802838698119070e-13 1.427713868906721473e-04 4.070409431733423844e-07 1.022818391697651364e-19 1.000000000000000000e+00 1.271696877665817738e-03 6.603856695642742656e-29
8.192360997200012207e-01 1.805721549317240715e-03 5.930004931542498525e-08 5.190511941909790039e-01 5.382484960136935115e-05 3.219202199034043588e-06 5.459995009005069733e-05 2.773925196379423141e-03 3.520714275673242355e-10 9.990780353546142578e-01 3.877837428944985732e-08 7.697556167840957642e-02 2.475066483020782471e-01 2.862820736027060775e-07 2.584870912869519088e-07 4.640148254111409187e-04 3.674626896099653095e-06 1.361574977636337280e-03 3.293362249578990486e-09
2.752685304585611448e-06 3.816833498149208026e-07 4.682354415308509488e-07 9.999904632568359375e-01 1.472688950343581382e-06 2.605856685988783283e-08 6.280186772346496582e-02 1.786892767995595932e-03 1.011658454785901995e-07 5.489431259775301442e-06 5.600127566535162416e-12 1.084605183443443366e-09 8.413055184064432979e-05 6.479559233412146568e-04 3.715396625921130180e-03 5.024966753808257636e-07 9.758199453353881836e-01 1.249717843165853992e-05 1.241985958522207056e-10
4.952252493239939213e-05 3.220239595975726843e-04 6.904341862536966801e-04 1.415756940841674805e-01 1.284316647797822952e-03 9.456046427658293396e-06 9.720985889434814453e-01 4.266458004713058472e-02 2.349481219425797462e-03 1.376662403345108032e-03 5.717036401620134711e-05 8.879882283508777618e-03 1.051304675638675690e-02 8.135040290653705597e-03 1.999597810208797455e-02 2.799465321004390717e-02 8.539637327194213867e-01 7.686327211558818817e-03 1.257360912859439850e-03
4.526963166426867247e-04 3.167497197864577174e-05 1.173154640099483004e-08 2.358489437028765678e-04 1.172100426629185677e-03 4.568206350086256862e-05 1.836808957159519196e-02 4.291377495974302292e-03 1.285448433918645605e-06 9.997903704643249512e-01 1.092214120035350788e-06 7.450740933418273926e-01 3.653469029814004898e-03 8.019762276489927899e-08 1.062054479916696437e-06 1.441240012645721436e-01 3.161781642120331526e-04 6.740029202774167061e-04 1.145556041137751890e-07
5.178077518939971924e-02 2.041612751781940460e-04 1.578480919306457508e-07 5.336869071470573545e-05 1.016261830955045298e-05 5.510109986062161624e-07 1.566762512084096670e-04 4.431240260601043701e-03 5.710654171764417697e-09 9.997348189353942871e-01 7.470385980923310854e-07 3.486932218074798584e-01 3.441138863563537598e-01 6.835579657860080260e-09 4.714824974882958486e-09 1.839818805456161499e-02 1.922602450576960109e-06 1.833801623433828354e-03 6.935365348681443720e-08
1.821835711598396301e-02 4.538460925687104464e-04 5.184051406104117632e-05 9.593460559844970703e-01 4.268441796302795410e-01 2.272243145853281021e-03 6.911914944648742676e-01 1.659256638959050179e-03 8.035022765398025513e-03 2.495112130418419838e-03 4.490469291340559721e-05 7.454880326986312866e-02 4.510492552071809769e-03 6.323122652247548103e-04 2.686896361410617828e-02 8.780883252620697021e-02 1.960236132144927979e-01 5.271560046821832657e-03 1.752186944941058755e-04
2.465990953104402195e-11 5.445248082363732001e-24 2.863627430411058545e-31 1.000000000000000000e+00 5.866720457561314106e-04 9.895385899572062272e-11 9.738842345541343093e-05 7.369638843951189498e-21 5.447758807649097368e-14 3.697512847748519076e-20 1.102350684210309196e-33 8.309088810099266812e-18 1.861073991055301987e-17 6.294070595291406035e-21 1.123088289034512854e-09 1.687956279741373300e-13 1.252336642210138962e-05 3.053616395009062401e-20 7.710309539446658778e-27
6.365529170394498837e-14 5.495523133780544356e-11 3.664681405557423943e-13 8.652992278257443104e-08 1.982101371922340149e-09 4.341592732028110024e-14 9.998187422752380371e-01 3.124122507870197296e-02 6.488515835734176562e-10 7.867280840873718262e-01 7.205712155428090071e-12 3.769466876983642578e-01 1.986558527278248221e-05 3.666793313428229339e-09 2.847365188074491016e-08 1.568247228860855103e-01 4.716782867908477783e-01 3.462038876023143530e-06 2.636384999199492540e-10
5.935926750133546648e-11 5.026499216853608232e-10 1.483747478180086343e-12 2.421234512439696118e-06 2.321390184079064056e-06 1.102056640389648123e-10 9.839110374450683594e-01 1.212854171171784401e-03 4.036566636500538152e-09 9.825252294540405273e-01 4.703413353235319505e-11 9.162854552268981934e-01 7.942858792375773191e-05 4.924410323958738900e-10 2.605851712189632963e-08 3.889324069023132324e-01 1.323920022696256638e-02 1.964439434232190251e-05 4.660862251704145365e-10
6.120660600572591648e-08 5.576771044957240520e-09 4.569082742364449778e-14 2.184505092373001389e-07 1.748347244756587315e-06 5.682318171551514752e-09 3.934235312044620514e-03 2.787201956380158663e-04 1.315966224879616675e-10 9.999996423721313477e-01 8.938576961936561815e-11 9.018289446830749512e-01 3.168467083014547825e-05 2.507428509615494683e-12 2.063851173295105923e-10 1.378588378429412842e-01 1.258585143659729511e-05 8.571379112254362553e-06 2.353449683398234349e-12
1.277005998417735100e-03 1.533003814984112978e-04 7.025728700682520866e-05 3.941612958442419767e-04 1.172175398096442223e-03 2.951819042209535837e-04 3.597410023212432861e-02 2.977516688406467438e-02 2.163506178476382047e-05 9.993146657943725586e-01 3.212504816474393010e-05 5.678784251213073730e-01 2.798096090555191040e-02 1.973313146663713269e-06 2.036986552411690354e-05 1.672084182500839233e-01 1.220211619511246681e-03 3.678590757772326469e-03 4.271905709174461663e-06
7.206401973962783813e-02 1.490409136749804020e-03 9.562028026266489178e-06 7.852665730752050877e-04 1.645862503210082650e-04 2.862671317416243255e-05 1.781124505214393139e-03 2.044020406901836395e-02 6.599393600481562316e-07 9.982606768608093262e-01 2.709512773435562849e-05 3.603569865226745605e-01 2.662801146507263184e-01 1.030111093314189930e-06 1.054510221365489997e-06 4.359162226319313049e-02 8.074873039731755853e-05 8.386803790926933289e-03 3.112748800049303100e-06
3.765316089825133331e-16 1.121014427661083668e-13 1.368374798651692066e-18 7.024969363556010649e-06 7.397478611892438494e-07 5.718465794207067132e-14 1.000000000000000000e+00 5.183355480942175575e-11 1.844971620812430046e-06 5.509000644988298889e-14 2.970791773762311138e-16 8.355774525625747629e-07 1.769497437464906398e-08 7.383316180664678541e-09 1.141718257713364437e-05 7.556026048405328766e-06 5.983361043035984039e-03 5.312485451547388493e-10 1.711655400749023670e-10
2.054900833172723651e-04 3.674556865007616580e-06 4.454115132279667932e-10 5.898717427044175565e-05 6.823109970355289988e-07 1.783667016752588097e-06 4.246411117492243648e-05 1.891575870104134083e-03 2.557851430662338998e-10 9.999992847442626953e-01 3.542042392723487865e-08 2.090147137641906738e-01 1.371644670143723488e-03 1.794395632082057546e-09 2.899716911031191557e-08 9.484830312430858612e-03 5.093816980661358684e-06 1.803186751203611493e-04 5.496770399959771680e-11
8.741948249735287391e-07 2.291817509103566408e-06 3.499539547036079057e-09 1.408308349937215098e-07 8.028400689363479614e-02 9.997053742408752441e-01 1.145570538938045502e-02 7.330670825922425138e-08 1.761246472597122192e-02 2.650154381990432739e-02 7.674824664682944331e-10 5.422317422926425934e-03 4.008937321486882865e-05 7.235581911402277910e-09 1.752806497279379983e-06 4.712970927357673645e-03 9.348959224553254899e-07 2.730760752456262708e-05 4.929955466650426388e-04
5.503681278079541883e-12 3.515134849862988631e-08 1.521994474895649319e-10 9.874908328056335449e-01 1.392422808998983186e-11 1.123986225815866435e-13 9.971792697906494141e-01 4.441448836587369442e-04 3.566066197890904732e-08 8.770694170934234535e-10 1.012472102142857044e-13 1.631502143670596205e-13 8.873680599208455533e-07 1.873670518398284912e-02 2.196920249843969941e-04 2.048808056542839040e-08 9.983158111572265625e-01 5.231884756540239323e-07 1.706612212659663896e-10
2.529160352423787117e-03 2.671188849490135908e-04 3.620876523200422525e-04 6.795093417167663574e-01 5.794597417116165161e-02 1.265119411982595921e-03 9.394315481185913086e-01 1.736177946440875530e-03 6.757971830666065216e-03 5.424211849458515644e-04 3.948574430978624150e-06 8.374887518584728241e-03 6.044238340109586716e-03 1.973496284335851669e-03 8.763466775417327881e-02 1.027923636138439178e-02 2.145154625177383423e-01 1.249140012077987194e-03 1.929646241478621960e-04
1.837290939874947071e-03 8.836050255922600627e-07 2.096190243605633441e-08 9.954985380172729492e-01 2.770296077869716100e-06 4.970883950591087341e-03 4.817633889615535736e-04 9.038686403073370457e-05 7.655963640829099859e-10 9.999755620956420898e-01 1.046062021725635560e-11 5.425101262517273426e-04 1.083427690900862217e-03 9.289611568874533987e-08 4.652031231671571732e-03 3.191620180587051436e-06 5.317807517712935805e-05 2.458346352796070278e-05 2.996171886981979782e-12
3.258173819631338120e-05 1.072707345883827657e-05 3.757827187200746266e-07 1.311169180553406477e-04 5.804730113595724106e-03 9.999313354492187500e-01 2.535660983994603157e-03 1.876355668173346203e-06 2.456168644130229950e-03 6.035601720213890076e-03 1.730637522179279131e-09 6.504627526737749577e-05 1.470432907808572054e-04 1.065968535840511322e-05 1.009972207248210907e-02 3.010217733390163630e-05 4.536164851742796600e-05 5.737317260354757309e-04 3.714562990353442729e-05
2.980800127261318266e-05 9.138785799223114736e-07 2.235501339598044979e-09 6.437409319914877415e-05 4.981525242328643799e-03 8.763494491577148438e-01 1.635403335094451904e-01 4.316893864597659558e-06 5.311411587172187865e-05 9.065843820571899414e-01 8.656187433508932827e-10 1.286004949361085892e-02 8.999024285003542900e-04 9.715854787373245927e-09 1.110396988224238157e-04 6.176520255394279957e-04 1.472102940169861540e-05 3.536599979270249605e-05 1.356186089651600923e-06
6.900014337674065246e-09 1.633282948887426755e-07 9.893301289309874846e-09 8.049510506680235267e-05 1.048477133736014366e-05 1.887207334849705376e-10 9.998987913131713867e-01 1.212622388266026974e-03 1.818124110286589712e-05 1.209929359902162105e-05 6.572875577148806769e-08 6.245783064514398575e-03 6.513126427307724953e-04 1.440417781850555912e-05 1.700681750662624836e-04 6.014452315866947174e-03 9.669053554534912109e-01 9.717267857922706753e-06 2.819062501657754183e-05
8.578114648116752505e-05 1.185536166303791106e-04 5.609828440356068313e-05 6.643289327621459961e-01 3.000753713422454894e-05 1.324696859228424728e-05 3.041749000549316406e-01 5.374798923730850220e-02 3.839571581920608878e-05 9.013634407892823219e-04 1.482661673435359262e-07 1.868006802396848798e-05 3.111545462161302567e-03 4.030430689454078674e-02 1.557120680809020996e-01 2.397988864686340094e-04 9.891740083694458008e-01 6.989565491676330566e-02 8.974247975856997073e-06
3.482218333036923103e-22 1.144839937690459710e-16 1.338316662094868088e-22 1.989973952731816098e-06 1.197291404745910032e-14 3.149133384616753517e-11 1.000000000000000000e+00 3.297308986179720014e-13 8.827349233797576744e-07 1.155706540379686475e-20 1.317547279746719619e-23 8.287527210059729885e-19 2.563356699212399059e-13 1.794101990526542068e-05 4.911750089377164841e-03 1.788872259415701105e-14 1.027938211336731911e-03 9.278525864298003967e-12 2.509111354017518059e-13
1.568472088320227442e-11 8.745316276703718472e-11 3.014775235010702659e-11 5.022333934903144836e-03 6.491258375262987101e-08 1.418125924849966690e-12 9.999892711639404297e-01 8.147303560690488666e-06 4.331300118565195589e-08 2.991311420785791597e-09 1.400710873244309651e-13 1.493266381658031605e-06 7.150071724026929587e-06 1.302193254559824709e-06 3.335432265885174274e-04 9.626432074583135545e-06 9.943705201148986816e-01 9.117756860632653115e-08 7.951417302365371143e-09
1.932526004846241343e-24 2.703784831074837819e-21 8.107808683362402603e-21 3.353545616846531630e-04 1.287089145383632063e-17 4.915954856865160294e-25 1.000000000000000000e+00 9.024022501469275426e-11 2.145822870113682848e-15 2.641586422786462067e-20 7.783805337240408963e-27 2.690683272061234355e-16 2.099987718440221585e-12 1.586582427937077711e-11 2.760590689376840601e-07 1.861217126600256400e-12 9.999992847442626953e-01 4.093439607053385790e-15 1.314725233105416466e-16
4.110510926693677902e-03 5.896749280509538949e-05 1.824364517233334482e-05 9.996982812881469727e-01 4.519751761108636856e-03 9.783270955085754395e-02 1.770194806158542633e-02 7.868771208450198174e-04 4.297718114685267210e-04 5.086585879325866699e-04 5.516798040616777143e-08 7.502210337406722829e-06 1.485232147388160229e-03 8.017966756597161293e-04 9.591419249773025513e-02 1.022256474243476987e-04 1.501168776303529739e-02 2.665640786290168762e-03 2.084852212647092529e-06
1.606540009379386902e-02 2.327666617929935455e-02 8.093763608485460281e-04 1.269062049686908722e-02 1.470748148858547211e-02 9.176241583190858364e-04 4.113300740718841553e-01 3.523096144199371338e-01 3.129345364868640900e-03 8.251643776893615723e-01 8.433954790234565735e-03 6.167809963226318359e-01 1.948146075010299683e-01 2.939597936347126961e-03 3.654062515124678612e-03 3.348007798194885254e-01 1.840882301330566406e-01 4.997360706329345703e-02 2.091038739308714867e-03
4.252959543240598939e-14 1.057389565293995532e-19 3.003690825291952746e-38 1.498406815292341321e-10 5.112871497708892932e-12 7.836957277511150100e-20 1.226401705883839455e-11 7.819003826564988047e-14 5.591948290526931782e-32 1.000000000000000000e+00 3.543658059367404868e-30 9.984157085418701172e-01 3.058244033449925015e-13 2.820534183668105748e-30 8.134710235330949989e-26 7.500430219806730747e-04 1.442753204291719895e-17 1.016903075485545323e-15 3.131292671089800577e-36
1.416431700818066020e-07 2.356714077222932247e-07 1.196447083862805412e-21 1.095539703965187073e-02 6.591812227602428177e-18 4.900133711337531506e-14 3.125071599066608918e-12 3.453230019658803940e-04 1.223972051897150201e-25 1.000000000000000000e+00 7.247430287156037573e-17 1.896311441669240594e-04 1.047108162310905755e-05 4.287729199470291519e-11 5.445374176968516017e-16 1.663253669903497212e-06 2.396657525216561169e-11 7.786196874803863466e-06 5.180652696269478937e-24
1.724287765368838097e-17 2.736225454308239906e-17 8.045582511587784141e-26 2.427316973720866633e-13 7.018535492370192586e-12 2.435626075832030150e-18 4.557006992399692535e-03 1.015976067719748244e-06 3.442245169208596158e-19 1.000000000000000000e+00 1.442668419571402917e-20 9.982688426971435547e-01 3.961443950650789247e-10 1.331352204224213110e-20 6.188278783213334050e-18 3.060801923274993896e-01 1.542855301295276149e-07 5.764702049049219568e-10 2.059340199523431787e-22
5.496943503678630716e-13 2.160318224349384495e-16 6.833505665547070377e-28 5.797884416493259696e-13 6.002839064445921954e-15 1.016755122652461638e-16 9.134859535464556757e-10 2.369566232118813787e-08 1.637094341789738385e-24 1.000000000000000000e+00 8.692931126302482349e-22 7.130038142204284668e-01 1.595436005530359580e-09 3.864412637928801056e-24 1.609271803786245878e-20 7.574160117655992508e-04 7.669603342176645189e-13 7.999158280203033655e-11 5.414026733427657368e-27
4.518850293955267716e-10 4.013240434419529379e-11 1.158675584372820212e-23 1.620067337171349209e-06 1.710072445519454643e-14 7.098525055520416016e-14 2.113024866190471585e-09 2.390806912444531918e-06 6.437598497985762597e-23 1.000000000000000000e+00 8.509800877012808765e-18 9.024611860513687134e-02 2.169324915257675457e-07 5.096889734693723891e-17 1.114160033763994528e-15 1.999831438297405839e-04 2.443471813773356871e-10 1.386721315554950706e-08 2.148263093560404736e-23
7.750330842100083828e-04 5.745675810131523065e-11 3.377984867840589935e-19 1.831247657537460327e-01 2.247456087900445709e-08 6.931423399691993836e-07 2.912904392360360362e-06 3.968092521233756997e-09 2.475267970497888829e-16 1.000000000000000000e+00 7.269713002574082916e-19 2.963493810966610909e-03 6.124837818788364530e-05 3.988250082653504105e-18 7.319831546448440918e-11 4.251666751997618121e-08 3.125427139316627745e-10 9.797208599948703522e-10 1.472982643854562174e-18
1.540785277143186249e-09 7.274249494318256459e-15 7.552583869610613369e-28 6.135721877217292786e-02 6.066278444063480033e-16 1.128373523090475672e-11 1.720425451406937256e-12 9.659745225931715140e-11 1.330352383193513238e-27 1.000000000000000000e+00 8.268145317891985491e-25 2.401351957814767957e-04 1.807849514534609625e-08 2.922024727738943243e-23 8.014169196161619740e-15 9.911106380044998332e-10 1.483697808168059351e-14 8.202788491853962860e-13 3.590466432496244488e-30
2.810986014083027840e-03 3.781162938309989840e-09 5.409024094466962480e-22 9.999992847442626953e-01 2.034128870523994534e-15 6.387018057453161535e-14 7.014229014236025850e-15 1.983607411659704667e-08 8.644681000127937169e-30 1.000000000000000000e+00 9.025839610646686104e-24 1.765275669640686829e-06 3.531376714818179607e-04 1.085551919486954162e-15 4.634245897557141402e-16 1.529306542513708678e-11 3.003784829376521248e-14 1.292545959152846535e-09 8.453940509554471056e-29
6.376899744318035260e-19 4.838966683948231484e-13 8.852921549323562039e-16 4.052952634961415335e-13 2.503703014767981461e-14 2.127683913658116183e-14 1.000000000000000000e+00 2.712283730943454430e-08 9.930422306060791016e-01 1.059252817024129018e-15 6.891168885525544852e-11 1.186185455415156298e-10 1.475439909137676864e-11 2.063167130472720601e-07 7.962619292811723426e-07 4.758276550553830475e-10 3.896134495735168457e-01 3.494980628602206707e-04 8.808081038296222687e-03
2.957870265163364820e-06 2.093799994327127934e-04 9.893139004707336426e-01 7.147688418626785278e-02 8.262229130195919424e-06 5.786133101537416223e-07 9.809720516204833984e-01 8.221635967493057251e-02 8.169600041583180428e-04 1.210598657053196803e-05 4.359010290500009432e-07 5.286713076202431694e-06 3.034528577700257301e-03 3.200733661651611328e-02 1.228087954223155975e-02 1.430702279321849346e-03 9.068065285682678223e-01 7.078669150359928608e-04 2.142363664461299777e-04
1.519528253224322611e-11 3.778839186008298157e-10 2.952487421215010954e-10 1.061235670931637287e-03 3.344866328358619967e-10 1.818761070568331029e-12 9.974858760833740234e-01 1.634503569221124053e-04 6.312168920885596890e-08 1.784038361485329460e-09 3.848049049542945355e-12 3.123729941378883268e-09 2.254709443150204606e-06 2.578728344815317541e-05 3.167805029079318047e-03 6.172083431010833010e-07 9.999825954437255859e-01 1.222132505063200369e-05 4.777069193551142234e-07
0.000000000000000000e+00 4.174502766414701127e-26 2.154967230994884376e-32 1.425139716636383255e-17 2.719130176232642139e-24 1.867154874197816231e-31 1.000000000000000000e+00 1.551223613536351076e-13 2.940426566055975854e-05 5.822578489576399361e-27 1.046078154154823268e-22 7.350806687901484675e-19 5.245179064850595204e-17 6.931830326753485316e-13 5.230768942987573666e-11 3.462589915313729616e-13 9.694939255714416504e-01 2.879611323968345876e-15 3.831137067745321589e-13
2.189332758405622916e-36 2.156415971015863893e-23 0.000000000000000000e+00 6.434376365049843116e-10 1.169186272410676346e-21 8.642070613170242176e-24 1.000000000000000000e+00 7.350041772017071869e-21 9.838631020997468113e-10 1.484162416553720990e-32 3.622502573829811815e-33 2.136743930918213750e-26 1.161731145581328795e-20 1.531844873170484789e-09 9.981498294564516982e-08 1.815757397504951898e-18 1.022630954139458481e-06 2.168429742000753660e-20 4.212620187170310349e-20
2.513602737816178963e-18 8.496307079680231225e-18 5.248943990404009318e-24 1.077789440751075745e-02 3.017950405137526104e-07 2.034757580729094038e-15 1.000000000000000000e+00 2.925360420482497892e-15 6.686090792129562033e-09 1.001350273407090587e-17 6.229447608495792848e-24 4.324955948931119565e-10 8.012041551042070608e-12 1.507990780857948465e-11 1.711905724732787348e-06 3.982949081660080992e-08 1.927402772707864642e-04 3.479896763542572602e-13 7.264290610320032430e-16
7.877892660802616488e-22 8.848430686516338146e-16 3.065477790176857755e-18 4.804773023892039419e-09 1.726685450944719005e-15 1.186911638182565343e-18 1.000000000000000000e+00 2.387019719662930584e-07 3.339118620715453289e-06 2.657876733102009642e-15 9.134714164282017185e-15 8.549584651351693765e-13 6.947645236898836174e-10 7.681949654170239228e-08 3.935713266400853172e-06 2.766500140083394399e-09 9.997214674949645996e-01 9.034877290758913659e-10 1.257735160464790169e-08
2.571505291690256989e-13 1.122667497160945160e-11 1.147956556202256451e-11 2.082042992115020752e-01 1.090704783435203495e-12 3.106316853046520166e-12 5.588937997817993164e-01 2.854675694834440947e-04 3.137863024971210280e-10 7.199729701312662655e-10 3.895463165391899608e-17 2.587386685112824658e-13 1.598227186150324997e-07 2.594509569462388754e-04 4.523672629147768021e-03 1.508553282292268705e-09 9.999951124191284180e-01 3.832455840893089771e-04 1.510898697820728387e-11
3.588818213331754166e-18 3.639949263225042420e-14 1.544431357976272512e-12 1.231282880098660826e-07 8.049975481127721877e-14 9.326572844307510178e-16 1.000000000000000000e+00 4.615414582076482475e-06 4.824436814487853553e-07 3.423685759808975382e-13 5.413026729866703135e-15 3.649038536612803085e-12 5.508943701215684996e-08 1.100491772376699373e-06 8.512103522662073374e-05 6.552406617288397683e-09 9.998075366020202637e-01 1.464921073335290203e-08 1.480855260638236359e-08
1.215664298115370912e-07 1.974010364891309877e-11 8.430588380723726127e-15 4.189265966415405273e-01 5.560021381825208664e-03 1.619785727768885408e-08 5.113964080810546875e-01 7.784741740124445641e-08 2.884223415655640110e-11 9.803077578544616699e-01 1.415000408002949159e-15 8.900322914123535156e-01 6.778947408747626469e-06 1.494375261555658252e-12 1.124422510656586383e-07 2.862609736621379852e-02 1.561261015012860298e-04 8.719553079572506249e-06 4.162252817798209326e-14
4.290071676707193219e-21 2.183290452710635665e-17 2.439105232891758401e-13 1.095859683118760586e-03 1.367473415802289969e-16 6.203679706840463684e-21 9.999997615814208984e-01 1.487558023427482112e-07 1.031589527342169355e-12 1.690138176262402886e-16 1.222415450851369339e-22 4.919898229897997580e-16 5.805063096886442509e-10 2.035859836269082734e-08 4.335773610364412889e-06 5.385459439510853485e-11 9.999990463256835938e-01 1.065853742071576349e-11 1.976728649473111221e-13
1.292754632231662981e-06 1.834609611250925809e-05 1.521276216953992844e-02 2.687718532979488373e-02 2.890972791647072881e-05 1.763280295108415885e-07 9.877568483352661133e-01 4.162398725748062134e-02 6.933110125828534365e-05 8.866430143825709820e-04 3.948269693410111358e-07 5.918832030147314072e-04 8.114685304462909698e-03 2.725210739299654961e-03 6.067716516554355621e-03 8.416732773184776306e-03 9.203477501869201660e-01 9.952684631571173668e-04 5.044867793912999332e-05
4.682490543927997351e-05 1.005550188892812002e-06 2.920386805271846242e-06 9.998180270195007324e-01 1.118869249694398604e-06 7.262536883354187012e-02 7.124996045604348183e-04 5.116552347317337990e-04 7.246846962516428903e-07 1.431502168998122215e-04 1.615207100014171004e-12 2.626467376920516017e-10 1.193233692902140319e-04 2.911794930696487427e-03 7.294582724571228027e-01 2.916034169686554378e-08 3.109695622697472572e-03 2.079205401241779327e-02 9.117626098564812764e-10
4.435455891460549083e-10 3.683757521244501731e-09 2.735631055017506696e-09 9.949819445610046387e-01 1.602223492769283553e-10 7.127810494611530601e-12 4.201106727123260498e-02 2.010988071560859680e-03 1.877789174153932095e-10 2.933226994628057582e-07 4.217098846995547554e-16 1.307676102818566832e-11 3.635725761341745965e-06 1.448493916541337967e-03 3.702310612425208092e-03 1.392478043982237068e-08 9.999356269836425781e-01 6.681486498564481735e-03 3.388204864243626879e-12
3.255923957112827338e-07 1.549969681491347728e-07 3.754402655431476887e-07 7.728211879730224609e-01 1.903230106847786374e-08 4.171327687799930573e-03 1.028030812740325928e-01 6.549967802129685879e-04 2.691865347514976747e-06 5.671120561601128429e-06 4.917025987760670347e-13 9.546952117744922361e-11 2.230698373750783503e-05 1.600076630711555481e-02 9.715088605880737305e-01 4.218038807124457890e-09 4.986970424652099609e-01 1.434260630048811436e-03 2.179089353404606300e-09
2.443623840808868408e-01 9.506770481948478846e-08 3.241148452057251994e-12 4.287775754928588867e-01 9.763150215148925781e-01 1.781709002557363419e-09 9.279778599739074707e-01 5.839325023515584689e-09 3.645210426839184947e-06 2.633034457133476280e-09 5.292299376513653897e-10 5.013036727905273438e-01 2.140970281061527203e-07 3.658605862710828660e-09 1.339340724371140823e-05 8.691065944731235504e-03 3.695967048406600952e-02 6.267623575695324689e-07 3.667695702702644667e-09
2.562738372944295406e-04 3.465053741820156574e-04 1.219188021650552400e-07 1.884246921690646559e-05 1.316496054641902447e-04 9.118883426140200754e-09 9.995871186256408691e-01 2.489809179678559303e-03 5.699682980775833130e-03 1.242494022335449699e-06 7.107190904207527637e-04 1.038690749555826187e-02 1.110646175220608711e-03 3.654357715277001262e-05 2.535937353968620300e-03 1.064508804120123386e-03 9.885130524635314941e-01 6.841798040113644674e-06 8.247135579586029053e-02
1.076318131842946002e-10 2.730894266278482974e-07 1.331158377970709239e-10 2.377892371896450641e-08 5.390872956922976300e-07 2.363855777787193801e-08 9.999955892562866211e-01 7.332328241318464279e-04 1.288292231038212776e-03 2.044322463916614652e-04 1.964764066997304326e-07 2.296205842867493629e-03 6.438508629798889160e-03 8.865483209774538409e-07 4.632595391740323976e-06 1.169518008828163147e-02 2.781306207180023193e-02 4.492580046644434333e-06 7.122497481759637594e-05
1.410005705942962706e-11 1.847659025777659281e-09 1.178996223566430857e-11 8.302276910399086773e-07 1.301640253359437338e-07 1.751900881308277036e-11 9.975583553314208984e-01 2.737016044557094574e-02 1.219764378390664206e-08 9.501820206642150879e-01 4.848453305505984190e-10 7.436234354972839355e-01 1.240571436937898397e-04 1.490103151979838003e-08 1.415105828073137673e-07 3.053975105285644531e-01 1.515841335058212280e-01 2.791331826301757246e-05 3.545048254949278999e-09
1.582581035108887590e-06 8.068091847235336900e-05 3.561394734674649953e-09 1.897460322197730420e-07 7.690510246902704239e-03 1.000000000000000000e+00 4.322165477788075805e-05 4.594750413478010387e-10 7.338695228099822998e-03 4.033762706967536360e-06 3.472494514156210244e-11 1.531088514639122877e-06 2.040128492808435112e-07 1.408996467944234610e-06 2.107161662934231572e-06 3.064916882067336701e-06 2.599269421921235335e-08 3.250963709433563054e-05 2.555667306296527386e-04
3.451031744480133057e-01 1.719326725435621483e-08 9.193583801149138313e-15 1.744200359098613262e-03 9.831669926643371582e-01 1.182923536902080741e-09 9.685131311416625977e-01 9.386327132210325885e-11 1.293581317440839484e-05 3.629329614618370670e-10 2.134067228487523948e-12 5.419409275054931641e-01 4.555634447456213820e-08 1.186940736669361840e-11 3.108966595277706801e-08 9.111891849897801876e-04 2.321016509085893631e-04 1.150920159176394009e-08 3.476533949609006413e-09
9.868814945220947266e-01 1.095259711146354675e-01 1.923890522448346019e-05 4.877797067165374756e-01 3.834993243217468262e-01 1.379756213282234967e-05 3.752670809626579285e-02 1.067740470170974731e-02 2.777831468847580254e-05 1.412234082818031311e-02 2.024274290306493640e-04 4.067925810813903809e-01 7.844583690166473389e-02 6.447960622608661652e-04 2.392337410128675401e-05 2.083763107657432556e-02 4.049946088343858719e-03 4.580517124850302935e-04 2.231879079772625118e-05
9.347329139709472656e-01 7.875872254371643066e-01 1.757234657263906374e-12 1.395012019202113152e-03 9.948278602678328753e-05 2.079283446809743197e-11 9.021231532096862793e-01 5.199006991460919380e-04 1.134853214025497437e-01 3.912857537979874678e-10 8.591285943984985352e-01 9.422164293937385082e-04 8.606540973232768010e-07 2.337497426196932793e-05 3.182673902202282079e-09 2.308418061147676781e-06 1.339833810925483704e-02 1.479164435380653231e-08 7.053547597024589777e-05
9.999960660934448242e-01 9.418357610702514648e-01 2.826382704268493029e-11 3.460186067968606949e-03 3.775032935664057732e-03 4.347696248158117172e-12 8.294951170682907104e-03 1.053555589169263840e-02 4.361970422905869782e-05 2.929992914957324501e-09 5.286518950015306473e-03 8.491322398185729980e-03 1.555882627144455910e-03 1.331818293692776933e-05 1.102543403797007215e-12 9.320318895333912224e-06 4.630187322618439794e-05 5.128809377197285357e-09 1.877159832019970054e-07
1.580187361882703845e-28 7.986768087497599654e-21 4.745724197911385209e-21 2.334350432137838327e-13 4.066100974410453644e-20 6.670626399772839163e-28 1.000000000000000000e+00 2.248339296784251928e-05 2.226499019875038954e-11 5.162883670388994373e-14 9.785187339923739672e-20 2.721875893077485564e-12 2.629603826354021123e-11 7.884901620514028764e-10 1.346995986972743253e-10 5.020530693400360178e-07 9.999998807907104492e-01 2.553845206421101466e-07 7.695980354729958783e-13
7.689936842413935131e-16 4.570623740596246876e-11 1.137395841573074495e-13 7.674355595455040202e-10 1.145388905249289380e-11 1.547210032619081299e-14 1.000000000000000000e+00 4.587629155139438808e-05 1.352981925010681152e-01 2.563628302698628403e-11 1.926406767438493262e-08 3.205209608836412372e-08 1.647178038410856971e-07 2.387621634625247680e-06 1.961167254194151610e-05 8.338221846315718722e-07 9.974206686019897461e-01 3.133771087959758006e-06 2.223555056843906641e-04
6.298219397807693347e-23 1.068774327619104408e-16 9.616436073004064803e-22 7.441366316543462922e-13 3.452353488264843506e-14 2.114476563429555652e-20 1.000000000000000000e+00 2.247257100407296093e-07 3.616690558150281731e-10 5.412957859718403597e-10 4.409998292285199667e-17 6.914245318512257654e-07 1.044371060743287671e-06 1.169830118191717006e-11 6.053940682093639225e-10 1.751209128997288644e-05 5.588466525077819824e-01 2.491643610186278224e-12 1.033313105219813011e-11
2.188027428928762674e-04 4.625725341611541808e-05 1.654519337535020895e-06 4.175532236695289612e-02 3.301506489515304565e-02 1.001458032988011837e-03 8.395898938179016113e-01 4.126762039959430695e-03 9.937239810824394226e-04 3.880032300949096680e-01 5.605012574960710481e-06 3.602815866470336914e-01 1.037054974585771561e-02 4.972345050191506743e-05 1.104473485611379147e-03 1.560319215059280396e-01 3.144722059369087219e-02 9.501115418970584869e-03 5.570545908994972706e-05
2.106404863297939301e-04 4.147359504713676870e-05 1.495583774158149026e-06 4.298747703433036804e-02 3.503024205565452576e-02 9.803010616451501846e-04 8.461961150169372559e-01 3.675755579024553299e-03 9.526804205961525440e-04 3.625073730945587158e-01 4.823336894332896918e-06 3.586047291755676270e-01 1.002609077841043472e-02 4.594590063788928092e-05 1.077104359865188599e-03 1.535130739212036133e-01 3.102563135325908661e-02 8.960351347923278809e-03 5.131467696628533304e-05
2.090771595248952508e-04 4.100626392755657434e-05 1.480206492487923242e-06 4.304334148764610291e-02 3.513440862298011780e-02 9.760587709024548531e-04 8.477935194969177246e-01 3.632754320278763771e-03 9.510302916169166565e-04 3.579019010066986084e-01 4.759625426231650636e-06 3.574259877204895020e-01 9.996572509407997131e-03 4.571396493702195585e-05 1.076558139175176620e-03 1.530282199382781982e-01 3.106442652642726898e-02 8.894259110093116760e-03 5.111072823638096452e-05
4.733685636892914772e-04 2.199979007855290547e-06 1.066455661202780902e-05 9.999926090240478516e-01 1.159823499619960785e-03 2.643636427819728851e-02 1.369627844542264938e-02 3.873831155942752957e-05 1.105414776247926056e-04 2.069112952085561119e-06 1.264263971290091604e-10 1.630249357731372584e-08 8.644505578558892012e-05 1.923949166666716337e-04 4.373149201273918152e-02 4.348672973719658330e-06 1.064057182520627975e-02 3.285916682216338813e-05 3.452258212632841605e-08
4.884930094704031944e-04 2.268378921144176275e-06 1.064405205397633836e-05 9.999922513961791992e-01 1.195427263155579567e-03 2.716036513447761536e-02 1.389112602919340134e-02 3.903584001818671823e-05 1.149054223787970841e-04 2.118778638759977184e-06 1.342653488389800032e-10 1.733998722386331792e-08 8.756510214880108833e-05 1.937056804308667779e-04 4.409467428922653198e-02 4.510912276600720361e-06 1.061284355819225311e-02 3.369359546923078597e-05 3.642189483343827305e-08
4.837600281462073326e-04 2.248482360300840810e-06 1.060526574292453006e-05 9.999922513961791992e-01 1.189017784781754017e-03 2.694249711930751801e-02 1.396812405437231064e-02 3.897457645507529378e-05 1.143416593549773097e-04 2.105874045810196549e-06 1.326661835943099277e-10 1.718749764734184282e-08 8.712565613677725196e-05 1.930352882482111454e-04 4.409704729914665222e-02 4.472509317565709352e-06 1.069592684507369995e-02 3.334123175591230392e-05 3.609939369653147878e-08
8.754292130470275879e-01 3.182105720043182373e-02 7.915888318166253157e-07 9.998790025711059570e-01 8.981044590473175049e-02 2.920659653682378121e-06 8.721140329726040363e-04 2.479187678545713425e-03 2.374987531084116199e-07 8.580550551414489746e-02 3.787029299928690307e-06 9.275489486753940582e-03 4.188523069024085999e-02 3.357285168021917343e-03 3.316652873763814569e-05 1.330550108104944229e-02 1.996065722778439522e-03 7.907369581516832113e-05 2.798662137593055377e-07
6.726191639900207520e-01 4.700744897127151489e-02 3.215109472876065411e-06 9.662882089614868164e-01 1.446386333554983139e-03 2.320079147466458380e-05 7.329104118980467319e-04 2.255906350910663605e-02 6.612889080770401051e-08 9.427344799041748047e-01 2.630363724165363237e-06 6.427237391471862793e-02 2.456706464290618896e-01 7.342121098190546036e-04 2.991014116560108960e-05 6.177206058055162430e-03 3.833736409433186054e-04 5.774888675659894943e-03 2.530387064325623214e-07
1.307918010007291798e-11 1.252064341095149302e-09 2.185560489097876369e-14 8.489620995533186942e-06 3.165911184623837471e-04 2.504458307406309814e-10 9.999985694885253906e-01 6.880015490651203436e-08 6.263417890295386314e-05 6.874689972846681485e-08 6.159321663812278302e-11 9.978331625461578369e-03 1.577181865286547691e-05 2.746103611173111858e-08 1.049834281729999930e-06 1.721688359975814819e-02 2.258267253637313843e-03 2.681114779079507571e-07 6.875018243590602651e-08
3.851956716971471906e-05 6.069734445190988481e-05 3.518157882353989407e-06 2.206890098750591278e-02 5.299760028719902039e-03 1.552905014250427485e-04 9.668934345245361328e-01 1.309748273342847824e-02 1.918003894388675690e-03 7.203522324562072754e-02 2.199556911364197731e-05 1.337660253047943115e-01 9.804311208426952362e-03 3.427504270803183317e-04 2.375959418714046478e-03 1.183461919426918030e-01 9.823051840066909790e-02 1.416527386754751205e-02 2.103685401380062103e-04
3.723216286743991077e-05 5.942411371506750584e-05 3.413941158214583993e-06 2.179066278040409088e-02 5.226491019129753113e-03 1.506462431279942393e-04 9.677001833915710449e-01 1.288446597754955292e-02 1.917146844789385796e-03 6.948373466730117798e-02 2.153508103219792247e-05 1.322018653154373169e-01 9.637292474508285522e-03 3.389755438547581434e-04 2.338571008294820786e-03 1.178047433495521545e-01 9.788373857736587524e-02 1.402063015848398209e-02 2.082548890030011535e-04
3.861467848764732480e-05 6.014875179971568286e-05 3.497330453683389351e-06 2.188882976770401001e-02 5.357817281037569046e-03 1.540747034596279263e-04 9.663408994674682617e-01 1.308053825050592422e-02 1.887868391349911690e-03 7.370234280824661255e-02 2.198697075073141605e-05 1.365974843502044678e-01 9.768481366336345673e-03 3.356555826030671597e-04 2.324935980141162872e-03 1.203632652759552002e-01 9.701002389192581177e-02 1.432733796536922455e-02 2.067052992060780525e-04
1.497376710176467896e-03 5.589351076196180657e-06 4.710194048129778821e-07 9.998999834060668945e-01 1.121440902352333069e-02 5.646163970232009888e-02 6.108385697007179260e-02 1.889083432615734637e-05 1.245146384462714195e-03 2.894191311497706920e-06 1.906251823058369155e-09 6.754733590241812635e-07 6.254237814573571086e-05 9.171334386337548494e-05 3.465240076184272766e-02 2.743333789112512022e-05 1.245457865297794342e-02 3.155654485453851521e-05 5.803845510854444001e-07
1.327997073531150818e-03 5.181765118322800845e-06 4.234696291405271040e-07 9.998800754547119141e-01 1.118207909166812897e-02 5.817445740103721619e-02 7.121750712394714355e-02 1.859292569861281663e-05 1.358978799544274807e-03 2.758035634542466141e-06 1.760064760603086143e-09 6.821606461926421616e-07 5.917800444876775146e-05 9.171272540697827935e-05 3.602399304509162903e-02 2.617116660985630006e-05 1.317656785249710083e-02 3.222824307158589363e-05 5.834801868331851438e-07
1.353280968032777309e-03 5.339545623428421095e-06 4.351061022589419736e-07 9.998790025711059570e-01 1.131388638168573380e-02 5.895231664180755615e-02 7.073580473661422729e-02 1.888301630970090628e-05 1.380524830892682076e-03 2.816872665789560415e-06 1.835764984470245054e-09 6.985960681049618870e-07 6.030990698491223156e-05 9.306167339673265815e-05 3.593571484088897705e-02 2.676200892892666161e-05 1.312499586492776871e-02 3.288942025392316282e-05 6.020953833285602741e-07
9.991121888160705566e-01 8.581550900998990983e-07 3.602099934790162911e-15 9.912454485893249512e-01 9.973236322402954102e-01 2.986347280575785135e-12 4.775821417570114136e-02 7.794759976365028820e-11 2.753618444373273633e-09 9.220276625532264347e-11 1.101385822821487892e-11 3.754311501979827881e-01 7.769430432347235183e-09 7.843482113800703814e-11 4.715919876829843815e-10 3.074992448091506958e-03 1.038445116137154400e-04 5.992101259622018006e-10 4.634031873507193922e-13
9.978359341621398926e-01 7.598600291203183588e-07 6.895086630424656846e-15 9.930524230003356934e-01 9.959449172019958496e-01 5.266304319712089566e-12 5.404642969369888306e-02 2.120104647396203745e-10 2.927395437168911485e-09 3.846291618536668011e-10 1.163987742996974717e-11 3.993936181068420410e-01 2.260365938866470970e-08 1.203349364597983140e-10 1.391325166189005813e-09 3.683377522975206375e-03 2.016430225921794772e-04 1.208462996338255380e-09 5.523449536290470085e-13
9.468874931335449219e-01 8.704397487235837616e-07 7.667872819984086763e-14 9.999446868896484375e-01 9.800711274147033691e-01 5.178740075661991682e-11 6.094576418399810791e-02 1.884920441952431247e-09 7.327287931957471301e-08 3.275058668705810305e-09 4.752064297619540412e-10 6.225221231579780579e-02 6.610493130665417993e-08 4.107358453353526784e-09 2.666445482191193150e-07 3.763429122045636177e-03 5.863645579665899277e-03 4.196978875548040833e-10 2.017664507691918629e-11
5.384866312851954717e-07 1.435226522517041303e-06 3.064063724966814561e-10 8.321385383605957031e-01 2.170210937038064003e-04 6.421443686122074723e-05 9.990014433860778809e-01 4.153212103119585663e-06 9.996164590120315552e-04 6.486468606681228266e-08 3.622855626606025226e-10 3.698657451423059683e-07 7.244736934808315709e-06 3.639686037786304951e-04 4.719954356551170349e-02 6.394073807314271107e-06 2.652268670499324799e-02 7.676751010876614600e-06 5.773378006779239513e-07
6.460230679294909351e-07 1.640493451304791961e-06 3.366846523800148816e-10 8.330273032188415527e-01 2.730809501372277737e-04 6.811584898969158530e-05 9.989349246025085449e-01 4.319471827329834923e-06 1.148911309428513050e-03 7.799113888040665188e-08 5.097394173425584540e-10 5.107750098432006780e-07 8.070652256719768047e-06 3.530450630933046341e-04 4.502995684742927551e-02 8.378888196602929384e-06 2.556635439395904541e-02 8.586956937506329268e-06 6.884576464472047519e-07
6.367600349221902434e-07 1.599700340193521697e-06 3.238049550713384406e-10 8.355444669723510742e-01 2.736235328484326601e-04 6.684241816401481628e-05 9.989363551139831543e-01 4.218305093672825024e-06 1.137982122600078583e-03 7.646426780638648779e-08 4.950638232692483598e-10 5.057625003246357664e-07 7.938772796478588134e-06 3.444960166234523058e-04 4.458194598555564880e-02 8.330929631483741105e-06 2.541152015328407288e-02 8.425226042163558304e-06 6.719121188325516414e-07
2.183365635573863983e-03 2.124958655258524232e-06 2.797493436901277164e-07 9.999057054519653320e-01 1.404846832156181335e-02 5.205159634351730347e-02 6.014263257384300232e-02 5.739042535424232483e-06 8.667677175253629684e-04 9.995563914344529621e-07 5.336422415069819181e-10 6.740383469150401652e-07 2.851337376341689378e-05 3.705297058331780136e-05 4.542293027043342590e-02 1.896261528600007296e-05 9.227927774190902710e-03 1.943813549587503076e-05 3.332773417241696734e-07
2.073886571452021599e-03 2.179289367632009089e-06 2.927352795722981682e-07 9.999034404754638672e-01 1.311911083757877350e-02 5.474493652582168579e-02 6.027676165103912354e-02 6.064924491511192173e-06 8.777647162787616253e-04 1.027136704578879289e-06 5.317888907008239130e-10 6.208479135239031166e-07 2.891496478696353734e-05 3.934434789698570967e-05 4.696508869528770447e-02 1.788695044524502009e-05 9.238457307219505310e-03 2.055134973488748074e-05 3.385712261660955846e-07
2.106363419443368912e-03 2.218894223915413022e-06 2.999274784087901935e-07 9.999046325683593750e-01 1.313588209450244904e-02 5.405253916978836060e-02 5.983910709619522095e-02 6.140056939329952002e-06 8.712083217687904835e-04 1.041688278746732976e-06 5.431822214241321944e-10 6.258484859245072585e-07 2.930074879259336740e-05 3.978393215220421553e-05 4.680107533931732178e-02 1.811122456274461001e-05 9.244793094694614410e-03 2.051750925602391362e-05 3.400465118374995654e-07
9.988669157028198242e-01 4.766340926289558411e-02 1.156086639753084455e-07 9.997870326042175293e-01 5.296676158905029297e-01 2.138708588006466016e-08 2.397316973656415939e-03 4.119014483876526356e-04 1.035884110933693592e-06 1.042598341882694513e-05 1.751047675497829914e-04 1.081824861466884613e-02 1.061572926118969917e-03 1.057009561918675900e-03 3.246360620323684998e-06 2.883687615394592285e-03 4.897551611065864563e-03 2.147888835679623298e-07 3.818967115876148455e-07
9.996395111083984375e-01 1.190981790423393250e-01 2.817320543524459708e-10 5.175486512598581612e-05 1.806951314210891724e-01 3.167805573411897058e-09 9.245376288890838623e-02 1.542241952847689390e-04 9.577088349033147097e-05 8.938402606872841716e-05 7.154894319683080539e-06 8.190319538116455078e-01 8.400460705161094666e-03 2.194594372895153356e-08 1.775224932332175598e-11 1.476734527386724949e-03 2.066315028059761971e-05 2.197350710275713936e-07 3.086315336986444890e-05
9.998089671134948730e-01 5.085173845291137695e-01 1.865617527130325470e-08 7.581546669825911522e-04 1.669357903301715851e-02 2.372884777557260350e-09 1.493736053816974163e-03 5.142074078321456909e-03 2.302026587130967528e-07 1.587061124155297875e-04 1.070051439455710351e-06 4.711960554122924805e-01 5.087928175926208496e-01 5.417727152234874666e-06 3.898262615487091409e-11 6.607818068005144596e-04 4.128979526285547763e-06 1.683433765720110387e-05 3.328028412852290785e-07
1.851886644033129414e-08 7.998882806115048538e-11 3.190889331183013078e-18 1.000000000000000000e+00 5.495275036082603037e-05 1.279645500673609604e-09 7.730691432952880859e-01 5.678487888238770154e-11 1.562135253152518999e-06 2.500869249102283254e-13 3.556357164553335701e-17 4.083034366338111898e-13 2.469668358706655908e-10 2.096854245792201255e-08 3.746605443666339852e-06 5.249244150462573089e-09 3.323224955238401890e-04 6.193463575115618069e-14 7.981253326424728178e-14
6.675737677142024040e-05 4.158816955168731511e-05 4.127240345042082481e-07 7.347580790519714355e-01 7.170370779931545258e-03 1.034194792737253010e-04 9.935483336448669434e-01 1.362613256787881255e-04 3.787997411563992500e-03 5.758999122917884961e-06 2.233759772707344382e-07 1.699357380857691169e-04 3.280943783465772867e-04 1.736676436848938465e-03 6.237712875008583069e-02 7.745517650619149208e-04 9.343443065881729126e-02 8.105710003292188048e-05 2.862886867660563439e-05
8.676072082991481693e-10 9.116817523135978263e-08 2.112475049216300249e-04 4.544550925493240356e-02 1.732030767698233831e-07 8.755441882613013149e-08 9.998198151588439941e-01 5.576334078796207905e-04 1.973758844542317092e-05 4.944849152366259659e-08 3.078707774828437493e-11 4.244382623141973454e-08 1.243921433342620730e-04 2.402663230895996094e-03 1.857682503759860992e-02 9.415920430910773575e-06 8.575085997581481934e-01 1.461077499698149040e-05 4.200727516945335083e-07
1.752999145537614822e-03 8.770046988502144814e-04 5.135659594088792801e-04 9.857186675071716309e-01 1.294643036089837551e-03 8.738043106859549880e-05 3.973054289817810059e-01 5.180504545569419861e-02 3.726527793332934380e-04 3.345192177221179008e-03 4.487099431571550667e-06 1.234068186022341251e-04 1.163346599787473679e-02 2.431759424507617950e-02 6.189552322030067444e-02 1.573082176037132740e-03 8.533793687820434570e-01 3.049629274755716324e-03 1.706416514934971929e-05
8.883609553002585341e-15 6.900081795472852268e-16 3.892230113811864760e-22 3.088051016675308347e-06 5.266701802611351013e-03 3.056342613889928561e-13 1.000000000000000000e+00 1.428731976748243843e-14 1.449507180950604379e-06 6.621753926433493476e-14 2.048836628197387547e-18 1.298893475905060768e-03 4.712206180812472667e-10 4.015012606238543835e-13 7.647984467951118859e-09 5.752627039328217506e-04 1.897730726341251284e-05 5.165750605051755429e-10 1.859609688459329391e-12
2.237588865682482719e-03 4.369352245703339577e-04 1.741785672493278980e-04 8.557901717722415924e-03 1.555982511490583420e-02 5.273115239106118679e-04 1.510496735572814941e-01 3.357816860079765320e-02 5.662425246555358171e-05 9.924041628837585449e-01 5.739711559726856649e-05 7.732672691345214844e-01 1.905463263392448425e-02 4.784703924087807536e-05 3.927929792553186417e-04 3.038322329521179199e-01 1.214434392750263214e-02 1.172797009348869324e-02 1.432833141734590754e-05
7.463361458254040570e-15 1.324012566250587497e-10 3.198449983666151915e-15 1.748436950776977028e-10 3.293961978179105188e-11 3.260371882252007988e-18 9.999969005584716797e-01 6.186415255069732666e-02 5.810923964233438710e-10 2.474575070664286613e-03 1.304616831232507934e-11 4.257213324308395386e-02 3.894258406944572926e-05 4.971610234605350342e-09 6.446061018294813039e-09 3.556591644883155823e-02 9.972571730613708496e-01 8.717877975072951813e-09 4.091875727141314201e-09
6.316408514976501465e-03 3.281234204769134521e-02 4.655018274206668139e-04 4.876155871897935867e-03 8.640553802251815796e-03 8.793931192485615611e-05 8.597003817558288574e-01 4.558136165142059326e-01 6.546976510435342789e-03 2.103559076786041260e-01 7.050529588013887405e-03 5.201715230941772461e-01 1.765351742506027222e-01 6.012623198330402374e-03 4.646316170692443848e-03 2.916844487190246582e-01 6.374836564064025879e-01 1.037105359137058258e-02 9.267685003578662872e-03
4.578892823849664909e-16 1.577410145320486123e-14 3.748066242678475823e-14 9.943981766700744629e-01 5.916537842065496683e-16 5.734758400817354185e-19 9.762997031211853027e-01 4.943877229379722849e-06 1.921219971578059377e-14 7.960915455497430404e-13 2.528174718982498961e-23 2.823287206396181133e-17 4.074383941343739934e-09 4.018193976662587374e-06 6.672148447250947356e-05 7.367802548619017955e-12 9.999996423721313477e-01 1.126097770587364266e-09 1.535487165450508747e-16
2.050307102763326839e-06 3.923021267837611958e-07 1.045955766443285029e-08 7.717193511780351400e-05 1.035087555646896362e-02 2.208649618751223898e-07 8.440026044845581055e-01 1.545518636703491211e-03 2.295209924341179430e-06 7.347663640975952148e-01 9.242740617310118978e-08 9.793013334274291992e-01 2.710237167775630951e-03 1.099922570801936672e-07 3.283050773461582139e-07 6.125608682632446289e-01 1.258977875113487244e-02 5.313141155056655407e-04 2.408999080216744915e-07
3.985018986055959003e-29 4.587918089537371102e-22 9.397049639589423919e-20 1.839226911215519067e-06 3.610384475955759507e-21 1.086624909030065125e-30 1.000000000000000000e+00 3.229742917554290216e-09 1.053655623308672601e-14 8.765795317731390480e-21 1.101649578952253228e-24 1.472904764799890307e-17 2.356359194138207824e-13 4.687337323838747238e-11 5.289281790332722721e-10 2.293852434387400052e-11 1.000000000000000000e+00 8.409023938326168346e-14 4.975351253493250081e-15
9.272962319335972672e-25 8.174044928574516210e-22 2.294515816484703300e-20 8.458417057991027832e-01 6.990034836416808017e-21 5.213335973944763211e-27 9.999984502792358398e-01 9.438251291626897910e-10 6.394120610695623605e-19 2.474046288839645480e-19 8.318830110458528375e-32 2.739394592938140535e-21 8.811039463145486916e-13 5.163574012811977809e-10 1.719816111744876252e-07 8.230048248263586996e-15 1.000000000000000000e+00 3.800862145094015265e-15 2.482533606210901364e-21
2.563160611316561699e-03 1.359766756650060415e-04 1.152379045379348099e-04 8.965681195259094238e-01 1.046779751777648926e-02 9.442781209945678711e-01 6.288496404886245728e-02 4.134049231652170420e-04 2.179616130888462067e-02 6.840375135652720928e-05 1.826319220299410517e-07 7.143793936847941950e-06 7.588656735606491566e-04 2.551959594711661339e-03 1.915488243103027344e-01 5.527108078240416944e-05 3.095118515193462372e-02 1.105272769927978516e-02 8.448421431239694357e-05
2.546278061345219612e-03 1.347169309156015515e-04 1.126405622926540673e-04 8.957530260086059570e-01 1.040618773549795151e-02 9.460226297378540039e-01 6.137401238083839417e-02 4.065583634655922651e-04 2.174921147525310516e-02 6.752170156687498093e-05 1.787227716931738541e-07 7.007359272392932326e-06 7.513593300245702267e-04 2.532961312681436539e-03 1.902886480093002319e-01 5.431572208181023598e-05 3.057753294706344604e-02 1.112890709191560745e-02 8.381792576983571053e-05
2.186661149607971311e-04 3.029482613783329725e-04 3.873125388054177165e-05 3.173054456710815430e-01 4.475285299122333527e-03 4.604429006576538086e-02 9.778354763984680176e-01 7.512304582633078098e-04 3.197268769145011902e-02 3.544649371178820729e-05 2.091702981488197111e-06 7.742999878246337175e-05 8.082168060354888439e-04 1.786328107118606567e-02 2.671069502830505371e-01 3.376003878656774759e-04 5.996919423341751099e-02 2.206833334639668465e-03 3.368227044120430946e-04
4.967468678951263428e-01 4.124379775021225214e-04 6.371971839058687692e-09 4.013486886833561584e-06 3.347807478348840959e-06 5.535206182294416521e-10 1.059972510120132938e-05 5.308714462444186211e-04 8.157533676333983408e-11 9.915544390678405762e-01 1.214543221550457019e-08 5.018870234489440918e-01 9.882363677024841309e-01 7.912285410194286328e-11 2.872270780593377815e-12 6.489511579275131226e-03 6.402183228004787452e-09 4.893966834060847759e-04 7.115691591508266356e-09
1.873606583103537560e-03 1.152944332716288045e-05 1.528583336296573947e-11 8.815518231131136417e-05 2.582362620159983635e-03 2.051178142892240430e-07 4.851556848734617233e-03 3.063844342250376940e-04 4.685188237374404707e-09 9.997164607048034668e-01 1.636523805359502148e-08 9.337695240974426270e-01 2.254366176202893257e-03 4.356300320473849297e-10 6.386228212917899327e-10 1.234479770064353943e-01 1.059829992300365120e-05 4.789561353391036391e-05 6.063208268791697719e-10
3.027206219030631473e-07 1.366559066809713840e-03 2.239868734932315419e-08 9.997020363807678223e-01 2.816920385839694063e-08 6.529905088870080476e-11 3.835535049438476562e-01 5.464481562376022339e-02 1.685108088622655487e-07 1.358395593342720531e-06 3.384094393599212935e-10 3.644533286273343720e-11 6.382171704899519682e-05 9.302554130554199219e-01 1.371351681882515550e-04 1.406500700795731973e-06 7.858237028121948242e-01 8.382879896089434624e-04 1.245654246417871036e-09
2.883875276893377304e-03 1.801815233193337917e-04 3.478844519122503698e-07 1.215887488797307014e-03 4.718786294688470662e-05 8.482948032906278968e-05 1.055147266015410423e-03 1.452263444662094116e-02 1.892981487117140205e-07 9.999341964721679688e-01 6.366892648657085374e-06 2.754265964031219482e-01 1.070269104093313217e-02 8.070221610978478566e-07 5.724048605770803988e-06 3.356925025582313538e-02 2.031964977504685521e-04 2.432105364277958870e-03 6.582347822359224665e-08
7.427777282131842185e-10 1.376692371213295019e-10 4.636998771068157055e-11 2.778903245925903320e-01 2.029654083690601851e-10 9.119808207225243990e-12 9.680288434028625488e-01 5.973655061097815633e-05 7.417272906984351266e-10 1.076671751754076922e-09 2.268629094938400328e-15 5.016402224167215707e-11 1.178069510388013441e-06 8.095220255199819803e-05 6.061548367142677307e-02 6.157953258423276566e-09 9.999877214431762695e-01 1.473487031944387127e-06 2.678029742408938318e-10
3.589192405343055725e-02 6.777831818908452988e-03 1.969573531823698431e-05 1.942000165581703186e-02 4.019250336568802595e-04 4.295109247323125601e-04 7.456640247255563736e-03 8.827064931392669678e-02 5.262386821414111182e-06 9.975752234458923340e-01 2.185669145546853542e-04 3.090077042579650879e-01 8.300453424453735352e-02 1.209377078339457512e-04 9.662711090641096234e-05 7.105635851621627808e-02 2.593707758933305740e-03 2.475523017346858978e-02 9.714709449326619506e-06
8.589360472877061170e-11 1.586859355029446306e-07 2.422192890705332502e-09 4.772297188537777402e-07 1.248809411436013761e-08 2.330683424034418749e-10 9.999982118606567383e-01 1.468958798795938492e-03 6.356042623519897461e-01 9.611934359554652474e-09 2.324774686712771654e-05 2.063382908090716228e-06 4.941981842421228066e-06 1.496241020504385233e-04 2.824350085575133562e-04 1.605942088644951582e-05 9.941152334213256836e-01 1.261181081645190716e-03 1.163473166525363922e-02
7.825217380741378292e-07 2.164916912406056326e-09 1.920182186811083408e-15 4.438817541085882112e-06 7.242436055094003677e-03 9.979400417137185286e-09 6.630416493862867355e-03 2.235723741250694729e-06 1.638007958437714962e-11 9.999945163726806641e-01 1.272410345490304628e-12 9.971714615821838379e-01 4.599605290422914550e-06 9.281760473059397221e-13 1.066337729921373878e-11 3.861939609050750732e-01 6.177053819556022063e-07 1.413128984495415352e-06 6.869832936025332959e-14
6.841108625768588247e-13 3.968769757278778343e-11 1.574950192235070184e-15 1.083963393897673447e-14 3.891059895977377892e-03 1.000000000000000000e+00 1.021812536805555283e-07 4.136178017600751001e-17 2.506739692762494087e-03 5.917661951571062673e-07 5.254163039879321253e-20 4.213168836031400133e-08 5.218093665493306332e-11 6.380270169478860151e-15 3.316215010928935669e-11 2.996078478645358700e-07 1.071045243597121277e-13 2.990204750474845241e-09 1.099306609830819070e-05
3.815861418843269348e-06 3.327014565002173185e-05 1.103081303881481290e-04 1.656058739172294736e-04 1.256342744454741478e-03 7.338104478549212217e-05 9.927410483360290527e-01 4.553627222776412964e-03 6.151986308395862579e-04 2.425485104322433472e-02 1.903028760352754034e-06 9.249725937843322754e-02 4.320252686738967896e-02 3.556177762220613658e-05 3.112484118901193142e-04 6.849884241819381714e-02 4.842987284064292908e-02 2.283622889081016183e-04 1.321149029536172748e-04
9.920197725296020508e-02 1.143695772043429315e-04 3.048153303097933531e-06 9.986882805824279785e-01 6.113659124821424484e-03 2.941416809335350990e-03 1.575270853936672211e-02 8.928150054998695850e-04 2.304940380781772546e-06 4.155221283435821533e-01 2.765747098010251648e-08 1.891984604299068451e-03 8.649704046547412872e-03 1.230720081366598606e-04 6.364446133375167847e-02 3.737505176104605198e-04 1.800903677940368652e-02 4.245857417117804289e-04 3.516039726036979118e-08
7.473758500964322593e-08 7.986317740460435743e-08 6.369103466852266138e-09 1.792629063129425049e-02 1.310380412178346887e-06 4.130882302888494451e-08 9.965588450431823730e-01 1.372041879221796989e-03 1.804024691409722436e-06 2.256424522784072906e-05 5.016959625514516574e-10 3.121935515082441270e-05 4.025253292638808489e-04 1.563029072713106871e-04 1.420723833143711090e-02 1.178320890176109970e-04 9.914286732673645020e-01 8.939637336879968643e-05 9.968852054953458719e-07
4.507699486566707492e-06 6.993498653173446655e-03 1.840327286117826588e-07 9.999948740005493164e-01 3.453549766163632739e-07 2.142765131996071659e-10 1.504527870565652847e-02 4.665252938866615295e-02 3.247813751272587979e-08 8.831062814351753332e-07 4.179261103853804116e-10 9.757738020366168996e-12 8.067715680226683617e-05 9.443558454513549805e-01 7.675901724724099040e-05 2.234566181869013235e-06 1.046412140130996704e-01 2.034807112067937851e-04 3.782661406326326414e-10
1.438176492229104042e-03 1.278778770938515663e-03 5.575318482442526147e-06 9.999998807907104492e-01 2.554087768658064306e-05 1.899179665088013280e-06 1.847283565439283848e-04 1.110440026968717575e-02 2.131903009683355776e-08 2.168258652091026306e-05 3.646829505044024700e-10 1.732396726072948923e-10 8.177274139598011971e-04 5.059794783592224121e-01 1.097583444789052010e-03 5.900039923290023580e-06 7.793371099978685379e-03 3.388531738892197609e-03 1.352129519460731899e-09
3.511427203193306923e-04 1.485591837990796193e-06 1.956027527449943904e-11 1.000000000000000000e+00 2.842560434146435000e-06 1.062455123879146868e-09 7.304813607333926484e-07 3.152388444505049847e-06 1.081057899449122672e-11 9.450287663526069082e-09 1.602763471970230797e-15 7.603396333225910519e-15 2.846252300514606759e-06 1.483460422605276108e-03 1.394691707901074551e-06 8.970097553628875175e-09 1.642740971874445677e-04 2.059000525633791767e-09 1.271931101025011723e-14
1.948546455697056665e-30 1.986197080217681337e-38 0.000000000000000000e+00 1.723146229653735317e-14 3.573137801140546799e-03 4.255145770028008424e-35 1.000000000000000000e+00 3.959915652011075308e-26 5.416741015831760297e-24 2.739453840977360867e-16 0.000000000000000000e+00 9.999976158142089844e-01 1.133718031133541224e-17 2.469540429331872083e-33 2.180371244956055865e-30 8.745306134223937988e-01 2.047944569483206578e-08 1.484849180053262122e-15 4.144564447348150818e-32
4.194620206732224688e-09 1.270664329516348622e-23 1.396338882615086246e-32 1.322952061891555786e-01 9.999092817306518555e-01 1.644269359099999155e-21 9.997233748435974121e-01 1.206579636158909286e-23 1.221509736892487097e-13 1.840682210517552866e-18 3.536450582523417139e-28 9.945346117019653320e-01 5.092708667569513357e-18 4.134220570365721685e-25 5.614412968831810507e-17 1.740846410393714905e-02 1.705228442006045952e-06 6.558727172478739931e-11 2.240197574543585629e-23
1.744855713081958566e-21 1.832734363539697873e-21 9.599534759664140834e-23 2.131289846829531598e-07 8.336425025845528580e-07 7.188090091314962104e-26 1.000000000000000000e+00 8.721898257877530591e-14 1.950720130133171137e-13 3.543546452970604450e-17 4.657765474916322347e-23 2.426163759082555771e-03 6.177840183863025914e-11 4.609738058019522289e-16 9.715538920249122690e-13 4.097385390195995569e-04 7.587318420410156250e-01 2.777880139456789799e-12 5.403245405150047288e-16
7.017753523541614413e-05 3.809047299796475272e-08 8.026908998592929834e-12 9.973158240318298340e-01 1.590355485677719116e-02 2.105475286953151226e-04 9.366908669471740723e-01 1.427308120582893025e-07 8.791022264631465077e-05 8.012699481696472503e-08 2.010660084608706377e-12 2.353054242121288553e-06 1.963665908988332376e-06 1.836456021919730119e-06 2.239044941961765289e-02 7.113650099199730903e-06 1.185617689043283463e-02 1.061785042111296207e-06 9.655280130971277686e-09
1.778616133378818631e-04 5.354075582886252960e-08 1.622368211995350862e-11 9.980893731117248535e-01 2.245580404996871948e-02 2.871150791179388762e-04 8.770245313644409180e-01 2.143054018688417273e-07 7.720189023530110717e-05 1.888605112299046596e-07 3.007938733159964961e-12 4.087578872713493183e-06 3.031131427633226849e-06 1.706194780126679689e-06 2.409284189343452454e-02 1.011172935250215232e-05 1.353024505078792572e-02 1.433185957466776017e-06 1.047804776277416750e-08
1.826850930228829384e-04 5.444045925173668365e-08 1.671028593275281082e-11 9.979711174964904785e-01 2.285751700401306152e-02 2.734934096224606037e-04 8.804320693016052246e-01 2.195243666847090935e-07 7.594327325932681561e-05 1.976987107354943873e-07 3.103971506906999522e-12 4.442239514901302755e-06 3.139559794362867251e-06 1.727573135212878697e-06 2.419633790850639343e-02 1.050569971994264051e-05 1.374616008251905441e-02 1.451173943678440992e-06 1.068754240662883603e-08
