1.266098388441605493e-05 2.249611570732668042e-04 2.381070371484383941e-04 3.503949847072362900e-03 3.646927885711193085e-03 4.080391023308038712e-03 9.977136850357055664e-01 1.111587742343544960e-03 1.790516376495361328e-01 1.201518316520377994e-04 3.113087586825713515e-05 2.726498991250991821e-03 1.853989320807158947e-03 8.245111443102359772e-03 4.839807003736495972e-02 7.886434905230998993e-03 3.619004786014556885e-02 5.476632155478000641e-03 6.783796008676290512e-03
6.307024023044505157e-07 3.306131475255824625e-07 1.094387513944639068e-07 5.072595085948705673e-04 5.063614025857532397e-07 9.999788999557495117e-01 3.925350392819382250e-05 9.064494292942981701e-07 6.483698380179703236e-04 3.350010047142859548e-07 6.308052170889144605e-12 1.710617619776755305e-10 1.530889790046785492e-06 2.396619180217385292e-03 9.879345893859863281e-01 3.697419037607119208e-10 1.434296282241120934e-04 2.685506769921630621e-04 3.484744866000255570e-07
3.391063364688307047e-05 5.597148629021830857e-05 1.672052894718945026e-05 1.834563678130507469e-03 1.189557369798421860e-04 9.999076128005981445e-01 3.024983161594718695e-04 2.829404911608435214e-05 6.897896993905305862e-03 1.453804179618600756e-05 8.512777149860539794e-09 1.853852182875925791e-07 7.031037239357829094e-05 8.434799499809741974e-03 8.019573688507080078e-01 3.435922053540707566e-07 8.191136876121163368e-04 3.912758082151412964e-03 5.669000893249176443e-05
1.110971425077877939e-05 4.843685896815941305e-09 1.013824302287247292e-10 9.999998807907104492e-01 1.646223390707746148e-04 9.681243449449539185e-02 1.685380702838301659e-03 6.931490759143343894e-08 1.409406468155793846e-05 1.981020458785565097e-09 2.173503906829953383e-15 5.545979907956022359e-12 2.869457205179060111e-07 8.676036031829426065e-07 5.137198138982057571e-03 1.024608753397160399e-08 6.666308036074042320e-04 3.323137889310601167e-07 7.436889992717965470e-11
3.445655238465406001e-06 4.174707868287441670e-08 2.231287099530021578e-10 9.997723698616027832e-01 4.384148633107542992e-04 3.416350111365318298e-02 5.093400478363037109e-01 1.860375107298750663e-07 4.092240415047854185e-04 3.564153638890843467e-09 3.752288464751313279e-13 4.995856506262441599e-10 4.948387299918977078e-07 8.832033017824869603e-06 2.283103950321674347e-02 1.119410910632723244e-07 4.174472298473119736e-03 1.087083660422649700e-06 8.142417406986623973e-09
3.315827052574604750e-05 1.861993865759359323e-07 3.998406494787332122e-09 9.926515221595764160e-01 2.478711074218153954e-03 9.887295365333557129e-01 1.613779366016387939e-02 1.812466194905937300e-07 3.252057125791907310e-03 3.213068566765286960e-08 3.584170503792560858e-12 3.534927017767586221e-09 1.452248397981747985e-06 7.958580681588500738e-06 1.664187200367450714e-02 2.203282747359480709e-07 1.408678595907986164e-03 1.003720171866007149e-04 1.161690974527118669e-07
1.163406390696763992e-02 3.287687525153160095e-02 3.215925289623555727e-06 9.999903440475463867e-01 2.348526031710207462e-04 3.572957939468324184e-04 1.806900836527347565e-04 1.935464330017566681e-02 4.126056012410117546e-07 6.240101356524974108e-05 1.420681883246288635e-08 1.792532344779829145e-08 4.368904512375593185e-03 9.385799169540405273e-01 3.131918492726981640e-04 8.100362174445763230e-05 2.772320876829326153e-04 6.427798420190811157e-03 5.876366060419968562e-08
2.859381958842277527e-02 5.314374715089797974e-02 7.095049659255892038e-05 9.999171495437622070e-01 1.143085304647684097e-03 1.129034091718494892e-03 9.534163400530815125e-04 4.670511186122894287e-02 4.716744115285109729e-06 5.327107501216232777e-04 4.706359675310523016e-07 6.307366788860235829e-07 1.359662134200334549e-02 8.682326078414916992e-01 2.256093779578804970e-03 5.020842072553932667e-04 1.762892236001789570e-03 2.469194121658802032e-02 1.131732233261573128e-06
8.596586436033248901e-02 1.174893509596586227e-02 5.932346539339050651e-06 3.990703076124191284e-02 3.323729470139369369e-05 9.106426296057179570e-05 9.623248479329049587e-04 8.252561837434768677e-02 2.575977191554557066e-07 9.985876083374023438e-01 4.038271799799986184e-05 1.779391169548034668e-01 1.452977210283279419e-01 9.303692058892920613e-05 1.251628600584808737e-05 2.094152197241783142e-02 3.340527182444930077e-04 3.196218982338905334e-02 1.783898483154189307e-06
1.095220330171287060e-03 1.290102838538587093e-03 2.694816794246435165e-05 2.762691378593444824e-01 2.528824657201766968e-02 3.942806739360094070e-03 9.291123747825622559e-01 8.102558553218841553e-03 8.518275804817676544e-03 3.706149384379386902e-02 4.350185190560296178e-05 3.848349675536155701e-02 1.876004412770271301e-02 1.988539705052971840e-03 2.251172997057437897e-02 3.977550566196441650e-02 8.935698866844177246e-02 9.126038290560245514e-03 5.853426991961896420e-04
4.970203664866196247e-14 3.048811550443453200e-11 1.834984142776568455e-24 1.000000000000000000e+00 1.466792659554627676e-10 8.851456041704107966e-19 9.693655967712402344e-01 2.079857553544117721e-12 1.449049658042156352e-09 1.450489224854984262e-18 1.594148595548464553e-21 1.056690819819619134e-21 4.873736776569298490e-14 3.897811495789937908e-07 4.988684465523363087e-11 2.830182919619228521e-13 1.336388231720775366e-05 2.519530602064140575e-22 7.343043080864791665e-19
2.500959336757659912e-01 1.141759827733039856e-01 9.122086339630186558e-04 9.204344153404235840e-01 4.610987752676010132e-02 2.048827111721038818e-01 9.901087731122970581e-02 2.350746653974056244e-02 3.464033454656600952e-02 7.938095368444919586e-03 9.850115748122334480e-04 2.247898373752832413e-03 2.276574261486530304e-02 1.000560149550437927e-01 3.308643773198127747e-02 5.698497407138347626e-03 1.413622964173555374e-02 1.028298586606979370e-02 7.361496333032846451e-03
1.379317836835980415e-03 7.145981071516871452e-04 3.700644356285920367e-06 1.414425059920176864e-04 3.785080462694168091e-02 8.223731070756912231e-02 5.148778557777404785e-01 3.445566864684224129e-03 1.209744997322559357e-02 8.548876643180847168e-01 6.967328954488039017e-05 4.889442920684814453e-01 3.489939868450164795e-02 2.700208597161690705e-06 6.460428267018869519e-05 1.444607973098754883e-01 1.438392093405127525e-03 1.562507939524948597e-03 3.508388064801692963e-03
7.615919628278788878e-08 3.052973387876294076e-14 1.272021223345366111e-17 1.000000000000000000e+00 9.159229375654831529e-05 5.658316695189569145e-06 4.578993539325892925e-04 1.400429164993832742e-11 1.843058705652822482e-09 5.981475731386964867e-12 5.462149446190753904e-21 1.410851551688838135e-13 3.426212924484417499e-10 1.620190960560652371e-11 1.730932854115962982e-05 2.990836467375856955e-10 1.024722238071262836e-03 5.017193691753130125e-12 7.367854549453957554e-17
1.465762267116588191e-08 2.840830903849678180e-10 4.734613851149760411e-13 1.005115453153848648e-02 8.759929914958775043e-04 9.991514682769775391e-01 2.495023161172866821e-01 5.396623252440502228e-12 5.067187827080488205e-03 1.971128295308322009e-11 1.610718381894369559e-16 2.101544493982032691e-10 1.068191202158175201e-09 2.209028622246478335e-07 8.294461295008659363e-04 5.221364673957396008e-09 7.022384124866221100e-06 2.743051481957081705e-05 6.887824977042100727e-09
3.015529946424067020e-04 4.139076281717279926e-06 1.384297502227127552e-03 9.999929666519165039e-01 7.322655437747016549e-05 1.026501730084419250e-01 3.766025474760681391e-04 7.609000022057443857e-05 1.173048713098978624e-05 1.623756588742253371e-06 2.510310535830395651e-11 5.193422358829025143e-10 2.576377009972929955e-04 2.022473840042948723e-03 8.137328177690505981e-02 1.405277998856035993e-06 3.510125388856977224e-04 4.870328120887279510e-03 7.341133922977860493e-09
8.453701734542846680e-01 5.030072927474975586e-01 2.128927256705992477e-09 4.229538535582832992e-05 3.027603634109254926e-05 3.330709660076536238e-06 9.619297981262207031e-01 1.167810623883269727e-04 7.922284603118896484e-01 2.369328058193787001e-06 3.063540498260408640e-04 6.095634773373603821e-03 5.747608611272880808e-06 3.586924322007689625e-06 1.479518942915092339e-07 1.284045538341160864e-06 1.931515173055231571e-03 3.657715069493860938e-06 1.645787507295608521e-01
2.443224789150377774e-10 2.222836315013410058e-08 5.238498640403564666e-14 1.877997979349288471e-09 3.811075430348864757e-06 1.000000000000000000e+00 3.953932736777687751e-10 5.521010725147417614e-15 1.385303130518877879e-05 2.423862326128567446e-12 7.999701185621836953e-20 4.537649942614905771e-15 6.560400226535145762e-12 2.760709207905165385e-07 3.804303219112625811e-07 4.507394078204912669e-13 2.988320355057361155e-11 5.211094844526087400e-07 1.519724013299139642e-09
6.868366986267915308e-10 1.533356055460899370e-07 1.555822422005803674e-07 1.627069286769255996e-04 3.206616270290396642e-07 4.064818481808174511e-10 9.994735121726989746e-01 1.185542717576026917e-02 8.981292194221168756e-05 7.972747880558017641e-06 1.659490749261749443e-07 7.200451364042237401e-05 2.052916970569640398e-04 3.445592010393738747e-04 6.167757674120366573e-04 2.380369231104850769e-03 9.955478906631469727e-01 6.018519634380936623e-04 5.396300184656865895e-05
3.347668253717017706e-10 2.677956274510506773e-07 1.348619527163918974e-08 3.701500463648699224e-05 2.925370523598758155e-08 9.349292451332757992e-10 9.963673353195190430e-01 6.374262273311614990e-03 2.492847619578242302e-03 5.197059067540976685e-07 6.575195499181063497e-08 6.839605362074507866e-07 3.552401904016733170e-05 2.179090119898319244e-02 1.254746748600155115e-04 4.334275145083665848e-04 9.643476009368896484e-01 9.991294741630554199e-01 5.474891622725408524e-06
2.864741509256418794e-05 2.062472887337207794e-02 1.910864193632733077e-05 5.792067050933837891e-01 1.081652771972585469e-05 3.530246317495766561e-07 9.333635568618774414e-01 1.419474780559539795e-01 6.626065005548298359e-04 3.994496946688741446e-04 1.408435218763770536e-05 1.599366987647954375e-05 2.533885417506098747e-03 4.098051786422729492e-01 3.652384271845221519e-03 1.601778552867472172e-03 7.672986984252929688e-01 2.076205099001526833e-03 4.736685150419361889e-05
2.313202321529388428e-01 5.756189823150634766e-01 5.933973938226699829e-03 4.168352782726287842e-01 1.334104966372251511e-02 1.901827054098248482e-03 2.028601914644241333e-01 5.413428544998168945e-01 7.234557997435331345e-03 1.656375378370285034e-01 1.445624046027660370e-02 9.592217952013015747e-02 2.298344522714614868e-01 3.209177553653717041e-01 8.960513398051261902e-03 1.060124710202217102e-01 1.345570981502532959e-01 1.037650778889656067e-01 2.040702151134610176e-03
4.193137586116790771e-02 6.633453886024653912e-04 1.364579022694600852e-12 1.433211660462063719e-09 2.054243708471403806e-07 4.004361287002211611e-08 9.989056587219238281e-01 1.265539051331643350e-08 8.378650546073913574e-01 4.966209843360047671e-08 7.460981237272790167e-07 1.786479260772466660e-03 4.054802715813821123e-08 3.277100257825793506e-10 1.949318262361998677e-09 1.823680229051660717e-08 1.915627799462527037e-04 4.533747244295227574e-07 9.813253879547119141e-01
2.646114216631190175e-09 4.494159711043721472e-08 5.654290851178113420e-14 2.404715098922038941e-12 9.754504842751643423e-11 5.038693018377671251e-09 9.999997615814208984e-01 4.408657466870025132e-11 9.648422002792358398e-01 7.249508719026076520e-12 9.220844643387238193e-10 7.543027322753914632e-07 1.292732067226243231e-11 3.533219827822620118e-10 6.842365252168747247e-08 3.765945610911813901e-10 2.466713194735348225e-04 6.515963832498528063e-06 9.706526398658752441e-01
1.763104456383807750e-18 8.026743400263609829e-15 6.342000373888963607e-16 7.350818975737638539e-08 1.700401321483302475e-12 9.251469082954358834e-20 1.000000000000000000e+00 2.472231017236481421e-06 8.700630771407702468e-10 9.392787762851906308e-12 3.150652973243775815e-15 7.330586981879605446e-08 5.745673448132038175e-08 3.493570766011089290e-09 2.409888679721916560e-07 3.614122761064209044e-06 9.999480247497558594e-01 3.305846707490900371e-10 3.753569899345166050e-09
2.459477066452109284e-10 1.197755779003273346e-07 2.027558121397987634e-09 2.663446593942353502e-06 6.959668041872646427e-08 5.101788436157050910e-11 9.989192485809326172e-01 2.787129580974578857e-01 6.119375939306337386e-07 4.727772772312164307e-01 2.767641760215155955e-08 1.185398921370506287e-01 3.676866181194782257e-04 4.650207756640156731e-06 6.152635705802822486e-06 1.486692130565643311e-01 8.573641777038574219e-01 1.670501951593905687e-04 3.989579511198826367e-07
1.338558644056320190e-02 4.705775901675224304e-02 6.064897024771198630e-05 2.268033325672149658e-01 4.940759390592575073e-04 4.885426023975014687e-04 2.479423396289348602e-02 2.631444931030273438e-01 1.876321402960456908e-05 9.885419607162475586e-01 4.593213961925357580e-04 2.008953094482421875e-01 6.159702315926551819e-02 1.278790645301342010e-02 1.266475766897201538e-03 9.273380786180496216e-02 1.959393732249736786e-02 6.772742420434951782e-02 1.832962152548134327e-05
1.139694868470542133e-04 4.155489932600175962e-06 4.084567128970206795e-10 2.814825893437955528e-05 4.503055242821574211e-05 9.899427823256701231e-06 2.114994684234261513e-03 2.057754434645175934e-03 4.717355039929316263e-08 9.999927282333374023e-01 9.183433746784430696e-08 5.631108880043029785e-01 2.003274159505963326e-03 1.605267918591835041e-09 5.123268920215195976e-08 5.585960671305656433e-02 2.772672814899124205e-05 1.722651213640347123e-04 3.444331486690543898e-09
1.465720913529366953e-07 5.203099062711658007e-10 7.390063356284271284e-17 5.850440132348921907e-09 3.079661325955385109e-07 2.110814634193047823e-08 1.306204940192401409e-04 1.288609473704127595e-05 9.811373068158157906e-12 1.000000000000000000e+00 2.364459539619390149e-12 7.461151480674743652e-01 2.896795922424644232e-05 4.215506425054709469e-16 3.969954519202761878e-13 1.787055097520351410e-02 2.056615144852003141e-08 2.689196492156042950e-07 6.609691499638234435e-14
3.332582069560885429e-03 1.170988689409568906e-04 3.038482740521430969e-02 5.639005103148519993e-04 1.907145779114216566e-04 6.672956806141883135e-05 2.894909586757421494e-03 2.835187688469886780e-02 2.836876547007705085e-07 9.998606443405151367e-01 9.602254067431204021e-06 3.780558109283447266e-01 4.970160499215126038e-02 6.061611657059984282e-06 1.407740910508437082e-05 8.980299532413482666e-02 2.594499674160033464e-04 5.005579907447099686e-03 2.537571788252535043e-07
4.215644299983978271e-02 5.115721374750137329e-03 2.337223122594878078e-05 8.949869661591947079e-04 9.987335652112960815e-03 4.693556204438209534e-02 9.369809031486511230e-01 1.395257277181372046e-04 5.119447112083435059e-01 3.795339725911617279e-04 2.127323241438716650e-04 3.257270157337188721e-02 5.156044499017298222e-04 3.496115386951714754e-04 3.982199821621179581e-03 5.672640982083976269e-04 5.965104792267084122e-03 4.037071019411087036e-03 3.685538470745086670e-01
1.426695194095373154e-02 6.953752133995294571e-03 1.892183674499392509e-03 1.066111698746681213e-01 1.250130310654640198e-02 2.873217463493347168e-01 8.829777240753173828e-01 1.333356928080320358e-02 1.316107511520385742e-01 1.584642915986478329e-03 3.335600777063518763e-04 2.109919674694538116e-03 9.101230651140213013e-03 1.275339126586914062e-01 6.020416021347045898e-01 1.263850019313395023e-03 1.163145378232002258e-01 3.173665702342987061e-02 2.108661271631717682e-02
9.742242982611060143e-04 3.586400271160528064e-05 2.174842705926494091e-08 3.453698882367461920e-04 7.903683581389486790e-06 1.678749140410218388e-05 2.729419502429664135e-04 6.257783155888319016e-03 1.182258824172777167e-08 9.999903440475463867e-01 7.345421977333899122e-07 2.451351732015609741e-01 4.587105009704828262e-03 6.350656178710778477e-08 6.285881113399227615e-07 1.964110694825649261e-02 4.331796299084089696e-05 8.263509371317923069e-04 3.422909511385796577e-09
1.025732010602951050e-01 4.129461571574211121e-02 1.348612713627517223e-03 9.639095664024353027e-01 1.196897309273481369e-02 8.353408426046371460e-03 6.557481735944747925e-02 1.314600259065628052e-01 3.333429631311446428e-04 6.832754611968994141e-01 2.140152355423197150e-04 1.749871671199798584e-02 1.110511124134063721e-01 5.211943387985229492e-02 5.264599993824958801e-02 1.695966906845569611e-02 8.911020308732986450e-02 4.617541283369064331e-02 7.227432070067152381e-05
0.000000000000000000e+00 9.335381815568979014e-35 0.000000000000000000e+00 1.051121433079385743e-16 2.115205285681439321e-25 1.000452197077544391e-26 1.000000000000000000e+00 2.645396621270175518e-36 1.631085377873375819e-09 0.000000000000000000e+00 0.000000000000000000e+00 1.448636809954162133e-33 2.633167957269388292e-33 5.438648205971724839e-16 1.544567598821267040e-11 1.431891898819122690e-24 4.223377214019274038e-16 9.015158662020099020e-27 3.483391742186283498e-27
1.868689287221059203e-04 4.478438859223388135e-05 3.437812949869112344e-07 9.786481969058513641e-03 3.460025489330291748e-01 4.367357119917869568e-03 9.913281798362731934e-01 2.102129110426176339e-05 3.539578318595886230e-01 1.195505683426745236e-04 8.240893657784909010e-05 2.405790984630584717e-01 4.557162465061992407e-04 6.211011350387707353e-05 2.725473837926983833e-03 9.682859480381011963e-02 5.255778785794973373e-03 1.048482023179531097e-02 2.798205940052866936e-03
2.028309553861618042e-01 2.125825136899948120e-01 2.047106027603149414e-01 1.257138699293136597e-01 7.061635702848434448e-02 1.186601221561431885e-01 5.569822788238525391e-01 2.915826737880706787e-01 2.505955100059509277e-01 1.950168758630752563e-01 6.133986264467239380e-02 1.894380301237106323e-01 2.314661741256713867e-01 1.028576567769050598e-01 1.456893682479858398e-01 1.141697168350219727e-01 2.183634340763092041e-01 1.798639744520187378e-01 1.868660300970077515e-01
7.880068151280283928e-04 1.000445308818598278e-06 2.712842572805129748e-08 5.381036549806594849e-02 7.016192674636840820e-01 2.161304728360846639e-04 7.690685391426086426e-01 6.343489803839474916e-05 3.356956003699451685e-04 3.143500164151191711e-02 5.467782671075838152e-07 8.813212513923645020e-01 2.024193236138671637e-04 1.036906041917973198e-06 8.687754416314419359e-06 5.014948248863220215e-01 2.352051623165607452e-02 2.419100403785705566e-01 7.785097295709419996e-06
4.192436620087391930e-09 5.957142779067226002e-09 4.443058385263229035e-18 9.815048542805016041e-07 5.392780666468866002e-10 1.484000075602232016e-11 3.152607314405031502e-05 1.412377896485850215e-04 3.123047322459810912e-15 1.000000000000000000e+00 3.523617216148050568e-13 6.046656966209411621e-01 5.660519036609912291e-06 4.867756046335325326e-13 1.612449214948019627e-12 2.088679932057857513e-02 6.831795644757221453e-07 1.349338276668277103e-06 2.549976541143514136e-16
5.276087335914780851e-07 7.479126225007348694e-07 3.740448877215385437e-02 9.895560145378112793e-01 1.025650931296695489e-06 3.912876067602155672e-08 8.650006055831909180e-01 3.011780790984630585e-03 8.130988362609059550e-07 7.599255241075297818e-06 1.195032267586881858e-11 3.794088954123253643e-08 7.267107721418142319e-04 1.414240105077624321e-03 1.304012537002563477e-02 9.317883268522564322e-06 9.613870978355407715e-01 5.440814220492029563e-06 1.683356742887553992e-08
2.211701503256335855e-04 1.341217430308461189e-03 9.995186328887939453e-01 4.526735842227935791e-02 2.114550588885322213e-04 5.146848037838935852e-02 7.763314247131347656e-01 2.123889885842800140e-02 5.955429747700691223e-02 7.428060052916407585e-05 9.694254003989044577e-07 7.396557521133217961e-06 2.031806856393814087e-03 4.980814456939697266e-02 1.286670863628387451e-01 3.973716520704329014e-04 2.288843542337417603e-01 3.146192990243434906e-03 3.522275015711784363e-03
4.251170082625321811e-09 1.361991053272504359e-07 2.855841951809878765e-10 9.997044205665588379e-01 6.163755061905362709e-10 4.832171988933264828e-12 2.814421430230140686e-02 8.366318419575691223e-03 2.323723297115165565e-10 9.678668675405788235e-07 4.019951028549602692e-15 4.241622678091694354e-12 7.224054570542648435e-06 2.180915884673595428e-02 2.571921097114682198e-03 1.389103765347954322e-08 9.995218515396118164e-01 6.079994142055511475e-02 1.369423346421483334e-12
5.296335882135992703e-22 6.222769319624651369e-18 2.116505722883696159e-24 4.801277464139275253e-05 9.020253988190063410e-11 1.893459437141320239e-21 1.000000000000000000e+00 2.464480225797260893e-12 7.803681312257282343e-12 1.004864577371046216e-14 1.799534193088610843e-23 5.968504357412030004e-09 9.348473106740584626e-10 7.060723099944210546e-12 2.985508951169890679e-09 1.451023194931622129e-06 1.511692069470882416e-02 3.005194631013931306e-14 1.935750731790956253e-16
1.876212617449073558e-34 9.562304766605818596e-28 1.312392219793627289e-28 8.920428752899169922e-01 1.758837417970165903e-27 0.000000000000000000e+00 1.000000000000000000e+00 1.020763470494304159e-13 4.347282128851453548e-23 3.595764515911829976e-26 0.000000000000000000e+00 1.791209411440398757e-27 1.265019751573758021e-16 1.007154754560646293e-12 1.608198990643572301e-11 3.201118246637843818e-18 1.000000000000000000e+00 7.700599138471197716e-22 1.607995695830841010e-27
0.000000000000000000e+00 2.622645542977355513e-38 1.358969641695957252e-33 3.922514313359215521e-09 7.364295163141944014e-37 0.000000000000000000e+00 1.000000000000000000e+00 1.649530426801274624e-14 3.065309858745481535e-28 5.796545433276252568e-32 0.000000000000000000e+00 1.033940953754283014e-32 9.384144935409064783e-22 7.950793211666207726e-17 1.327365951528380883e-13 2.272693071325256834e-21 1.000000000000000000e+00 8.466214248995552078e-19 1.271359993438965571e-27
4.307230934500694275e-02 3.664691746234893799e-02 4.591785796037584078e-07 9.999593496322631836e-01 4.046483081765472889e-04 7.214373454189626500e-06 2.504194271750748158e-04 2.592822723090648651e-02 1.508836078301101224e-08 9.389715641736984253e-02 1.247088903255644254e-07 2.459244569763541222e-05 1.975353062152862549e-02 5.194153189659118652e-01 5.893286288483068347e-05 1.264160033315420151e-03 1.288897939957678318e-03 2.747244434431195259e-03 1.202820421042360977e-08
4.721067473292350769e-02 8.937891107052564621e-04 4.960679422794100901e-09 9.999797344207763672e-01 3.529913956299424171e-04 2.451977024975349195e-06 2.944332300103269517e-05 5.095055676065385342e-04 4.642768461349255915e-11 9.950311183929443359e-01 5.000909686359022999e-10 2.275554463267326355e-03 1.044545602053403854e-02 9.567886445438489318e-05 7.084295702952658758e-06 6.898488500155508518e-04 1.517232594778761268e-04 4.689202614827081561e-05 1.095688730717858661e-11
1.360058668069541454e-03 1.654024701565504074e-03 4.004648701538826572e-07 9.998362064361572266e-01 1.261837081983685493e-03 1.381037805003870744e-06 8.643128722906112671e-02 5.590799730271100998e-03 8.747078936721663922e-06 2.824287302792072296e-02 1.436366829921098542e-07 1.040987262967973948e-04 4.736818838864564896e-03 7.647838909178972244e-03 3.532723349053412676e-04 2.266680356115102768e-03 6.522187590599060059e-02 9.537374353385530412e-06 1.085452723259550112e-07
4.645308014005422592e-03 2.355488959437934682e-08 1.383996134926915311e-13 5.908121820539236069e-03 9.731853008270263672e-01 5.312610351637658823e-09 3.593912720680236816e-01 1.726230536291950557e-08 3.199773246365111845e-08 2.092325594276189804e-03 4.554947564960887263e-12 9.983678460121154785e-01 4.070979230164084584e-06 6.877014929740354887e-11 5.423310411867277026e-11 4.160466790199279785e-01 4.857073872699402273e-05 3.331002153572626412e-05 2.070951916899321787e-11
1.788924492984733661e-07 2.673922863323241472e-04 1.267115634639992550e-09 9.916931986808776855e-01 4.714032002084422857e-06 2.792495195080846315e-07 9.972335696220397949e-01 1.332487863692222163e-05 9.309034794569015503e-04 4.876027137612481965e-09 2.058902159873809978e-09 9.148808932657459536e-10 9.599494887879700400e-07 3.569051995873451233e-02 1.683279115241020918e-04 1.243113842974707950e-06 1.538010779768228531e-03 9.971503622807631473e-09 1.037487962207706005e-07
8.136392716551199555e-05 2.071961015462875366e-02 4.653490577766206115e-06 3.157221071887761354e-04 5.485191941261291504e-04 9.999995231628417969e-01 8.099721162579953671e-05 2.742516244325088337e-06 9.308755397796630859e-04 9.633224635763326660e-07 2.759622752535051404e-09 2.653519892703570804e-08 2.942842456832295284e-06 1.088136956095695496e-01 3.546175139490514994e-04 5.090326453682791907e-07 1.107311618397943676e-06 3.542895428836345673e-04 7.549608199042268097e-06
9.999856948852539062e-01 2.735748514533042908e-02 4.679624201163468111e-13 4.366948269307613373e-05 1.291382312774658203e-01 4.816402832119592858e-11 2.576017379760742188e-01 6.851297484899987467e-07 7.483227527700364590e-04 2.837752433038076560e-08 1.763411319188890047e-06 5.781878232955932617e-01 1.989656630030367523e-05 1.261634130500510764e-09 6.415204305276756003e-12 1.192136096506146714e-05 1.011406311590690166e-05 2.021324635448351614e-10 6.417390977730974555e-05
9.999885559082031250e-01 1.455364227294921875e-01 3.108412138796978752e-10 4.418236017227172852e-01 5.184368491172790527e-01 7.008385538576078488e-11 7.368741091340780258e-03 2.574931750132236630e-05 3.156618276989320293e-06 6.355163861826440552e-08 8.897294173948466778e-05 1.531264930963516235e-01 1.287457271246239543e-04 4.059344519191654399e-06 1.491409773457519350e-10 2.005276910495012999e-04 4.363343396107666194e-05 1.189954579317031857e-09 6.032126975696883164e-07
9.948180317878723145e-01 2.642963230609893799e-01 2.390083579939528136e-07 9.998357295989990234e-01 2.386832423508167267e-02 1.842589227862845291e-07 5.776434554718434811e-04 2.810242585837841034e-03 3.619030621848651208e-06 9.333157504443079233e-05 2.249707904411479831e-04 6.965873180888593197e-04 8.756577037274837494e-03 1.962278410792350769e-02 4.303908099245745689e-06 9.115834254771471024e-04 5.574118113145232201e-04 3.531964466674253345e-06 9.206069989886600524e-06
5.012069344520568848e-01 3.958903551101684570e-01 1.749201118946075439e-02 9.236772060394287109e-01 1.656809598207473755e-01 1.373383775353431702e-02 1.477748602628707886e-01 2.386746406555175781e-01 1.823061332106590271e-02 9.188899397850036621e-02 4.544238746166229248e-02 6.186480447649955750e-02 1.697357743978500366e-01 3.422656655311584473e-01 3.189223632216453552e-02 1.414131820201873779e-01 7.722119987010955811e-02 5.660399049520492554e-02 1.249067019671201706e-02
3.621430099010467529e-01 2.777515053749084473e-01 1.372541883029043674e-03 9.982689619064331055e-01 3.556155040860176086e-02 1.261057914234697819e-03 1.286587398499250412e-02 8.875089138746261597e-02 3.181933425366878510e-04 9.431459009647369385e-03 1.338967354968190193e-03 1.217213808558881283e-03 5.688429623842239380e-02 6.189924478530883789e-01 4.270687233656644821e-03 2.737432904541492462e-02 1.183892041444778442e-02 1.498609315603971481e-02 3.469302901066839695e-04
6.548809409141540527e-01 1.310085803270339966e-01 2.255219005746766925e-04 9.995748400688171387e-01 1.734541058540344238e-01 6.003097514621913433e-04 1.128630712628364563e-02 1.709288731217384338e-02 7.723391172476112843e-04 9.019494988024234772e-03 1.195961493067443371e-03 5.201375111937522888e-03 3.617783263325691223e-02 1.399859488010406494e-01 1.719076768495142460e-03 5.870450660586357117e-02 1.008675806224346161e-02 1.093032537028193474e-03 4.509472637437283993e-04
1.573649197061932625e-12 1.405159100187347576e-08 9.688350653420246816e-14 9.999966621398925781e-01 7.973767588050073574e-14 1.863781022327943025e-17 7.324306964874267578e-01 5.934960208833217621e-04 4.854854365743399569e-11 1.014035244661926072e-10 1.878183725717593833e-17 2.896672767826476876e-18 5.750847975605211104e-08 1.131929010152816772e-01 4.784688371728407219e-06 3.765289816048955629e-11 9.992504715919494629e-01 1.303370709138107486e-07 7.238126927249649567e-15
3.286929839418917254e-09 1.907822297653183341e-04 5.928719321035558210e-11 9.999948740005493164e-01 2.087609807244206195e-10 2.883806678156096426e-14 2.623322308063507080e-01 1.265589427202939987e-02 2.698952838997570325e-09 1.664287552216592303e-08 8.703954440872352372e-13 1.251963146326438847e-14 2.774412678263615817e-06 9.439207911491394043e-01 3.881522843585116789e-06 2.537053411799661262e-08 7.102697491645812988e-01 3.126630872429814190e-06 2.775454562356505228e-12
8.841326781805491919e-09 2.246178046334534883e-04 2.315268948782644998e-10 9.999957084655761719e-01 6.253921269738782485e-10 5.218244727381998738e-14 1.815030574798583984e-01 1.622247137129306793e-02 3.383631597131397939e-09 5.784379197848465992e-08 1.501303205017623377e-12 5.096606391584955487e-14 5.997543212288292125e-06 9.083445072174072266e-01 6.091025625210022554e-06 6.262258978040335933e-08 7.273620367050170898e-01 5.271594091027509421e-06 5.029035781561885798e-12
3.725206099147726491e-08 3.949942311010090634e-07 7.777201176395465154e-07 3.163011852436170557e-09 1.055518987413961440e-05 9.999881982803344727e-01 1.311622210778295994e-03 2.473524440826935233e-10 3.270203769207000732e-01 2.328189481204390177e-07 4.819846778636449613e-12 1.044374926095770206e-06 3.240023715989082120e-08 3.386512403835695295e-08 1.216107739310245961e-05 3.145857760955550475e-07 3.575943310352158733e-07 6.822251452831551433e-05 5.876874327659606934e-01
1.971214311197400093e-03 6.044083740562200546e-03 3.743529785424470901e-03 2.436964306980371475e-03 3.259166842326521873e-03 2.947966568171977997e-02 9.425678849220275879e-01 1.284031756222248077e-02 6.214334964752197266e-01 4.310508724302053452e-03 4.379094112664461136e-03 1.864535734057426453e-02 7.087822537869215012e-03 8.355810306966304779e-03 2.970069088041782379e-02 9.888507425785064697e-03 1.173848956823348999e-01 1.072396188974380493e-01 4.067849218845367432e-01
1.259213178173013148e-07 2.773442793113645166e-05 2.207171263535201433e-07 1.015893358271569014e-04 1.506183762103319168e-04 3.335506335133686662e-05 9.998885393142700195e-01 8.854015613906085491e-04 1.566249504685401917e-02 1.583211414981633425e-04 4.299317424738546833e-06 2.093624323606491089e-03 2.964320825412869453e-03 7.244721637107431889e-04 2.625605789944529533e-03 7.443566340953111649e-03 3.745136037468910217e-02 3.124969371128827333e-04 1.022353535518050194e-03
1.360063531111880130e-26 1.514177196374425054e-28 0.000000000000000000e+00 1.952086492451599042e-09 7.947277502751148859e-09 1.341300494778826114e-16 1.000000000000000000e+00 4.314349932280502606e-26 1.415210396787935920e-12 1.129340914004419829e-25 0.000000000000000000e+00 1.512453221474627241e-14 2.622942366315582096e-18 1.165731549351174358e-19 2.444991709094068710e-10 8.100325152391590899e-14 6.698788190817595023e-10 2.108324019882780374e-19 3.344140727134723688e-24
4.487467255426258461e-13 1.010986405702851698e-09 1.701081544155907927e-17 2.598772943019866943e-01 2.409477133369364310e-07 1.357966517012698660e-11 9.999996423721313477e-01 5.166312377902215758e-10 2.583641162345884368e-06 1.486807725548100478e-11 2.363765082716924766e-16 1.802704430176049755e-09 1.265382110204882338e-08 1.091341573555837385e-06 2.480972398188896477e-06 4.249198468642134685e-07 1.306323247263208032e-04 4.726505211521958572e-12 1.564653441532559697e-11
1.629903578815809405e-24 2.065677172438960495e-19 5.000469461279328644e-29 8.749369978522381075e-11 4.658251323737261362e-13 1.219315033118523716e-20 1.000000000000000000e+00 4.081051035303984165e-12 2.812053500754647939e-14 1.764838386542066928e-09 1.417121439793087482e-25 4.133586344323703088e-07 7.855407879731046705e-09 1.587683320893788861e-16 5.944667501311950986e-13 3.102403070442960598e-06 1.305581099586561322e-04 1.566752713250661472e-15 2.294474528539909539e-18
2.089149493258446455e-04 3.894578810559323756e-07 6.309180066409181276e-13 1.000000000000000000e+00 2.043502718152012676e-05 6.806347370147705078e-01 7.424101227115897927e-07 2.215737637811798777e-08 4.502268211581395008e-07 2.116742892077638771e-10 2.657530931901293074e-16 1.308066339706509540e-13 4.186957198726304341e-07 3.812884096987545490e-05 1.539758341095875949e-05 1.332507992835019195e-09 3.710280509494623402e-07 1.270888105864287354e-06 2.467120084614915498e-11
2.217795554315671325e-05 2.375256503000855446e-03 1.161943534010861923e-13 1.000000000000000000e+00 1.101019897475907783e-08 6.905823823899481795e-08 2.618451944158550759e-08 2.207624929724261165e-04 9.579441867567720093e-14 2.269041621261180808e-10 2.415954190581385928e-17 1.171385106533184679e-17 2.635694727359805256e-06 9.998462200164794922e-01 5.622955434603227332e-09 2.526279185843804953e-09 1.904798985208344675e-08 5.775912086392054334e-06 7.191390719714591071e-16
6.348227150738239288e-03 5.020741373300552368e-02 8.661609207649689779e-09 9.999985694885253906e-01 6.092176045058295131e-05 3.772385243792086840e-04 7.598862430313602090e-05 1.366857090033590794e-03 2.435485839669127017e-07 8.735264600545633584e-07 1.885887890296089608e-09 5.398657076938206956e-10 2.887079899664968252e-04 9.452517032623291016e-01 2.105048679368337616e-06 7.148189524741610512e-06 5.582021913141943514e-06 3.192491567460820079e-05 1.038317076762496072e-08
2.895487414207309484e-04 1.115353143177344464e-07 6.063332474992577659e-11 1.000000000000000000e+00 3.152838617097586393e-04 5.595853053819155321e-06 2.696775773074477911e-04 8.108887641355977394e-07 4.053781665902533859e-08 1.497404724659645581e-07 7.142596518579236164e-14 9.337865203296047412e-11 3.639805299826548435e-06 5.499665348907001317e-06 1.960502559086307883e-04 1.427035840606549755e-07 1.882067765109241009e-03 6.614588876630023151e-09 2.844216398859011896e-12
3.418104370211949572e-06 1.834065557204667130e-07 2.145235757696623002e-13 1.000000000000000000e+00 4.760499723488464952e-05 4.054839575218238679e-09 4.386470466852188110e-02 1.911974010226913379e-07 7.175580094553879462e-07 1.173129371423442535e-09 2.548983702062301848e-13 5.989877864542858532e-12 1.501547330917674117e-07 1.928223537106532604e-05 4.598946816258830950e-06 1.338243720283571747e-07 2.328305039554834366e-03 3.871769658353452215e-12 4.896523290998100464e-12
2.398507604084443301e-06 4.806404607649028549e-09 2.034723917132552629e-10 1.000000000000000000e+00 3.164113877573981881e-06 5.336692083801608533e-07 6.742763216607272625e-04 4.520558832155074924e-06 2.787512221047450112e-09 7.567064841396131669e-08 2.549830692657908786e-16 3.672805332435857828e-13 1.846066197686013766e-06 8.740825251152273268e-06 8.132468792609870434e-04 2.808335786141924473e-09 5.610470101237297058e-02 2.845133728612836421e-08 3.522318748521227616e-14
2.049702185757951156e-09 6.301937105490651447e-07 1.880218203353933859e-11 2.564311027526855469e-02 1.910191895149182528e-05 7.752675657002328080e-08 9.999918937683105469e-01 5.029577550885733217e-06 6.557591841556131840e-04 9.572639214638911653e-08 5.760319776726419150e-09 1.022729247779352590e-05 1.487907866248860955e-05 1.225604646606370807e-04 1.736777368932962418e-03 2.935465890914201736e-04 2.976421825587749481e-02 3.457841557974461466e-06 2.168157379855983891e-06
1.107352698426211646e-08 2.251371711281535681e-07 8.573921086996172392e-12 4.022242128849029541e-02 1.677633990766480565e-04 2.831755955412518233e-05 9.999424219131469727e-01 7.857987043280445505e-07 6.268232245929539204e-04 2.911627632329327753e-07 1.329945181760550099e-10 5.799320206278935075e-06 1.100341887649847195e-05 3.946102515328675508e-05 2.370795235037803650e-03 6.055015546735376120e-05 2.910648472607135773e-03 5.012386736780172214e-06 5.154757332093140576e-07
1.473006108199115261e-07 1.909612308281793958e-07 2.600455614731878029e-11 2.158271521329879761e-02 2.500096801668405533e-03 4.406808316707611084e-01 9.834401607513427734e-01 3.987791785675653955e-08 3.776952391490340233e-03 2.587754295291233575e-07 1.811488285763385164e-11 1.814340521377744153e-06 2.287810275447554886e-06 7.147215001168660820e-06 1.274809590540826321e-03 1.726389200484845787e-05 1.565472193760797381e-04 3.298622686997987330e-05 6.261846010602312163e-07
4.164995069658331458e-24 1.323819512804131884e-23 7.036109699613925761e-34 3.378758023219385593e-19 2.590376789157744497e-05 1.648593087899569950e-18 1.000000000000000000e+00 1.078261141606298380e-19 2.285913541788531234e-10 2.424759395006081952e-12 1.681218980700436223e-24 9.401552081108093262e-01 1.022315912480031841e-10 2.912105607973026542e-26 1.152601866584485004e-21 3.640149533748626709e-02 3.791654490381546339e-10 3.317661559481399755e-16 3.178802485354326982e-17
4.666096842242950515e-08 1.798200682969763875e-04 1.139062663635392880e-10 1.105522562383498553e-09 2.738615032285451889e-03 1.000000000000000000e+00 2.155238144041504711e-05 8.717802868485335921e-11 9.923914913088083267e-04 3.081678642047336325e-06 7.313781199592972460e-13 3.875010463616490597e-07 5.059062502255073923e-08 3.167660054259613389e-07 4.581951174031928531e-08 1.145284613812691532e-06 4.233552675092511208e-10 1.167403411272971425e-06 1.352471190330106765e-05
2.416011768969464520e-15 3.005181629058190952e-15 9.857775476736386038e-24 4.598642498157730352e-14 6.423677234579372453e-08 1.830994915508199483e-05 9.999654293060302734e-01 1.033772459996251669e-11 1.368730906392556790e-09 2.977720201015472412e-01 3.253909585415225743e-19 3.277006093412637711e-03 3.510429451125673950e-06 4.571729534870726133e-19 4.640515402498657238e-13 4.844722934649325907e-05 2.727409631475552487e-09 7.195837242041092097e-12 5.969690887452916428e-12
2.427511747171706702e-09 2.037313079130960262e-15 3.761050617191217887e-17 1.000000000000000000e+00 3.282251270775304874e-08 2.996666007675230503e-04 1.335245769951143302e-06 1.056793021148028089e-11 8.256428526975945204e-12 5.108043437014597732e-13 2.155690120375447410e-25 1.995709971079191938e-19 1.120107756547028544e-10 6.255899270835030279e-11 2.267212694277986884e-04 3.172344724693305917e-14 1.253563732461770996e-05 3.667721959477177052e-10 7.733018156134740830e-20
2.048803127152609704e-09 1.561028106777939684e-08 5.952371928685806779e-09 8.789126873016357422e-01 1.734308585632504673e-09 1.984208353178473772e-09 6.793857216835021973e-01 1.373153063468635082e-03 2.203074345175082271e-08 1.608450475032441318e-07 1.998622486043197255e-13 8.103829413075303023e-11 8.736608833714853972e-06 1.563070341944694519e-03 2.603164315223693848e-02 5.772905353751411894e-08 9.995736479759216309e-01 3.924878910765983164e-05 4.581125478964054309e-10
1.464488286728737876e-05 2.878645318560302258e-05 8.351796168426517397e-06 8.219385743141174316e-01 5.293907179293455556e-06 1.589653220435138792e-05 3.452287316322326660e-01 2.413982711732387543e-02 1.481236813560826704e-05 1.557944779051467776e-04 1.044588149312630776e-08 7.081073363224277273e-07 8.561722352169454098e-04 2.730040997266769409e-02 1.986404508352279663e-01 1.824900573410559446e-05 9.814493060111999512e-01 7.573810406029224396e-03 5.212983182900643442e-07
2.605331828817725182e-03 8.373743621632456779e-04 1.014528515952406451e-05 5.452361702919006348e-01 8.518870174884796143e-02 2.309968471527099609e-01 7.997772693634033203e-01 7.377385627478361130e-04 8.056715875864028931e-02 1.320636132732033730e-03 2.077161479974165559e-05 4.356340505182743073e-03 2.605535089969635010e-03 2.192495157942175865e-03 5.792536213994026184e-02 8.068911731243133545e-03 2.621176093816757202e-02 8.365748450160026550e-03 1.138674444518983364e-03
2.776802284643054008e-03 2.219418063759803772e-03 1.614696884644217789e-05 2.537457831203937531e-02 2.896486036479473114e-02 9.965427517890930176e-01 4.401822760701179504e-02 9.497030259808525443e-05 4.878489673137664795e-02 3.936061693821102381e-04 9.597077905709738843e-07 1.897700567496940494e-04 5.370411090552806854e-04 2.497866982594132423e-03 1.163671724498271942e-02 2.528762852307409048e-04 1.835451927036046982e-03 9.869435802102088928e-03 1.046042889356613159e-03
7.294542342424392700e-02 6.590961217880249023e-01 9.936548769474029541e-02 1.391087472438812256e-01 9.028418920934200287e-03 3.884499669075012207e-01 3.776631951332092285e-01 2.036822140216827393e-01 4.214968159794807434e-02 8.914235047996044159e-03 1.372770871967077255e-02 5.662412848323583603e-03 2.068891748785972595e-02 7.241432070732116699e-01 3.175228089094161987e-02 1.400345657020807266e-02 1.944473944604396820e-02 3.737007454037666321e-02 6.990555673837661743e-03
1.375228327483296598e-13 2.565672730270307511e-06 5.401825989688685895e-15 4.130567958782194182e-07 4.744787028554409147e-12 1.651075160787182292e-15 8.719098567962646484e-01 3.584507703781127930e-01 8.248199345750606426e-11 9.991602897644042969e-01 5.360042271140841308e-12 6.777577847242355347e-02 9.104857781494501978e-06 1.049880324899277184e-06 2.332782300662472608e-10 1.131420880556106567e-01 5.883993953466415405e-02 2.921097120633930899e-06 1.207581018687620134e-12
4.667779207229614258e-01 9.962843060493469238e-01 8.036445953152338006e-10 6.796977948397397995e-03 9.472109496755365399e-08 1.763793451570183635e-11 1.868520230054855347e-01 7.355148196220397949e-01 3.918247239198535681e-04 1.523951098647557956e-08 2.785781025886535645e-02 4.972626356902765110e-06 8.445867570117115974e-05 6.569956243038177490e-02 2.589920056195182951e-09 1.100901317840907723e-05 4.516747221350669861e-02 5.988404609524877742e-06 3.914309942842919554e-08
8.197289891541004181e-03 9.995248317718505859e-01 7.442414581984517007e-21 8.936945199966430664e-01 1.829772905458451615e-13 5.373936571144690558e-22 1.672105938196182251e-01 4.048734903335571289e-03 3.546761604411585722e-07 1.606005569985185437e-17 1.823517382144927979e-01 1.402825880632285749e-13 3.100014689394470224e-11 3.109340928494930267e-02 2.477316599090162159e-17 7.250435928723986123e-12 8.055890793912112713e-04 6.975618711401333077e-15 3.571451318143186934e-15
3.574245738491299562e-06 1.913061858449874308e-14 1.328311444570641369e-23 9.999969005584716797e-01 9.489147067070007324e-01 1.241055314071815019e-10 5.424398113973438740e-04 2.167340810402436369e-14 4.375831497822023353e-16 6.376291513442993164e-01 4.375398393690978763e-23 9.964562058448791504e-01 1.912990210684029080e-09 1.897975014489660083e-18 1.369139350504422481e-11 1.356794312596321106e-02 4.568739342403205228e-08 4.729666103209240191e-10 3.345697149700724744e-24
1.286088835428245147e-08 8.718960202713788021e-07 5.722388607409811812e-08 1.375569524952879874e-07 6.734832140864455141e-07 1.002712524496018887e-03 9.994726777076721191e-01 1.129697466240031645e-06 8.679698109626770020e-01 6.698666510374096106e-08 9.708652726203581551e-08 6.879569355078274384e-06 7.398119805657188408e-07 1.650018930376973003e-05 1.488548004999756813e-04 7.192863449745345861e-06 1.852386631071567535e-03 1.047925185412168503e-02 3.590503633022308350e-01
1.259171655831892167e-10 3.612369292582684466e-09 1.394571125246102383e-10 2.806575685099232942e-05 1.015390971303986589e-08 8.934401869773864746e-01 9.970883727073669434e-01 2.180790836803225829e-08 1.003504847176373005e-03 1.552187024744799970e-11 6.362745904833115931e-15 2.144287785527110302e-12 1.515648939687253005e-08 2.498465962707996368e-02 3.502992987632751465e-01 6.658709000850748794e-11 3.125824441667646170e-04 2.219195812358520925e-05 2.756686683369480306e-07
1.416340069226862397e-06 1.089373175000574179e-10 1.684324034412210125e-11 1.000000000000000000e+00 3.493606186566466931e-07 1.271690853172913194e-04 1.331514704361325130e-05 1.517667271855316358e-07 3.508660861850643187e-10 3.760327604851454453e-09 2.719147400663408842e-19 1.562360000386200671e-15 1.474840587434300687e-07 5.142147756487247534e-07 4.154777619987726212e-03 3.570954643095092251e-11 3.963920462410897017e-04 9.956937674360233359e-07 1.182543227057320737e-15
1.634817421436309814e-01 1.822708554755081423e-06 2.317654430189237252e-14 1.000000000000000000e+00 1.522682309150695801e-01 6.006633523902848992e-10 7.275930329342372715e-06 2.623261075029859057e-08 8.061396060236869499e-13 1.431508548557758331e-02 3.665853902444331236e-14 5.769726703874766827e-04 2.169243089156225324e-05 1.523285497739834682e-08 3.722010433193645440e-08 1.005421625450253487e-03 2.382937964284792542e-05 3.776792767418157837e-10 1.041665660182051166e-15
6.165822222828865051e-02 1.460609142668545246e-03 5.854109531355788931e-06 1.000000000000000000e+00 1.761693711159750819e-04 2.037328522419556975e-05 4.055958470416953787e-06 1.503557083196938038e-03 2.296788093048007795e-09 3.361717608640901744e-05 2.345811322967961132e-10 9.946710122221702477e-10 1.803475315682590008e-03 4.125507175922393799e-01 4.771108506247401237e-04 2.157078415621072054e-05 1.172355114249512553e-04 3.265361068770289421e-03 1.604049670866913857e-09
3.160579071845859289e-04 5.129941200721077621e-05 2.105968631803989410e-02 9.997610449790954590e-01 2.625372726470232010e-04 3.619868773967027664e-03 6.412065029144287109e-02 3.286632942035794258e-03 1.322309835813939571e-04 5.060812327428720891e-05 4.044365731203924952e-09 4.085872618020403024e-08 1.502513070590794086e-03 1.028785016387701035e-02 1.371999680995941162e-01 1.567830258863978088e-05 8.781851083040237427e-02 4.160724638495594263e-04 2.930578943960426841e-07
1.128301490098237991e-03 3.626559046097099781e-04 4.672899544239044189e-01 9.985200762748718262e-01 8.455124334432184696e-04 2.375304000452160835e-03 1.209210008382797241e-01 1.119907945394515991e-02 3.747509617824107409e-04 2.018084051087498665e-04 1.827058042636053870e-07 7.129489176804781891e-07 6.078487262129783630e-03 2.908709459006786346e-02 1.416808813810348511e-01 1.711329969111829996e-04 1.356675475835800171e-01 1.051140017807483673e-03 3.201640538463834673e-06
1.985681615769863129e-02 1.341283693909645081e-02 9.251424670219421387e-01 9.731084108352661133e-01 1.371018588542938232e-02 3.930077701807022095e-02 1.214309334754943848e-01 4.949567466974258423e-02 5.289084743708372116e-03 2.407779917120933533e-03 8.707166853128001094e-05 1.073794555850327015e-04 3.822287917137145996e-02 1.379417479038238525e-01 2.351655662059783936e-01 5.985831376165151596e-03 7.505927979946136475e-02 2.354087308049201965e-02 3.608308907132595778e-04
3.010757008287123782e-12 3.493950240240906169e-09 1.468374135119281804e-14 6.783238415408732180e-09 1.229745976161211729e-06 4.888805939934348643e-12 9.999707937240600586e-01 5.745105227106250823e-05 2.124734663766503218e-07 2.255648374557495117e-03 3.291081018819141946e-10 2.737835347652435303e-01 1.982594141736626625e-03 1.190769011172321257e-10 1.353285372651669149e-09 1.082886159420013428e-01 9.587399661540985107e-03 3.278703886167022574e-08 2.084830441617668839e-08
8.677146397531032562e-03 1.608017017133533955e-03 1.468290946604611236e-07 6.707939505577087402e-01 2.537299413233995438e-03 4.008058607578277588e-01 9.997729212045669556e-03 4.401679907459765673e-04 3.272616595495492220e-05 8.268504142761230469e-01 6.686502018737883191e-08 1.995547208935022354e-03 8.519761264324188232e-03 1.504355168435722589e-04 1.511468086391687393e-03 4.070359573233872652e-04 1.221857673954218626e-04 2.477848320268094540e-04 5.090874992674798705e-07
1.892345190153399675e-16 2.449833669260215174e-09 2.141867389256284727e-20 2.844562421982360645e-13 1.378963498943619470e-09 9.727081640154011666e-11 1.000000000000000000e+00 3.319022923164993699e-08 3.419242784730158746e-05 4.270262365935195703e-07 2.240307413322803476e-13 4.426025770953856409e-05 1.574972338858060539e-05 3.981612348852303640e-12 4.745639645142851748e-11 3.395745588932186365e-04 4.845896910410374403e-06 4.261256625337495052e-11 8.496981962480276707e-08
4.144825972616672516e-03 2.734021749347448349e-03 4.425460065249353647e-05 4.780205897986888885e-03 1.050929576158523560e-01 8.466855883598327637e-01 2.991931736469268799e-01 1.941736554726958275e-03 1.500490680336952209e-02 3.246302306652069092e-01 3.105212454102002084e-05 6.380609422922134399e-02 1.627317070960998535e-02 2.427162253297865391e-04 5.547065287828445435e-03 2.348385006189346313e-02 2.783496631309390068e-03 5.182600580155849457e-03 1.324709504842758179e-03
6.259608780965209007e-04 1.417291205143555999e-04 2.517272150726057589e-07 3.963144627050496638e-05 1.088506449013948441e-02 5.470400676131248474e-03 4.532617330551147461e-01 3.571092616766691208e-03 1.513508148491382599e-03 9.827361106872558594e-01 2.349099850107450038e-05 6.723763942718505859e-01 2.778639085590839386e-02 1.493112335992918815e-07 4.627115686162142083e-06 1.689527779817581177e-01 5.754862213507294655e-04 4.619912360794842243e-04 2.964640152640640736e-04
2.100441977381706238e-02 2.431657630950212479e-03 7.455785635102074593e-06 2.784828841686248779e-01 1.601301692426204681e-02 7.652970403432846069e-02 1.410315930843353271e-01 5.075356457382440567e-03 4.019727639388293028e-04 9.537518620491027832e-01 1.348014575341949239e-05 1.043986752629280090e-01 3.917549178004264832e-02 9.290013258578255773e-05 6.994287483394145966e-03 1.308915298432111740e-02 4.106148611754179001e-03 2.580467145889997482e-03 2.585842958069406450e-05
5.805022240679136303e-09 2.008344379689219750e-09 1.791842549891953240e-07 2.441146534692961723e-06 3.315848007332533598e-04 9.999997615814208984e-01 1.534204930067062378e-03 1.489934148279914439e-10 1.500154146924614906e-03 7.119587142057071105e-09 5.053275214146211915e-16 6.502391403095941769e-10 2.090679984689813864e-08 1.175637407868634909e-06 1.872103021014481783e-04 1.400468629952911215e-08 4.169144631305243820e-06 6.734062480973079801e-05 1.314205917424260406e-07
8.938303317439742768e-15 2.573428368823923551e-17 3.309288060399666254e-27 1.889998718637964376e-18 2.291808836162090302e-03 1.113616675138473511e-01 2.258428633213043213e-01 2.917514777808554935e-15 1.429379370421202111e-08 9.900960922241210938e-01 2.901091842924135046e-21 9.565911293029785156e-01 5.767630373298970881e-09 7.671059087180046912e-26 2.989292762625407586e-20 2.564557828009128571e-02 2.370070827963088878e-13 1.343315649687815139e-12 5.895335218261688048e-13
6.970416826473435140e-19 6.398952379448698978e-19 1.597602337848757516e-26 7.840481519285023488e-21 6.381238810718059540e-03 1.000000000000000000e+00 7.896455711531302768e-11 1.419506087731628869e-27 4.267574331606738269e-05 1.038916314088922377e-10 4.641392894645509663e-31 4.074138595933085583e-11 1.712691024053089670e-17 1.569066901906481802e-23 2.262653510760453980e-18 2.260005793619512815e-10 1.410911889567983815e-19 7.252257605214196268e-13 1.041223426923032491e-10
1.804270709726552013e-06 8.096750292452270514e-08 2.258559117507275005e-09 1.780612394213676453e-02 1.468856498831883073e-05 1.337414793670177460e-02 9.995805621147155762e-01 4.765252924698870629e-06 3.507480723783373833e-04 7.036457105868976214e-08 1.344095407890266713e-11 6.295348242701948038e-08 1.270276879949960858e-05 4.829145967960357666e-03 8.133088350296020508e-01 5.763915922329942987e-08 5.666339769959449768e-02 4.375798380351625383e-05 1.569959749758709222e-06
1.072246111344377084e-11 1.692444903840517600e-12 7.678171687125470908e-19 1.133720450852138129e-09 5.154179305577599735e-09 7.118568430032612415e-13 9.020095458254218102e-04 2.051508454314898700e-05 5.916224863391486219e-15 1.000000000000000000e+00 6.115539339176948377e-15 9.742831587791442871e-01 1.984690527478960576e-07 9.127081762152545498e-16 2.693907380155180498e-13 1.580103486776351929e-01 1.084379164240090176e-06 2.197051145458317478e-07 2.980541189159657139e-17
6.684560503344982862e-05 6.708653927489649504e-06 1.275309545467617767e-11 9.995076656341552734e-01 1.308484343098825775e-07 1.671613318876552512e-07 5.500014231074601412e-05 5.071947234682738781e-04 2.930255051190183702e-13 9.999932050704956055e-01 4.643439712598285141e-12 8.766032988205552101e-04 6.670044967904686928e-04 1.729167024677735753e-06 3.476603524177335203e-06 4.155922943027690053e-05 2.198206493631005287e-04 2.404645420028828084e-05 1.517573874453958388e-14
5.695032700896263123e-02 7.080873101949691772e-02 4.995215311646461487e-02 5.615847110748291016e-01 2.349750138819217682e-02 1.092981770634651184e-01 3.322588205337524414e-01 2.990986108779907227e-01 2.205555327236652374e-02 1.383894383907318115e-01 3.622704185545444489e-03 1.817964762449264526e-02 1.247526854276657104e-01 2.843488454818725586e-01 5.420659184455871582e-01 3.274927288293838501e-02 3.546878099441528320e-01 4.140804111957550049e-01 6.017911247909069061e-03
1.073593497276306152e-01 1.250750720500946045e-01 8.350627124309539795e-02 4.769826531410217285e-01 4.267410561442375183e-02 1.066932454705238342e-01 3.939771056175231934e-01 3.572922646999359131e-01 4.171067848801612854e-02 1.692498922348022461e-01 1.170629728585481644e-02 4.688869044184684753e-02 1.800768375396728516e-01 3.146736025810241699e-01 4.795840084552764893e-01 6.365320831537246704e-02 3.459914326667785645e-01 3.760209083557128906e-01 1.555991172790527344e-02
3.995515406131744385e-02 5.167337134480476379e-02 3.800827637314796448e-02 5.987337231636047363e-01 1.608953811228275299e-02 1.007387042045593262e-01 3.066466748714447021e-01 2.696826756000518799e-01 1.511457934975624084e-02 1.137916669249534607e-01 1.896792673505842686e-03 9.916085749864578247e-03 1.008036732673645020e-01 2.748636007308959961e-01 5.648322105407714844e-01 2.204057760536670685e-02 3.600030541419982910e-01 4.193634986877441406e-01 3.546200226992368698e-03
6.006427574902772903e-03 2.836609259247779846e-03 1.614386274013668299e-04 2.295559197664260864e-01 1.954221427440643311e-01 9.185687638819217682e-03 9.072518944740295410e-01 8.461046032607555389e-03 4.905816540122032166e-02 2.052140422165393829e-02 8.036810904741287231e-04 2.082305997610092163e-01 2.627698332071304321e-02 3.623359836637973785e-03 3.157566487789154053e-02 1.605455130338668823e-01 9.925542771816253662e-02 2.800490520894527435e-02 3.433960024267435074e-03
6.592573970556259155e-02 1.542232930660247803e-02 4.830883815884590149e-03 6.251794695854187012e-01 2.312180697917938232e-01 1.558101028203964233e-01 6.528290510177612305e-01 2.019109763205051422e-02 1.042965054512023926e-01 2.278723567724227905e-02 9.779912652447819710e-04 4.887513443827629089e-02 3.993333876132965088e-02 1.844449155032634735e-02 1.550388485193252563e-01 4.960167780518531799e-02 1.221704781055450439e-01 3.083931654691696167e-02 6.689586676657199860e-03
6.553309410810470581e-02 1.560726575553417206e-02 5.029566120356321335e-03 6.254074573516845703e-01 2.302043586969375610e-01 1.586044579744338989e-01 6.506859660148620605e-01 2.003662474453449249e-02 1.058710291981697083e-01 2.226539514958858490e-02 9.763117996044456959e-04 4.771326109766960144e-02 3.955174610018730164e-02 1.861988008022308350e-02 1.536642462015151978e-01 4.946186393499374390e-02 1.207922771573066711e-01 3.073016740381717682e-02 6.715561263263225555e-03
2.111509616242387977e-13 1.323379340140151683e-13 5.362856544884357299e-15 1.621355718954553549e-12 3.067482728511095047e-03 1.000000000000000000e+00 3.949367055611219257e-09 9.916975306079336578e-20 6.217079935595393181e-04 2.359509809757298626e-11 9.411026664486355323e-23 1.238219683036279051e-11 1.139908615633081213e-13 6.225797194404567025e-14 1.230230639581719743e-10 6.370193261773238191e-10 3.855858774631792940e-12 1.737362076426052226e-08 1.177734887392034580e-08
5.372174782678484917e-04 1.398232569727042574e-07 7.383693656493051094e-10 1.332944929599761963e-01 8.784192800521850586e-01 1.715187181616784073e-06 9.132604598999023438e-01 2.878696477637276985e-06 4.448622348718345165e-05 4.166781436651945114e-04 1.891576850709952851e-08 9.185751080513000488e-01 1.581317519594449550e-05 1.878535016430760152e-07 5.116172815178288147e-06 5.261372923851013184e-01 4.017763212323188782e-02 1.474270969629287720e-01 3.171323328388098162e-07
8.610820929706306685e-21 2.529053186219997612e-15 4.594906008762436078e-22 2.972911028464864103e-09 4.828328403760906440e-09 1.034890489276518721e-12 1.000000000000000000e+00 9.776412942001308504e-14 7.341231219470500946e-03 5.741199904401488377e-17 6.412202861604094045e-17 1.644483216267644821e-09 1.649435622808059776e-11 3.131317649618381438e-09 1.081369873645599000e-06 8.407659493059327360e-07 2.973842583742225543e-06 2.264451293143565636e-09 1.366044610762173761e-09
