3.381728008389472961e-02 1.299467403441667557e-02 1.321324234595522285e-04 9.849379062652587891e-01 1.951742917299270630e-02 2.243939787149429321e-03 1.417638212442398071e-01 2.249568514525890350e-02 3.740761894732713699e-04 4.627129435539245605e-01 2.644752930791582912e-05 1.766421087086200714e-02 4.061266407370567322e-02 8.187410421669483185e-03 1.088724099099636078e-02 2.163590490818023682e-02 5.226293951272964478e-02 1.200430211611092091e-03 2.573628080426715314e-05
2.067493833601474762e-02 5.249917507171630859e-02 8.057873249053955078e-01 7.562568038702011108e-02 6.096630915999412537e-02 5.894438028335571289e-01 4.532438516616821289e-01 6.722800433635711670e-02 1.268725097179412842e-01 2.261489443480968475e-02 1.205862499773502350e-03 1.289758458733558655e-02 3.598594292998313904e-02 1.352983713150024414e-01 1.000238731503486633e-01 4.611407220363616943e-02 8.503902703523635864e-02 3.089130297303199768e-02 2.764794975519180298e-02
5.318441241979598999e-02 2.475788742303848267e-01 9.999216794967651367e-01 1.403594762086868286e-01 9.366051293909549713e-03 6.172118009999394417e-04 1.972435712814331055e-01 4.032596051692962646e-01 7.592515321448445320e-04 1.634668186306953430e-02 6.334525533020496368e-04 2.674651332199573517e-03 1.146378070116043091e-01 6.678472161293029785e-01 5.318607762455940247e-02 7.922200858592987061e-02 1.224834620952606201e-01 9.910291992127895355e-03 6.555305793881416321e-03
8.927489858479020768e-10 1.978860868570575526e-12 3.431570349057833091e-13 4.030712544918060303e-01 5.767047728255647598e-09 2.772709704004228115e-04 9.990166425704956055e-01 2.007853652230551234e-07 2.248755315292783052e-08 2.893363671319093555e-06 1.097458362187126117e-18 1.614244848902046670e-10 1.045293743118236307e-06 1.112631889554904774e-05 7.842086553573608398e-01 2.826626988028380083e-10 7.689932733774185181e-02 7.596035516144183930e-07 2.347379669115357004e-12
2.256101555575540374e-12 2.065880425712249280e-13 3.372672114240830290e-16 1.310785114765167236e-01 6.522633100303210085e-08 1.829858229029923677e-04 9.999918937683105469e-01 9.136667117326524590e-11 5.383095071920251939e-07 1.945515363394045849e-12 2.773980880352122268e-21 7.410460049414591133e-13 2.850635283380142937e-09 2.277702378705726005e-06 7.666710764169692993e-02 4.000438869056210933e-11 1.021104748360812664e-03 6.115919326532548439e-09 7.950020307866123570e-13
2.412298334177054304e-13 8.081914721876429231e-14 3.060386154362542722e-16 7.079679965972900391e-01 3.735685538686084328e-09 2.487178676346957218e-07 9.999965429306030273e-01 8.062176481971050634e-10 4.066048120421328349e-08 5.607681203070868925e-13 8.160337176614416567e-22 6.677101769712520674e-14 4.361989436318935986e-09 3.710104010679060593e-06 5.029188841581344604e-02 1.933146871746505013e-11 2.915939316153526306e-02 1.304993779704943790e-09 1.479705301430517261e-13
2.383458195254206657e-05 1.225939369760453701e-03 1.986270581255666912e-05 9.800999760627746582e-01 1.113581383833661675e-04 2.505416887288447469e-07 9.447904229164123535e-01 1.463799923658370972e-02 1.618619775399565697e-03 4.296722909202799201e-05 1.845497718022670597e-05 1.117813462769845501e-05 1.643701223656535149e-03 4.581484198570251465e-02 6.310263648629188538e-03 1.016370952129364014e-03 6.212933063507080078e-01 7.170228491304442286e-05 5.657907968270592391e-05
4.296181723475456238e-02 5.623603239655494690e-03 1.055234133673366159e-05 9.068025350570678711e-01 5.688933730125427246e-01 1.259196735918521881e-02 7.929843068122863770e-01 8.507067104801535606e-04 2.115444839000701904e-01 2.299769781529903412e-03 2.409572945907711983e-03 1.116764917969703674e-01 2.807088196277618408e-03 2.523888833820819855e-03 1.800205558538436890e-02 1.418566107749938965e-01 3.502016142010688782e-02 7.618635892868041992e-03 4.616809077560901642e-03
2.528138458728790283e-01 2.141410708427429199e-01 7.350408285856246948e-02 9.264410734176635742e-01 7.701157778501510620e-02 6.283626705408096313e-02 1.284956485033035278e-01 3.315934240818023682e-01 9.230059571564197540e-03 1.535415053367614746e-01 6.993048824369907379e-03 1.848311908543109894e-02 2.052998542785644531e-01 4.397858977317810059e-01 2.208894640207290649e-01 6.649147719144821167e-02 1.561418473720550537e-01 3.485347330570220947e-01 5.786898080259561539e-03
9.716099452772297695e-12 2.264449919079942336e-14 9.327769385878986509e-19 1.086257839233439881e-08 5.982723669148981571e-04 1.000000000000000000e+00 2.089156181384055344e-09 1.595385315382555859e-19 7.249631744343787432e-05 5.323523739886315553e-13 1.039478307163472717e-23 1.042245039188302580e-13 1.082055316658711575e-13 1.739151357649237895e-13 5.616874187985843037e-10 5.567728569855212584e-12 7.176008398612765404e-11 2.590621193121478427e-07 1.353748710353208651e-11
5.778263609777789522e-14 3.295637644061603878e-16 1.137814296573769873e-21 4.359547792209816919e-11 3.737524457392282784e-05 1.000000000000000000e+00 8.669165212082940997e-12 7.082602097441946513e-23 5.511914878297830001e-06 2.175909692158392410e-15 4.652390966493497967e-28 6.821927918314270095e-17 4.149486559563341165e-16 4.014817161856294378e-15 3.045324409312044622e-11 1.130079763897754927e-14 3.283570789401613066e-13 1.281446415646314563e-08 3.037443885821333733e-13
1.159291132353246212e-03 1.228789187734946609e-05 1.735809149749911739e-07 9.999915361404418945e-01 3.637297777459025383e-04 2.801225781440734863e-01 2.688465756364166737e-04 4.252810322213917971e-05 3.789257607422769070e-05 1.986570396184106357e-06 2.588149486393298560e-11 2.058744952293523056e-09 9.382987627759575844e-05 6.945486529730260372e-04 1.192882843315601349e-02 9.030601972881413531e-07 4.941376391798257828e-04 4.662825667764991522e-04 3.352597843786497833e-08
1.095448315027169883e-04 3.359688271302729845e-04 1.475188182666897774e-04 9.522347450256347656e-01 2.110070636263117194e-05 3.514341078698635101e-03 4.996931925415992737e-02 5.380501970648765564e-02 1.128052190324524418e-05 3.895423607900738716e-03 1.966613716319898231e-08 1.216714508700533770e-06 2.947235712781548500e-03 1.452268362045288086e-01 7.246163487434387207e-01 4.215348599245771766e-05 3.867708444595336914e-01 7.262517213821411133e-01 2.247450083814328536e-07
7.801877366375720158e-09 4.162763467263630446e-09 2.927601938651491764e-09 9.999812841415405273e-01 9.154167979197325167e-10 3.318904179261394916e-11 2.391377091407775879e-02 8.710261317901313305e-04 1.073912833660095600e-10 4.528941417447640561e-07 4.005896210855812087e-16 1.699409384915695487e-12 4.295047347113722935e-06 4.949677968397736549e-04 2.338284160941839218e-03 3.089528854971490546e-09 9.994897842407226562e-01 1.095201805583201349e-04 1.108772362118370935e-13
1.948178152133550611e-08 3.737505380740913097e-07 1.034979504765942693e-06 1.533213350921869278e-02 5.884480742679443210e-07 4.494682670497240906e-08 7.241773605346679688e-01 1.016329601407051086e-02 1.601134135853499174e-05 2.474536267982330173e-05 5.613546516514134055e-09 8.298214197566267103e-06 1.933148887474089861e-04 2.010810887441039085e-03 4.987586289644241333e-03 2.986782928928732872e-04 9.982101917266845703e-01 2.952477037906646729e-01 3.922751602658536285e-06
2.514515244911308400e-07 8.689244389533996582e-01 3.204188558925125108e-08 6.871183514595031738e-01 5.752189002894425585e-11 1.514893072096512583e-10 1.741941273212432861e-01 1.055500060319900513e-01 6.313042311134609008e-10 6.058044288437258729e-09 9.722481153495721173e-11 1.024100509255942981e-12 1.766387185853091069e-06 9.999939203262329102e-01 6.597662718377250712e-07 5.267028200250933878e-07 9.428961784578859806e-04 9.309452434536069632e-05 1.293207403142704326e-12
8.649433880236756522e-07 7.854670882225036621e-01 1.704067784658036544e-07 6.293173432350158691e-01 7.128334589268092714e-10 1.798788895612801753e-09 3.435519337654113770e-01 1.124955266714096069e-01 9.698783998146609520e-09 4.829969668662670301e-08 1.290095363870591427e-09 2.356869560626861926e-11 6.815273536631138995e-06 9.999692440032958984e-01 3.679943347378866747e-06 2.360466623940737918e-06 2.891616197302937508e-03 3.034738183487206697e-04 3.511263155231425515e-11
1.215792622133449186e-08 8.989692926406860352e-01 2.174595642445709132e-10 9.240893721580505371e-01 5.589858545658465960e-13 1.666074775970999289e-13 1.272317487746477127e-02 9.666270762681961060e-02 9.451639774657460968e-13 1.181633679792071234e-09 2.463257191536588619e-13 6.716477875034826059e-15 2.220807004960079212e-07 9.999996423721313477e-01 4.874939119048349312e-09 7.550946179435413796e-08 2.267175877932459116e-04 2.438891442579915747e-06 9.880593801700498537e-16
1.913122716359794140e-03 6.373882293701171875e-01 4.739468568004667759e-05 3.567275358363986015e-03 1.416653540218248963e-04 9.923108816146850586e-01 7.977987080812454224e-02 2.372776623815298080e-03 5.907718557864427567e-03 3.642139199655503035e-05 1.665272247919347137e-05 1.273311590921366587e-05 1.142347391578368843e-04 7.791959047317504883e-01 5.302954232320189476e-04 4.530285150394774973e-05 1.303081226069480181e-04 1.899014692753553391e-03 9.037082782015204430e-05
3.411762183532118797e-03 3.080173432826995850e-01 2.903704531490802765e-03 6.833032239228487015e-03 2.794944215565919876e-03 9.982501864433288574e-01 2.826436981558799744e-02 2.715505659580230713e-03 1.046671532094478607e-02 2.683822531253099442e-04 3.422335794311948121e-05 5.180394509807229042e-05 4.303840978536754847e-04 6.524909138679504395e-01 4.630777519196271896e-03 3.203312517143785954e-04 2.677583834156394005e-04 3.642210969701409340e-03 4.439378972165286541e-04
2.862728573381900787e-02 4.544481635093688965e-01 9.994779229164123535e-01 9.956639409065246582e-01 2.674151677638292313e-03 1.613693748367950320e-04 2.498718909919261932e-03 8.102405816316604614e-02 4.462484866962768137e-06 2.154531684936955571e-04 1.606044592335820198e-03 8.014768354769330472e-06 1.014526933431625366e-02 9.793809056282043457e-01 3.119103610515594482e-02 5.279872193932533264e-02 1.331171719357371330e-03 6.350301951169967651e-02 8.422246173722669482e-05
8.314029287248558830e-08 3.930325398471268272e-09 1.083445222427315002e-09 9.999949932098388672e-01 7.754656508041080087e-07 7.529214940404926892e-07 3.170860111713409424e-01 1.089223769668024033e-05 3.477709924482041970e-07 1.470486310495289217e-08 6.254025414404763838e-15 5.391952075800565680e-12 1.694866796242422424e-06 2.689920438569970429e-05 6.834631320089101791e-03 8.455606881341282133e-09 4.993929564952850342e-01 8.525749706222995883e-08 2.011447432226365351e-11
5.206029834656233923e-13 3.065731262602566787e-13 2.212539233856919418e-13 9.999990463256835938e-01 5.304668176616712805e-14 1.501267304373186950e-14 5.254106596112251282e-02 1.475092176406178623e-05 3.611795582124203985e-14 7.587011574550217574e-11 4.891585740490002777e-23 9.223283032828585127e-19 1.185394982172738310e-08 1.579652052896562964e-05 5.639141891151666641e-04 1.509402141035981471e-13 9.999539852142333984e-01 1.193974785707041519e-08 5.739748367862580324e-19
1.274670024411605866e-15 1.294460896284643390e-16 2.385901922765994851e-19 1.000000000000000000e+00 1.168856000486814817e-14 4.692036195880110329e-25 3.944629430770874023e-01 3.592155906062544091e-09 1.215769020855656728e-16 1.890137345836822138e-16 4.866860406577521726e-26 8.213239577313730808e-22 1.065674805345029341e-11 2.275335697632385745e-09 3.110269819472932795e-09 2.563678199037858901e-14 9.997162222862243652e-01 7.530355338842857415e-18 1.876115705362199360e-23
3.241483170768333366e-07 1.816414219035777933e-08 3.599881237036768065e-19 1.013431901810690761e-04 2.178085489745740233e-11 6.695310278415078642e-11 9.969849834590149840e-09 1.848197643994353712e-05 3.147427142149157336e-19 1.000000000000000000e+00 2.295516715892977760e-14 9.821876138448715210e-02 5.859694738319376484e-06 1.871632596085401334e-13 4.602225176474072921e-13 5.436357459984719753e-04 2.314983094109379635e-09 4.771246153723041061e-07 1.208816544025705919e-19
1.415116339921951294e-01 1.607185751199722290e-01 1.031275317072868347e-01 2.809461355209350586e-01 9.939450770616531372e-02 2.224885858595371246e-02 2.933911085128784180e-01 3.545753657817840576e-01 1.214443519711494446e-02 7.670413851737976074e-01 2.623522281646728516e-02 5.015810132026672363e-01 2.286084294319152832e-01 8.314102143049240112e-02 4.280853644013404846e-02 3.212347626686096191e-01 1.276493817567825317e-01 1.682415604591369629e-01 9.187901392579078674e-03
1.159960031509399414e-01 1.467965692281723022e-01 5.017320439219474792e-02 2.804461717605590820e-01 4.402662813663482666e-02 1.305215340107679367e-02 1.829649806022644043e-01 3.495450913906097412e-01 4.030674230307340622e-03 8.679534792900085449e-01 1.625079661607742310e-02 4.534686505794525146e-01 1.971516758203506470e-01 7.068636268377304077e-02 2.545015141367912292e-02 2.841177284717559814e-01 8.953039348125457764e-02 1.539054363965988159e-01 3.640543436631560326e-03
1.050117425620555878e-02 8.035405189730226994e-04 5.311651812833773079e-11 1.000000000000000000e+00 1.985562557820230722e-04 1.333849836138156775e-10 4.531865706667304039e-04 6.349942123051732779e-05 1.102396307572917067e-08 3.413729473322746344e-06 1.583053466092110284e-09 2.253193409629261623e-09 7.405166252283379436e-05 7.241684477776288986e-03 4.787444822795805521e-07 1.044836881192168221e-05 6.681922823190689087e-03 3.623311650713390009e-10 6.776700728350348868e-11
1.358408098894869909e-05 4.044544100761413574e-01 6.505435109138488770e-01 9.999428987503051758e-01 3.628817637491010828e-07 2.158929479634252857e-09 1.251195790246129036e-03 3.506046906113624573e-02 3.360701716914604731e-09 2.473196936136901058e-08 3.218527666604131809e-08 3.376888612488526675e-12 1.811212314350996166e-05 9.994975328445434570e-01 5.890111424378119409e-05 8.406967390328645706e-05 8.064843132160604000e-04 1.336987916147336364e-04 1.007139038833315681e-09
4.797058236749585092e-11 7.563956128109339261e-10 4.887851267734223161e-17 1.000000000000000000e+00 2.852796991692496675e-11 8.923941878782129781e-19 2.321730833500623703e-03 2.694061322472407483e-06 1.089967959638782347e-13 1.694274720520638766e-10 1.074573208544018991e-20 3.152942885871237494e-19 1.113412029241089840e-08 2.976180403493344784e-04 1.486997192046146665e-08 1.364160607392195246e-11 4.018581211566925049e-01 3.273245322249311584e-14 3.519601807624848192e-20
1.273987290915101767e-04 3.125469447695650160e-07 1.228178397640067050e-15 9.999924898147583008e-01 1.857843159314143122e-07 1.811203409474160253e-09 6.686961029345184215e-08 1.140488734563405160e-06 7.780186838095870119e-19 1.000000000000000000e+00 3.850978119967736826e-16 7.202981971204280853e-03 1.128090952988713980e-04 1.689057227416412843e-10 8.145162322392707210e-10 3.202023071935400367e-05 1.418159172317245975e-07 6.658921591906619142e-08 4.046573372723093399e-20
3.041031959583051503e-07 3.324756919428906166e-12 6.033100362689110955e-21 8.093070983886718750e-02 5.300083383917808533e-02 1.146448908029285008e-11 6.602162029594182968e-04 1.643171987364411279e-10 1.381172320839556158e-16 9.999972581863403320e-01 5.989423012991937660e-19 9.994961023330688477e-01 3.844029095034784405e-08 3.722881195005570978e-17 1.462128622385996946e-13 1.879862695932388306e-01 1.286334150307766322e-08 1.800217575009810389e-08 8.414078767508696670e-21
4.879644166067009792e-06 2.397040610446765641e-08 1.097761725271650946e-11 8.956713676452636719e-01 2.556867897510528564e-03 2.912213403760688379e-07 4.472961425781250000e-01 6.095831395214190707e-06 7.251622413662062172e-09 8.922887444496154785e-01 2.918019992304010657e-12 2.568240463733673096e-01 2.089414483634755015e-04 3.187972108520398251e-09 8.424663974437862635e-06 8.308121934533119202e-03 2.491300692781805992e-03 9.830862836679443717e-06 1.780766159531488313e-11
8.160075230989605188e-05 8.786986470222473145e-01 1.588016934692859650e-02 1.576445549726486206e-01 1.586986400070600212e-06 1.359066391160013154e-05 5.714793205261230469e-01 1.286869496107101440e-01 3.790385017055086792e-05 2.240518188045825809e-05 1.462128420826047659e-05 4.425058648394042393e-07 1.808191591408103704e-04 9.974693059921264648e-01 5.581515506491996348e-05 3.130423137918114662e-04 1.742380554787814617e-03 1.763591135386377573e-04 5.315272915140667465e-07
2.199769718572497368e-03 4.983048737049102783e-01 1.370092741126427427e-05 9.902957081794738770e-01 3.418696792323316913e-07 3.516386186674935743e-07 8.826879820844624192e-06 2.132582366466522217e-01 1.357925143857796613e-11 2.069352269172668457e-01 2.983557578772888519e-08 1.060910926753422245e-05 2.833327045664191246e-03 9.940606951713562012e-01 1.979597300305613317e-06 7.384845521301031113e-04 3.596002716221846640e-05 8.529458194971084595e-03 7.409958757698120735e-11
2.420229866402223706e-04 8.093430660665035248e-03 4.552932683643540202e-12 1.000000000000000000e+00 2.392884880464407615e-06 5.165439690563156105e-12 8.023790724109858274e-05 4.114721086807549000e-04 1.402857413568270317e-10 1.630736733204685152e-06 2.575631201373607126e-11 2.624187672717326336e-11 4.852374695474281907e-05 5.912396311759948730e-01 1.212460176702734316e-08 6.721519184793578461e-06 4.120783996768295765e-04 4.361323746593370743e-09 6.224758989509249218e-12
4.258412718772888184e-01 9.475328624830581248e-06 3.120012859181287013e-10 9.999400377273559570e-01 8.848407268524169922e-01 6.084902111069823150e-07 1.155572906136512756e-01 6.125944196355703752e-07 1.920198883453849703e-05 2.425200136713101529e-06 4.649713858384529885e-08 2.067197300493717194e-02 7.475920028809923679e-06 9.790153399080736563e-07 1.119097578339278698e-04 1.213201787322759628e-02 2.237760275602340698e-02 2.213096337300157757e-07 2.086246553290038719e-08
6.015851568008656614e-07 8.540764206976803052e-10 2.541296623956084896e-15 9.984818100929260254e-01 7.233276218175888062e-02 9.146645107982465106e-10 9.977879524230957031e-01 1.465029431102493618e-09 1.030375096888747066e-05 3.755832977958561969e-09 9.101002286862613921e-13 3.370507620275020599e-04 1.682731465280085104e-07 1.436263552534455812e-08 2.046125337074045092e-05 1.377688022330403328e-03 3.882125020027160645e-03 4.248640994575225704e-09 1.908757596424948133e-10
4.554367065429687500e-02 2.785598383070464479e-07 3.508655497218293728e-13 9.999580383300781250e-01 8.252677917480468750e-01 2.862001124981361500e-08 3.620435893535614014e-01 2.870255855214054463e-08 6.916909569554263726e-06 2.867159594188706251e-07 4.630231198454737296e-10 8.047346025705337524e-03 1.157412043539807200e-06 3.843281604076764779e-08 2.748183214862365276e-05 3.817506600171327591e-03 1.998330652713775635e-02 8.941126949935096491e-09 6.012731978977114977e-10
2.053198218345642090e-02 1.442294596927240491e-04 1.125144990510307252e-06 9.999978542327880859e-01 8.175276219844818115e-03 2.513973275199532509e-03 2.425655955448746681e-03 1.559758093208074570e-04 3.812964132521301508e-05 5.171056545805186033e-05 9.222064001335184003e-09 8.667956308272550814e-07 5.767241818830370903e-04 8.399075595661997795e-04 4.613658413290977478e-03 9.894351387629285455e-05 3.604126861318945885e-03 3.258804645156487823e-05 1.973402277144487016e-07
1.540943398140370846e-03 5.780243009212426841e-05 4.648270078178029507e-06 8.654760122299194336e-01 1.046791020780801773e-02 9.939637780189514160e-01 8.758932352066040039e-03 6.995690637268126011e-05 1.690117083489894867e-02 3.741650289157405496e-05 4.331415581759756606e-08 3.390527581359492615e-06 3.393001679796725512e-04 5.529285408556461334e-04 5.949282273650169373e-02 2.796847365971188992e-05 8.538204245269298553e-03 1.192123163491487503e-02 3.321314943605102599e-05
2.790139615535736084e-02 9.686710545793175697e-04 1.239425764651969075e-04 9.998929500579833984e-01 1.310987863689661026e-02 7.119783665984869003e-03 2.263329178094863892e-02 4.015782382339239120e-03 3.113502170890569687e-04 1.605706871487200260e-03 1.322136085946112871e-06 3.303180710645392537e-05 5.106766242533922195e-03 5.629757884889841080e-03 3.973859548568725586e-02 6.592519930563867092e-04 5.246761068701744080e-02 9.744541021063923836e-04 6.275139639910776168e-06
6.049464928992165369e-09 9.096508268857661506e-13 1.034450368839543019e-16 9.989293217658996582e-01 1.876214984804391861e-03 1.024534298545154432e-12 9.995399713516235352e-01 2.632189743945190230e-10 2.503524498820297595e-08 1.860877424375573241e-11 9.987452831348140898e-17 6.230214239622000605e-06 3.033792239648391842e-08 5.977957573399805824e-10 2.315426536370068789e-05 1.658667861192952842e-05 8.510615676641464233e-02 1.321305703738673287e-10 8.484037582710823866e-13
1.061062139342539012e-04 3.908930470974958382e-12 3.909544674549696075e-18 1.000000000000000000e+00 1.991638448089361191e-03 2.932185310527968269e-12 1.473386422730982304e-03 4.747287285500334519e-11 1.232844937248955830e-10 2.981883403391227816e-13 9.345117638070908020e-18 2.502301968063114224e-12 3.150324445755359193e-10 2.922439790165043405e-10 1.026230165734887123e-06 1.975311691992942542e-09 4.348045587539672852e-02 5.433049847585965948e-16 9.873989624777099666e-18
3.589839325286448002e-04 6.970453822126331574e-16 3.398099207482293506e-24 9.999988079071044922e-01 9.971529245376586914e-01 1.616916270200195044e-14 8.925542831420898438e-01 4.172865793873192927e-17 1.204911725949386891e-09 2.596870402685880338e-16 5.622872917187665970e-19 3.724350826814770699e-03 3.648213594284813177e-14 2.077644764672710587e-16 9.972588088658085326e-09 2.620883751660585403e-04 1.382107497192919254e-03 6.427264861823267506e-13 4.362212730042501301e-17
7.879450095060747117e-06 3.912457025023741153e-09 7.959192332984699192e-11 9.999920129776000977e-01 5.273309070616960526e-04 9.335997104644775391e-01 1.290071406401693821e-03 3.075396648455352988e-08 2.343897940590977669e-04 3.533234815833452558e-09 5.868124403415756266e-15 3.923714825271318318e-11 4.399852286951499991e-07 3.679157316582859494e-07 5.797890946269035339e-03 1.664354343233753752e-08 3.188842092640697956e-04 5.988964403513818979e-06 8.306524912349289025e-10
3.071134642596007325e-06 3.343514076714626526e-10 1.987265603811683157e-12 9.999991655349731445e-01 9.429134661331772804e-05 3.576479230105178431e-06 2.311499714851379395e-01 7.068943830290663755e-08 2.917990116202417994e-07 1.974565844164999362e-09 3.329516050276019705e-16 1.205152505567852472e-10 1.578456902961988817e-07 3.827645116416533710e-07 8.637707680463790894e-03 1.905551272329830681e-08 5.196357890963554382e-02 2.204624482970984900e-09 2.317979575644502077e-12
1.201758254319429398e-02 1.286265160160837695e-06 1.475943101070242847e-08 9.999567270278930664e-01 1.121453009545803070e-02 5.401681177318096161e-03 3.667315468192100525e-02 2.995300746988505125e-06 7.165703573264181614e-05 1.164069203696271870e-06 6.061875307272757141e-11 7.195171178864256945e-07 1.957940003194380552e-05 1.085660551325418055e-05 5.335016921162605286e-02 6.683882475044811144e-06 7.909337989985942841e-03 2.176570660594734363e-06 3.429301642654536408e-08
1.881572426077476878e-13 2.857920497478794175e-12 7.700957926903839734e-13 1.805610809242352843e-04 8.079514834946621704e-09 2.160089700154171205e-14 9.999970197677612305e-01 4.650855316867819056e-06 4.419665966537422719e-09 2.206168137064423718e-09 1.187819967033007171e-14 2.431782377243507653e-06 2.920481392720830627e-06 1.058487484328907158e-07 3.178451152052730322e-05 1.183857693831669167e-05 9.978214502334594727e-01 2.301920432046244969e-08 2.841688662158503575e-09
4.733166915587942725e-14 1.251093196055763634e-12 5.348910116914629143e-12 2.227101847529411316e-02 3.772158585491069971e-09 2.143687500053654757e-15 9.999905824661254883e-01 1.851948695730243344e-06 1.052455234074045620e-09 1.849216474392179066e-10 5.658083208265384054e-16 1.026782570079376455e-07 7.017558800725964829e-07 1.286053787907803780e-07 1.983512447623070329e-05 5.568920641962904483e-06 9.980702996253967285e-01 1.567427787563246966e-08 1.795637527557403246e-10
2.468656514385099491e-17 1.949862644799347719e-15 1.049202982863193558e-15 5.840627636644057930e-05 3.995896391550957105e-10 6.544629225076944064e-19 1.000000000000000000e+00 8.031289411292164004e-08 6.054202972283206918e-11 4.098508858685345757e-12 1.061780283929397045e-17 6.053241463632730301e-07 5.242252854031903553e-08 8.410099838762619129e-10 3.832685706584015861e-07 6.505656529043335468e-06 9.990600943565368652e-01 4.299991751555154451e-10 3.910766502301932235e-11
8.273467421531677246e-03 1.270858105272054672e-02 9.895424358546733856e-03 6.854991316795349121e-01 3.276696195825934410e-03 1.116560846567153931e-01 1.927221864461898804e-01 1.545286029577255249e-01 4.491521511226892471e-03 5.717331543564796448e-02 1.079997091437689960e-04 8.348404662683606148e-04 4.032732173800468445e-02 2.233277112245559692e-01 6.871393322944641113e-01 3.301731776446104050e-03 2.699551582336425781e-01 4.412174522876739502e-01 3.647956764325499535e-04
8.586080468830914469e-08 5.921369847783353180e-07 1.407274630160770812e-09 9.999560117721557617e-01 2.522978093111305498e-06 1.532845317342435010e-08 9.079674482345581055e-01 3.564802318578585982e-05 9.185233466268982738e-06 3.796970204916760849e-08 4.904290081680917623e-12 1.559300744080616141e-10 6.869944627396762371e-06 1.029470004141330719e-03 1.077175722457468510e-03 5.507362175194430165e-07 1.372200995683670044e-01 1.014957184963805048e-08 1.136129745837877181e-09
3.762091971282188752e-09 4.483132443056092598e-08 2.715314362244924951e-10 9.998177886009216309e-01 9.153320945642917650e-08 7.019118619666642189e-10 9.828658699989318848e-01 3.365191514603793621e-05 7.797207786097715143e-07 4.818300869402492026e-09 1.413671832590016053e-13 1.304151578396250954e-11 3.377815346539136954e-06 5.966008175164461136e-04 1.845096354372799397e-03 6.747318082034325926e-08 6.336218118667602539e-01 1.042456432287508505e-08 1.770592839012152808e-10
1.004210114479064941e-02 4.097105702385306358e-04 3.232613671571016312e-04 9.999761581420898438e-01 5.817441851831972599e-04 4.610044881701469421e-03 3.025427693501114845e-03 1.096813939511775970e-02 7.911910870461724699e-06 1.373500446788966656e-03 1.228796620011962659e-08 3.800901424710900756e-07 4.319832660257816315e-03 2.545308507978916168e-02 1.063187792897224426e-01 5.163541572983376682e-05 1.966809667646884918e-02 4.626648873090744019e-02 1.675958287705725525e-07
2.082091959891840816e-04 1.858812929966813243e-11 5.327903942074145409e-16 1.000000000000000000e+00 4.691779613494873047e-01 1.592650846760079730e-06 5.156399309635162354e-02 5.911172246131357610e-11 4.438727501110406592e-07 9.360033859096006381e-10 2.345935039177221744e-15 3.338978558531380259e-06 6.562400400866863492e-09 3.398840930923796577e-11 2.286431663378607482e-05 3.272966205258853734e-05 2.270999131724238396e-03 7.775296517742447122e-10 5.575388241363388175e-13
8.869252204895019531e-01 6.052238177289837040e-08 1.221262809847703523e-13 9.999974966049194336e-01 7.039679884910583496e-01 1.288860573822603328e-09 2.673987857997417450e-02 3.602014908565820406e-09 4.540182896306532712e-09 2.253485842373947889e-09 1.246957506868817678e-12 3.167849208693951368e-04 2.127613782931803144e-07 7.333814444621111761e-09 1.189599206554703414e-04 3.708411531988531351e-05 1.695445366203784943e-02 1.343347655335946911e-10 9.862984994696288865e-13
9.945825934410095215e-01 7.993041872978210449e-01 7.210401963675394654e-05 7.943557575345039368e-03 2.429855614900588989e-02 9.758789019542746246e-06 9.008307009935379028e-02 2.335725873708724976e-01 1.151350885629653931e-02 5.169936921447515488e-04 1.549577433615922928e-02 1.281504929065704346e-01 3.823294341564178467e-01 2.872238634154200554e-03 1.952536194949061610e-06 5.302759818732738495e-03 4.311634693294763565e-03 7.237655227072536945e-04 1.798832323402166367e-03
1.013155098011919719e-11 2.268657484094660504e-09 2.975585750020215414e-11 9.149147272109985352e-01 9.520597851753187513e-12 2.549314383724909927e-13 7.096660882234573364e-02 2.023628912866115570e-03 1.173484642791322585e-10 3.886301058741992165e-08 6.349306694803521990e-17 3.705230133127512815e-12 5.326481868905830197e-07 7.793295197188854218e-03 7.622423581779003143e-04 1.217040690448811802e-08 9.999870061874389648e-01 4.751374125480651855e-01 1.995222129874685280e-12
2.575104751656454027e-08 5.938846214803561452e-08 1.069761701444349455e-08 5.350524093955755234e-03 9.396999445243636728e-08 8.150512265103770915e-09 9.983041286468505859e-01 3.555082657840102911e-04 5.259968475002096966e-06 2.426078182793389715e-08 5.789946855294658690e-10 1.030789604783421964e-07 2.763897646218538284e-05 3.031404048670083284e-04 9.912645816802978516e-02 1.168064954981673509e-06 9.993775486946105957e-01 1.127625273511512205e-05 1.082864491763757542e-05
2.542404830455780029e-01 1.068392793968087062e-05 4.015640708843193352e-09 9.981398582458496094e-01 6.966327428817749023e-01 1.138875813921913505e-04 3.903648257255554199e-01 1.013269638860947452e-06 5.117591354064643383e-04 1.017273348224989604e-06 3.539401660646035452e-08 5.002495367079973221e-03 1.313582379225408658e-05 5.264068477117689326e-06 5.635149776935577393e-03 2.102680271491408348e-03 2.391912043094635010e-02 4.651316430681617931e-06 1.118944055633619428e-06
8.443780785682974965e-08 1.278874464105683728e-07 2.537901139243459170e-11 1.686040079221129417e-03 5.745850969105958939e-03 1.070333155439584516e-06 9.999924898147583008e-01 1.189640173038242210e-07 1.137802470475435257e-02 2.038267554738126819e-09 4.452588964198866961e-09 3.407418553251773119e-04 4.206274297757772729e-06 2.338161721127107739e-05 1.128249242901802063e-02 3.645028336904942989e-04 7.115398999303579330e-03 1.471377345296787098e-05 1.428776613465743139e-05
1.054387632757425308e-02 4.295563030609628186e-06 1.581975883624409107e-09 2.185008488595485687e-02 8.215127587318420410e-01 1.088653698388952762e-05 9.892577528953552246e-01 3.119138796137121972e-07 9.927330538630485535e-03 1.881380455870385049e-07 7.848252892017626436e-08 1.352072209119796753e-01 1.405811690347036347e-05 1.496160052738559898e-06 5.486345035023987293e-04 7.167191244661808014e-03 9.545702487230300903e-03 2.447144834150094539e-05 3.012098932231310755e-05
1.023092409013770521e-06 1.114304828964129968e-11 3.961632047801491585e-14 1.000000000000000000e+00 3.357715831953100860e-05 3.260329365730285645e-01 2.837727879523299634e-05 2.868102144670814369e-10 8.520698884240118787e-07 8.942584173166068240e-11 5.780552670491938334e-19 7.929148602894148246e-14 1.477751521150594272e-08 3.931592384986970501e-09 6.350014591589570045e-04 2.123727166347677553e-10 9.824143489822745323e-06 9.252971722162328660e-08 1.683946493531707223e-13
1.222694436364690773e-06 4.862186764320597376e-10 5.004177194151138153e-12 9.999594688415527344e-01 2.138484524039085954e-05 9.996486902236938477e-01 9.507578397460747510e-06 3.378079371785247531e-09 5.384189717005938292e-05 1.706976920923253260e-10 4.454260726862912178e-17 1.364619951326612179e-13 6.944326713664850104e-08 3.031279618426196976e-07 6.023641675710678101e-03 1.020614981417367062e-10 3.179848863510414958e-05 3.885707701556384563e-05 9.089839297926616268e-11
5.079265292806667276e-07 1.444451641630095651e-10 2.019294697815435247e-13 1.000000000000000000e+00 8.923188943299464881e-06 5.879225284388667205e-08 2.093155868351459503e-03 4.827677102525740338e-08 1.016425699162937235e-08 4.309384238343483275e-10 1.644969085558883252e-17 6.045989040361424149e-14 5.673840064446267206e-08 1.956021975502153509e-07 8.996918768389150500e-05 1.100582625035428919e-09 2.272737212479114532e-02 4.466525760360440245e-11 6.074247330031248490e-15
4.065823233645460277e-08 5.046301157562993467e-05 1.187563540838709741e-07 5.351581494323909283e-04 1.064909383785561658e-06 3.162567097092505719e-08 9.999086856842041016e-01 9.663112461566925049e-03 5.902672559022903442e-02 1.698983624009997584e-06 1.147779621533118188e-04 1.143680856330320239e-05 1.899920171126723289e-04 1.362634636461734772e-02 3.163044340908527374e-03 4.413705028127878904e-04 9.624323844909667969e-01 5.160907749086618423e-03 2.084366744384169579e-03
9.621034990914267837e-08 7.385615026578307152e-04 4.115504168566985754e-07 1.847742870450019836e-02 3.979847633672761731e-07 4.987996859995291743e-08 9.994851350784301758e-01 1.263949647545814514e-02 2.156116534024477005e-03 2.196920149799552746e-06 6.113792096584802493e-06 5.603541808341105934e-07 2.423631085548549891e-04 7.598239183425903320e-01 2.272512065246701241e-03 3.635415341705083847e-04 7.704876661300659180e-01 1.223470941185951233e-01 3.669818397611379623e-05
2.792157616227086692e-09 1.393808815919328481e-06 6.526926199512672611e-08 1.157832302851602435e-04 1.351870224652884644e-07 6.569927268884612204e-09 9.949276447296142578e-01 9.940341114997863770e-03 3.893857123330235481e-03 1.971576921278028749e-06 2.739334945545124356e-07 2.276106442877789959e-06 1.055617540259845555e-04 4.554938524961471558e-02 3.131610865239053965e-04 8.499640389345586300e-04 9.318979382514953613e-01 9.986602067947387695e-01 1.291726039198692888e-05
2.327727712690830231e-02 3.296626118753920309e-07 1.642144059621486463e-10 2.670316398143768311e-01 9.631865024566650391e-01 7.729642703679928672e-08 9.368183612823486328e-01 4.860661206862459949e-08 1.369464735034853220e-04 1.278476986499299528e-07 2.283070443809265271e-08 7.465726137161254883e-01 9.348655680696538184e-07 2.910982743742351886e-08 1.288965904677752405e-05 8.944431692361831665e-02 2.207387425005435944e-02 9.413647785549983382e-05 1.513865584001905518e-07
9.794010519981384277e-01 6.466414779424667358e-03 1.099711006936551771e-14 5.753267307007092768e-10 1.292263959840056486e-06 9.179566828887431029e-11 9.938564896583557129e-01 5.200909480862492273e-09 8.558120131492614746e-01 2.118743402945710841e-09 1.524511390016414225e-06 1.186478696763515472e-02 3.180727503604430240e-08 5.613494911960170697e-12 9.515963321146680975e-13 4.787392260396927668e-09 2.665871943463571370e-05 8.489425828983598876e-10 8.957606554031372070e-01
1.233021321240812540e-04 1.869585649488803014e-12 5.801457829685827271e-24 3.354716504588850512e-11 9.544458985328674316e-01 1.221441090631936177e-11 9.999543428421020508e-01 4.741655180155963225e-20 8.779166936874389648e-01 1.563480942612773331e-15 3.799865966585408428e-13 9.583641886711120605e-01 4.493794388254340744e-14 1.107171944120336321e-18 6.119810079297004560e-15 1.672743564995471388e-05 4.593032898458915270e-10 1.386219351112716325e-11 8.184504622477106750e-06
1.209313173959700866e-14 2.987075982173275062e-16 2.681584020625355034e-16 9.999958276748657227e-01 9.990111515811861409e-11 1.098060808167006144e-19 9.996862411499023438e-01 1.298617546829916591e-09 1.291545267002175423e-13 1.278770722667500748e-15 2.935621849845694691e-23 2.197528048203042927e-14 2.446456370819305448e-10 6.294201271295207789e-10 2.529562380004790612e-06 1.295850649007945776e-10 9.977754950523376465e-01 3.928621479781096992e-14 7.141792209179747983e-18
3.536325721142929979e-06 1.507039996795356274e-04 2.312264405190944672e-05 2.794634550809860229e-03 3.945684511563740671e-05 3.165475391142535955e-06 9.651824235916137695e-01 5.612599477171897888e-02 1.821246556937694550e-02 2.407766878604888916e-04 6.826969911344349384e-05 3.480784071143716574e-04 2.597151556983590126e-03 6.494205445051193237e-02 5.212163086980581284e-03 9.591905400156974792e-03 8.639172315597534180e-01 9.527173042297363281e-01 6.667407578788697720e-04
8.076528459787368774e-02 5.779215716756880283e-04 7.039542651909869164e-06 9.999798536300659180e-01 4.545387253165245056e-02 2.885251073166728020e-03 8.399538695812225342e-03 4.502741794567555189e-04 2.072616480290889740e-04 3.266443673055619001e-04 6.201844939823786262e-07 5.608095671050250530e-05 1.730065676383674145e-03 1.544435042887926102e-03 7.526757195591926575e-03 1.342050498351454735e-03 1.002841070294380188e-02 1.214399380842223763e-04 3.462752147243008949e-06
8.369904756546020508e-01 8.958999764274722111e-09 1.386610510588945182e-15 9.973400235176086426e-01 9.836916923522949219e-01 2.176276242549235462e-10 6.355948448181152344e-01 2.526435484428990463e-11 4.000567628281714860e-07 6.190352050405856232e-12 2.645106356169435458e-12 2.452690526843070984e-02 1.434570906511112298e-09 2.343262250903421773e-10 1.496841468906495720e-05 3.967665543314069510e-04 7.378167938441038132e-03 1.662652904244055208e-09 2.625599737626771457e-11
4.314437974244356155e-03 5.092661847783119811e-10 6.330859773050201422e-15 5.831646919250488281e-01 7.401866912841796875e-01 4.033297784644673811e-08 9.992213249206542969e-01 3.241681575949506566e-11 2.360025828238576651e-04 9.859575314389093514e-14 2.942762136401433359e-13 1.165341091109439731e-04 1.363982593538537458e-09 2.859687420198042673e-08 1.307053864002227783e-02 2.775788971121073700e-06 9.195592254400253296e-03 1.880737698911616462e-08 1.325216647529714464e-08
8.952741336543112993e-05 1.669658508673954600e-11 1.410020807185159535e-16 9.874585866928100586e-01 6.805772781372070312e-01 8.133276878652395681e-07 9.961613416671752930e-01 2.449446678473576888e-12 2.607165952213108540e-04 2.026575793030033212e-13 7.208615452334362489e-15 1.212226470670429990e-05 4.222013016974557331e-10 1.142599348469275355e-09 2.824191469699144363e-03 3.428172249186900444e-06 1.081508584320545197e-03 1.849154784849815769e-08 6.235031935197810071e-10
6.084575488785048947e-06 2.004342377404100262e-06 3.660105676317471080e-06 9.769869393494445831e-06 1.948142647743225098e-01 9.998350143432617188e-01 9.963888674974441528e-03 2.540082562063616933e-07 4.531186446547508240e-02 1.004119752906262875e-03 5.816581882811533433e-09 1.564729260280728340e-03 3.231647860957309604e-05 1.152023628492315765e-06 3.239506986574269831e-05 2.913061762228608131e-03 5.695797153748571873e-05 6.482904427684843540e-04 1.938157947733998299e-04
3.278390124890703309e-20 9.440365368024021021e-16 1.500023378411725252e-20 3.020470762393756559e-09 1.959363942205527565e-07 2.734639500522745292e-13 1.000000000000000000e+00 5.243376533740212730e-14 1.128241792321205139e-02 2.952534507979836728e-16 6.120390614503228976e-16 2.189560746046481654e-07 3.250504726493019803e-11 7.297290549601598286e-11 1.911066220827706275e-07 1.767247886164113879e-05 4.014880232716677710e-06 5.346297182740045173e-09 1.679052563652305707e-09
5.945290917561130151e-13 6.675489050422811488e-09 4.600684763711448966e-11 1.120243542374055323e-08 5.486633924967065923e-10 4.425574837152446150e-11 1.000000000000000000e+00 5.778765989816747606e-05 9.405305385589599609e-01 1.356988549305881975e-10 8.845502748044964392e-07 3.750101598143373849e-07 1.716981046229193453e-07 3.177220423822291195e-05 8.371432340936735272e-05 8.560633091292402241e-07 9.241208434104919434e-01 1.387158641591668129e-03 1.668748818337917328e-02
8.396046984937154782e-24 3.889827331846982943e-21 1.244948423261004386e-21 9.978412389755249023e-01 1.721583867042767103e-20 2.359913605451611296e-27 9.999977350234985352e-01 6.290264975561399297e-10 3.754366780706878628e-19 1.751654208754542465e-18 2.643667105468948332e-32 1.228563542445848784e-21 1.421169388768350750e-12 1.149554895718551961e-09 9.593146188535683905e-08 6.999768467760500434e-15 9.999998807907104492e-01 3.801614627988532304e-16 6.092136743839032046e-23
3.662979452201398090e-06 2.000135751467624345e-10 1.089694198590229757e-12 1.000000000000000000e+00 1.167651043942896649e-05 2.261716508522582103e-11 3.848958387970924377e-02 3.551828910985932453e-07 4.553293020403970104e-10 5.556012316887404268e-10 1.425640756477018875e-16 1.236831817519323806e-11 1.682904553490516264e-07 4.141166130011697533e-07 1.354159030597656965e-04 8.797824690986999485e-09 8.402308821678161621e-01 2.027749149147162200e-11 4.390698620112230832e-15
1.565025975480693887e-08 3.917700365507759130e-12 2.178507859844976569e-16 1.256450468645198271e-05 2.362077981233596802e-01 2.661017066418747135e-11 9.999988079071044922e-01 4.882804230388337885e-12 1.330854593106778339e-05 7.980923322388477903e-13 5.061090893029645751e-15 1.036841142922639847e-02 2.843126978291365958e-08 7.641414584425021417e-11 1.495165861342684366e-06 1.898898772196844220e-04 1.183453947305679321e-03 4.588035729113926209e-09 1.042320785238359804e-09
5.423195943876635283e-06 1.068540278481577843e-08 7.140894321168433923e-14 1.000000000000000000e+00 2.220578210199164459e-07 6.081481845887637405e-11 6.227240305634040851e-07 1.733194068265220267e-07 6.854954429612314382e-13 1.981896174951813805e-10 6.354873992557279515e-19 1.190889611786878795e-17 1.186807097042219539e-07 5.292845162330195308e-05 3.232777316952706315e-07 6.669564206474021262e-11 2.892830234486609697e-04 8.546653836039030949e-12 1.615504912139744407e-17
5.529450319841089367e-08 1.040439734367737401e-09 7.426842479766118665e-14 1.000000000000000000e+00 4.288761568105314836e-10 4.865178138829806542e-12 6.883769998466959805e-08 2.427081426503718831e-06 1.095059652561646869e-15 1.255243964326524519e-10 5.200118075764078969e-23 8.166035150487264144e-22 4.273578113611620211e-08 1.237985212355852127e-03 1.877902263913711067e-06 3.519949631249075228e-13 1.119848107919096947e-03 1.483195966045514069e-08 1.786963931853274310e-20
7.467249088222160935e-05 1.401593685557145363e-08 1.389240691885770818e-13 1.000000000000000000e+00 6.270626329296646873e-08 6.984059858217150918e-11 3.807665738264631727e-09 1.413329613342284574e-07 1.820865244404911744e-15 2.205119420395362795e-10 1.098475093175750232e-20 6.617457825121292540e-19 1.919973442454647738e-07 3.310058673378080130e-04 3.182354362252226565e-07 2.779577436273772406e-11 9.505494745098985732e-06 1.404619864864287138e-09 1.428121330513361271e-18
3.937492692784871906e-06 5.169641104085798133e-11 1.443323867540702299e-12 1.000000000000000000e+00 6.742448931618127972e-06 3.992414772510528564e-01 4.271584839443676174e-05 1.449229403149843165e-09 5.269771463645156473e-07 8.893494274353486162e-11 4.208462312122524271e-19 2.038946878631271720e-14 1.977284114218491595e-08 4.164162703546026023e-08 9.202289395034313202e-03 5.529210422849928364e-11 2.324074193893466145e-05 2.023578389298563707e-07 6.263892399563375513e-13
9.999916553497314453e-01 3.265803158283233643e-01 7.226316256492282264e-08 1.781132887117564678e-04 6.359344813972711563e-03 3.671284387607443023e-10 2.133315283572301269e-04 3.880389966070652008e-03 1.105055158490131362e-08 1.666206298978067935e-05 3.441062546016837587e-08 3.552019894123077393e-01 8.573114871978759766e-01 2.280504077134537511e-06 3.215019570013133432e-11 5.960510679869912565e-05 6.019937472956371494e-07 8.486626029480248690e-06 2.622135397700731119e-08
9.155621752142906189e-03 3.644369775429368019e-03 7.870814442867413163e-05 9.871433377265930176e-01 1.422749832272529602e-03 1.407974468747852370e-05 3.441771268844604492e-01 4.871502146124839783e-02 1.987049181479960680e-04 2.507423050701618195e-03 1.299238829233217984e-05 1.174480930785648525e-04 9.107269346714019775e-03 4.958356171846389771e-02 5.031089857220649719e-02 1.121154520660638809e-03 8.777340650558471680e-01 1.871201442554593086e-03 9.623109690437559038e-06
8.331391654792241752e-06 4.159260242886375636e-06 1.015633515066838299e-07 3.003406338393688202e-03 4.201091942377388477e-04 3.194620512658730149e-05 6.028921604156494141e-01 1.629672013223171234e-02 6.321244654827751219e-06 9.906466007232666016e-01 4.305835830109572271e-07 6.001278758049011230e-01 3.075148910284042358e-03 4.830647412745747715e-06 4.218375834170728922e-04 1.781110912561416626e-01 4.619976878166198730e-02 8.308907039463520050e-03 9.870080930340918712e-07
1.499422586093146492e-09 1.429686733445123537e-07 1.846126695959071640e-09 2.413236652500927448e-04 8.407621976402879227e-08 1.948452700162306428e-04 9.999588727951049805e-01 2.600205152702983469e-05 7.703005336225032806e-03 3.155521843822839401e-09 7.357993658807515658e-10 5.672604164175254482e-09 4.075539436598774046e-06 3.487217053771018982e-02 2.986442148685455322e-01 1.304732535345465294e-07 1.751058250665664673e-01 1.681272260611876845e-04 1.904500459204427898e-05
1.720976063480234020e-13 4.054015456667059425e-11 1.731838142945280046e-14 2.231776248663663864e-03 3.192101583060491521e-10 2.037279500655131415e-06 9.999997615814208984e-01 1.075789768378854205e-08 1.724620415188837796e-05 8.652091901002051388e-14 9.781060680604319814e-17 7.983643992215058716e-14 4.982821710797225023e-09 1.431312761269509792e-03 1.718267202377319336e-01 3.210693516608742470e-11 3.340074047446250916e-02 6.734126145602203906e-08 1.000856064692356995e-09
7.209862768650054932e-02 1.633597821637522429e-05 7.754554810779357155e-12 9.999997615814208984e-01 1.007564365863800049e-01 6.117883089018505416e-08 8.918955427361652255e-05 1.167636014542949852e-06 5.199227506857972969e-11 5.118969082832336426e-01 6.468973360457264121e-12 1.463623717427253723e-02 2.441885590087622404e-04 1.192138796568542602e-07 8.966787277131516021e-07 4.391500726342201233e-03 1.270175998797640204e-04 1.017854103224635764e-07 1.737582923681466052e-13
1.882387548685073853e-01 1.215317024616524577e-05 2.937301660579927365e-12 9.999998807907104492e-01 3.597487211227416992e-01 2.757140826759041374e-08 1.725314214127138257e-04 3.526410523591039237e-07 3.493295652745587176e-10 1.898255571722984314e-02 1.293642189897914463e-11 8.163114078342914581e-03 9.480970038566738367e-05 1.402646603310131468e-07 7.291603196790674701e-07 6.018838845193386078e-03 1.919049973366782069e-04 2.393847076120891870e-08 6.891017162273527230e-13
1.069734059274196625e-02 9.266805136576294899e-05 4.969571865132138555e-09 9.969301819801330566e-01 4.448886960744857788e-02 8.324235750478692353e-06 2.221404109150171280e-03 7.570589514216408134e-05 2.391842057747339823e-09 9.980641007423400879e-01 3.344070353961114961e-09 6.476486325263977051e-01 2.193481195718050003e-03 5.452551476992084645e-07 8.349558811460155994e-06 4.992771521210670471e-02 3.354315122123807669e-04 8.268625970231369138e-05 2.971269758011985118e-11
4.548896583855821518e-07 4.157597118144285009e-13 3.574088453067657548e-19 8.228934894605188788e-11 8.087321519851684570e-01 1.853617953573305499e-12 6.169047355651855469e-01 3.215841135051356048e-11 2.546368393918641004e-10 3.655723854899406433e-02 2.272508135259910600e-16 9.999948740005493164e-01 2.619201950437854975e-06 8.027829720845644082e-19 2.501138263358347096e-19 5.606170296669006348e-01 9.572944215108236676e-09 3.007564419732489114e-09 3.359270327185637228e-14
1.712810808385256678e-05 3.536693826688974696e-09 1.790919876862393650e-15 8.068160584073780228e-10 1.475579142570495605e-01 1.163544330329280285e-10 6.330416798591613770e-01 4.687004562242691463e-08 3.643808810238624574e-08 5.600434541702270508e-02 9.870855868787664633e-12 9.996414184570312500e-01 6.501931347884237766e-04 1.774956905696675920e-15 9.847030121165546886e-16 2.693223953247070312e-01 7.653794114048650954e-07 3.339209087016570265e-08 2.926126563274067394e-10
9.354481589980423450e-04 1.237966618106156602e-08 4.484938235274323406e-15 3.876207301800604910e-06 9.666982293128967285e-01 7.967406645548180677e-08 9.975920915603637695e-01 2.310718023174063163e-12 4.773063659667968750e-01 8.212945323826659205e-10 1.552358064316194941e-08 8.693138957023620605e-01 7.881491903560799983e-09 1.018683314785162608e-11 4.533372788273482001e-09 6.141496822237968445e-03 5.305956165102543309e-06 6.592329100385541096e-07 4.331643503974191844e-05
4.609379917383193970e-02 5.690969228744506836e-01 9.758566021919250488e-01 9.692339897155761719e-01 6.341697648167610168e-03 9.645531536079943180e-04 2.153428271412849426e-02 1.957621127367019653e-01 1.360231108264997602e-04 1.478998106904327869e-03 5.625933874398469925e-03 1.258418051293119788e-04 1.899246871471405029e-02 9.517703652381896973e-01 3.277076780796051025e-02 5.246283113956451416e-02 1.333870086818933487e-02 5.217235535383224487e-02 4.408799868542701006e-04
6.730878521921113133e-05 5.054996535181999207e-02 8.434113283328770194e-07 9.990873336791992188e-01 1.141084703704109415e-05 3.080080901440851449e-08 1.232781261205673218e-01 1.033833548426628113e-01 3.892974746122490615e-06 3.140637418255209923e-04 2.200893192139119492e-07 1.940464926519780420e-07 1.254210830666124821e-03 8.907038569450378418e-01 1.452671276638284326e-04 3.282670804765075445e-04 1.307215243577957153e-01 2.570044598542153835e-04 1.591490814689677791e-07
2.595511614345014095e-04 4.852663259953260422e-04 6.441519539990281373e-11 3.331159353256225586e-01 1.927847748106614745e-08 2.904284031046699965e-07 8.473145499010570347e-06 1.672266609966754913e-02 1.240656449102983672e-12 9.999979734420776367e-01 9.913796894522874936e-09 1.752878725528717041e-02 2.856926526874303818e-03 9.526265785098075867e-06 1.890161911433096975e-07 1.591707114130258560e-03 1.997110484808217734e-05 1.740648061968386173e-03 2.939969665285979694e-12
1.000000000000000000e+00 8.199983239173889160e-01 4.325231073042031535e-16 4.096475159087731299e-09 3.145513182971626520e-04 1.006496929139849583e-18 7.755804290354717523e-06 3.712607940542511642e-05 1.305714564248106058e-11 2.316592924433980016e-11 1.183021649392435037e-11 3.066907525062561035e-01 5.642529129981994629e-01 3.817929999927471840e-11 7.696454526384038938e-23 6.207910985267517390e-08 3.563375289283854386e-11 9.046870023954323159e-12 1.608692129159705608e-12
1.072021291181890490e-11 1.120955108249721555e-12 1.119574673960450304e-31 1.638410944477576432e-26 1.504542623820270819e-08 1.085984488211614786e-19 9.999947547912597656e-01 3.659289397103110408e-13 9.448792859245713771e-09 2.176682755816727877e-06 1.612594242235182614e-15 9.976156949996948242e-01 3.947807941585779190e-03 2.506494785367962746e-28 3.763155407395884397e-27 2.795214822981506586e-04 7.874631502424733753e-11 4.303286161642540598e-19 4.550109178325101311e-09
1.584469457156956196e-03 8.845080401442828588e-07 1.307271587187859327e-19 1.029573100189693554e-15 4.269673809176310897e-06 1.429382740641971239e-11 8.309464454650878906e-01 1.882427902444305801e-08 1.609835271665360779e-05 2.113016545772552490e-01 2.970240164934523364e-10 9.648773670196533203e-01 1.388000696897506714e-01 6.786125121899683339e-20 3.120111828865066403e-19 6.331260083243250847e-04 4.666128039509942482e-10 8.203559359598600054e-12 5.097959365230053663e-05
1.209809444844722748e-02 5.262704716457733412e-10 1.307503880183379531e-15 7.429009303450584412e-03 9.957537651062011719e-01 2.053502550294905582e-12 8.180297613143920898e-01 1.255768405927781828e-10 2.794395159710916232e-09 1.538055869332310976e-07 6.587163133746701260e-14 9.961310625076293945e-01 1.735590160478750477e-08 9.806391809696890505e-13 2.607079482852547869e-12 4.312798976898193359e-01 3.913994878530502319e-04 6.099599340814165771e-05 7.783564374627682803e-13
6.972379684448242188e-01 3.303236141800880432e-02 1.517314106389694439e-13 1.441461527917908825e-08 3.515313892421545461e-06 4.543998857742259645e-11 9.989110231399536133e-01 3.586038133107649628e-07 8.628215193748474121e-01 5.729143270905012741e-10 1.010456238873302937e-03 2.843361115083098412e-03 9.149776758476946270e-08 1.045652120446050048e-09 5.636503486172728117e-10 6.998178037065372337e-08 5.846896674484014511e-03 9.606893947022854263e-09 7.507899403572082520e-01
9.999796152114868164e-01 1.707697629171889275e-05 6.015303074855430179e-17 9.982903599739074707e-01 9.966084957122802734e-01 1.288259503379998640e-15 3.215553984045982361e-02 1.538802141265449563e-10 1.447188036074464890e-09 1.193136166038541446e-13 9.146038593144112383e-09 9.669242799282073975e-02 5.692718518801598293e-10 5.632140309685951252e-10 9.323643940239989547e-11 1.474908203817903996e-04 9.244556422345340252e-04 9.720112356063209669e-14 4.528048671691847771e-13
1.418783608824014664e-02 4.363024141639471054e-03 8.205628953874111176e-03 9.174566268920898438e-01 1.471914118155837059e-03 1.387475430965423584e-02 1.522648930549621582e-01 8.385252207517623901e-02 5.304248770698904991e-04 5.292313918471336365e-02 1.193740172311663628e-05 3.083418705500662327e-04 3.039327450096607208e-02 9.690588712692260742e-02 5.970192551612854004e-01 1.166206318885087967e-03 3.787296712398529053e-01 1.244071051478385925e-01 2.888704875658731908e-05
1.431564305676147342e-05 3.909106283117580460e-07 4.271306225378523891e-11 5.846031308174133301e-01 3.098220258834771812e-05 1.814082793316629250e-06 2.379194274544715881e-02 1.986751885851845145e-04 8.954519903348057142e-10 9.998636245727539062e-01 5.340889883131971771e-11 1.217276379466056824e-01 6.831731298007071018e-04 2.238211571636838926e-08 2.630686503835022449e-05 3.359955269843339920e-03 1.285776263102889061e-03 8.291935228044167161e-05 1.977560129540201217e-11
2.330112874915357679e-05 1.630013102271732350e-08 7.941814567091753929e-11 9.546874761581420898e-01 2.559121412559761666e-06 2.040715917246416211e-04 9.319975040853023529e-03 3.340373586979694664e-05 9.197952122175223622e-11 9.999736547470092773e-01 1.101017606079668365e-12 3.044073004275560379e-03 2.285847003804519773e-04 4.453319046859860464e-09 8.396418998017907143e-04 2.885257708840072155e-05 4.469245905056595802e-04 6.606430542888119817e-05 5.007497238043723264e-13
2.355713769793510437e-02 3.396527006316318875e-07 2.114750161010675589e-13 9.999985694885253906e-01 8.040075302124023438e-01 9.106634024647064507e-08 1.373433917760848999e-01 2.883914440587886929e-08 1.540826269774697721e-05 4.112663418709416874e-07 5.862624274932670687e-10 1.512781251221895218e-03 8.665724067213886883e-07 8.695081987752928399e-08 1.639376932871527970e-05 4.217169713228940964e-03 8.261074312031269073e-03 5.806195968460770018e-09 1.047416597899086810e-09
6.842297395337482158e-09 3.505015444549286485e-10 3.407798835261262142e-15 1.000000000000000000e+00 3.869083187169053417e-08 4.405002973712282555e-14 7.708405703306198120e-02 3.167774877965712221e-07 3.343539334288436748e-10 1.022475853984516903e-10 1.111785668063942716e-17 2.438632630858837864e-15 3.287978600496899162e-08 4.966271262674126774e-06 2.915297272920724936e-06 4.145440657410404128e-10 4.897702336311340332e-01 7.465188000101499743e-14 2.403307227672715676e-16
1.810872845453559421e-06 2.139811071388830754e-11 2.405085202768561655e-17 1.253706067800521851e-01 7.471290230751037598e-01 2.542117545090150088e-05 9.993882179260253906e-01 8.141651551074949311e-14 3.253928571939468384e-02 4.322912199646727904e-13 5.249730974910514492e-14 9.674808097770437598e-05 1.780644659499230897e-10 3.453473063075307437e-10 1.212205897900275886e-04 1.810887442843522877e-05 6.519077942357398570e-06 6.422451974685827736e-07 1.873655364192927664e-08
7.679158449172973633e-02 1.247183600838752682e-08 1.854611733284605712e-12 3.420881330966949463e-01 7.548278570175170898e-01 3.432743889489331401e-12 9.966595172882080078e-01 4.306174083978930867e-09 2.759001063168398105e-07 1.107937851706208843e-12 1.490133016979200420e-10 3.277809917926788330e-02 4.367360872947756434e-08 3.696682071563373029e-08 2.722252102103084326e-04 1.064095849869772792e-04 9.330491423606872559e-01 1.169452623628330912e-08 3.799120129599486972e-09
3.688966929912567139e-01 6.281416281126439571e-04 5.873569989489624277e-06 9.860720038414001465e-01 2.507104575634002686e-01 9.557944395055528730e-06 4.614058732986450195e-01 1.096697174943983555e-03 1.522316160844638944e-04 1.269591011805459857e-04 1.521168451290577650e-05 1.597182638943195343e-02 1.689881086349487305e-03 1.011927844956517220e-03 2.811332978308200836e-02 3.895836882293224335e-03 7.001096010208129883e-01 4.495195025810971856e-05 5.341699761629570276e-06
9.094284176826477051e-01 1.484187413007020950e-02 9.683249118097592145e-07 9.997053742408752441e-01 3.090183138847351074e-01 4.925387202092679217e-06 1.673466525971889496e-02 1.702047418802976608e-03 1.819997669372241944e-05 2.037902362644672394e-03 9.145936201093718410e-05 1.047792751342058182e-02 6.948899943381547928e-03 2.135228365659713745e-03 6.547864759340882301e-04 7.921237498521804810e-03 8.173739165067672729e-02 1.218823490489739925e-05 2.396152694927877747e-06
1.033026908459078186e-08 8.100703752234039712e-08 7.075821544391214333e-16 1.000000000000000000e+00 1.299375469443475595e-07 1.123039903666534986e-15 3.228523135185241699e-01 3.402138588626257842e-07 3.503367551616065612e-08 2.294942187675008682e-11 1.801587037105617517e-13 3.202242616039130407e-14 1.418788908580381758e-08 7.289776840480044484e-05 3.270035620062117232e-08 1.325633647297763673e-08 3.907601535320281982e-02 2.541102653411163662e-15 9.887013083242912614e-14
1.962705515325069427e-03 8.588060736656188965e-04 8.851976218693380360e-08 9.974566102027893066e-01 2.757343463599681854e-02 1.812725258787395433e-06 8.442136049270629883e-01 3.208425769116729498e-04 5.305698607116937637e-03 1.083851111616240814e-05 5.467935625347308815e-05 3.511320101097226143e-04 2.644402266014367342e-04 1.928646466694772243e-03 1.838953932747244835e-03 4.011847544461488724e-03 1.228170543909072876e-01 1.612489882063528057e-06 2.290447082486934960e-05
4.247448814567178488e-04 1.875595080491621047e-05 1.351184891973389313e-06 8.972547203302383423e-02 5.867681503295898438e-01 8.823690222925506532e-06 9.883324503898620605e-01 7.228749745991080999e-05 8.977067656815052032e-03 4.780457311426289380e-05 2.871817741834092885e-05 5.655538439750671387e-01 3.653957392089068890e-04 3.519360325299203396e-05 5.905707948841154575e-04 2.755920290946960449e-01 1.049432232975959778e-01 9.881661273539066315e-03 1.892350410344079137e-04
2.503180773771873646e-08 5.553991044848771708e-09 4.422421786406028067e-21 2.277760766446590424e-03 3.607466991795149625e-09 1.770256792717195271e-12 3.291163750418490963e-07 1.704804049040831160e-06 7.221615681128392142e-20 1.000000000000000000e+00 5.391777108439816096e-16 7.241142988204956055e-01 7.473499863408505917e-07 1.244851389938655961e-13 9.149331411852784646e-14 1.005472242832183838e-02 3.047646135456716365e-09 8.079918956127585261e-08 4.305449238944366766e-21
4.706192413550525089e-08 8.947748791898746390e-12 1.130070594766100899e-15 2.369332378293620422e-06 1.176332011818885803e-01 7.416084413236490036e-10 1.619149297475814819e-01 1.119568935337156290e-07 2.438093650580785976e-11 9.991608858108520508e-01 1.071518785836613266e-14 9.998489618301391602e-01 1.321709987678332254e-06 1.801535401977152895e-13 1.523326170066452434e-12 7.743257880210876465e-01 1.735708110572886653e-06 2.891418716899352148e-06 4.994388488389379932e-14
2.667361664876466421e-09 1.392317928701827801e-13 8.554062529570617825e-26 1.468028931412845850e-04 4.900550469756126404e-03 4.188451292746900659e-15 2.987430889334063977e-05 3.319131774981443073e-11 2.164339075377737516e-20 1.000000000000000000e+00 4.522118456748191979e-21 9.999618530273437500e-01 1.127430260261519379e-09 1.814018844803124429e-19 4.102578851017520825e-18 3.667939603328704834e-01 4.304190684423225832e-11 2.784391606169833722e-10 1.621506450302571192e-24
3.660046495497226715e-03 1.068321126007631960e-10 1.439646975655460765e-17 1.000000000000000000e+00 2.717229072004556656e-03 1.241634262072466299e-08 2.625646686738036806e-07 4.435645861028403303e-12 5.724148932628736475e-11 1.023513392095498631e-11 3.903432481907176899e-19 1.789495418166864305e-12 1.394210080718494282e-09 1.018157891330417897e-09 4.377251983100904908e-08 2.993190406641588197e-08 6.756763468729332089e-07 2.018209004864962575e-13 2.279045376728141680e-16
7.385928256553597748e-06 8.535205420039104762e-15 9.466326918347615560e-24 1.000000000000000000e+00 3.729982927325181663e-05 1.642223357301020314e-09 9.353525065591838938e-09 8.100193544647411262e-16 2.693167412172459141e-13 1.585304878847678387e-16 1.861661970291824895e-26 6.944010119393445423e-19 7.898089734309499121e-13 6.428233596464383304e-13 1.848949215954576175e-09 1.766812824516295066e-12 1.727818244035006501e-08 1.442571555429203250e-17 1.202941037321682715e-21
2.263523638248443604e-04 4.749574756927887886e-13 1.424496295489378590e-20 1.000000000000000000e+00 3.547854419139184756e-07 9.684054773362316126e-12 1.571625468654858082e-11 1.386204654752268284e-13 1.177680033712774475e-17 5.374345276264441001e-15 5.088879684636537888e-27 6.067535794654465463e-21 3.703628376205969630e-11 1.259852111523684925e-09 1.419210526876213407e-09 3.790686568892059904e-13 3.761023048554079651e-09 2.400852632070691120e-15 4.414899499114653620e-23
4.489736966206692159e-05 5.318802323017735034e-07 1.543333105757938029e-08 1.807645312510430813e-04 7.212295532226562500e-01 3.633553087711334229e-01 7.483441829681396484e-01 3.067283387281349860e-07 1.140817478299140930e-01 7.241177372634410858e-04 1.994074239064502763e-07 2.976697981357574463e-01 6.115884025348350406e-05 1.224196779503472499e-07 1.110133689508074895e-05 5.539082363247871399e-02 3.172427823301404715e-04 2.027917886152863503e-03 1.338368019787594676e-04
2.587835304439067841e-03 1.078287325799465179e-02 1.942993607372045517e-03 3.122903406620025635e-03 7.031902670860290527e-02 9.990049004554748535e-01 2.622068300843238831e-02 2.415614435449242592e-04 6.195602566003799438e-02 1.876006950624287128e-03 1.484945278207305819e-05 1.020432682707905769e-03 9.988091187551617622e-04 1.068775169551372528e-02 7.684275973588228226e-03 2.351325005292892456e-03 1.225701649673283100e-03 9.996903128921985626e-03 4.606693983078002930e-03
2.468861348461359739e-04 4.541618545772507787e-05 2.781443527055671439e-06 3.394511062651872635e-03 2.637245319783687592e-02 9.999600648880004883e-01 1.110972603783011436e-03 1.866735374278505333e-06 2.197434566915035248e-02 4.951785012963227928e-05 2.085080907932024274e-08 1.427895222150254995e-05 6.331469194265082479e-05 1.223547005793079734e-04 2.787152305245399475e-03 5.113013685331679881e-05 5.280536715872585773e-04 6.264954805374145508e-03 1.399225002387538552e-04
3.499577849730428625e-10 3.526218933984637260e-03 2.423266817920934416e-15 9.429746569367125630e-05 3.066428888587324764e-08 2.478551141393836588e-05 9.999877214431762695e-01 8.073079271753158537e-08 9.745874442160129547e-03 3.430147138550054819e-11 2.421263189944511396e-10 6.677829400558721318e-10 2.395348364103710992e-09 7.867560535669326782e-02 5.161624585525714792e-07 5.886193576998266508e-08 6.961672056604584213e-07 4.406753628671822298e-09 2.763048314591287635e-07
1.521631989451919040e-17 1.357134293833439642e-09 6.249011753375726551e-24 4.445062950253486633e-02 6.556900161713841158e-11 3.508747247827140314e-14 1.000000000000000000e+00 1.966143583663135241e-13 2.746158133959397674e-05 8.595897040492201529e-19 2.956521559891372949e-18 3.590822538130419156e-15 1.423121738725399710e-13 1.017706017591990530e-05 7.631667386931439978e-08 3.809652246444805712e-11 2.456847596477018669e-07 8.835949656038546030e-16 1.540450818120209231e-12
1.301661640599485807e-22 1.990522700455239161e-21 1.372793436894528121e-32 8.322968779016920449e-14 3.752927213440671039e-08 7.012876449152827263e-05 1.000000000000000000e+00 7.415728231468129139e-26 2.516441047191619873e-02 1.173425390034280602e-23 2.902587074779231784e-28 9.884039116683784876e-13 1.216643999065930366e-19 2.084536860006282015e-15 3.640193146914327826e-10 1.203455954681964535e-12 3.843489586384356282e-14 4.105738318771479101e-12 1.234836993942167727e-12
8.725055400393699756e-11 1.994674390937145603e-12 8.812983251028807234e-18 9.745866060256958008e-01 1.166800656093869293e-09 4.779021622880463838e-11 7.320620119571685791e-02 2.629530854392214678e-06 3.350105727157877238e-15 9.999125003814697266e-01 1.584244614248144402e-19 6.669413414783775806e-05 3.896681391779566184e-06 6.743409303178182768e-11 1.051424419529212173e-06 2.603470420581288636e-06 3.269229549914598465e-03 2.708975728182849707e-07 1.350319203638461147e-18
9.996833801269531250e-01 3.437882924117729999e-06 5.959316223634421681e-19 9.697386643692240682e-11 3.925250768661499023e-01 4.466518572100036666e-14 9.965906143188476562e-01 1.847149312032923124e-15 2.035461664199829102e-01 1.056968707978563071e-14 2.780624841491885491e-09 9.374573230743408203e-01 8.267947958218169191e-12 2.030678111236439718e-16 5.037262585673961401e-16 6.176281885927892290e-07 7.818874436793521454e-09 9.313392206966933373e-14 2.147625433281064034e-03
1.131776539153861449e-08 6.365890453663425319e-11 3.588993989211921684e-19 1.260755388976519953e-10 2.082812227308750153e-02 2.355048600577447360e-08 9.999982118606567383e-01 4.695300561790823404e-15 8.625491857528686523e-01 4.730581811690504068e-12 5.937542991996114239e-12 1.434932202100753784e-01 2.074285465614167379e-10 2.215440423345219068e-13 1.270598071201334278e-09 6.829021731391549110e-05 6.294231980064068921e-08 4.379256068887116271e-08 1.415729784639552236e-04
8.539305440535827074e-08 3.612427718069355365e-11 3.811422726680460114e-20 9.676570296287536621e-01 8.345072896598360046e-12 2.441463975433322275e-10 6.807569974398575141e-08 1.423282043333529145e-07 2.997638724200383535e-21 1.000000000000000000e+00 2.627888699583496063e-19 1.764220301993191242e-03 2.198169113398762420e-06 4.548897693121495625e-15 2.119785319498745935e-10 7.174245979513216298e-07 1.721384101927014854e-08 1.489580370162002509e-08 6.908775650343410296e-23
4.855547610746858223e-19 1.453953229785687890e-16 7.776550413990387062e-23 3.882744386424219485e-12 1.181650523957022969e-11 2.737418209046871970e-15 9.999374151229858398e-01 4.549817731458460912e-06 2.346581587896190424e-13 9.993230104446411133e-01 9.691324157287627117e-18 7.564458847045898438e-01 4.478304447275149869e-07 1.484666445929781807e-17 1.650160720957985494e-13 6.271485984325408936e-02 1.996000646613538265e-04 1.309631736390315382e-09 8.744747818662662597e-15
1.376435632138850451e-09 2.437769430763125911e-10 2.162844253382103358e-21 1.574991802044678479e-05 1.334230252322821109e-12 9.363394391434520792e-13 1.111284575472382130e-07 8.238444024755153805e-06 2.772173684584149969e-20 1.000000000000000000e+00 1.863177610614697843e-16 1.642859578132629395e-01 7.375141422016895376e-07 2.807052575882411187e-15 1.070146711046673915e-13 8.214652771130204201e-04 8.875337798031068814e-09 1.013582178188698890e-07 6.773242026197240017e-21
2.494828345647737144e-13 5.101598699042142471e-09 9.842726677103397215e-13 5.879050490875670221e-07 5.955276272118226188e-10 1.344189093366310317e-09 1.000000000000000000e+00 1.360483747703256086e-05 1.108932793140411377e-01 3.763781994403636588e-11 4.099351524899930155e-09 3.439119211634533713e-09 3.289905237124912674e-07 1.517376396805047989e-03 3.328266087919473648e-03 1.679768359963418334e-07 6.062517762184143066e-01 4.242145223543047905e-05 8.596178668085485697e-05
7.083264424553099095e-19 1.892087597710201408e-10 1.534934439229297751e-19 6.280593224801123142e-04 6.642399168676690890e-14 9.629056780101493372e-16 1.000000000000000000e+00 6.642440819604189528e-09 2.522814611438661814e-06 1.525538498787210972e-16 2.537275282099435902e-16 8.891063442938423184e-16 1.747463285184380766e-10 1.352373976260423660e-03 2.863414010789711028e-05 8.910660403982362254e-11 6.120821088552474976e-02 1.741254015974469382e-11 3.356329450476813747e-11
1.697558760227479979e-09 5.969626363366842270e-04 6.390023059299476671e-12 1.152018667198717594e-04 9.828099933884004713e-08 1.026453332997334655e-06 9.999971389770507812e-01 2.016443067986983806e-05 1.057741641998291016e-01 9.615394036543989387e-10 3.386752212009014329e-07 5.508880818183570227e-08 2.507132990103855263e-07 1.942697465419769287e-01 1.673176884651184082e-04 2.361808810746879317e-06 1.229636021889746189e-03 6.348561146296560764e-05 5.531706119654700160e-05
1.328278464995946706e-08 3.651673963211976570e-10 1.334251875650949160e-10 9.999998807907104492e-01 1.111497560657426220e-09 2.324980269072240979e-12 1.113572530448436737e-02 9.245682304026558995e-05 6.510973617895876586e-12 1.908413693740840245e-08 5.545021779861472079e-18 1.217422497990124086e-14 7.536024213550263084e-07 3.925088458345271647e-05 5.777920596301555634e-04 1.932694698725256899e-10 9.986838698387145996e-01 1.111799718955808203e-07 3.377268591468664954e-16
9.734845757484436035e-01 3.400675654411315918e-01 2.540296236475114711e-06 9.999879598617553711e-01 2.287116600200533867e-03 1.757350958087045001e-07 3.213828676962293684e-05 9.799179621040821075e-03 3.480270294176079915e-08 1.227396423928439617e-04 9.599955774319823831e-06 2.514282459742389619e-05 3.193560242652893066e-02 2.808254957199096680e-01 4.625359451893018559e-06 9.130033431574702263e-04 1.325498596997931600e-04 2.069036709144711494e-04 2.221794090928597143e-07
9.997803568840026855e-01 3.384959399700164795e-01 4.168915666014072485e-07 8.413500785827636719e-01 6.085501313209533691e-01 1.663100945847872936e-08 8.941372856497764587e-03 1.710914773866534233e-03 7.887667379691265523e-06 3.997191925009246916e-06 1.407283358275890350e-03 1.459910869598388672e-01 2.568053547292947769e-03 6.141405319795012474e-04 1.961417872564652498e-08 2.967105479910969734e-03 3.989652614109218121e-04 2.940859644695592579e-07 1.619622366888506804e-06
3.488742560148239136e-02 3.725771605968475342e-02 1.860541850328445435e-02 1.400058269500732422e-01 4.192686453461647034e-02 2.978559732437133789e-01 6.890675425529479980e-01 6.815860420465469360e-02 1.221889704465866089e-01 3.068421967327594757e-02 3.120989073067903519e-03 2.645907178521156311e-02 5.480640009045600891e-02 1.018225178122520447e-01 2.779850363731384277e-01 2.399392984807491302e-02 1.092183813452720642e-01 5.492182075977325439e-02 2.469427697360515594e-02
1.728163501191204432e-09 1.517570467512996402e-06 6.061262602941042132e-11 4.763712733983993530e-02 9.652448085262221866e-08 2.728181925704120658e-06 9.999732971191406250e-01 1.048553167493082583e-05 2.939151308964937925e-04 1.013254591342160893e-09 3.093193062797539028e-11 4.111690710129067838e-10 1.340300400443084072e-06 3.658925369381904602e-02 4.517545551061630249e-02 6.949268538392061600e-08 8.784898370504379272e-02 1.900915663100022357e-06 2.970484160869091284e-07
1.433646161785873119e-07 1.910933497129008174e-05 5.287872362202961085e-09 9.899285435676574707e-01 1.048015633386967238e-06 6.835308568042819388e-07 9.900806546211242676e-01 1.757155841914936900e-04 1.255845563719049096e-04 4.664931196884936071e-08 1.848941416637828183e-10 3.487789501654958713e-10 7.686428034503478557e-06 3.511022776365280151e-02 1.038944628089666367e-02 3.767088401218643412e-07 1.226121559739112854e-01 7.414075184897228610e-07 5.185538398677635996e-08
4.166460931301116943e-01 1.492873980168951675e-05 1.769857815858699723e-09 1.000000000000000000e+00 2.283253893256187439e-02 6.072814926483260933e-07 7.793786353431642056e-04 5.681605671270517632e-06 1.077506937008365639e-07 1.326455276284832507e-06 9.522731492239699946e-10 5.965376317362824921e-07 4.634207289200276136e-05 3.328750608488917351e-05 8.645257912576198578e-04 1.539171171316411346e-05 1.232311129570007324e-02 3.284399596736875537e-08 4.588751600920204510e-10
1.000000000000000000e+00 1.311600487679243088e-02 1.360307526343529361e-11 4.521727859973907471e-01 9.327515959739685059e-01 7.425539404280062650e-14 5.863455589860677719e-04 1.534317220830416773e-06 2.402456185379708842e-11 9.740137585367847350e-10 1.453923026417669462e-08 2.442308813333511353e-01 7.642195123480632901e-05 1.425213440597872250e-07 3.355803048638028585e-12 2.870588104997295886e-05 2.218756662841769867e-06 1.301525553998317264e-10 7.911300954621669490e-12
8.883325796965255150e-14 6.564568767047918030e-12 2.893351521861790713e-16 8.969191185315139592e-07 3.927970283257309347e-06 5.171985669599754587e-12 9.999998807907104492e-01 1.510244018732009863e-08 1.973912446828762768e-07 8.461543465898557770e-09 3.488412654917348414e-15 2.001865213969722390e-04 7.418718269036617130e-06 2.661704856521396323e-09 5.781913046121189836e-07 2.838738728314638138e-04 5.529823247343301773e-03 4.822272803295390986e-09 2.892245887231581492e-10
9.993807077407836914e-01 3.945377469062805176e-01 2.476698682585265487e-05 2.003440386033616960e-06 2.917870006058365107e-05 2.016631750478836693e-09 3.769760660361498594e-04 2.211010828614234924e-02 3.398157787160016596e-06 1.219677506014704704e-04 2.018895628452810342e-08 2.852854132652282715e-02 9.981272816658020020e-01 1.276653392778825946e-06 2.778363650257631434e-11 3.154582518618553877e-04 5.640068252432683948e-07 2.655192292877472937e-05 9.583299288351554424e-06
8.626841008663177490e-03 7.271923618823450397e-10 6.746103249411739239e-17 9.995942711830139160e-01 9.903748631477355957e-01 3.255061775675471836e-09 8.741839230060577393e-02 3.786174498920935605e-11 1.724246345702340477e-08 3.625276121965725906e-06 1.132500838170891894e-14 8.497310876846313477e-01 2.180208724666954367e-08 9.011222323884737762e-12 4.430604771954449461e-09 1.130275502800941467e-01 3.101045440416783094e-04 1.328455482507706620e-06 8.901082995671494302e-14
1.109682139940559864e-03 3.832315974977573703e-12 4.785231571813139569e-19 9.999673366546630859e-01 9.922354817390441895e-01 1.251531767110236615e-09 4.628825932741165161e-02 7.600517979745868846e-13 8.217317937209145384e-10 1.026185145747149363e-06 1.764121144074696677e-17 8.567969202995300293e-01 2.066814719370313469e-09 3.624894438433723387e-14 2.560527789796651632e-09 3.689058125019073486e-02 7.240063132485374808e-05 1.172239052493750933e-07 2.830977868510556154e-16
9.129937321975976558e-16 9.611666558419652145e-15 7.560503431809900005e-15 9.999986886978149414e-01 8.127744455927159856e-15 1.836828867182157013e-21 9.910385608673095703e-01 4.333544154633273138e-07 1.262283141645901066e-14 6.999184353840073869e-14 1.289704828527396618e-23 1.420542577664058549e-17 1.316973530229859080e-09 2.280957858147303341e-07 1.079574872164812405e-06 6.245964249279589708e-12 9.999836683273315430e-01 4.361648032764203764e-13 2.201311450894746553e-18
8.816631975605560001e-07 1.958383945748209953e-04 4.588559363583044615e-07 9.939944148063659668e-01 2.776201881715678610e-07 1.877571875752437336e-09 8.126183748245239258e-01 2.822383865714073181e-02 7.469292540918104351e-06 1.046399393089814112e-05 7.728828244069063658e-09 7.252576761374029957e-09 2.768374979496002197e-04 2.314499169588088989e-01 1.698068110272288322e-03 1.657913526287302375e-05 9.626314043998718262e-01 2.024233835982158780e-04 1.259820834320635186e-07
1.212725965160643682e-05 1.095340485335327685e-05 7.793291842972394079e-06 9.970464110374450684e-01 6.976140412007225677e-06 1.742596253961892216e-07 5.007807016372680664e-01 8.654039353132247925e-03 4.436790277395630255e-06 3.614823799580335617e-05 2.262676712661004785e-09 1.981802313366642920e-07 5.883897538296878338e-04 4.265098366886377335e-03 1.407106034457683563e-02 2.053716343652922660e-05 9.775003790855407715e-01 7.261954306159168482e-05 6.372448524416540749e-08
6.267006028792820871e-06 1.131808858190197498e-06 4.002571052375003546e-10 1.000000000000000000e+00 5.109396852276404388e-07 3.994065495005472144e-11 5.061256233602762222e-03 4.373456467874348164e-04 1.331052379427433152e-09 1.277306182601023465e-06 1.254176883874746906e-13 2.438259663617436956e-12 1.444065310352016240e-05 1.613725675269961357e-03 3.116448351647704840e-04 4.507457518343471747e-08 7.764831781387329102e-01 1.704820533632300794e-07 1.172509490757547845e-13
1.005254944175248966e-05 2.810126709107407805e-08 1.308939956423671447e-09 9.999984502792358398e-01 3.261851452407427132e-05 2.642473972969128226e-08 1.200088337063789368e-01 3.392266444279812276e-05 7.924425204919316457e-08 5.990764293528627604e-07 2.650513814504706911e-13 4.035443090799617494e-09 1.431139844498829916e-05 1.956068263098131865e-05 2.134652342647314072e-03 6.444858513532381039e-07 7.730782032012939453e-01 6.435928412429348100e-08 1.216467985371005867e-11
9.334549903869628906e-01 1.258081192645477131e-05 7.839069698272263520e-15 2.238858911596253165e-07 2.330232970416545868e-02 5.020166072666580603e-14 7.389540551230311394e-04 1.420234298166178633e-06 2.388647222725803765e-12 4.616537094116210938e-01 1.884766431467510550e-12 9.950643181800842285e-01 2.142481505870819092e-02 3.961191929482098251e-15 3.250238712953080260e-18 5.244562868028879166e-03 1.276225791713159197e-09 3.034770301724165620e-08 3.538415871071065588e-12
6.848549899148676737e-17 9.953646414040395740e-12 4.040055329082903909e-17 1.825538653577041259e-08 3.291956929274419963e-08 1.263117757090148618e-12 1.000000000000000000e+00 1.049973530342640515e-08 3.344660581205971539e-05 7.351858705151315121e-11 4.055441963149442053e-13 2.409560465821414255e-06 1.098919710784684867e-06 4.965935573864044272e-08 1.241962081621750258e-06 1.001536438707262278e-04 2.384484512731432915e-03 4.808623721430649312e-09 1.489733758575084721e-08
2.979165753237103965e-17 4.051849133990259588e-12 1.745838136431559617e-17 8.426064290745216567e-09 2.633814411012735945e-08 5.778387750926539113e-13 1.000000000000000000e+00 7.641787647116871085e-09 1.321034505963325500e-05 8.109255628108158476e-11 1.198768189748788959e-13 3.122965608781669289e-06 1.278043328056810424e-06 1.833214824387141562e-08 5.160255795999546535e-07 1.094675535568967462e-04 2.113806549459695816e-03 2.297708245890817125e-09 6.446122746694982197e-09
1.957343983896632522e-16 7.339582067111827257e-12 2.406700686504877718e-17 1.021517803678761993e-08 1.634172690501145553e-07 4.161661466828281419e-12 1.000000000000000000e+00 3.526374303675083866e-09 2.284467882418539375e-05 1.674325122991149328e-10 1.413555958482831665e-13 1.101023099181475118e-05 1.485890720687166322e-06 9.930658961820881814e-09 3.950420648379804334e-07 1.918501220643520355e-04 8.701522019691765308e-04 3.981694085553044715e-09 8.280996333098755713e-09
1.120109677888803459e-14 4.867167086031187750e-11 3.588959912679406949e-15 7.357634217441955116e-07 2.126256049450603314e-06 4.370460590652491817e-12 1.000000000000000000e+00 6.592814116856970941e-08 3.155991362291388214e-05 2.649027885937016435e-09 1.083508196358939912e-11 2.106282336171716452e-04 6.170010237838141620e-06 5.939253711062519869e-08 1.588714212630293332e-06 2.278284169733524323e-03 7.270444650202989578e-03 5.260211111135504325e-08 3.690327687877470453e-08
1.135381683707237244e-02 3.465927541255950928e-01 4.675051059166435152e-06 9.999334812164306641e-01 1.259450509678572416e-04 6.632037070630758535e-07 4.901732900179922581e-04 6.419864296913146973e-02 3.585223495861100673e-08 2.607092756079509854e-05 6.620132353418739513e-07 1.182921280928894703e-07 1.018730457872152328e-03 9.956952333450317383e-01 2.549768032622523606e-05 7.264490704983472824e-04 4.875129088759422302e-04 1.296166097745299339e-03 3.032259243695989426e-08
3.476207493804395199e-04 1.011326311584070936e-08 1.429824988063380792e-14 4.052933156490325928e-01 8.310619592666625977e-01 3.186551396083814325e-07 1.180686801671981812e-01 1.716260022988080891e-08 3.577059537462901062e-09 5.655175447463989258e-01 2.121052086138247583e-13 9.937431216239929199e-01 1.248607532033929601e-05 9.112714055570236837e-12 3.150217864344995178e-09 1.881347149610519409e-01 1.562054421810898930e-05 3.214085381841869093e-06 6.043294662437526110e-13
4.527851997409015894e-04 5.935871601104736328e-01 1.002282660920172930e-04 7.309216260910034180e-02 6.267665594350546598e-05 5.528772016987204552e-04 9.472309350967407227e-01 9.474907070398330688e-02 8.971393108367919922e-03 2.133742236765101552e-04 3.651763545349240303e-04 6.528366066049784422e-05 1.126719871535897255e-03 9.340487718582153320e-01 9.681806550361216068e-04 1.272876630537211895e-03 1.797677204012870789e-02 1.972593832761049271e-03 1.344333431916311383e-04
2.404021564871072769e-03 3.047231002710759640e-04 2.682941158127505332e-06 6.559616304002702236e-04 9.393713437020778656e-03 9.835679084062576294e-04 1.620124131441116333e-01 1.334229763597249985e-02 2.312002761755138636e-04 9.929976463317871094e-01 6.112077244324609637e-05 7.070240378379821777e-01 1.975649408996105194e-02 2.299223297086427920e-06 2.726277489273343235e-05 2.083976268768310547e-01 2.515219617635011673e-03 3.499094629660248756e-03 4.238542533130384982e-05
1.878517563454806805e-03 2.066952438326552510e-04 1.695212631602771580e-06 5.638545844703912735e-04 7.192647084593772888e-03 7.593231857754290104e-04 1.370860636234283447e-01 1.116557326167821884e-02 1.394722494296729565e-04 9.951800107955932617e-01 3.936142456950619817e-05 6.990822553634643555e-01 1.606411859393119812e-02 1.398304902977542952e-06 1.837626405176706612e-05 1.917430162429809570e-01 1.855974784120917320e-03 3.138272324576973915e-03 2.562079316703602672e-05
1.439829884475329891e-05 3.798193964205109907e-12 2.010399083687987700e-16 1.592796295881271362e-03 9.739538431167602539e-01 1.449409836595805245e-08 6.736681461334228516e-01 6.644639005681796107e-11 2.088974149216937803e-08 8.174022659659385681e-04 4.450087488176018846e-15 9.993684887886047363e-01 9.010295087819031323e-08 8.017673710277589683e-14 2.292059597674978022e-11 4.614437520503997803e-01 8.635557605884969234e-06 3.595934322220273316e-05 8.409765397086876870e-13
9.232579714080202393e-07 2.086853198655490987e-14 1.889218997513056578e-19 1.528481807326897979e-04 9.835065007209777832e-01 2.034114959803545730e-10 4.600346088409423828e-01 1.883357619164582886e-12 8.619771563189715380e-11 3.036216599866747856e-03 4.623646388644274654e-18 9.999673366546630859e-01 4.803764941385679776e-09 3.171718312065075840e-16 3.396457784075532227e-14 5.772172808647155762e-01 4.351015547854331089e-07 3.604089897635276429e-06 9.276224147131530498e-16
1.281461891267099418e-06 7.971805182117874811e-14 3.051279234962385034e-18 1.606308069312945008e-04 9.783431887626647949e-01 4.618861404459551068e-10 6.585824489593505859e-01 1.155057213070298516e-11 5.907072053723538829e-10 1.142088323831558228e-03 9.129235740467633582e-17 9.999126195907592773e-01 1.237739954973449130e-08 4.302868503262011549e-15 2.531574938829245225e-13 6.464294791221618652e-01 2.729136895140982233e-06 3.182454747729934752e-05 1.886055737585976000e-14
5.749848205596208572e-03 5.620741844177246094e-01 1.829270571470260620e-01 5.840358138084411621e-01 4.847150994464755058e-04 2.953963994514197111e-04 5.732684731483459473e-01 2.755407094955444336e-01 2.913200296461582184e-03 1.022324431687593460e-03 2.774149412289261818e-03 8.658721344545483589e-05 8.730701170861721039e-03 9.099865555763244629e-01 1.200814172625541687e-02 8.063119836151599884e-03 7.389240711927413940e-02 1.047378499060869217e-02 4.172193002887070179e-04
9.817096590995788574e-01 3.003064692020416260e-01 2.055277491308515891e-06 9.999129772186279297e-01 1.200083568692207336e-01 3.861482582578901201e-07 1.162955304607748985e-03 3.826081054285168648e-03 5.940550636296393350e-06 1.725073962006717920e-04 6.050313822925090790e-04 2.419586293399333954e-03 6.987498607486486435e-03 4.634427279233932495e-02 1.476873080719087739e-06 1.043755747377872467e-02 7.728493073955178261e-04 5.072206477052532136e-06 4.103608262084890157e-06
8.766648769378662109e-01 2.212146669626235962e-01 5.528014153242111206e-03 5.389645695686340332e-01 5.601450800895690918e-01 1.563446247018873692e-03 3.358268737792968750e-01 2.570868469774723053e-02 2.735064364969730377e-02 4.556967876851558685e-03 5.932118743658065796e-02 3.479495942592620850e-01 2.872633747756481171e-02 2.105849422514438629e-02 4.367916844785213470e-03 8.706830441951751709e-02 6.577139347791671753e-02 3.003840334713459015e-03 1.193758286535739899e-02
9.999862909317016602e-01 1.409839540719985962e-01 2.501208351546324593e-09 9.999891519546508789e-01 5.252678692340850830e-02 8.981947130504153165e-12 4.881528639089083299e-06 2.485088189132511616e-04 6.180704559266558817e-11 2.717149243380845292e-07 1.065074002326582558e-06 2.762663934845477343e-04 4.420526791363954544e-03 2.184135606512427330e-03 4.217862059618937565e-09 7.745400216663256288e-05 1.789839916455093771e-05 3.113506252816478082e-08 5.933190605489357949e-10
9.995909333229064941e-01 1.376828700304031372e-01 5.626410004566650969e-09 9.987576007843017578e-01 2.239862084388732910e-01 9.449472315736784367e-10 4.933306016027927399e-03 6.825159071013331413e-04 4.133675702178152278e-06 5.677911190105078276e-07 2.983544953167438507e-03 5.009436048567295074e-03 3.257015196140855551e-04 8.867536089383065701e-04 6.234757279344194103e-07 3.550811379682272673e-04 1.158312056213617325e-02 2.704354606919423532e-08 4.049296649100142531e-07
9.999998807907104492e-01 4.923597350716590881e-02 2.457514159923438694e-16 2.372119575738906860e-03 1.249764487147331238e-01 1.378209293710942209e-16 1.629918915568850935e-05 2.630900780786760151e-06 1.101493909646568403e-13 1.347066103107863455e-07 1.727321237432466461e-11 5.073608160018920898e-01 3.709871089085936546e-03 2.178846963962755012e-10 2.317026573965402148e-18 5.730379598389845341e-06 1.435030649865609575e-09 3.413054908141255339e-11 3.036314418208146959e-13
2.775897383689880371e-01 2.847014367580413818e-01 1.853952705860137939e-01 1.796157509088516235e-01 4.645277187228202820e-02 3.947607427835464478e-02 4.035239815711975098e-01 3.762235045433044434e-01 7.492405176162719727e-02 2.153057605028152466e-01 3.291977941989898682e-02 1.878073960542678833e-01 3.350099027156829834e-01 1.573289036750793457e-01 1.086051538586616516e-01 1.225832328200340271e-01 1.732657253742218018e-01 2.466746568679809570e-01 4.447145015001296997e-02
6.343213499349076301e-06 1.226176209456752986e-07 7.489108888591999857e-09 9.999996423721313477e-01 1.544732549518812448e-05 2.240367669159581965e-09 8.957900851964950562e-02 1.109188597183674574e-04 1.581868644962014514e-07 4.508145536874508252e-07 5.656562024336508898e-12 1.535457538892615048e-09 2.065917033178266138e-05 5.565628816839307547e-05 4.131754685658961535e-04 9.385791486238304060e-07 9.053447842597961426e-01 4.868567060611894703e-08 4.088563168580527929e-11
5.595285901272006868e-10 7.082415209858083927e-11 4.052793460529967307e-15 4.796093300285519945e-09 3.551361442077904940e-04 1.785841752255379333e-10 9.327687025070190430e-01 8.592708582000341266e-06 6.392934626120450048e-09 9.320949912071228027e-01 9.285041485673772854e-12 9.973760843276977539e-01 1.062452283804304898e-04 1.682344449296588329e-13 1.985125171882762274e-12 6.655159592628479004e-01 1.002841963781975210e-04 8.831425475364085287e-07 1.079265982140142910e-10
1.228086743503808975e-02 2.959248982369899750e-02 1.278902292251586914e-01 2.840584330260753632e-02 4.728413652628660202e-03 5.511340568773448467e-04 1.525652706623077393e-01 3.252587914466857910e-01 3.216701443307101727e-04 9.454894065856933594e-01 1.159063540399074554e-03 4.604830145835876465e-01 1.362451761960983276e-01 1.827569678425788879e-02 2.364987274631857872e-03 3.098476529121398926e-01 4.943195730447769165e-02 5.181426554918289185e-02 3.292895271442830563e-04
9.982251524925231934e-01 1.788665540516376495e-04 8.416540233414395149e-16 1.000000000000000000e+00 9.817048311233520508e-01 4.054862186037705429e-13 1.594376517459750175e-04 1.459122933589185322e-09 1.109266012377929655e-08 2.827992728882122719e-09 5.060555974267799684e-09 2.159394789487123489e-03 6.144088615656073671e-08 2.999886987709032837e-07 9.064090623900344923e-12 6.851414684206247330e-03 1.234948740602703765e-05 3.717878869352597704e-13 4.414032073879470275e-12
9.999678134918212891e-01 7.448214106261730194e-03 9.378359200340469215e-12 9.230764955282211304e-02 9.243762493133544922e-01 1.601828392150395075e-11 1.442332286387681961e-02 3.979991106461966410e-06 1.454017439783683585e-08 3.972938316110230517e-07 5.937373614983698644e-08 6.622976660728454590e-01 1.286536862608045340e-04 4.865169600520857784e-08 3.586237209973752726e-11 1.092774909920990467e-03 3.419546555960550904e-05 4.722240820598244682e-09 1.096760349206249430e-09
1.410966319781437051e-06 4.384879048302536830e-06 2.048782562269479968e-06 7.570089101791381836e-01 5.017060402678907849e-07 6.819708232796983793e-06 2.240119576454162598e-01 1.696764491498470306e-02 4.001333763881120831e-06 3.133239442831836641e-05 4.408070852779388815e-10 5.696481508721262799e-08 2.526581811252981424e-04 2.513087727129459381e-02 2.495983690023422241e-01 2.497913783372496255e-06 9.914101958274841309e-01 1.859279163181781769e-02 9.480532980887801386e-08
5.367241481986362306e-13 1.091278623022162719e-09 1.186697224861421596e-13 9.965066313743591309e-01 1.315920983291363200e-10 6.524259756578165703e-13 9.999153614044189453e-01 1.608944558029179461e-06 5.902573008143008337e-08 5.149160611783720753e-12 2.461614328783741541e-16 2.959359645358927704e-14 5.670724334549959167e-08 5.693126004189252853e-04 4.748144419863820076e-04 1.136992611172615852e-09 7.215566635131835938e-01 2.164275841876062145e-10 5.351951087168016485e-12
1.293462038864934271e-11 5.397511604332549950e-11 1.070469396718259913e-13 1.000000000000000000e+00 1.494949129765554829e-11 9.309262667239184483e-16 3.816531598567962646e-01 7.410226771753514186e-06 2.500370917257743741e-11 2.851165137318645293e-11 2.154315520434670136e-19 1.023221342393298915e-17 2.513510111157302163e-08 3.865159305860288441e-05 1.071516271622385830e-05 1.415022179290792437e-11 9.857355952262878418e-01 5.626004002945439453e-12 9.099161438628675623e-17
3.314694296818743169e-09 1.121430486250574177e-07 4.460857239152460352e-10 3.055525667150504887e-06 4.742724740935955197e-06 1.152455553210529615e-08 9.552162885665893555e-01 3.301358968019485474e-02 3.953997520511620678e-07 9.913756251335144043e-01 2.474121707507492829e-08 8.599627614021301270e-01 5.181794404052197933e-04 4.658484797914752562e-08 5.458232976707222406e-07 4.015566408634185791e-01 3.864697366952896118e-02 1.187593225040473044e-04 5.957724624749971554e-08
5.903566488996148109e-04 2.143237041309475899e-03 2.864658483758830698e-07 2.031182229984551668e-04 6.219992414116859436e-03 3.687618067488074303e-03 5.250646471977233887e-01 1.658501103520393372e-02 1.345762866549193859e-03 9.692133069038391113e-01 7.715081301284953952e-05 5.677512288093566895e-01 3.672929480671882629e-02 2.819748260662890971e-06 1.206504839501576498e-05 1.821846514940261841e-01 2.175549743697047234e-03 8.561731665395200253e-04 2.664329076651483774e-04
1.726328278891742229e-03 2.595625410322099924e-04 1.558169415716292860e-08 3.869313374161720276e-02 7.334359106607735157e-04 2.044509601546451449e-04 2.150375582277774811e-02 3.117913380265235901e-03 8.943021043705812190e-07 9.994583725929260254e-01 1.078878085536416620e-06 3.853371441364288330e-01 1.030441839247941971e-02 7.022639465503743850e-07 2.817143831634894013e-05 3.224023431539535522e-02 5.044898134656250477e-04 5.793446907773613930e-04 1.604444292979678721e-07
8.088692042551581807e-12 1.312787240026480617e-10 3.097733528023560723e-11 9.993041753768920898e-01 1.243293662467337413e-11 5.771809218719711754e-14 9.545612335205078125e-01 6.425560422940179706e-05 1.328556015200987872e-10 4.831779976122163589e-10 1.376920959906890868e-17 5.587639183811388133e-14 4.060856042542582145e-07 8.071631600614637136e-05 4.807993245776742697e-04 1.234278457218351832e-09 9.997778534889221191e-01 9.218845242742190749e-09 1.823070503153417787e-13
1.466114339307433845e-12 2.252108395606189362e-11 1.542596345799340796e-13 9.999563694000244141e-01 1.476848365822291953e-10 1.786789710330263792e-13 9.983876943588256836e-01 7.920442044451192487e-07 1.851861108903563036e-09 4.381177278606207537e-12 2.767231616466269479e-18 6.561441199534135196e-15 4.957464838639680238e-08 1.128743133449461311e-05 2.637425204738974571e-04 3.037946560979776223e-10 9.427443742752075195e-01 6.401297547586892733e-11 8.346895088084602121e-14
5.941567942500114441e-04 2.870784373953938484e-04 4.026153987979341764e-07 9.613425936549901962e-04 1.899533122777938843e-01 9.987508058547973633e-01 1.865135692059993744e-02 1.783302991498203482e-06 7.966717332601547241e-02 6.875834078527987003e-04 4.466490111099119531e-07 2.123791724443435669e-03 1.140771273639984429e-04 3.911334351869300008e-05 1.777603902155533433e-04 1.613951753824949265e-03 9.569858229951933026e-05 2.975669223815202713e-03 1.162382774055004120e-03
2.024405548581853509e-04 6.402498693205416203e-04 5.580593133345246315e-04 2.844674885272979736e-01 3.533156123012304306e-04 3.067643847316503525e-04 7.564030289649963379e-01 7.621415704488754272e-02 2.044239779934287071e-03 1.447394955903291702e-03 2.084690822812262923e-05 3.033363900613039732e-04 9.310636669397354126e-03 4.408901557326316833e-02 1.536948233842849731e-01 2.220675349235534668e-03 9.390571713447570801e-01 2.845514006912708282e-02 5.983724258840084076e-04
