5.524948120533279550e-12 3.035021678421401248e-10 3.206068155642109729e-14 7.662043208256363869e-05 5.275136345517239533e-07 1.487931003794074059e-03 9.999979734420776367e-01 4.215945925700737007e-10 3.207850502803921700e-03 7.669954081579444249e-13 4.318539883335636986e-15 1.684263978285471808e-10 2.034496127123475162e-09 1.800001919036731124e-04 1.242165639996528625e-02 1.018607154179562713e-08 5.079857874079607427e-05 1.213981477121706121e-06 4.184257917927425297e-08
3.558575408533215523e-03 1.027383026666939259e-03 7.167555395426461473e-06 7.624435238540172577e-04 5.024037510156631470e-02 3.956774715334177017e-03 5.313715338706970215e-01 1.598022319376468658e-02 3.392700105905532837e-03 9.136255383491516113e-01 2.444464480504393578e-04 7.762183547019958496e-01 4.443388059735298157e-02 9.345133548777084798e-06 6.536564615089446306e-05 3.161817193031311035e-01 7.313723210245370865e-03 3.738654777407646179e-03 7.138715591281652451e-04
1.463076919317245483e-01 1.823699772357940674e-01 9.894195795059204102e-01 8.362047076225280762e-01 3.321847692131996155e-02 1.197954546660184860e-02 1.325889974832534790e-01 2.220192402601242065e-01 1.537537202239036560e-03 7.518988102674484253e-02 1.780014671385288239e-02 9.122028946876525879e-03 3.292799293994903564e-01 4.948865473270416260e-01 3.501376211643218994e-01 1.270987689495086670e-01 5.882848054170608521e-02 3.990048170089721680e-01 5.565896164625883102e-03
5.946852564811706543e-01 1.089764088392257690e-01 1.493319141445681453e-04 9.206315502524375916e-03 4.242124781012535095e-02 5.826384294778108597e-04 1.613437533378601074e-01 6.951342523097991943e-02 2.462422475218772888e-03 6.140182018280029297e-01 3.795492462813854218e-03 6.048648953437805176e-01 4.415541291236877441e-01 1.738649589242413640e-04 6.902165478095412254e-05 1.084838882088661194e-01 5.952295847237110138e-03 1.255514845252037048e-02 4.045882727950811386e-03
1.124533022256457571e-09 1.992366449599103362e-08 2.865735264107743818e-13 1.464110965798681718e-08 1.526021333120297641e-05 8.172340670853373013e-08 9.999996423721313477e-01 1.017369744005236498e-09 8.533818721771240234e-01 3.742344767410088480e-10 1.252115033878453687e-08 4.154757480137050152e-04 1.940845706371874257e-08 7.750902142333870870e-08 1.010134928947081789e-05 3.782628846238367260e-05 1.468636473873630166e-04 4.711138171842321754e-05 6.126005202531814575e-03
5.497541977206310548e-09 7.598825391141872387e-07 3.925751043687419894e-11 1.867363789642695338e-05 3.081177783315069973e-05 1.001624241325771436e-06 9.999990463256835938e-01 5.145739123690873384e-07 1.805416643619537354e-01 2.051016023685292566e-09 7.083912123562186025e-08 2.937755380116868764e-05 1.718473299661127385e-06 2.438621595501899719e-04 6.667070090770721436e-03 4.048628761665895581e-05 4.148812033236026764e-03 4.857898238697089255e-05 6.775560323148965836e-04
3.897387412798991591e-10 7.394033218588447198e-06 1.303405473829233330e-11 1.631033420562744141e-02 1.545821675108527415e-07 1.910182447772967862e-07 9.999961853027343750e-01 5.614374913420761004e-06 1.472493051551282406e-03 6.225809867643761208e-10 4.404667186541644242e-10 2.425220912982695154e-09 7.474213248315209057e-07 2.259312756359577179e-02 3.413247643038630486e-03 5.876348723177216016e-07 1.072601042687892914e-02 5.234738864601240493e-07 8.059269589466566686e-07
5.120452642440795898e-01 5.031134933233261108e-04 1.213749527551044594e-07 1.003033175948075950e-04 4.883880615234375000e-01 1.164715044410513656e-07 1.306828260421752930e-01 2.192134561482816935e-04 3.208878979421569966e-06 7.271659374237060547e-02 3.161813992846873589e-07 9.857497215270996094e-01 2.081026509404182434e-02 4.201412195925513515e-08 4.974567424653741909e-10 1.193328425288200378e-01 4.214046202832832932e-05 4.989168519387021661e-05 6.002184136377763934e-07
3.140648603439331055e-01 2.228720299899578094e-02 2.562000590842217207e-04 6.216362118721008301e-03 6.486831232905387878e-03 3.879381401930004358e-04 2.881569601595401764e-02 6.342209130525588989e-02 1.701066066743806005e-04 9.419990777969360352e-01 8.683387422934174538e-04 4.813679158687591553e-01 5.413286089897155762e-01 5.795167817268520594e-05 3.803953222814016044e-05 1.045368686318397522e-01 1.229844405315816402e-03 2.690329588949680328e-02 5.241268081590533257e-04
1.343556046485900879e-01 4.943651705980300903e-02 2.814216422848403454e-04 2.004797011613845825e-02 2.362211421132087708e-02 4.609764553606510162e-03 1.785957962274551392e-01 1.378370970487594604e-01 3.266482148319482803e-03 9.060666561126708984e-01 6.666392087936401367e-03 5.126855373382568359e-01 2.529338002204895020e-01 6.113243289291858673e-04 7.523272652179002762e-04 1.841472536325454712e-01 1.945012621581554413e-02 3.834538534283638000e-02 3.056886605918407440e-03
5.494802678726422307e-14 1.747274200325499294e-13 4.960716624806404962e-13 9.999990463256835938e-01 1.090824360770433279e-14 2.869856606343273410e-19 5.098793506622314453e-01 6.268447123147780076e-06 2.543601485308858573e-14 2.311851014444310515e-12 1.043961230138444579e-22 8.760125582706056212e-18 7.747218866427374451e-09 3.002682660735445097e-06 7.341027867369120941e-06 3.508878300764739500e-12 9.999959468841552734e-01 1.681599581804249510e-10 4.728907189543178808e-18
3.361455455888062716e-04 2.368883178860414773e-05 2.539534580137114972e-05 2.164400815963745117e-01 5.556932650506496429e-03 1.134136255132034421e-06 9.890609979629516602e-01 1.211850671097636223e-03 1.980317756533622742e-04 1.232762406289111823e-05 9.844981150308740325e-07 6.491082254797220230e-03 1.255544833838939667e-03 7.111486629582941532e-04 3.262320533394813538e-02 3.438582643866539001e-03 9.273473620414733887e-01 2.035847428487613797e-04 9.660860087024047971e-05
4.301667286199517548e-05 5.177198048045283940e-08 1.332644550267048089e-10 9.999985694885253906e-01 9.373311768285930157e-04 2.159485479324985135e-09 3.266478180885314941e-01 4.735412403533700854e-06 7.685802074774983339e-07 4.786080509688872553e-08 1.805827189171882452e-11 1.072328004170230997e-07 4.978396191290812567e-06 4.216632078168913722e-06 3.379375266376882792e-04 7.762827408441808075e-06 5.686154365539550781e-01 4.517059615238849801e-09 1.039731079011119164e-10
6.423101633901140417e-12 3.482664434617532834e-10 2.382582846294223344e-11 8.162895101122558117e-04 9.795582123217627668e-10 2.181056002470427302e-09 9.999878406524658203e-01 2.206601493526250124e-05 2.983813828905113041e-06 2.190548020752913772e-10 4.513864054669219916e-13 2.813690669345447759e-10 2.063654392259195447e-06 1.881332864286378026e-04 4.264219850301742554e-02 3.159190598012173723e-08 9.953126907348632812e-01 7.985844376889872365e-07 9.582356597093166783e-08
1.699384883977472782e-04 2.342901279916986823e-04 3.030171910722856410e-06 1.685734896454960108e-04 1.533434609882533550e-03 1.604624688625335693e-01 9.816929101943969727e-01 1.232608428836101666e-05 4.818928837776184082e-01 1.373285977024352178e-05 4.281555447960272431e-06 1.006898237392306328e-03 4.346693822299130261e-05 7.121164235286414623e-04 6.358191370964050293e-03 1.492711162427440286e-04 1.358991023153066635e-03 4.670160356909036636e-03 1.096629798412322998e-01
8.460053205490112305e-01 5.497898533940315247e-02 8.364249879377894104e-07 2.291220426559448242e-02 3.820198774337768555e-02 2.848599397111684084e-04 9.050381183624267578e-01 2.991876099258661270e-04 3.345675468444824219e-01 1.946872907865326852e-05 3.529834328219294548e-03 4.911283776164054871e-02 1.611876068636775017e-04 7.576127536594867706e-04 1.746248337440192699e-03 2.179949806304648519e-04 1.285864505916833878e-02 7.478951010853052139e-05 5.247390642762184143e-02
1.386490206499446654e-13 3.613631746265943967e-12 1.340121047986586600e-13 8.795231406111270189e-05 1.105027624959120658e-08 4.928760714449295643e-14 9.999967813491821289e-01 1.250385412276955321e-05 3.723627406415630503e-09 1.114683314540343417e-07 2.953106170515938655e-14 1.950656587723642588e-05 9.669557584857102484e-06 7.490726261494273786e-08 1.138866900873836130e-05 7.301520236069336534e-05 9.848174452781677246e-01 9.768016440148130641e-08 1.127124948929747461e-09
1.441370022803312168e-05 3.205098664693650790e-06 1.614377853620396763e-09 4.428558895597234368e-05 5.342541408026590943e-05 7.135516284506593365e-07 8.190458267927169800e-02 1.113456953316926956e-02 1.672822236287174746e-07 9.996149539947509766e-01 3.056840967019525124e-07 7.815891504287719727e-01 2.986668841913342476e-03 3.063430042971049261e-08 6.588086876035958994e-07 1.918766200542449951e-01 3.195230849087238312e-03 1.202096813358366489e-03 3.196442577291236375e-08
3.457538859855300802e-18 1.468929416038183833e-13 2.007678387391627285e-16 1.795730092402081368e-10 2.869701004604152672e-13 9.833201555567263009e-19 9.999955892562866211e-01 8.004682511091232300e-02 6.570732239558063625e-12 4.954608976840972900e-01 1.659239965475650669e-14 3.984495624899864197e-02 6.788922632949834224e-07 2.431059797913803777e-10 5.235922251323188448e-10 5.884459614753723145e-02 9.479245543479919434e-01 2.372474767753374181e-07 3.698289504500129610e-12
7.628806982830360628e-14 4.070171977232917015e-10 1.536304720592407413e-12 2.885866212665177954e-09 2.177723246177265537e-08 9.158974911827044707e-09 1.000000000000000000e+00 2.095846340921525552e-08 7.744663357734680176e-01 2.022507682164498277e-11 6.321597134650858152e-10 4.858863462686713319e-07 1.523707027217824361e-08 1.695671812740329187e-06 3.136773375445045531e-05 4.180722953606164083e-06 8.937419042922556400e-04 1.641305134398862720e-04 1.264347811229526997e-03
1.211251026524341095e-16 3.021564110028407413e-10 3.814906957211116429e-16 1.755319090079865418e-06 2.384152597567634757e-10 5.711960852222697227e-13 1.000000000000000000e+00 1.686103132669813931e-07 1.420323271304368973e-03 6.128740635651108715e-13 2.504069868125569087e-11 1.185566311789898464e-09 4.828404343015790801e-08 3.886359627358615398e-05 9.607154788682237267e-05 1.157859060185728595e-06 5.576392263174057007e-02 4.073088177847239422e-08 2.011360749065715936e-07
1.453816095287052690e-10 5.789489421204052633e-08 6.565757919990700131e-12 1.288579596803174354e-06 1.811837501008994877e-05 2.124382945112301968e-06 9.999989271163940430e-01 7.539087931718313484e-08 4.461840391159057617e-01 4.078932747120234126e-09 1.299899388129688305e-08 4.990696106688119471e-05 5.494944161910098046e-07 1.377500302623957396e-05 2.018688392126932740e-04 1.973740727407857776e-04 3.060501476284116507e-04 1.151815449702553451e-04 3.737583756446838379e-04
6.348962187767028809e-01 2.882316410541534424e-01 1.547483385877512774e-08 1.413969881832599640e-02 3.399380017071962357e-03 5.958365818514721468e-06 9.516766667366027832e-01 3.121390182059258223e-04 5.295484662055969238e-01 1.292960519094776828e-06 5.182537063956260681e-02 1.220522914081811905e-02 1.707997398625593632e-05 6.458406569436192513e-04 4.838734093937091529e-05 6.479993317043408751e-05 1.036040019243955612e-02 9.849998605204746127e-06 2.711568213999271393e-02
1.321160141287691658e-07 4.345863708294928074e-04 1.069149213606124249e-09 2.554344537202268839e-04 2.363084422540850937e-05 5.761091301792475861e-07 9.999904632568359375e-01 9.258087084162980318e-05 1.081081628799438477e-01 2.068543665245670127e-07 2.202791802119463682e-05 1.156438811449334025e-04 5.098119800095446408e-05 2.950819442048668861e-03 2.922954969108104706e-03 3.956425352953374386e-04 3.324447572231292725e-02 9.363385470351204276e-05 1.693963655270636082e-03
6.725016750250544947e-22 3.946719101856018260e-19 4.357387702811418235e-18 1.465146429836750031e-02 3.080294249308907586e-18 8.793416733280514175e-23 9.999951124191284180e-01 2.667632337249870034e-08 1.005865071512519315e-15 9.052180888558113863e-17 3.538856521617493727e-26 1.004832455631755067e-17 4.336129025284130023e-11 5.366904698433927479e-09 1.950126261363038793e-06 1.980533792522720660e-12 1.000000000000000000e+00 6.398413916752776487e-12 1.166658579969444428e-16
2.334179847128381605e-29 1.007406961218320026e-26 5.587106375151684586e-25 2.150203101336956024e-03 8.243670415269437836e-26 1.306657522642971246e-28 9.978864789009094238e-01 2.383708119779726076e-09 2.856102083135647576e-22 1.477901886957415030e-18 3.301909032387480429e-36 5.391857581867921311e-24 1.016833745838812558e-14 1.959916257066041112e-10 4.798895503199673840e-08 2.801338862197148101e-16 1.000000000000000000e+00 3.731256192907039804e-09 1.395519869340574868e-23
1.246685206251209743e-25 1.541016049413217514e-22 4.135067157982062326e-20 4.324539750814437866e-02 6.105793503830218203e-23 2.158997358090828281e-26 9.981068372726440430e-01 2.517592889716979698e-08 1.501449651045268345e-19 8.766511417034965586e-18 5.335182120740942466e-32 3.565245122896093166e-22 4.843158751648146687e-13 4.207689308088902180e-09 2.153611262656340841e-07 8.522614275278169588e-15 1.000000000000000000e+00 7.321008244076665505e-10 1.626912722818646308e-20
2.140386381434869460e-30 1.800891176826630054e-26 1.381254923475961764e-26 1.108314108932972886e-06 3.741821980872336753e-22 3.728496693731946086e-31 1.000000000000000000e+00 1.035509091668052051e-11 7.704632936427100840e-20 4.801702676513631021e-21 4.787078051500898800e-33 2.884422429749719674e-18 5.706143158890411571e-14 3.428513237744602871e-14 9.496885500226426302e-10 1.234885945670255447e-13 1.000000000000000000e+00 1.152393883393191968e-16 2.037463140344027768e-20
1.177308035948954057e-06 1.262607169337570667e-03 2.564391060611015405e-11 7.841629907488822937e-03 2.266775845782831311e-04 5.605289388199707901e-08 9.999804496765136719e-01 4.692238690040539950e-06 2.519855797290802002e-01 3.584251118127212976e-09 4.820831236429512501e-04 1.380937319481745362e-04 1.397650294165941887e-06 1.035174122080206871e-03 1.678175409324467182e-03 2.974203380290418863e-04 1.536782924085855484e-02 1.212558254337636754e-05 1.159497536718845367e-03
9.601972699165344238e-01 6.769215688109397888e-03 4.789551530848257244e-05 9.735748171806335449e-01 9.125495702028274536e-02 4.449224798008799553e-05 7.743780314922332764e-02 7.151836995035409927e-03 9.061978744284715503e-06 6.614616140723228455e-04 2.258379026898182929e-05 5.962238181382417679e-03 2.193478867411613464e-02 6.271691992878913879e-03 1.764082461595535278e-01 6.095849093981087208e-04 4.517692029476165771e-01 5.408654105849564075e-04 1.249803972314111888e-06
7.440204967679164838e-07 3.231908181078324560e-07 5.375254019668318506e-09 9.999779462814331055e-01 8.503331628162413836e-06 4.835925437873811461e-07 5.892327427864074707e-01 4.735362017527222633e-05 8.999813871923834085e-06 1.557269797558546998e-07 3.029489853423328327e-12 2.665686837932668141e-10 1.225504274771083146e-05 4.389183304738253355e-04 5.069640930742025375e-03 4.196046745619241847e-07 2.300278991460800171e-01 9.623384045198690728e-08 1.155313955614190036e-09
3.831641879514791071e-05 2.362791216000914574e-03 5.974080977466655895e-06 3.437001723796129227e-04 1.007019192911684513e-03 7.955916771607007831e-06 9.984791874885559082e-01 2.555355243384838104e-02 1.655622757971286774e-02 2.234717598184943199e-03 8.547567995265126228e-04 6.137026473879814148e-02 4.163538292050361633e-02 1.155363046564161777e-03 2.818410983309149742e-03 4.941583797335624695e-02 3.537890315055847168e-01 5.073274951428174973e-04 7.522757630795240402e-03
8.044682443141937256e-02 2.577779814600944519e-04 1.121094101108610630e-06 9.999631643295288086e-01 9.970156475901603699e-03 8.647547656437382102e-05 3.078469634056091309e-02 4.381438775453716516e-04 4.678156619775108993e-05 1.982071808015462011e-05 2.496658453310374171e-07 2.228481662314152345e-06 4.412111011333763599e-04 1.382449059747159481e-03 3.531078994274139404e-02 3.270460729254409671e-05 1.081074252724647522e-01 6.217061581992311403e-06 3.857448405142349657e-07
9.384744167327880859e-01 8.681889623403549194e-03 1.686264840827789158e-05 9.999948740005493164e-01 1.093330606818199158e-02 5.821135346195660532e-06 1.454718440072610974e-04 1.818138058297336102e-03 8.788435934548033401e-08 1.608983380720019341e-03 5.586493330156372394e-07 2.476327790645882487e-05 2.220020443201065063e-02 2.384101971983909607e-02 3.063239157199859619e-03 3.947257355321198702e-04 4.403036553412675858e-03 3.910110681317746639e-04 7.867527074267854914e-08
5.541107431054115295e-02 6.176670547574758530e-03 4.035260062664747238e-04 9.742446541786193848e-01 1.868481375277042389e-02 4.765773337567225099e-05 4.909205138683319092e-01 2.724061906337738037e-02 1.387880765832960606e-03 8.721585036255419254e-04 2.526504977140575647e-04 1.430620439350605011e-03 9.582383558154106140e-03 2.445263229310512543e-02 7.015102356672286987e-02 3.723622066900134087e-03 8.092035055160522461e-01 6.686950218863785267e-04 1.178709790110588074e-04
5.140517279505729675e-02 6.629674881696701050e-02 3.091665804386138916e-01 7.687929272651672363e-02 9.141770750284194946e-02 6.105491891503334045e-03 6.651017665863037109e-01 3.836743235588073730e-01 2.700809203088283539e-02 4.037472903728485107e-01 2.037185616791248322e-02 4.520911872386932373e-01 2.935711145401000977e-01 3.293355926871299744e-02 3.740847483277320862e-02 3.454056382179260254e-01 3.101756572723388672e-01 6.706994771957397461e-02 2.546180039644241333e-02
3.700873814523220062e-03 8.601640001870691776e-05 7.118693474694737233e-07 1.650367118418216705e-02 3.833779096603393555e-01 5.656823486788198352e-05 5.534601211547851562e-01 1.021123258396983147e-03 8.872283069649711251e-05 3.866996169090270996e-01 2.590586518635973334e-06 9.520387053489685059e-01 8.820329792797565460e-03 6.546477379743009806e-06 1.713969504635315388e-05 4.261897802352905273e-01 8.905279450118541718e-03 3.737661987543106079e-03 6.052386652299901471e-06
