1.574378245550178690e-07 9.022017616495958681e-13 1.341959302777693973e-18 4.511276330276814406e-08 8.607141375541687012e-01 4.940371240991225932e-07 9.996962547302246094e-01 3.058971397582391227e-14 7.476103492081165314e-04 1.945283795157237705e-10 5.746000993025644158e-16 1.402528434991836548e-01 7.404526325416327381e-09 1.330074576546451740e-14 6.813850594866721622e-10 3.215790493413805962e-04 4.425371002980682533e-07 5.962599303188653721e-09 1.581897390856568109e-09
8.873248589225113392e-07 3.204433029688202872e-12 1.328441620604928964e-18 2.103869078950992844e-08 9.239693880081176758e-01 1.964364493289849634e-08 9.996528625488281250e-01 6.395076390100160046e-14 4.795104032382369041e-04 2.139363131092864023e-10 3.634938555122264880e-15 5.890538096427917480e-01 1.465689702939698691e-08 4.592347095183852215e-15 9.020323377129102482e-11 1.105319126509130001e-03 7.267118462550570257e-07 1.768622692743804237e-09 2.193057291322020319e-09
9.687205776572227478e-03 1.355236278755000967e-08 1.072177625003646606e-13 1.891527936095371842e-04 9.321643114089965820e-01 1.241686931052754517e-07 9.981758594512939453e-01 1.056545614885884277e-10 2.957101212814450264e-03 9.519911942090786283e-11 9.655466530478218345e-12 7.411007583141326904e-02 7.981581973126594676e-08 8.704150733507276527e-10 4.756921043735928833e-06 2.193625405197963119e-04 2.464413992129266262e-04 8.268467865946149686e-08 5.124558697389147710e-07
4.476693924516439438e-03 8.361811633221805096e-04 1.907802507048472762e-04 2.028246372938156128e-01 3.347627818584442139e-01 6.152578280307352543e-04 9.177924394607543945e-01 8.782761171460151672e-03 1.007331628352403641e-02 1.323918905109167099e-02 3.223925305064767599e-04 4.924349784851074219e-01 1.894983090460300446e-02 2.201250288635492325e-03 9.828189387917518616e-03 3.257834911346435547e-01 2.194450944662094116e-01 6.253967434167861938e-02 1.370900426991283894e-03
8.237721885961946100e-06 1.824566497887758487e-09 3.468324238919961999e-11 6.235172622837126255e-04 7.215548753738403320e-01 1.129123745613469509e-07 8.664544224739074707e-01 5.514204985956894234e-07 1.266098820451588836e-06 7.791539188474416733e-03 7.471652463397759902e-11 9.966272115707397461e-01 3.004097925440873951e-05 2.292267264891734158e-09 9.994105987232160260e-09 6.450997591018676758e-01 1.247296575456857681e-03 9.567309170961380005e-04 4.128596131636186328e-09
9.739137291908264160e-01 7.240382023155689240e-03 2.417040005642245859e-11 4.899034511396394009e-09 1.436750608263537288e-05 4.583393220514153654e-08 9.298200607299804688e-01 1.688777899744309252e-07 6.126655340194702148e-01 7.139401532185729593e-06 1.307640218328742776e-06 1.087441295385360718e-01 2.267987656523473561e-05 5.498752495003422780e-11 2.469878988831109012e-11 8.004715823517472018e-07 2.030411815212573856e-05 4.507027639988336887e-08 9.097917079925537109e-01
2.654503179766454224e-11 4.380243390222915423e-11 9.954139942869311142e-12 1.772757805883884430e-02 1.438248436897993088e-03 1.606331387349335671e-12 9.999833106994628906e-01 8.035547125473385677e-07 6.466906370405922644e-07 7.357411391240020748e-08 6.877063588733856037e-12 3.256937861442565918e-02 3.516849574225489050e-06 4.813755793975360575e-08 1.197985852741112467e-06 5.799717828631401062e-02 3.488036394119262695e-01 1.220750273205339909e-04 1.152846973440091460e-08
6.395085739207889384e-30 8.066084020438346711e-25 1.224535560603627673e-20 2.857097657397389412e-03 2.288034652038821439e-24 3.509660317713374603e-31 9.999996423721313477e-01 5.472211572765672827e-10 1.323312299475881782e-19 2.896368825399493738e-22 4.905313681410420061e-33 2.486056330847481831e-23 9.872121566403824211e-15 3.786253949256135343e-11 4.176482271134318580e-09 2.088524479363718447e-15 1.000000000000000000e+00 2.370336321970076265e-14 4.100869055766676646e-20
9.481686902290675789e-07 3.821111829727108500e-12 1.536910511674140993e-17 4.689307275818066501e-10 9.665927290916442871e-01 1.325306864252695505e-09 9.866181015968322754e-01 1.025402419224663575e-12 4.892473953077569604e-05 1.880280478872009553e-06 9.706328080692772087e-14 9.996844530105590820e-01 2.485383845396427205e-07 8.405562554069081409e-17 1.896457852749674523e-15 2.389945983886718750e-01 1.025619980055125779e-07 4.929318286883699329e-09 9.445706439237255836e-10
1.824170234613120556e-03 1.203120991704054177e-04 4.722982339444570243e-06 1.962605565786361694e-01 2.546836137771606445e-01 2.136488619726151228e-04 8.858239054679870605e-01 1.178674283437430859e-03 1.424342743121087551e-03 2.212798222899436951e-02 1.080138645193073899e-05 5.513949990272521973e-01 7.554434239864349365e-03 9.870369831332936883e-05 1.731232157908380032e-03 2.149418741464614868e-01 6.586795300245285034e-02 4.368537571281194687e-03 6.956136348890140653e-05
6.043170941438802402e-08 2.051697833849175368e-08 2.414716430282348725e-12 8.663967491884250194e-06 1.273477971553802490e-01 1.915255597850773484e-05 9.998418092727661133e-01 8.029356735050896532e-09 7.586407661437988281e-02 4.524926850990595995e-07 1.674285066144420853e-08 1.717198789119720459e-01 7.614853075210703537e-06 1.808018446070036589e-08 5.207679805607767776e-06 3.022175654768943787e-02 1.117555511882528663e-04 2.565588147263042629e-05 2.282679997733794153e-05
2.673724200576543808e-03 1.736194974455429474e-07 3.073862575608300729e-14 5.304013672713381311e-09 7.490548491477966309e-01 2.059878028148887097e-07 9.881751537322998047e-01 1.642103397703209566e-10 9.306064248085021973e-02 8.561817708141461480e-07 7.660145406873652973e-09 9.768176078796386719e-01 3.365275460964767262e-06 5.823819074560199205e-13 1.714238820338387370e-11 1.192557439208030701e-02 8.966428595158504322e-07 5.270696590287116123e-08 8.584759780205786228e-05
1.176156583824194968e-04 5.616977432509884238e-06 9.617063811973025622e-10 1.890642306534573436e-05 2.760112693067640066e-04 4.388769957586191595e-05 1.213072519749403000e-02 1.864974037744104862e-03 9.494119126429723110e-07 9.999589920043945312e-01 3.063933320390788140e-07 6.609047055244445801e-01 2.806821139529347420e-03 1.699645202357658036e-09 1.026618150490321568e-07 8.808762580156326294e-02 4.940313738188706338e-05 1.598637463757768273e-04 5.278009496123559074e-08
1.263040019239269895e-07 4.633478965843096375e-06 1.420755495473713381e-07 9.383005090057849884e-05 1.411721677868627012e-05 1.095692852004503948e-07 9.499687552452087402e-01 2.862039208412170410e-01 6.033782938175136223e-06 9.651691913604736328e-01 1.040995130097144283e-06 6.576550006866455078e-01 1.948763849213719368e-03 1.974723090825136751e-05 5.274987415759824216e-05 3.499673902988433838e-01 3.179216980934143066e-01 2.031160984188318253e-03 1.884335460999864154e-06
1.822180024646513630e-06 1.328770160569092695e-08 1.567321474698919054e-14 2.203049547233604244e-07 3.928067542346980190e-07 7.748581509758878383e-08 7.494678720831871033e-05 9.418603440281003714e-05 1.972275467942985472e-11 1.000000000000000000e+00 5.279119849599389624e-11 5.688275694847106934e-01 1.026907993946224451e-04 1.421331314362811460e-13 2.285123305856284759e-11 1.649084314703941345e-02 1.823127746547470451e-07 3.010984073625877500e-06 4.169095353234036905e-13
1.654191728448495269e-04 1.877979491837322712e-03 9.999587535858154297e-01 1.070297206752002239e-03 5.782388616353273392e-04 1.785201877355575562e-01 7.395821213722229004e-01 3.905326360836625099e-03 2.726148068904876709e-01 3.467900678515434265e-04 1.321600166193093173e-06 1.266447361558675766e-04 1.214533811435103416e-03 1.604178687557578087e-03 9.291317313909530640e-03 2.769738901406526566e-03 5.791308358311653137e-02 3.720438398886471987e-04 4.515313357114791870e-02
2.446066901029553264e-05 6.542010814882814884e-04 1.212056668009608984e-04 6.154078873805701733e-04 1.137225117417983711e-04 1.550518277326773386e-06 9.946703314781188965e-01 9.640008956193923950e-02 4.200272262096405029e-02 4.947682609781622887e-04 2.204427961260080338e-03 3.937557339668273926e-03 5.644070450216531754e-03 5.328519735485315323e-03 1.298668328672647476e-02 1.566589809954166412e-02 9.724574685096740723e-01 6.001703906804323196e-03 4.419596865773200989e-02
9.895451664924621582e-01 2.614305540919303894e-02 1.321117326646970014e-09 7.560515769000630826e-08 1.897128648124635220e-03 7.639896182354277698e-08 3.825452625751495361e-01 4.383470513857901096e-05 1.074438262730836868e-02 1.613805815577507019e-02 1.595517278474289924e-05 7.818395495414733887e-01 1.069354265928268433e-01 2.111492924949942562e-10 3.084549976550832184e-11 1.053184387274086475e-03 5.684413281414890662e-06 3.222668851776688825e-07 8.378515392541885376e-02
3.445062029641121626e-04 2.564332215115427971e-03 3.978137392550706863e-04 9.896532865241169930e-04 7.299083285033702850e-03 6.744620040990412235e-04 9.596578478813171387e-01 8.404121547937393188e-02 1.478853356093168259e-02 1.891062110662460327e-01 1.193806296214461327e-03 3.272492885589599609e-01 1.613637655973434448e-01 5.977280670776963234e-04 1.664190436713397503e-03 2.386953979730606079e-01 1.131851002573966980e-01 4.353549331426620483e-03 6.219158414751291275e-03
3.677907807286828756e-05 1.680692075751721859e-04 1.810393005143851042e-04 3.546942025423049927e-05 1.432492135791108012e-04 5.460228770971298218e-02 9.431310892105102539e-01 2.054896904155611992e-04 7.274053096771240234e-01 1.600638643139973283e-04 3.270445085945539176e-05 1.135880011133849621e-03 2.211941900895908475e-04 2.330085262656211853e-04 2.857335377484560013e-03 4.780768649652600288e-04 1.284730061888694763e-02 3.238105773925781250e-02 5.596635937690734863e-01
1.562591991387307644e-03 2.321070141642067597e-10 8.785014180717463843e-20 4.125862249505091173e-14 7.597290873527526855e-01 2.687420327506656603e-13 9.501435160636901855e-01 6.506103706997723446e-13 3.425172280913102441e-06 1.086201905309280846e-06 3.888387414786517726e-14 9.999182224273681641e-01 2.594470743133570068e-06 5.731890539784238695e-20 2.110035556736554890e-21 1.216073241084814072e-02 1.853598663448252637e-10 1.490250848071306145e-12 1.402363336566736507e-09
4.304238781332969666e-02 6.075100041925907135e-03 1.550847291946411133e-02 2.165976762771606445e-01 4.606192409992218018e-01 3.086840966716408730e-03 7.946404814720153809e-01 2.476361207664012909e-02 2.489922940731048584e-02 2.642108500003814697e-02 1.589482300914824009e-03 5.342734456062316895e-01 4.415684938430786133e-02 5.735008511692285538e-03 2.010842226445674896e-02 3.049311041831970215e-01 2.577667534351348877e-01 5.983358994126319885e-02 5.081155337393283844e-03
3.521801903843879700e-02 9.053514339029788971e-03 5.222733598202466965e-03 3.827935457229614258e-01 7.548175007104873657e-02 9.369429945945739746e-01 1.108596548438072205e-01 9.898868389427661896e-03 1.121442168951034546e-01 7.279601879417896271e-03 2.284798829350620508e-04 2.685285871848464012e-03 1.830544136464595795e-02 2.211695909500122070e-02 2.151492834091186523e-01 4.382471553981304169e-03 7.237137109041213989e-02 9.542506933212280273e-02 6.729198619723320007e-03
2.773629603325389326e-06 1.347102341242134571e-03 1.694796446827240288e-05 2.478446997702121735e-02 2.368350033066235483e-05 4.982396148989209905e-07 9.895262718200683594e-01 1.023139953613281250e-01 4.490685823839157820e-04 3.577418625354766846e-03 6.492411557701416314e-06 7.233045762404799461e-04 6.281643174588680267e-03 3.254541754722595215e-02 4.676505923271179199e-03 1.302363350987434387e-02 8.188265562057495117e-01 2.002377295866608620e-03 8.250179962487891316e-05
2.108499597142099447e-09 3.042595437818818027e-07 3.304045481655748517e-09 3.869405714794993401e-03 9.682134560762278852e-08 2.333089014427969232e-06 9.999274015426635742e-01 2.050892217084765434e-04 3.972312842961400747e-04 2.424223133346004033e-08 6.952524111980551424e-10 1.102514080031369303e-08 2.011681681324262172e-05 1.204671803861856461e-02 1.354315727949142456e-01 6.940704224689397961e-07 8.478249311447143555e-01 5.193745528231374919e-05 4.983427061233669519e-06
1.149545482803659979e-06 6.070497988730494399e-07 1.622862555450410582e-08 6.792267318814992905e-03 9.117414947468205355e-07 9.999903440475463867e-01 7.542447747255209833e-06 6.970022354835236911e-07 2.460404066368937492e-04 2.974742585593048716e-07 2.311158859777395769e-12 3.501131676242330570e-11 1.276852003684325609e-06 1.220246544107794762e-03 8.890521526336669922e-01 2.312488533995349371e-10 5.225495988270267844e-05 5.805054679512977600e-04 5.611868658661478548e-08
7.760231383144855499e-03 6.624339148402214050e-03 2.037815647781826556e-06 9.999996423721313477e-01 5.801414954476058483e-05 1.335523847956210375e-04 1.386902567901415750e-05 7.576832082122564316e-03 1.097248425452335141e-08 2.212098479503765702e-05 2.429275391957474994e-10 5.127203106525257681e-10 2.445120131596922874e-03 8.875091671943664551e-01 3.273039765190333128e-04 1.064257958205416799e-05 8.904338756110519171e-05 1.338136103004217148e-02 2.277662947136604998e-09
2.250164652650710195e-05 2.392975062548430287e-08 3.468874909540176077e-10 1.000000000000000000e+00 4.021251331920439043e-09 1.265367359337687958e-06 2.369686891157130049e-09 8.071752745308913291e-06 3.971571047701278820e-15 9.464737438236170419e-09 1.101575566444403582e-21 2.610354021561020414e-19 1.756687197485007346e-06 7.679369300603866577e-03 2.226172655355185270e-04 7.639764688927019876e-12 1.586768576089525595e-06 6.631804280914366245e-04 4.827440116929882912e-18
9.988656044006347656e-01 6.024233698844909668e-01 3.140501495129169839e-15 1.000000000000000000e+00 1.059109228663146496e-03 1.545001309505820986e-14 5.630777650367235765e-06 5.720182889490388334e-05 8.104962812005567230e-10 1.085451617477417585e-09 6.008900891174562275e-05 2.976873645366140408e-07 4.318458650232059881e-06 1.228057080879807472e-03 6.164012578352764948e-14 1.108015203499235213e-05 7.117030804693058599e-07 3.578669749860347027e-13 2.560530086570533825e-11
9.837909340858459473e-01 2.733076512813568115e-01 1.648255856707692146e-04 9.986214637756347656e-01 3.016926050186157227e-01 2.872337290682480671e-06 3.996223676949739456e-03 3.539988305419683456e-03 2.000814311031717807e-05 3.498901205603033304e-04 1.767403329722583294e-03 1.832243800163269043e-02 8.630692027509212494e-03 6.521632522344589233e-02 7.824450221960432827e-06 2.702328749001026154e-02 1.016549998894333839e-03 2.196630703110713512e-05 1.411222365277353674e-05
8.087391257286071777e-01 2.363120620429981500e-05 1.647973008496981823e-15 9.996083378791809082e-01 9.595732688903808594e-01 7.395010159783055315e-10 6.478565931320190430e-02 2.851575864326605370e-09 3.284818376414477825e-06 3.932865979550115298e-07 2.574995106030542047e-09 1.530952453613281250e-01 4.280227017261495348e-07 9.296448943985069491e-09 5.200026187424100499e-09 1.438264735043048859e-02 1.549822191009297967e-04 1.317911002551852562e-09 1.128002469208411185e-09
3.797959746995579003e-17 1.976158967935314685e-17 2.172304727741395138e-20 6.313057838269742206e-06 2.388564553257310763e-06 2.815283779020393686e-18 9.999998807907104492e-01 4.320314106465161785e-10 2.150008903550881811e-12 1.065950971934626068e-08 9.520521855649448669e-20 4.741246625781059265e-02 2.234739753248504712e-07 1.792507114961594539e-13 1.544444572232350765e-10 1.211305242031812668e-02 3.622822463512420654e-02 3.396945835731912666e-09 1.002341689737649283e-14
1.326418532698880881e-05 2.587678318377584219e-05 3.939638845622539520e-04 9.778062701225280762e-01 1.236268644788651727e-06 3.696830477565526962e-03 2.077000401914119720e-02 1.127898227423429489e-02 1.469451035518432036e-06 8.513059001415967941e-04 2.674711563344089882e-10 1.116506265219641136e-08 7.014072616584599018e-04 7.654426246881484985e-02 8.526733517646789551e-01 1.879061528597958386e-06 2.137471735477447510e-01 4.169614911079406738e-01 7.308162963681752444e-09
2.089593112468719482e-01 1.097922431654296815e-04 7.424916237397383156e-10 9.990401864051818848e-01 8.712710142135620117e-01 1.968672222574241459e-06 3.361381590366363525e-02 6.342494089039973915e-06 4.514117790677119046e-06 7.620741613209247589e-03 2.994046610638179118e-08 5.258985161781311035e-01 3.179958730470389128e-04 1.925040805872413330e-06 5.670692644343944266e-06 1.246217936277389526e-01 2.753515727818012238e-03 1.235755735251586884e-05 1.068267163617520055e-08
7.869154615036677569e-06 2.777778354356996715e-05 2.552623300289269537e-06 2.914425567723810673e-04 1.913728920044377446e-04 9.999970197677612305e-01 6.789703184040263295e-05 1.242933649336919188e-06 4.363220650702714920e-03 1.905509634525515139e-06 2.735081883198375863e-10 3.424785077754677332e-08 8.782703844190109521e-06 1.561438548378646374e-03 1.663114577531814575e-01 1.311697843675574404e-07 1.093172322725877166e-04 2.047047251835465431e-03 3.575213122530840337e-05
1.028280507853196468e-06 2.097387368849013001e-05 8.745252671360503882e-06 2.103383991425289423e-07 8.278231252916157246e-04 9.999984502792358398e-01 1.021503267111256719e-04 6.206167579847488014e-09 1.416049152612686157e-01 7.285977062565507367e-06 3.730870057339075174e-10 6.096232482377672568e-06 1.209053721140662674e-06 1.787520773177675437e-06 2.369149588048458099e-04 5.065463028586236760e-06 1.690509861873579212e-06 1.310372899752110243e-04 1.252392232418060303e-01
2.086589857935905457e-02 7.262370490934699774e-05 5.494766242009063717e-08 3.408587508602067828e-05 4.794957021658774465e-06 5.188991849536250811e-07 1.056932960636913776e-04 3.460787935182452202e-03 2.074472593704967949e-09 9.999272823333740234e-01 3.661766925233678194e-07 3.133479356765747070e-01 1.578098088502883911e-01 2.960293121745394274e-09 3.417221394741432050e-09 1.521498337388038635e-02 1.730769099594908766e-06 1.182263018563389778e-03 1.675873129158844677e-08
2.039723523140609188e-15 1.580257409303231775e-12 1.593678461275777189e-16 3.826682526408831109e-09 1.062685015540409950e-07 7.461340437641891810e-15 9.999984502792358398e-01 7.010166427789954469e-06 3.562794503864097351e-09 1.828427921282127500e-04 6.502630465338166132e-13 1.710208505392074585e-01 1.243416190845891833e-04 1.769163981979460232e-11 5.159861427017631286e-10 8.523884415626525879e-02 3.157075867056846619e-02 1.188517018135826220e-08 3.973998630169006674e-10
3.745069250271626515e-07 3.478001175949430035e-08 1.546595100251901833e-12 1.439902803213044535e-06 2.545284360166988336e-06 8.546911622886455007e-09 4.244165495038032532e-03 8.650507079437375069e-04 1.768908630683796446e-10 9.999986886978149414e-01 6.973919774999615129e-10 8.667167425155639648e-01 9.469765063840895891e-05 5.112122877792835141e-11 2.326767001292751047e-09 1.516765952110290527e-01 5.427176438388414681e-05 4.824740244657732546e-05 1.090977915646496044e-11
3.447649703502975171e-07 6.855546530459832866e-08 5.163718411194118119e-11 6.083869375288486481e-04 1.851729466579854488e-04 1.651936036068946123e-04 9.962623715400695801e-01 3.086480137426406145e-05 7.984161129570566118e-06 1.599532663822174072e-01 1.418882233927831749e-10 9.366317652165889740e-03 1.390867866575717926e-03 1.558388476041727699e-07 2.337318728677928448e-04 1.297092996537685394e-03 3.163681831210851669e-03 2.464451972628012300e-05 1.308218600115651498e-07
1.266951210610045564e-09 1.632412534036120633e-07 1.644799296762755603e-10 1.644185232407835429e-09 6.203801603987812996e-05 1.000000000000000000e+00 2.896162598631235596e-08 6.061256639829093462e-13 7.259438862092792988e-04 9.323436467312262721e-10 5.102066958886019785e-16 4.325893809831171666e-11 7.150967595848101155e-10 3.631940899140317924e-07 1.019892079057171941e-05 6.366792648648811337e-10 1.397090332311279326e-09 3.058236643482814543e-06 9.006331310956738889e-06
7.820853964446428108e-10 4.282896526319746044e-08 1.250233916394449807e-09 6.595542654395103455e-04 4.505179163061256986e-08 7.806084795447532088e-06 9.999306201934814453e-01 9.521305037196725607e-05 7.497618789784610271e-04 7.390374534566035436e-09 3.521520020033364062e-10 6.604516489261413881e-09 9.528801456326618791e-06 9.572360664606094360e-03 2.431983053684234619e-01 2.546471193909383146e-07 8.435332179069519043e-01 8.153837552526965737e-05 7.068038485158467665e-06
1.085021416656672955e-03 9.178817868232727051e-01 3.509578853845596313e-02 5.227807760238647461e-01 2.596342028482467867e-06 1.244923987542279065e-05 3.244037181138992310e-02 2.611276805400848389e-01 2.464470071572577581e-06 2.108503758790902793e-05 2.251467594760470092e-05 3.806012216500676004e-07 6.133243441581726074e-04 9.983501434326171875e-01 3.525543725118041039e-04 2.269533288199454546e-04 1.190984388813376427e-03 1.064816489815711975e-03 2.238329557258111890e-07
5.400309562683105469e-01 9.340955615043640137e-01 9.998914003372192383e-01 2.704029679298400879e-01 9.902327292365953326e-06 1.769030518516956363e-06 8.628926589153707027e-04 4.515248835086822510e-01 3.172045381916177575e-08 4.702539008576422930e-04 1.727002018014900386e-05 2.740297932177782059e-04 1.940982490777969360e-01 9.761114120483398438e-01 9.762896661413833499e-05 2.832595724612474442e-03 2.206822828156873584e-04 9.136254899203777313e-03 5.524174184756702743e-07
4.134009486730233496e-13 1.178742173313374053e-11 3.697869155797376293e-18 9.999935626983642578e-01 5.479714015876879785e-09 1.190580550813891136e-10 9.998584985733032227e-01 6.436815663812822663e-11 4.048752373364550294e-07 6.737619817398293395e-16 5.675537568084356571e-20 6.170060626530221148e-17 3.044958729603308711e-11 1.392590320392628200e-06 1.254018279723823071e-04 5.993227181894100752e-12 9.308405569754540920e-04 2.361785626011497774e-13 2.841025585089123479e-14
1.385046070889739411e-11 8.540445260718509957e-12 5.309542736031680477e-12 9.999995231628417969e-01 6.616733528273799347e-13 5.712169967716715369e-16 3.751936927437782288e-02 5.821232844027690589e-05 1.786438699876921610e-13 6.717084111151905290e-10 8.560449346252235252e-21 1.603692111247997129e-16 8.557028507993891253e-08 2.945051346614491194e-05 7.443191134370863438e-05 1.266621443146709325e-11 9.999780654907226562e-01 1.297993463822422200e-07 1.907302468512930534e-17
4.233295470476150513e-02 6.794539839029312134e-02 9.996700286865234375e-01 9.586831331253051758e-01 4.170014522969722748e-03 7.782528409734368324e-04 3.286396712064743042e-02 8.517883718013763428e-02 2.054831020359415561e-05 1.320326142013072968e-02 1.365160569548606873e-03 2.661160833667963743e-04 2.650515139102935791e-01 6.093062758445739746e-01 3.071585893630981445e-01 4.568363353610038757e-02 9.847903624176979065e-03 4.390172362327575684e-01 1.904594537336379290e-04
9.976823329925537109e-01 4.780278231919510290e-06 1.031937096676703828e-21 5.671691618420147962e-14 2.112245238095056266e-05 3.066179647963525323e-14 9.990266561508178711e-01 3.638654753359665513e-16 8.117738366127014160e-01 9.623705098885798614e-14 9.193515393413065340e-11 3.937960267066955566e-01 1.861153375512514252e-12 1.014456784776870800e-18 5.810955383713595158e-18 2.189085857029482440e-10 1.870876120690923017e-09 1.534153866770103514e-14 5.703839063644409180e-01
2.077847284454037435e-06 1.464225540814823034e-08 1.178629283060672606e-08 9.999544620513916016e-01 2.244264685202779219e-08 2.353417575359344482e-01 4.271979923942126334e-05 3.210348950233310461e-05 4.267949549330296577e-08 3.713009846251225099e-06 3.368634678758183464e-16 1.486621833664616976e-13 4.716968760476447642e-06 5.694485153071582317e-04 8.184806108474731445e-01 6.119028200801679418e-11 3.423670132178813219e-04 4.933926276862621307e-03 6.269274162307159060e-12
4.427662680939192796e-10 2.001659126422976911e-17 4.518637270371436830e-20 1.000000000000000000e+00 2.279227473422906769e-09 2.311077114427462220e-04 1.504034763399886288e-08 6.687030351107056680e-14 2.305232014391395134e-13 1.028073851873053442e-15 4.787943844232581693e-30 2.266785973581878787e-23 2.330494304481067758e-12 2.354046861954839365e-12 2.882771514123305678e-05 1.468501417701474523e-16 1.305515269223178620e-07 1.826810751281993106e-11 6.442979160448094074e-23
6.657512276433408260e-04 3.474212644505314529e-05 2.849641987268114462e-06 1.000000000000000000e+00 2.006143859034636989e-06 2.067114255623891950e-04 9.593202776159159839e-06 3.395237494260072708e-03 6.187395595880218480e-10 6.086241410230286419e-05 1.754149397351772999e-13 8.399285607307849233e-12 4.752690729219466448e-04 1.585763245820999146e-01 1.710198260843753815e-02 1.404321068321223720e-07 3.415394457988440990e-04 1.468193531036376953e-01 1.461357770904392339e-11
1.096915360540151596e-02 3.321747954032616690e-06 3.821986993557402457e-08 1.000000000000000000e+00 3.869308329740306363e-06 8.254505132754275110e-07 9.150702595661641681e-08 2.311971184099093080e-05 2.630445123871782975e-12 9.937726872522034682e-07 9.131747854900732625e-16 1.539709793040369701e-13 4.825186988455243409e-05 7.837257348001003265e-03 1.805845095077529550e-04 4.274213694088757620e-08 1.287532177229877561e-05 9.479098662268370390e-05 1.214396557489352824e-13
6.943871849216520786e-04 3.053299224120564759e-05 9.374231012770906091e-06 9.980636239051818848e-01 5.277976015349850059e-05 4.210680723190307617e-01 1.731559284962713718e-03 1.552669564262032509e-03 5.687036900781095028e-05 4.648309841286391020e-04 7.610626018283994654e-10 3.841361007062005228e-08 6.772467750124633312e-04 7.304001599550247192e-03 4.717620313167572021e-01 1.201712734655302484e-06 4.224169533699750900e-03 2.301435172557830811e-02 2.801674270358489593e-07
3.376938184374012053e-05 6.959514394111465663e-06 9.720280136349401801e-10 6.735681381542235613e-05 2.234386652708053589e-01 9.997120499610900879e-01 9.500684216618537903e-03 1.744418121063517901e-08 4.037569090723991394e-02 1.091249796445481479e-04 2.918725705569613638e-09 7.203350542113184929e-04 7.349524821620434523e-06 4.683881797973299399e-07 7.634325811523012817e-06 4.968624562025070190e-04 5.691747446689987555e-06 5.831906455568969250e-04 9.797936945687979460e-05
4.211242048768326640e-05 1.101434736483497545e-05 5.823989823738884297e-08 1.826640218496322632e-04 2.386619150638580322e-02 9.999972581863403320e-01 2.261842746520414948e-04 4.735321113003010396e-08 1.190805155783891678e-02 1.347078978142235428e-05 7.039081539872427129e-10 4.226314558763988316e-06 6.770031632186146453e-06 1.111329584091436118e-05 2.060547558357939124e-04 1.533139948151074350e-05 2.926095839939080179e-05 1.264473772607743740e-03 5.217554280534386635e-05
3.287640858946135232e-15 1.750122534957890275e-13 2.485274231679287139e-19 2.055244308074577475e-10 1.309794606640934944e-04 5.604771091682891893e-10 1.000000000000000000e+00 1.635147854790741651e-12 7.448533433489501476e-04 1.783261871501906626e-10 3.758023284380039575e-14 5.648147780448198318e-03 7.400760182463272940e-08 1.461050681481057545e-12 3.150848915112192117e-09 2.246263902634382248e-03 2.370555193920154124e-06 8.019989117258319311e-09 1.132759219757417668e-08
2.031247317790985107e-01 3.010055224876850843e-04 3.803736770002785761e-10 1.170382915915979538e-06 6.573767866939306259e-03 1.241497557202819735e-05 9.811429977416992188e-01 3.978158247264218517e-08 6.779628396034240723e-01 2.650692977113067172e-06 5.144726856087800115e-06 3.879476785659790039e-01 2.894108547479845583e-06 8.539219997771851922e-09 1.191245502241145005e-07 8.142756996676325798e-05 8.421788515988737345e-05 3.966520580434007570e-06 3.436139822006225586e-01
7.035013550193980336e-05 9.708344350656261668e-07 2.177674971686196926e-18 9.377987955964083022e-15 1.892768754230278461e-11 3.091441339031497648e-11 9.999941587448120117e-01 2.065766042383052059e-13 9.551060795783996582e-01 4.834568509415326787e-12 1.242144720414728454e-10 1.654869447520468384e-05 1.329839884045558307e-12 6.273977698993812510e-15 5.240049930424484081e-13 2.320363736221797701e-12 3.164931968058226630e-06 2.133878851395820675e-09 9.988417029380798340e-01
8.820099830627441406e-01 1.297448296099901199e-02 1.276068406497188334e-08 7.448695669154403731e-07 1.010591629892587662e-03 3.564180815374129452e-06 9.082790017127990723e-01 6.917391146998852491e-06 3.714010417461395264e-01 2.963896840810775757e-04 4.402834383654408157e-05 3.900786340236663818e-01 6.992278504185378551e-04 1.619087619531001110e-08 1.748125200151662284e-08 1.480505015933886170e-04 1.654757943470031023e-04 2.845831659215036780e-06 6.407288312911987305e-01
8.906017243862152100e-02 2.983909565955400467e-03 2.991148357978090644e-05 1.170449468190781772e-05 1.135101728141307831e-02 1.845219776441808790e-05 4.136567413806915283e-01 4.611900541931390762e-03 8.155932882800698280e-04 5.054212212562561035e-01 9.076118294615298510e-05 7.847796678543090820e-01 4.214722514152526855e-01 1.755846739115440869e-07 1.588000770880171331e-07 6.454435735940933228e-02 3.470467636361718178e-04 9.786357986740767956e-05 1.292437082156538963e-03
9.690361618995666504e-01 7.496259968320373446e-06 6.045469978571346714e-14 6.452310241655823120e-09 2.750574052333831787e-01 1.266899810021615905e-14 6.469307467341423035e-03 2.237350003042593016e-07 1.548162986697576571e-11 7.917258888483047485e-03 5.456933733008484388e-13 9.992272853851318359e-01 4.269865807145833969e-03 4.427820262542124172e-15 1.657913319602117047e-19 9.929375723004341125e-03 1.040310837474578420e-09 4.027898903302684630e-09 5.968097110259362736e-12
2.745066376519389451e-05 6.337786908261477947e-04 1.247749023605138063e-04 2.897036320064216852e-04 2.025971625698730350e-04 3.714789054356515408e-04 9.978540539741516113e-01 7.062002550810575485e-03 7.313578128814697266e-01 1.603374548722058535e-04 1.396561856381595135e-03 2.959507750347256660e-03 1.039179856888949871e-03 5.758965387940406799e-03 1.330605242401361465e-02 2.333668991923332214e-03 2.539133429527282715e-01 7.578298449516296387e-02 2.350401729345321655e-01
1.095470413565635681e-02 3.785469755530357361e-02 4.647274315357208252e-01 9.999995231628417969e-01 1.362036418868228793e-04 8.817241177894175053e-05 7.294584520423086360e-06 6.390724796801805496e-03 2.605389504140021018e-08 7.254499450937146321e-06 7.785173039565052022e-08 1.021678963653016581e-09 2.063269726932048798e-03 9.822651147842407227e-01 1.467938884161412716e-03 8.147567277774214745e-04 3.619594644987955689e-05 2.444317378103733063e-02 7.646981003972541657e-08
2.834809210289224168e-12 1.534162935579175269e-10 1.099226178830070566e-11 1.044541224837303162e-01 6.732343849069621911e-11 6.365921567663690439e-09 9.997759461402893066e-01 1.117875217460095882e-05 7.820862180096810334e-08 4.167661007969947207e-11 6.409491429730594225e-16 2.013890763137224371e-13 2.982779108151589753e-07 8.630834054201841354e-04 1.288458406925201416e-01 3.098243051002924631e-10 9.953688383102416992e-01 4.466357950150268152e-07 3.033488182868637750e-10
1.365338730963117087e-09 1.573783663388894638e-07 1.343117145280459113e-10 2.471179868734907359e-06 1.288861385546624660e-04 1.685334609646815807e-06 9.999817609786987305e-01 5.677066837961319834e-06 1.120724715292453766e-03 9.281830898544285446e-06 6.513567019084121057e-09 2.507690340280532837e-03 5.515978555195033550e-04 1.499797235737787560e-06 3.805288724834099412e-05 4.815674386918544769e-03 3.850544570013880730e-03 7.968134013935923576e-06 1.141319808084517717e-05
2.093471735715866089e-01 1.288268715143203735e-01 2.548473328351974487e-02 1.649538576602935791e-01 5.735586211085319519e-02 4.906614869832992554e-02 2.179699838161468506e-01 3.216319978237152100e-01 1.598805375397205353e-02 8.362681865692138672e-01 3.260220214724540710e-02 4.120202660560607910e-01 2.728210091590881348e-01 2.558071911334991455e-02 3.805893287062644958e-02 2.202019691467285156e-01 9.516046196222305298e-02 1.620603501796722412e-01 1.150533463805913925e-02
4.433767171576619148e-04 5.336722242645919323e-04 2.123687299899756908e-04 1.378863304853439331e-02 1.508187851868569851e-03 9.995280504226684570e-01 1.444300403818488121e-03 1.989003503695130348e-04 2.038444392383098602e-02 1.096250853152014315e-04 3.139980151445342926e-07 3.915672550647286698e-06 5.201200256124138832e-04 1.410920731723308563e-02 4.688842296600341797e-01 9.759709428180940449e-06 3.422523615881800652e-03 1.970264874398708344e-02 4.375110147520899773e-04
4.761956606813555481e-09 6.054661980670061894e-07 8.355747922905720770e-06 9.264930667995940894e-06 6.089161161071388051e-06 6.653773643172655738e-10 9.998077750205993652e-01 9.943701326847076416e-03 1.460563453292706981e-05 5.711637786589562893e-04 9.384407917423231993e-08 1.903484761714935303e-02 9.227509610354900360e-03 1.214105395774822682e-05 4.097788769286125898e-05 2.098026871681213379e-02 7.031099796295166016e-01 8.592601261625532061e-06 1.218859597429400310e-05
9.999997615814208984e-01 3.014873862266540527e-01 1.094828533387826042e-10 2.460893665556795895e-05 2.322735963389277458e-03 1.180693997432369358e-13 1.017102476907894015e-05 2.383695828029885888e-04 1.885428011633161205e-12 5.548652097786543891e-07 5.968202321238180730e-11 3.844049274921417236e-01 8.998507261276245117e-01 3.425105177257137257e-08 1.715203495828213336e-15 5.113163297210121527e-06 2.999212433962838986e-09 2.023358405267572380e-07 1.262826822279183858e-11
5.719878615195739258e-08 6.065105639940782112e-10 1.111901843926614564e-14 1.584174924573744647e-08 2.906555309891700745e-03 4.815241094746625095e-09 5.217074155807495117e-01 8.002601134649012238e-06 1.122752735227550147e-08 9.962069988250732422e-01 1.999066884250666476e-11 9.980308413505554199e-01 7.453454600181430578e-05 1.738799805094809470e-13 2.164137358900974917e-12 5.597345232963562012e-01 1.585917561897076666e-05 1.468369646318024024e-06 1.322848913742902255e-10
5.525306187337264419e-05 8.623048415756784379e-06 3.470725857823708793e-07 4.225032776594161987e-02 8.106232853606343269e-04 1.988049916690215468e-04 7.178256511688232422e-01 7.970496080815792084e-03 1.322025036643026397e-05 9.527288675308227539e-01 3.329136006868793629e-07 2.008041590452194214e-01 6.771209649741649628e-03 2.070948903565295041e-05 4.123163875192403793e-03 4.221551492810249329e-02 6.767454743385314941e-02 1.042028050869703293e-02 1.702569988992763683e-06
2.631723816648445791e-07 5.875614306205534376e-07 6.562475451943328153e-09 5.652390536852180958e-04 9.734599007060751319e-05 3.670291334856301546e-06 9.925631880760192871e-01 3.651395672932267189e-03 1.207174773298902437e-05 4.731681048870086670e-01 5.876287190176299191e-08 1.475866883993148804e-01 4.470648244023323059e-03 2.064040018012747169e-06 2.991610963363200426e-04 4.538100585341453552e-02 7.673371583223342896e-02 5.095273954793810844e-04 2.046316240011947230e-06
1.481398498981434386e-06 7.307523901545209810e-07 3.132787140813775295e-09 7.375940913334488869e-04 2.487693564034998417e-04 4.432969944900833070e-05 9.801703095436096191e-01 1.217203331179916859e-03 1.544569022371433675e-05 7.613569498062133789e-01 4.623448646157157782e-08 1.533515155315399170e-01 5.043537821620702744e-03 5.757553935836767778e-07 2.247064985567703843e-04 2.796003781259059906e-02 1.857476867735385895e-02 3.295084170531481504e-04 1.716889073577476665e-06
3.274813198395065683e-10 1.418749252479756251e-05 5.560011001951026266e-13 3.295472765785234515e-07 8.877592705403003492e-08 1.293591572903096676e-03 9.999711513519287109e-01 3.958388816727165249e-08 2.865389883518218994e-01 8.531559486657513958e-11 1.021834949987976415e-09 3.076299393001136195e-08 8.004202634026569285e-09 1.446250011213123798e-03 3.675814514281228185e-05 2.207611515814278391e-07 1.322625485045136884e-05 9.312470501754432917e-05 9.277221397496759892e-04
6.394515708052495029e-07 8.056994374783243984e-06 1.574684604932485854e-09 2.045097744485246949e-07 7.757077924907207489e-03 9.999969005584716797e-01 1.465881010517477989e-03 1.898438906078325772e-10 3.531052172183990479e-02 1.286238102693459950e-06 1.178593767720004237e-11 7.788343282300047576e-06 7.993495643177084276e-08 3.095848342127283104e-07 2.181406216550385579e-06 6.660072358499746770e-06 2.517415431668723613e-08 3.557857053237967193e-05 7.451173732988536358e-04
4.049760173074901104e-05 3.461100533604621887e-02 1.368672315038566012e-06 8.584746865381021053e-06 5.348876002244651318e-04 9.999994039535522461e-01 7.047950639389455318e-04 3.729856530299002770e-07 4.513637162744998932e-03 1.848666556725220289e-06 5.259125579470946832e-09 4.578435550683934707e-07 1.506554895058798138e-06 9.757868945598602295e-03 4.990406159777194262e-05 1.211910785059444606e-06 3.970601198943768395e-07 8.779477502685040236e-05 2.431498287478461862e-04
3.017599555581412622e-15 1.441288169541643516e-12 1.756398089567534079e-18 9.409877321786552784e-08 3.398517719688243233e-06 2.920225128377751389e-08 1.000000000000000000e+00 2.662452289886596546e-12 1.020357478410005569e-03 2.481436009362653072e-13 5.733827011991231726e-16 1.942290595025042421e-07 4.270699349717688165e-09 2.128737719431228470e-08 1.368303946946980432e-05 2.313769527972908691e-06 5.543031875276938081e-06 1.504706226285179582e-08 6.191388735032887780e-09
1.556063863248169863e-19 1.032719035612937597e-13 3.326397175405287832e-21 1.752779255070890940e-08 1.079132672110461044e-09 4.845286498411649490e-12 1.000000000000000000e+00 1.849404960771461326e-12 4.778395872563123703e-03 2.133155068871021159e-16 4.088958643943732931e-16 2.618918693020333421e-10 4.752288493281575654e-11 1.309051071984868031e-07 8.450138921034522355e-06 2.115076824793504784e-07 1.170783252746332437e-05 3.032812889713909499e-09 4.476132797748277881e-09
2.122357681812019476e-18 1.272936427489448907e-13 2.550280273931910780e-22 9.166953386738896370e-04 1.914943315028949655e-09 4.260350481687796842e-13 1.000000000000000000e+00 2.149835756463935876e-13 7.807670954207424074e-06 3.439608479307295098e-18 4.410633008648726919e-19 6.297542240289721871e-13 3.735986346675712610e-12 1.862640317540353863e-07 4.396117219584994018e-05 2.902365681123342256e-09 3.171275602653622627e-05 4.146330414428467392e-12 2.161328191072064975e-12
2.067027613520622253e-03 9.282739199534262298e-08 5.546826886693168035e-12 9.999998807907104492e-01 7.309826463460922241e-02 2.750440500676631927e-03 2.105793450027704239e-03 1.450200670660706237e-08 6.963389751035720110e-05 1.875858046673783974e-08 2.124186460408794552e-12 9.084063634645644925e-08 5.922240120526112150e-07 1.931930597720565856e-07 1.044197415467351675e-04 1.312654512730659917e-05 2.188728394685313106e-04 5.920399459569125611e-08 2.708358870506799576e-09
8.646806236356496811e-06 5.575956038228468969e-06 3.243812773945364825e-09 2.197819185312255286e-06 2.664406299591064453e-01 9.978424310684204102e-01 4.129603132605552673e-02 3.540013153724430595e-07 1.061414461582899094e-02 2.362472191452980042e-02 9.440199733035115059e-09 2.902180701494216919e-02 9.472618694417178631e-05 6.015019948790722992e-08 2.342383368159062229e-06 1.305499859154224396e-02 1.057646022672997788e-05 1.645970769459381700e-04 6.649149145232513547e-05
1.467450929339975119e-04 2.017645073237872566e-07 5.637583555540004454e-08 9.999983310699462891e-01 1.280553115066140890e-04 2.640150301158428192e-02 1.424577319994568825e-03 1.887635517050512135e-05 2.785627430057502352e-06 1.281677577935624868e-05 2.019199477759636707e-12 4.343773785109306118e-09 4.072143929079174995e-05 2.426437094982247800e-05 3.824378177523612976e-02 3.807693076396390097e-07 2.319201594218611717e-03 1.141838947660289705e-04 6.322019019400215711e-10
1.018042312352918088e-04 8.886139839887619019e-04 1.185579167213290930e-04 4.083682782948017120e-03 1.376905594952404499e-03 4.869772237725555897e-05 8.889521956443786621e-01 3.599148690700531006e-01 8.733797585591673851e-04 7.869655489921569824e-01 3.036723646800965071e-04 5.069473385810852051e-01 2.848727069795131683e-02 1.502677565440535545e-03 2.901965286582708359e-03 3.406665027141571045e-01 3.958580195903778076e-01 1.802656799554824829e-02 4.530196310952305794e-04
1.139526251137112922e-09 6.509048375846759882e-07 1.283127204487755080e-07 7.158442713262047619e-06 1.008045131811741157e-07 1.460464860159049749e-09 9.999872446060180664e-01 4.318003542721271515e-03 2.244606763124465942e-01 1.374899341044510948e-07 3.378732435521669686e-05 6.243764346436364576e-06 4.039207487949170172e-05 5.128747434355318546e-04 1.036508823744952679e-03 9.874586976366117597e-05 9.914987683296203613e-01 1.424148795194923878e-03 6.293685175478458405e-03
1.031723317890254066e-12 1.185511411261330750e-10 2.761554984687109027e-09 2.453955709934234619e-01 1.602881605222705730e-09 1.218921746306764198e-13 9.998169541358947754e-01 4.134264963795430958e-05 2.309215751949977857e-08 6.415895592581932760e-10 5.933484091428034568e-14 4.435618539133656668e-09 1.847291969170328230e-06 8.605551556684076786e-06 1.313013199251145124e-04 2.222759349024272524e-06 9.990013241767883301e-01 1.602074348738824483e-07 2.217829475625876512e-09
6.853884551674127579e-03 9.329603984951972961e-03 9.651566855609416962e-03 6.671298742294311523e-01 2.160534495487809181e-03 9.857033193111419678e-02 1.776813715696334839e-01 1.377356201410293579e-01 3.299187403172254562e-03 4.691899940371513367e-02 5.762109140050597489e-05 6.132281268946826458e-04 3.224742040038108826e-02 2.052187323570251465e-01 7.243262529373168945e-01 2.570171141996979713e-03 2.687036395072937012e-01 4.346137046813964844e-01 2.278164320159703493e-04
2.137568406760692596e-02 2.772818133234977722e-02 2.413498796522617340e-02 5.733416676521301270e-01 7.804917171597480774e-03 1.284547150135040283e-01 2.514790296554565430e-01 2.058424055576324463e-01 1.120892632752656937e-02 8.601652085781097412e-02 5.329808918759226799e-04 4.056107718497514725e-03 6.698058545589447021e-02 2.439368814229965210e-01 6.625086665153503418e-01 9.715324267745018005e-03 2.951298952102661133e-01 4.073528349399566650e-01 1.463390071876347065e-03
1.384812989272177219e-03 2.127976389601826668e-03 2.392475260421633720e-03 7.687567472457885742e-01 3.586991806514561176e-04 6.046573817729949951e-02 1.039191484451293945e-01 7.812825590372085571e-02 5.711466073989868164e-04 1.914700679481029510e-02 2.857174195014522411e-06 4.733018431579694152e-05 1.173476967960596085e-02 1.624889820814132690e-01 7.874089479446411133e-01 4.258267290424555540e-04 2.376160770654678345e-01 4.816463887691497803e-01 1.791161412256769836e-05
5.482750111696077511e-06 1.311829578298784327e-06 3.121714598819380626e-06 4.593808352947235107e-01 1.037451056618010625e-06 5.992094278335571289e-01 1.070243269205093384e-01 4.295162507332861423e-04 1.708587660687044263e-04 1.684191556705627590e-05 5.801905830771225681e-11 2.377469332515147471e-09 4.862305650021880865e-05 1.444277353584766388e-02 9.637517333030700684e-01 2.441461788293963764e-08 5.739204585552215576e-02 1.700707827694714069e-03 2.220086940951659926e-07
1.039301604032516479e-01 1.980875581502914429e-01 5.932970643043518066e-01 6.159675121307373047e-01 8.275856077671051025e-02 9.630236029624938965e-02 5.179837942123413086e-01 2.272469401359558105e-01 9.530431777238845825e-02 3.777129203081130981e-02 1.878206804394721985e-02 1.664714701473712921e-02 1.231511756777763367e-01 3.152292370796203613e-01 2.851920723915100098e-01 7.649649679660797119e-02 1.967027932405471802e-01 6.606703251600265503e-02 2.747749350965023041e-02
8.380941835639532655e-06 9.901286830427125096e-07 3.598013163449986784e-12 8.434090403852678719e-08 1.322497701039537787e-04 2.467906142555875704e-06 4.688809216022491455e-01 4.070221621077507734e-04 2.887079062929842621e-06 9.978538155555725098e-01 1.081940794733782241e-07 8.360869884490966797e-01 8.120087906718254089e-03 1.020482136293576758e-11 7.332943141591385938e-10 9.972436726093292236e-02 4.486599937081336975e-05 7.812140211171936244e-06 6.500549716292880476e-07
6.037732873664936051e-07 1.834880691831131116e-07 7.518093525504809804e-08 6.942815184593200684e-01 7.935572909900656668e-08 2.841684754173456895e-08 4.463999271392822266e-01 2.593585522845387459e-03 1.018382178585852671e-07 1.361821318823785987e-06 1.079759632399701630e-11 1.095044765975217160e-08 5.394591789809055626e-05 4.394100978970527649e-03 2.116947770118713379e-01 4.227759689001686638e-07 9.996255636215209961e-01 1.143340603448450565e-03 1.251470393981435336e-08
1.925896941923355143e-11 4.725221325330153377e-10 2.709809321377321112e-10 6.900898218154907227e-01 3.167180406826730632e-11 6.866146106537796001e-12 7.545728236436843872e-02 1.295401481911540031e-03 2.430763090810472704e-10 2.123282172306062421e-07 2.071819824973561170e-16 4.302442430104136406e-11 1.457620896871958394e-06 1.285811769776046276e-03 3.854938549920916557e-03 4.573132983409777808e-08 9.999833106994628906e-01 7.239719480276107788e-02 1.197380042339268869e-11
9.587937388477740797e-11 3.016479288575624196e-10 1.435108629155301685e-11 2.183655509725213051e-03 4.973632883320533438e-08 3.023091499354535472e-10 9.985149502754211426e-01 5.484368884935975075e-04 3.672240111995961342e-08 1.079295907402411103e-04 2.859785325215469243e-12 2.810764999594539404e-05 5.495070581673644483e-05 5.240946393314516172e-06 5.376801127567887306e-04 1.726395275909453630e-04 9.857054948806762695e-01 1.367969089187681675e-04 7.553060399345667975e-09
3.301477045170031488e-05 2.423315345367882401e-05 1.126770825976564083e-06 2.892911652452312410e-05 9.725741297006607056e-02 9.999648332595825195e-01 1.399676199071109295e-03 1.095128823180857580e-07 7.759758085012435913e-02 3.300510579720139503e-04 1.257910398066997004e-08 3.996877931058406830e-04 2.352415503992233425e-05 3.982903308497043326e-06 1.108640717575326562e-04 5.929198814556002617e-04 2.556363870098721236e-05 1.008902327157557011e-03 4.204680677503347397e-03
1.108213909901678562e-03 3.277574433013796806e-03 1.289122621528804302e-03 4.658372199628502131e-04 7.830131798982620239e-02 9.975895881652832031e-01 1.556108333170413971e-02 1.351093087578192353e-04 2.132499516010284424e-01 1.006210595369338989e-02 2.090211091854143888e-05 6.601131521165370941e-03 2.243563998490571976e-03 5.544019513763487339e-04 7.534440141171216965e-03 7.029237691313028336e-03 8.875533239915966988e-04 7.387623656541109085e-03 1.019014269113540649e-01
1.560304546728730202e-03 1.577098737470805645e-04 2.421296585453092121e-07 5.700358306057751179e-04 1.089220866560935974e-03 3.138398751616477966e-04 1.983439736068248749e-02 1.290010474622249603e-02 9.932468856277409941e-06 9.996341466903686523e-01 1.167408390756463632e-05 5.549336671829223633e-01 1.261708792299032211e-02 5.285565407575631980e-07 7.301676760107511654e-06 1.153442114591598511e-01 6.221513613127171993e-04 2.008857904002070427e-03 1.416583245372748934e-06
8.997898697853088379e-01 3.374683856964111328e-02 1.661301357671618462e-03 8.600130677223205566e-01 1.963699422776699066e-02 9.346001315861940384e-04 7.867764681577682495e-03 3.516272827982902527e-02 5.226516350376186892e-06 6.235588788986206055e-01 3.655591717688366771e-05 1.158844679594039917e-01 3.704432845115661621e-01 2.721416065469384193e-03 7.400646340101957321e-03 6.024289876222610474e-03 3.695849096402525902e-03 2.525781840085983276e-02 6.892460078233852983e-06
2.220839411020278931e-01 1.988055591937154531e-04 5.639683877234347165e-05 9.970120191574096680e-01 2.141564909834414721e-04 1.573805813677608967e-03 1.763596432283520699e-03 3.264414845034480095e-03 7.819639336048567202e-08 9.401670694351196289e-01 1.780575153986774239e-08 6.764855934306979179e-04 3.531391546130180359e-02 5.331689026206731796e-04 9.592083841562271118e-02 5.250226240605115891e-05 2.338118385523557663e-03 5.700350273400545120e-03 4.116973872925200340e-09
6.995074748992919922e-01 2.782870782539248466e-03 7.742439629510045052e-05 9.728681445121765137e-01 2.197610680013895035e-03 1.233382034115493298e-03 2.227006480097770691e-03 8.782553486526012421e-03 3.439620002154697431e-07 9.732099175453186035e-01 7.657481546630151570e-07 2.715867199003696442e-02 1.748842447996139526e-01 2.638921723701059818e-04 5.975275300443172455e-03 7.971939630806446075e-04 1.231701462529599667e-03 8.146321401000022888e-03 1.432629517239547567e-07
2.164299468809804949e-11 1.218390080666431619e-12 5.778894615442176086e-13 3.378567425826872750e-10 2.510699070990085602e-02 1.000000000000000000e+00 7.378559985227184370e-07 1.277916489940194786e-16 5.181459710001945496e-03 4.273371878582565841e-09 4.003689874075900927e-19 9.838672987427798944e-09 1.846980554609523040e-11 1.156460777834711351e-12 1.496830881464461527e-09 1.235617475003891741e-07 6.672163377352546831e-10 2.719643248383363243e-07 1.196136025782834622e-07
1.916700057336129248e-06 1.289527595815798122e-08 4.194678808744356502e-07 4.237293467213021358e-07 2.249860813208215404e-07 3.741513054933420790e-08 3.948413359466940165e-05 6.884561735205352306e-04 3.440898607709463874e-12 1.000000000000000000e+00 1.971832558345099073e-10 5.380238294601440430e-01 3.932686231564730406e-04 2.879216136342233057e-11 6.875615077284180643e-10 4.364838451147079468e-02 7.918772553239250556e-07 2.056495395663660020e-05 2.939020825754729005e-13
1.070481538772583008e-02 2.453186064958572388e-01 7.676479435758665204e-05 4.796622693538665771e-01 7.451073088304838166e-06 2.808958925015758723e-05 2.115907613188028336e-03 3.955366611480712891e-01 1.945364118682846311e-07 9.485920071601867676e-01 3.317278969916515052e-05 9.437114000320434570e-03 3.616910427808761597e-02 5.459951162338256836e-01 1.186047229566611350e-04 1.665901578962802887e-02 2.134934766218066216e-03 5.605397745966911316e-02 4.878066874880460091e-07
1.390426064062921796e-06 9.141037298832088709e-05 5.484355369844706729e-06 3.426448965910822153e-04 7.063354132696986198e-05 3.879609721479937434e-06 9.991475343704223633e-01 3.178679570555686951e-02 9.947016835212707520e-03 1.420241431333124638e-03 1.069859645213000476e-04 5.621664691716432571e-03 1.135749462991952896e-02 2.621706575155258179e-03 7.901487872004508972e-03 1.305305678397417068e-02 7.042350769042968750e-01 1.351611921563744545e-03 3.021601587533950806e-03
5.193427199401412508e-08 3.117483007852861476e-11 3.546246412841624895e-12 1.000000000000000000e+00 6.452583534155564848e-08 1.282220163378866573e-10 2.248826785944402218e-04 9.804663250179146416e-07 1.025927173076146559e-11 6.784632300416149064e-10 1.414474065327761002e-19 2.082095922810531935e-16 8.548072116809635190e-08 8.789405683273798786e-07 6.686671258648857474e-05 1.800170255916722084e-11 4.806701838970184326e-01 3.023529759893506252e-10 1.536019638154421382e-17
2.390437475696671754e-05 1.043509882947546430e-06 4.261016872675327249e-09 9.998372793197631836e-01 5.377366906031966209e-04 5.784080769899446750e-08 6.679595112800598145e-01 1.203875071951188147e-04 6.757885330443968996e-06 1.640970913285855204e-05 2.251302338995841978e-10 3.092451152042485774e-06 1.599712559254840016e-04 8.279387839138507843e-05 1.442598062567412853e-03 1.010235355352051556e-04 4.256211519241333008e-01 5.254540269561402965e-07 5.154778826010897319e-09
1.339642796665430069e-02 3.021873126272112131e-04 4.908118285129603464e-07 1.229576095938682556e-01 6.942402687855064869e-04 3.077112836763262749e-03 9.954339824616909027e-03 4.261760041117668152e-03 2.267332320116111077e-06 9.994470477104187012e-01 1.780809952833806165e-06 1.525617986917495728e-01 2.040160633623600006e-02 1.536024228698806837e-06 3.462288295850157738e-04 6.014167796820402145e-03 5.899047246202826500e-04 1.227873377501964569e-03 3.705563358380459249e-07
1.860054326243698597e-03 5.174069199711084366e-03 6.870070695877075195e-01 4.584044590592384338e-02 2.051951829344034195e-03 7.965398253872990608e-04 9.692349433898925781e-01 9.466268122196197510e-02 4.563066363334655762e-02 1.042529940605163574e-03 3.989532415289431810e-04 2.089527668431401253e-03 2.997517585754394531e-02 4.607476294040679932e-02 1.507548838853836060e-01 7.359353359788656235e-03 7.960629463195800781e-01 6.750297732651233673e-03 3.051000833511352539e-02
1.058728341013193130e-02 2.541669644415378571e-03 1.336916102445684373e-05 9.119866490364074707e-01 2.428124845027923584e-02 5.354046225547790527e-01 2.009976506233215332e-01 4.106279229745268822e-04 2.850986644625663757e-02 1.677629334153607488e-04 2.999868911501835100e-06 5.181363303563557565e-05 8.964673033915460110e-04 6.421683356165885925e-03 2.257425524294376373e-02 3.653555177152156830e-04 5.997017491608858109e-03 1.132946577854454517e-03 1.834519207477569580e-04
2.044790307991206646e-04 2.256653533549979329e-04 3.162211505696177483e-03 1.308185746893286705e-03 4.126647952944040298e-03 7.144823757698759437e-05 3.777810335159301758e-01 1.257973909378051758e-01 9.038788994075730443e-05 9.834538698196411133e-01 4.507819903665222228e-05 7.764948606491088867e-01 2.243279665708541870e-02 8.285232615889981389e-05 1.800661120796576142e-04 4.322248697280883789e-01 3.042295388877391815e-02 6.320318207144737244e-03 3.071534592891111970e-05
7.306309938430786133e-01 1.828961521387100220e-01 1.811324618756771088e-03 7.649518083781003952e-03 7.477051578462123871e-03 1.532667520223185420e-04 1.537072379142045975e-02 7.521844655275344849e-02 1.367701624985784292e-04 3.589816391468048096e-01 5.369018763303756714e-04 4.466971457004547119e-01 9.198381304740905762e-01 3.898451395798474550e-04 3.658898276626132429e-05 6.144551187753677368e-02 7.537212222814559937e-04 5.037252977490425110e-02 5.818300996907055378e-04
2.058893674984574318e-03 1.491986215114593506e-02 3.457052167505025864e-03 4.775551706552505493e-02 3.549065440893173218e-03 1.280511962249875069e-03 8.475458621978759766e-01 2.274520993232727051e-01 7.528330385684967041e-02 1.428642589598894119e-02 4.556288942694664001e-03 1.370620820671319962e-02 5.007527768611907959e-02 2.370703667402267456e-01 6.078987568616867065e-02 6.230267137289047241e-02 5.428916215896606445e-01 8.575821518898010254e-01 1.107232738286256790e-02
9.391813278198242188e-01 1.085124327801167965e-03 9.070978690406406031e-11 2.236255568277556449e-05 1.057539634530257899e-06 1.797099621891895538e-11 9.614419695935794152e-07 2.291017881361767650e-04 3.896571108309709874e-13 9.713993072509765625e-01 4.434499989436346823e-10 3.679771125316619873e-01 9.852284193038940430e-01 1.699559243339976433e-11 4.735505742961901299e-14 4.934266908094286919e-04 2.056868009248091766e-10 2.081988932332023978e-04 1.794049214742798881e-10
2.824220857178261213e-08 7.171052380378073465e-12 3.782877700398387447e-25 4.584801160945062293e-08 4.160162460673728716e-19 1.730292117234127815e-15 4.231678687473781897e-14 1.277096657759102527e-06 4.899808927176606899e-28 1.000000000000000000e+00 5.447236106760633067e-19 2.657715464010834694e-03 7.834760822333919350e-07 1.295135555131999296e-19 4.187450308976543475e-20 9.576242518960498273e-07 2.085464403435172837e-14 7.344845620593787316e-09 8.292079049607599887e-27
5.236843600869178772e-02 2.632274478673934937e-02 2.131488639861345291e-03 9.982804059982299805e-01 2.828614553436636925e-03 3.703841473907232285e-03 6.931672804057598114e-03 1.314001381397247314e-01 1.470478127885144204e-05 3.481740877032279968e-02 5.877738658455200493e-06 4.917000478599220514e-05 4.413596168160438538e-02 5.331468582153320312e-01 8.198349922895431519e-02 1.965899718925356865e-03 2.954793535172939301e-02 4.142217338085174561e-01 5.651549145113676786e-06
8.788081407546997070e-01 8.712376654148101807e-02 4.051574468612670898e-01 9.361523985862731934e-01 5.597252771258354187e-02 1.540939672850072384e-03 1.096637081354856491e-02 4.979488998651504517e-02 1.800108839233871549e-05 6.482288986444473267e-02 4.078053170815110207e-04 3.781490027904510498e-02 4.579759538173675537e-01 7.952000200748443604e-02 9.095816314220428467e-02 1.934742927551269531e-02 1.135731302201747894e-02 9.611743688583374023e-02 4.843059650738723576e-05
9.972416162490844727e-01 1.530345082283020020e-01 9.997496008872985840e-01 3.499684110283851624e-02 5.033833980560302734e-01 1.337287244496110361e-06 2.546718344092369080e-02 9.820730425417423248e-03 1.695060745987575501e-06 4.524926771409809589e-05 6.332169868983328342e-05 1.149160116910934448e-01 5.764780566096305847e-02 4.688076302409172058e-02 1.026530480885412544e-05 7.927426137030124664e-03 5.442887195385992527e-04 3.393045044504106045e-04 4.281756264390423894e-05
1.064460873603820801e-01 3.140486776828765869e-03 3.194066230207681656e-04 5.008468627929687500e-01 6.231677532196044922e-01 8.104437030851840973e-03 5.540156364440917969e-01 6.363917142152786255e-03 9.486800990998744965e-03 7.046488672494888306e-02 3.661754599306732416e-04 6.871904134750366211e-01 2.146441489458084106e-02 9.942339966073632240e-04 9.659249335527420044e-03 3.017394542694091797e-01 1.027093529701232910e-01 7.033812254667282104e-02 7.276536198332905769e-04
3.980131441494449973e-05 1.238152708538109437e-05 5.439995948108844459e-05 5.982593894004821777e-01 3.537257043717545457e-06 3.153014183044433594e-01 1.901063695549964905e-02 2.463997108861804008e-03 8.701456681592389941e-05 1.297586713917553425e-03 2.078139882399909766e-09 7.121519729480496608e-08 4.483498050831258297e-04 2.576663345098495483e-02 9.762428998947143555e-01 8.105965321192343254e-07 3.209883347153663635e-02 3.901753574609756470e-02 1.516009433544240892e-07
4.874973910773405805e-06 2.920110709965229034e-04 1.178309432248170197e-07 5.509118782356381416e-04 3.642211959231644869e-05 1.086040242626040708e-06 3.611250519752502441e-01 1.554241329431533813e-01 6.948638201720314100e-06 9.956580400466918945e-01 5.361405328585533425e-06 6.228030920028686523e-01 4.102293401956558228e-03 4.185689977020956576e-05 2.095915624522604048e-05 3.309885859489440918e-01 4.484810680150985718e-02 2.885130234062671661e-03 1.018287662191141862e-06
8.488926250306561005e-13 1.199792487582840295e-10 1.778743608839023632e-14 5.052385968156158924e-04 1.833951273511047475e-06 2.701744383770687818e-09 9.999998807907104492e-01 1.262843252192169530e-08 1.619418799236882478e-05 4.446219087350655741e-11 1.746766590420868737e-14 1.291135305336865713e-07 3.895660256603150629e-07 4.676999651564983651e-06 6.553052808158099651e-04 3.530624326231190935e-06 6.677936296910047531e-03 3.303927442743770371e-08 3.657343095042620007e-09
2.541140280663967133e-02 1.306330318584514316e-06 2.917836328455991612e-12 1.222494029207155108e-05 9.275374412536621094e-01 2.667068201844813302e-07 9.935628175735473633e-01 2.862980685858218521e-10 4.828723967075347900e-01 1.229858881401924009e-08 8.744416390982223675e-07 8.654355406761169434e-01 1.729167280473120627e-07 7.231825138731551306e-10 4.817935206347101484e-08 7.411234546452760696e-03 4.296066981623880565e-05 1.814949769141094293e-06 6.430573994293808937e-04
3.804085508818388917e-07 1.224456354975700378e-06 3.152766492320324687e-09 3.698966975207440555e-05 4.100044316146522760e-05 2.328313684074601042e-07 3.542466759681701660e-01 2.581049688160419464e-02 3.929922343104408355e-07 9.992881417274475098e-01 1.079506404266794561e-07 8.784466981887817383e-01 5.217996658757328987e-04 2.418192650566197699e-07 2.069004722216050141e-06 3.889820575714111328e-01 1.248074509203433990e-02 7.572420872747898102e-04 3.378602642101213860e-08
3.123269152638386004e-06 1.812969401271402603e-07 1.130403859406214906e-07 9.999932050704956055e-01 5.931125087954569608e-06 4.863682345757069925e-09 1.842712461948394775e-01 3.898676659446209669e-04 1.658716968222506694e-07 1.097387553272710647e-06 1.455766063251928699e-11 5.010420967010986715e-09 4.378912490210495889e-05 1.292049564654007554e-04 1.074095955118536949e-03 1.921006060001673177e-06 9.598891139030456543e-01 5.886826670575828757e-07 2.461772174999765639e-10
9.316747188568115234e-01 1.195360091514885426e-03 1.102448798917521344e-08 9.999898672103881836e-01 8.481581211090087891e-01 4.465092899863520870e-07 5.392226390540599823e-03 9.476647392148151994e-06 1.150058415078092366e-05 2.292446697538252920e-05 2.199091795773711056e-06 1.257968880236148834e-02 1.085796102415770292e-04 1.041716022882610559e-04 7.415330856019863859e-06 2.932902425527572632e-02 2.647190121933817863e-03 2.413133586287585786e-07 1.868190793175017461e-07
9.940694570541381836e-01 7.109282612800598145e-01 8.284981250762939453e-01 6.754418462514877319e-02 1.104348618537187576e-02 7.886464118200819939e-06 4.521084018051624298e-03 1.643534302711486816e-01 3.020304802703321911e-06 2.554406411945819855e-03 2.479973190929740667e-04 1.174551099538803101e-01 7.065088748931884766e-01 1.775250583887100220e-01 1.181523020932218060e-05 7.627578452229499817e-03 3.505171043798327446e-04 7.651556283235549927e-03 5.242561019258573651e-05
1.485694519942626357e-05 6.519707440588717873e-09 5.486445174042453576e-14 3.071351384278386831e-04 8.888597041368484497e-02 1.290769250772427768e-05 7.971000671386718750e-02 3.739355634024832398e-07 5.544666503709549943e-09 9.995775818824768066e-01 3.939941255193257774e-12 9.868730902671813965e-01 3.053814725717529655e-05 1.150336228182557985e-12 4.309797851931307378e-09 1.440830379724502563e-01 1.983796664717374370e-06 3.372922719790949486e-06 8.411486784876132106e-12
4.627634403063171642e-14 1.270133520928085069e-12 4.968499392224673232e-17 8.955318548942159396e-07 7.983917384990490973e-07 1.191965459668153926e-08 1.000000000000000000e+00 5.724435370169089765e-10 5.934293767495546490e-07 2.116501862658992650e-09 2.044769794715770587e-17 6.568137678186758421e-07 8.156890203281363938e-07 9.301965420149826969e-09 1.222139508172404021e-05 2.414849404885899276e-06 3.374661901034414768e-04 4.830888578055692051e-09 1.123715634432365107e-10
5.276127191394808236e-12 2.347442773498187307e-08 1.456371481745044605e-11 9.522892128188686911e-07 2.593117642391007394e-06 6.248475958869903479e-09 9.999996423721313477e-01 5.879740456293802708e-06 4.491875879466533661e-03 1.489078158556367271e-07 1.369381763538513042e-08 1.429743715561926365e-04 7.337012357311323285e-05 6.234666670934529975e-06 6.551353726536035538e-05 1.725860056467354298e-03 1.346994843333959579e-02 4.275451374269323424e-06 1.632471867196727544e-05
1.422916146888442146e-12 6.637595390722927577e-15 4.447930998482429914e-23 1.609948230907320976e-04 4.039425551891326904e-01 6.037929267677100142e-08 9.999998807907104492e-01 6.153724802049033915e-17 2.659140527248382568e-01 8.850933562996356196e-15 5.230421673031726559e-14 2.893324242904782295e-03 1.542988501725128803e-12 2.006701147480929870e-13 2.939005838697994477e-08 2.491306746378540993e-03 2.108581220738869888e-08 1.238814320458914153e-06 3.312374818875696292e-09
3.740173448729677830e-11 2.515148462764460469e-13 2.201799776969367233e-17 1.554759931909899251e-10 1.509583890438079834e-01 1.000000000000000000e+00 1.880926106423430610e-06 4.351690082752152980e-18 6.913508754223585129e-03 2.294407508429685549e-08 2.427915977041211663e-19 4.258769195075728931e-07 8.034705713255707593e-12 8.034187972837027875e-15 1.205402444526271211e-11 5.687367661266762298e-07 4.308757517446082375e-11 1.601779473503484041e-07 6.755907122624194017e-08
1.555277955034295445e-11 1.180203695587224758e-16 6.516431113599251108e-26 8.499736736666818615e-08 9.700002670288085938e-01 4.270118703075809208e-10 9.999989271163940430e-01 7.825007748834026635e-20 8.743505924940109253e-02 3.651950364834920248e-15 4.393896328306793426e-16 3.215609490871429443e-01 2.327015262339887647e-13 8.824959999117962522e-18 3.270896140744605773e-12 3.627416212111711502e-03 1.860134157816162315e-09 1.720703690644143080e-09 2.982411262397732798e-10
4.702145606279373169e-02 1.090615391731262207e-01 2.065225318074226379e-02 5.909361317753791809e-02 4.192330315709114075e-02 7.171780336648225784e-03 7.456966638565063477e-01 4.210751056671142578e-01 6.356617063283920288e-02 3.539074063301086426e-01 3.890094533562660217e-02 3.436246812343597412e-01 2.413562238216400146e-01 3.837399184703826904e-02 4.169019311666488647e-02 2.652174830436706543e-01 3.547582626342773438e-01 8.565858006477355957e-02 3.678434714674949646e-02
1.114647471545104906e-10 7.757861575363733664e-10 5.691317371808030101e-14 1.350369132069317857e-07 2.674550050869584084e-04 2.861552457034122199e-05 9.999958276748657227e-01 1.305919539174027477e-10 6.568163633346557617e-01 1.207969946293019348e-09 9.317600163649686351e-11 3.331986954435706139e-04 2.636679319323320669e-08 3.396707626279749093e-08 1.219059504364850000e-05 1.504435495007783175e-04 6.385249889717670158e-06 3.971051410189829767e-05 1.051605722750537097e-04
9.803020657273009419e-05 6.667995330644771457e-05 1.948826866282615811e-05 1.129025593400001526e-02 6.553709681611508131e-05 9.987928867340087891e-01 1.376218628138303757e-03 1.519062352599576116e-04 5.584954749792814255e-03 8.145234460243955255e-05 3.903030076912727964e-08 3.247801600991806481e-07 1.633316423976793885e-04 1.629360951483249664e-02 9.315553903579711914e-01 5.592629008788208012e-07 2.631881739944219589e-03 4.426979925483465195e-03 2.837809006450697780e-05
3.942316064950332185e-16 6.234032387530952235e-14 1.277522619619721536e-15 3.160760343234869651e-06 2.896063300283913122e-08 3.513490018232877637e-17 9.999997615814208984e-01 1.993111482079257257e-06 4.505776862728794185e-10 3.443800977720457013e-08 6.181162793249001669e-15 1.405743765644729137e-03 2.629107257234863937e-06 1.318770981306727208e-09 5.626701948813206400e-08 2.065732609480619431e-03 9.243952035903930664e-01 4.222540894716075854e-08 1.432202412221528220e-10
3.083073534071445465e-02 1.006547108772792853e-06 2.346853822388084154e-10 9.998515844345092773e-01 7.715186476707458496e-01 7.122394890757277608e-05 7.098074257373809814e-02 7.347608175223285798e-07 7.296163857972715050e-06 5.752767319791018963e-04 7.824674241874163272e-10 1.235645562410354614e-01 5.354879613150842488e-05 6.542269659348676214e-08 3.158449544571340084e-04 1.594484783709049225e-02 5.135806277394294739e-03 5.706873707822524011e-06 1.485964351566337882e-09
9.830576777458190918e-01 1.863388419151306152e-01 5.246826331131160259e-04 5.405828356742858887e-01 6.191023588180541992e-01 1.204234504257328808e-04 1.203277707099914551e-01 2.271759323775768280e-02 5.389325669966638088e-04 3.309450112283229828e-03 4.201609175652265549e-03 3.960501253604888916e-01 4.879957437515258789e-02 6.512656342238187790e-03 4.944957909174263477e-04 4.527419060468673706e-02 2.165843360126018524e-02 1.248043496161699295e-03 2.782584633678197861e-04
1.865668967366218567e-02 3.324884222820401192e-03 4.214219370624050498e-05 1.055467128753662109e-02 2.063725376501679420e-03 1.881272415630519390e-03 1.939627155661582947e-02 6.079720705747604370e-02 5.272719135973602533e-05 9.974023103713989258e-01 3.341511473990976810e-04 3.873417377471923828e-01 4.788322746753692627e-02 7.375102723017334938e-05 3.170115232933312654e-04 1.041224822402000427e-01 4.007894080132246017e-03 1.579199358820915222e-02 2.127690822817385197e-05
3.502814506646245718e-04 9.493108166225283640e-08 6.583458223019533762e-10 5.215423554182052612e-02 7.400565743446350098e-01 8.677550908942066599e-07 8.038309812545776367e-01 1.729535142658278346e-05 3.543151706253411248e-06 9.225730784237384796e-03 6.640376248867596587e-09 9.596011638641357422e-01 5.251111724646762013e-05 1.560823221780083259e-07 1.451200319024792407e-06 5.646534562110900879e-01 3.279292583465576172e-02 1.781833320856094360e-01 1.208662325780096580e-07
1.288713829126209021e-04 1.515020926490251441e-07 2.459332959503512939e-09 1.455732854083180428e-04 7.204102873802185059e-01 3.992128404206596315e-05 7.044891715049743652e-01 5.285326096782227978e-06 9.425674215890467167e-05 1.388681530952453613e-01 1.624271561695422861e-08 9.944252967834472656e-01 3.724771668203175068e-04 1.199239996196865832e-08 6.682383713041417650e-08 5.937938094139099121e-01 4.140395030844956636e-04 5.344031960703432560e-04 3.697624322285264498e-07
4.836509823799133301e-01 3.142716595903038979e-03 9.989909529685974121e-01 9.797090897336602211e-04 2.937057428061962128e-02 4.571935278363525867e-06 1.399471424520015717e-02 3.322502970695495605e-02 8.927869998842652421e-07 8.297263383865356445e-01 1.226577660418115556e-05 4.046233594417572021e-01 8.042191267013549805e-01 1.430918200640007854e-04 1.127518862631404772e-05 7.370223850011825562e-02 3.608783881645649672e-04 2.516711829230189323e-03 2.229664642072748393e-05
1.489315778017044067e-01 2.488906383514404297e-01 8.059679865837097168e-01 3.722097873687744141e-01 1.004263758659362793e-01 6.418692469596862793e-01 1.953112930059432983e-01 1.644238531589508057e-01 8.883970230817794800e-02 4.066824167966842651e-02 1.165747083723545074e-02 1.610233820974826813e-02 1.077021509408950806e-01 3.697168231010437012e-01 2.440763115882873535e-01 6.047401577234268188e-02 7.254517078399658203e-02 1.081448793411254883e-01 4.055915772914886475e-02
5.208149552345275879e-03 3.292719484306871891e-04 1.914397143991664052e-04 1.480534374713897705e-01 1.385025233030319214e-01 8.815526366233825684e-01 3.672829866409301758e-01 4.148177977185696363e-04 7.611978054046630859e-02 1.953723607584834099e-03 3.455326577750383876e-06 2.597643528133630753e-03 3.346314653754234314e-03 1.035938272252678871e-03 6.131707876920700073e-02 3.243711777031421661e-03 1.675421372056007385e-02 2.934974804520606995e-02 9.572917479090392590e-04
2.963438034057617188e-01 3.818862736225128174e-01 9.868237972259521484e-01 1.914137601852416992e-01 5.524217337369918823e-02 1.576534286141395569e-02 5.355200171470642090e-01 5.283488631248474121e-01 8.951000124216079712e-02 8.890798687934875488e-02 2.086305245757102966e-02 5.621590092778205872e-02 2.795780599117279053e-01 2.484604120254516602e-01 1.078414097428321838e-01 1.540232300758361816e-01 4.010230302810668945e-01 5.596080049872398376e-02 9.956907480955123901e-02
1.208455488085746765e-01 3.538745295372791588e-05 1.289120064029702917e-07 1.869252324104309082e-01 9.075519442558288574e-01 3.540017587511101738e-06 8.414846062660217285e-01 9.230007890437263995e-06 5.092521314509212971e-04 1.785795757314190269e-05 1.785168024071026593e-06 7.673720121383666992e-01 7.171698234742507339e-05 2.659922984094009735e-06 1.089634897653013468e-04 1.336714178323745728e-01 5.116988718509674072e-02 7.693171501159667969e-04 5.815353233629139140e-06
3.087315009906888008e-03 1.176632102578878403e-02 1.557580544613301754e-03 4.265625774860382080e-01 3.940179944038391113e-03 1.833556219935417175e-03 2.880489528179168701e-01 2.037106305360794067e-01 5.839769728481769562e-03 1.805892772972583771e-02 2.703187929000705481e-04 6.929008290171623230e-03 2.957801148295402527e-02 1.909518837928771973e-01 1.574324816465377808e-01 1.728115975856781006e-02 8.524076938629150391e-01 7.699569463729858398e-01 1.335449749603867531e-03
5.428639650344848633e-01 3.394364966879948042e-06 8.082700090825123418e-14 1.000000000000000000e+00 7.561712409369647503e-04 1.563136009519183744e-10 1.477979871822299174e-08 1.011366812520009262e-08 1.908956066137834640e-12 2.293356171634286511e-09 1.220542543851335301e-14 1.286570416175747411e-11 9.108732115237216931e-07 5.750257696490734816e-05 1.400185567490552785e-08 8.502978516844450496e-07 3.053385171369882300e-07 1.025154527239946489e-11 4.251410828199839176e-14
3.810068847087677568e-07 6.499155658090671750e-10 1.140350835981962518e-08 9.869187474250793457e-01 2.773177909531909791e-09 2.162556797266006470e-01 5.359942093491554260e-03 7.956682566145900637e-06 4.942142339814381558e-08 1.878078444860875607e-03 1.874727434246102262e-16 2.602375953619784354e-11 3.727243665707646869e-06 9.127343946602195501e-05 9.959971904754638672e-01 4.493090274837463483e-11 2.654129639267921448e-03 7.410457328660413623e-05 1.506952006756490103e-12
6.416109954443527386e-08 5.760124466291927092e-08 1.230249255895614624e-01 9.978540539741516113e-01 7.424283410273346817e-09 1.673155622938793385e-07 9.284850955009460449e-02 2.535677980631589890e-03 5.115942336431089643e-09 1.497990297139040194e-06 1.008447357331342456e-14 6.081884995623454415e-12 9.192189463647082448e-05 6.459926720708608627e-03 7.378047704696655273e-02 1.810157890247410251e-08 9.840682148933410645e-01 2.190674276789650321e-04 3.666999343066024153e-11
2.820337831508368254e-04 2.851907396689057350e-03 2.485183067619800568e-04 5.025079939514398575e-03 2.577460836619138718e-03 1.053109954227693379e-04 9.635246992111206055e-01 2.469306588172912598e-01 5.040184129029512405e-03 2.321018874645233154e-01 1.219214173033833504e-03 2.363587617874145508e-01 5.998809263110160828e-02 3.734657075256109238e-03 8.125216700136661530e-03 2.050112634897232056e-01 5.046620965003967285e-01 1.222893130034208298e-02 3.482121974229812622e-03
2.021477818489074707e-01 2.942233085632324219e-01 9.999247789382934570e-01 4.642483890056610107e-01 2.263622358441352844e-02 2.412247471511363983e-03 5.387983843684196472e-02 2.948679327964782715e-01 1.706402690615504980e-04 3.360788896679878235e-02 5.084610544145107269e-03 5.629800260066986084e-03 3.223650157451629639e-01 6.399248242378234863e-01 9.984214603900909424e-02 8.311814069747924805e-02 2.372052147984504700e-02 1.084343045949935913e-01 5.210702307522296906e-03
1.629726737737655640e-01 2.058443427085876465e-01 9.996244907379150391e-01 8.700697422027587891e-01 2.100262045860290527e-02 2.507548313587903976e-03 5.171189084649085999e-02 1.703366488218307495e-01 1.656393287703394890e-04 3.287836909294128418e-02 1.394368894398212433e-02 3.636631183326244354e-03 3.641185462474822998e-01 5.863045454025268555e-01 2.565661966800689697e-01 1.130090802907943726e-01 1.668902300298213959e-02 2.976950109004974365e-01 3.520359285175800323e-03
5.164666846394538879e-02 6.542338430881500244e-02 3.254735929658636451e-05 2.137327492237091064e-01 1.813536584377288818e-01 1.108887605369091034e-03 9.119310975074768066e-01 4.758202470839023590e-03 1.298754960298538208e-01 1.824427163228392601e-03 8.812732063233852386e-03 1.447321176528930664e-01 7.134779356420040131e-03 6.393910851329565048e-03 5.754999816417694092e-03 5.091599747538566589e-02 5.376631766557693481e-02 7.646810263395309448e-04 1.080707553774118423e-02
1.734007355480571277e-06 9.742111563682556152e-01 2.301281028849189170e-06 5.240619778633117676e-01 6.868362822931572964e-11 1.889912670804960726e-10 2.171820700168609619e-01 1.255394518375396729e-01 2.075474725415915600e-08 8.466693124375979096e-09 3.035030715636821697e-08 2.170877193286013807e-11 2.100699020957108587e-06 9.999107122421264648e-01 1.315636666276986944e-07 1.236584580510680098e-06 1.242894330061972141e-03 1.960752160812262446e-05 2.922845299124787743e-11
3.314978675916790962e-04 9.806690812110900879e-01 3.217689725776295973e-10 3.805883228778839111e-01 4.164119327132453918e-10 3.931548663016481981e-12 4.977835714817047119e-01 1.328564435243606567e-01 1.270031043532071635e-05 1.587322717711003861e-09 1.669723278610035777e-04 1.893088352744598524e-09 1.818645614548586309e-06 9.485924839973449707e-01 7.860114337177037669e-09 3.909479175945307361e-07 2.971069887280464172e-02 1.941875098054879345e-06 9.280995971749916862e-10
2.565427337231085403e-08 3.766761665247031488e-06 2.798865361697266962e-09 2.579286927357316017e-03 5.468275048770010471e-05 2.396817762928549200e-05 9.999569654464721680e-01 5.114310988574288785e-05 1.361021422781050205e-03 3.387325250514550135e-06 1.917356229341748985e-08 2.902464439102914184e-05 1.589867752045392990e-04 1.373552717268466949e-03 8.969354443252086639e-03 2.740013005677610636e-04 2.434190176427364349e-02 3.827661203104071319e-05 2.033999226114246994e-05
2.552390469645615667e-05 3.407061743843087243e-09 1.221178574928316607e-10 1.000000000000000000e+00 9.471796511206775904e-05 2.094046026468276978e-02 2.536056854296475649e-04 1.856822962054138770e-07 7.024856927273503970e-07 9.752490370829036692e-08 6.384165674003282678e-15 7.243541877421932895e-11 1.732744294713484123e-06 5.150594688529963605e-07 5.418179091066122055e-03 2.950677568946957763e-08 2.648214576765894890e-04 3.994063263235148042e-06 1.352275149496540152e-11
2.053737454116344452e-02 1.298052375204861164e-04 1.460374187445268035e-05 9.943774342536926270e-01 3.274929523468017578e-01 3.695448637008666992e-01 8.814384043216705322e-02 9.418423724127933383e-05 2.541918680071830750e-02 5.267453962005674839e-04 2.228096946055302396e-06 3.314079018309712410e-03 1.485764863900840282e-03 1.374420244246721268e-04 1.254333835095167160e-02 9.138685651123523712e-03 1.721018739044666290e-02 1.856337999925017357e-03 4.762452226714231074e-05
3.265254572243592125e-16 3.746634672294321330e-15 1.240355006116760028e-21 4.465577418955035682e-08 4.343490616065537324e-07 1.320407842285931110e-03 9.999998807907104492e-01 7.879956110985126606e-17 4.939456470310688019e-03 1.150039379954008779e-17 3.405657274348885157e-21 1.009574802229851187e-11 1.073769775893941569e-13 8.262111883539091650e-09 1.612891719560138881e-05 1.969588658834453554e-10 6.855583212228566481e-09 9.720914739830277540e-09 1.771450902632309976e-10
