8.523926138877868652e-01 1.764693707227706909e-01 2.717495262622833252e-01 2.022871673107147217e-01 5.846512913703918457e-01 2.466747071593999863e-03 3.767563104629516602e-01 7.017463445663452148e-02 8.843190968036651611e-03 1.820517331361770630e-02 1.372346188873052597e-02 4.941572546958923340e-01 1.199271976947784424e-01 2.531797625124454498e-02 7.066695950925350189e-03 1.412605345249176025e-01 7.405074685811996460e-02 1.647500321269035339e-02 6.815467495471239090e-03
4.037330150604248047e-01 1.223600003868341446e-02 1.063851872459053993e-03 5.471623316407203674e-02 6.334490180015563965e-01 1.564710633829236031e-03 7.363687157630920410e-01 5.664891097694635391e-03 2.080453000962734222e-02 5.752752069383859634e-03 7.749765645712614059e-04 5.658892989158630371e-01 2.473980002105236053e-02 9.349897736683487892e-04 3.039828734472393990e-03 1.074691340327262878e-01 6.994976848363876343e-02 4.590596072375774384e-03 2.940693637356162071e-03
2.310216768819373101e-05 1.550442725419998169e-01 1.158598692541090713e-07 9.635580703616142273e-03 1.287365103053161874e-05 1.665304080233909190e-05 9.994145631790161133e-01 3.922260832041501999e-03 1.887932121753692627e-01 1.648581360313983168e-06 1.019656308926641941e-03 2.905330802605021745e-05 4.263364462531171739e-05 3.571747541427612305e-01 8.951208437792956829e-04 1.345011696685105562e-04 1.650259643793106079e-02 4.432140267454087734e-04 1.198881305754184723e-03
4.830177426338195801e-01 6.834943592548370361e-02 1.474425895139575005e-03 1.896578222513198853e-01 3.122392892837524414e-01 3.571040229871869087e-03 3.071245253086090088e-01 6.491032242774963379e-02 4.672093782573938370e-03 3.803811073303222656e-01 3.136569401249289513e-03 6.569285988807678223e-01 1.658741682767868042e-01 2.293230034410953522e-03 2.132386434823274612e-03 1.920799612998962402e-01 4.549688845872879028e-02 2.643219940364360809e-02 1.722836168482899666e-03
2.813720144331455231e-02 5.521053820848464966e-02 9.911499023437500000e-01 4.989858344197273254e-02 5.786793306469917297e-02 6.683589308522641659e-04 4.975395202636718750e-01 4.013992249965667725e-01 4.441938828676939011e-03 2.181112170219421387e-01 1.497549354098737240e-03 1.237152144312858582e-01 2.015788704156875610e-01 5.048789829015731812e-02 9.451393038034439087e-03 3.239116668701171875e-01 2.157717347145080566e-01 1.437467895448207855e-02 7.753082551062107086e-03
7.367048859596252441e-01 2.913919091224670410e-01 3.817005199380218983e-04 9.974901676177978516e-01 2.439755052328109741e-01 3.581322962418198586e-04 3.178777173161506653e-02 2.876869402825832367e-02 2.407162683084607124e-03 1.073383074253797531e-02 7.381327915936708450e-03 1.648730970919132233e-02 2.819318138062953949e-02 1.557313501834869385e-01 5.960484268143773079e-04 1.032961979508399963e-01 8.733685128390789032e-03 8.082491694949567318e-04 7.303133606910705566e-04
7.436318993568420410e-01 2.200004905462265015e-01 7.522763609886169434e-01 8.560426235198974609e-01 2.547500133514404297e-01 1.535307336598634720e-02 1.215059310197830200e-01 8.081519603729248047e-02 5.293373949825763702e-03 2.354788966476917267e-02 1.613204739987850189e-02 7.545746862888336182e-02 1.842094808816909790e-01 2.148462384939193726e-01 9.156464785337448120e-02 1.199260726571083069e-01 5.451570078730583191e-02 4.422938823699951172e-02 7.451042067259550095e-03
3.895569741725921631e-01 1.086989343166351318e-01 3.199968039989471436e-01 8.121004104614257812e-01 2.509015202522277832e-01 1.534826010465621948e-01 3.210166990756988525e-01 7.414036244153976440e-02 7.014683634042739868e-02 3.270997107028961182e-02 1.084908284246921539e-02 5.024414882063865662e-02 1.134462505578994751e-01 1.317968964576721191e-01 3.114363551139831543e-01 8.545371890068054199e-02 1.262288987636566162e-01 7.696095108985900879e-02 2.370563335716724396e-02
1.175008605969196651e-06 6.401133578037843108e-05 1.075439195119543001e-05 2.156649250537157059e-03 1.539934601169079542e-05 1.369752339996921364e-06 9.615383744239807129e-01 4.332908987998962402e-02 1.228985935449600220e-02 1.011474014376290143e-04 1.830729524954222143e-05 1.346597855444997549e-04 1.404084614478051662e-03 5.647049471735954285e-02 3.487651236355304718e-03 5.444005597382783890e-03 8.929184675216674805e-01 9.783232212066650391e-01 2.805296098813414574e-04
7.198575531219830737e-07 5.741146014770492911e-05 1.107566127700465586e-08 4.396551389618252870e-07 4.574699232762213796e-07 1.250999637214533777e-09 9.999933242797851562e-01 6.462424062192440033e-04 5.940390825271606445e-01 5.896170662822441955e-08 8.424355764873325825e-04 1.725297770462930202e-04 1.280342257814481854e-05 3.217432094970718026e-05 5.760036292485892773e-04 1.999576488742604852e-05 9.854105710983276367e-01 4.105173138668760657e-05 5.727122426033020020e-01
6.331246443590623010e-15 3.687430569221383792e-11 1.249153910734893125e-13 1.590656353300801129e-07 1.266524732312923618e-11 1.056889731981813796e-11 9.999998807907104492e-01 2.848133044608402997e-05 3.855425864458084106e-03 1.262764285497874894e-11 3.659315628290471523e-10 2.726331660429792692e-10 1.657233781315881060e-07 5.015156784793362021e-05 1.133540878072381020e-03 4.361774585959210526e-08 9.974483251571655273e-01 4.467441158340079710e-06 1.598221933818422258e-05
1.122758476412855089e-04 1.081037744879722595e-01 1.155823611043160781e-06 9.972955584526062012e-01 1.160831652669003233e-05 5.458560536908407812e-08 6.194353699684143066e-01 3.411120176315307617e-02 3.497583966236561537e-04 9.954896995623130351e-06 4.081556471646763384e-05 2.080100358625713852e-07 1.846406667027622461e-04 8.211717009544372559e-01 6.518493319163098931e-05 1.233951625181362033e-04 6.849611550569534302e-02 1.120128035836387426e-05 2.932829147539450787e-06
1.338916027755928957e-19 1.360854250366191637e-16 5.488483389423431599e-15 6.671937108039855957e-01 1.184216166758984734e-18 4.536632083765516440e-21 2.920173406600952148e-01 5.801698534924071282e-06 5.268282881103691310e-16 8.022553975306490059e-14 2.727344831357741417e-26 1.061795814245397728e-18 1.438326402425360584e-10 5.400353529694257304e-06 7.255170658027054742e-06 1.090844103414367883e-12 1.000000000000000000e+00 5.268276072456501424e-05 1.560642819756654888e-17
1.069344250925250382e-18 1.469123457522114400e-16 5.597819990441792789e-16 8.547364734113216400e-03 1.790459599158855664e-14 9.605997401024879381e-20 9.999982118606567383e-01 1.261946920294576557e-07 2.976281059715452093e-13 6.856767622220524827e-14 4.902179574467269206e-22 3.876164255019187710e-13 3.616671184758502022e-09 1.125297544035674946e-08 5.365655397326918319e-06 1.136420291203421584e-09 9.999928474426269531e-01 6.498854926428876411e-11 3.482604084129904687e-14
2.893432160533393471e-10 1.736735733004479698e-08 4.084327542841492686e-09 9.730552474884746061e-11 8.711000191397033632e-06 1.000000000000000000e+00 1.124375194194726646e-04 8.644904453750101858e-13 5.868421494960784912e-02 1.442968078357864670e-09 1.056025197978616506e-15 4.919596729990871609e-09 3.053544916920003516e-10 1.792905024444735318e-08 1.151314108938095160e-06 1.175791197738362825e-08 1.750640077347043189e-09 5.099746886116918176e-06 1.103970035910606384e-02
1.401621735341862518e-10 5.455430255096871406e-06 5.823291848727762954e-11 6.581018169526942074e-06 1.519270256267191144e-07 8.887737656948502263e-09 9.999995231628417969e-01 1.685725146671757102e-04 1.928179115056991577e-01 1.560861306870720000e-08 1.743196207826258615e-06 2.786381855912622996e-06 1.121044988394714892e-05 3.791129682213068008e-03 1.125732320360839367e-03 6.111523543950170279e-05 1.286866813898086548e-01 1.732080418150871992e-04 6.005721515975892544e-04
4.659316800825763494e-06 9.566009566697175615e-07 4.066819936365817512e-10 2.405452619314019103e-07 9.742322377860546112e-03 5.492451600730419159e-04 7.480853796005249023e-01 1.361815666314214468e-04 9.687436977401375771e-05 9.399067759513854980e-01 8.006206542177096708e-08 9.257240891456604004e-01 5.127904005348682404e-03 3.560245154243801835e-10 1.332610377602350127e-08 3.006605207920074463e-01 9.015254909172654152e-05 1.586696816957555711e-05 5.211987627262715250e-06
7.863091304898262024e-03 2.896010983022279106e-06 2.283005073877575342e-08 2.076560556888580322e-01 9.138818383216857910e-01 1.167653608717955649e-04 8.963737487792968750e-01 1.026606014420394786e-06 1.301168743520975113e-02 2.687174310267437249e-05 9.704899639473296702e-07 5.301442146301269531e-01 2.236624459328595549e-05 7.372926233983889688e-07 1.143269400927238166e-04 1.616420149803161621e-01 9.715581312775611877e-03 8.341656997799873352e-03 3.527471562847495079e-05
2.368838936090469360e-01 1.237095217220485210e-03 9.390056510127919864e-10 9.998000264167785645e-01 8.443005681037902832e-01 4.205964432912878692e-05 1.796266585588455200e-01 3.448301413300214335e-06 2.503454498946666718e-02 3.230782022001221776e-05 9.807069000089541078e-05 2.040372602641582489e-02 2.608597424114122987e-05 5.603183308267034590e-05 4.782318137586116791e-05 6.070813909173011780e-02 3.092773491516709328e-03 3.230153424738091417e-06 3.332098276587203145e-05
9.264755845069885254e-01 1.053639054298400879e-01 2.804030896363940428e-10 9.999998807907104492e-01 6.087810918688774109e-02 2.245239549836242077e-09 1.167506634374149144e-04 1.852465793490409851e-04 4.906957542516465764e-07 1.801183861971367151e-05 6.760006272088503465e-06 1.582504773978143930e-05 2.078486140817403793e-04 3.569860383868217468e-02 8.356967562406225625e-09 7.361252326518297195e-03 1.957114909600932151e-05 3.044562291165675560e-08 5.664044522291078465e-08
2.444480545818805695e-03 2.499319147318601608e-03 2.162057207897305489e-04 2.830815734341740608e-03 2.200844697654247284e-02 9.982699155807495117e-01 1.605528779327869415e-02 1.368924276903271675e-04 8.248049765825271606e-02 1.200985512696206570e-03 4.323791017668554559e-06 5.873736226931214333e-04 8.860809612087905407e-04 2.657806500792503357e-03 2.681317552924156189e-02 4.957253695465624332e-04 1.461557229049503803e-03 1.292558945715427399e-02 1.111261360347270966e-02
7.895656081729444326e-19 4.411376049607423910e-14 5.142355220754333525e-17 5.952274784171152078e-11 1.430856979124997541e-13 4.000545036784550885e-19 9.999895095825195312e-01 1.344020515680313110e-01 1.087337576748115264e-12 9.600087404251098633e-01 3.300622062379281012e-15 1.787799447774887085e-01 3.488133302198548336e-07 3.742985088539541039e-11 8.166221171501675258e-11 1.218668520450592041e-01 8.271715641021728516e-01 1.442327004497201415e-07 4.129532815960040848e-13
4.289178389500295573e-18 1.547240938733744240e-16 3.358295984109137106e-22 3.313183505326833256e-09 6.492217319298276834e-10 6.460257608270451868e-15 9.999998807907104492e-01 1.131435478640696601e-08 3.038917424993958782e-12 4.123851249460130930e-04 1.440403592591884191e-19 1.668720156885683537e-03 1.803075292627909221e-06 8.146058155279745083e-15 2.943838783853180985e-10 2.849487646017223597e-04 1.354408683255314827e-03 1.302131458214006443e-10 1.671746406941860413e-14
5.826766937389038503e-06 1.149682671112983723e-12 7.609680305225467663e-18 2.534226837269670796e-07 9.939152598381042480e-01 5.568873270508922779e-13 9.801075458526611328e-01 1.297155091672941296e-12 7.752188224685596651e-08 1.267033411522788811e-07 2.555363088352900248e-15 9.998693466186523438e-01 1.138681593459978103e-08 3.483637136100287872e-16 1.114449189636363465e-15 3.840792179107666016e-01 2.474665507179452106e-06 7.527492584813444410e-08 1.157445016566893692e-12
2.198806969833100311e-10 3.797563863372488413e-08 1.594730925091880636e-08 1.239588134922087193e-03 5.230916855225586914e-08 2.494728645885402329e-09 7.010565996170043945e-01 3.527239197865128517e-03 2.672359914868138731e-05 1.022669948724796996e-06 2.845597923961662445e-10 5.305549279910337646e-07 1.379733930662041530e-05 3.935317508876323700e-03 3.191037976648658514e-04 7.567233114968985319e-05 9.973177313804626465e-01 9.967755675315856934e-01 2.424970659831160447e-07
3.376729553565382957e-03 1.898904680274426937e-03 1.238008849213656504e-06 1.653769140830263495e-04 1.434911787509918213e-02 1.526196865597739816e-04 9.959271550178527832e-01 7.096138870110735297e-05 6.467313766479492188e-01 6.142004713183268905e-05 1.083780312910676003e-03 1.343494057655334473e-01 2.939655678346753120e-04 8.169332431862130761e-05 9.128728997893631458e-04 5.502913147211074829e-03 1.935474574565887451e-02 2.386226085945963860e-03 2.076060026884078979e-01
3.148097869303664202e-20 4.762128417304533506e-17 6.104089333084421957e-17 9.667937159538269043e-01 7.801968183835010586e-20 6.120935392294235161e-21 9.172298312187194824e-01 2.111587264153058641e-06 1.950657717569243888e-16 9.223125769250526546e-15 1.863764392456315777e-27 9.290928587009335955e-22 4.081301963054784210e-11 5.727412826672662050e-06 3.141386332572437823e-05 1.408189394898253649e-14 1.000000000000000000e+00 6.515394002093444215e-09 3.860635449483390362e-19
1.066486054877207115e-15 3.315626939670579532e-11 2.861986770621646747e-14 6.609329528117768859e-09 2.888921324384341460e-10 9.528781843431977094e-14 1.000000000000000000e+00 4.570476448861882091e-05 3.037260285054799169e-06 1.082991687439971429e-07 2.873329699171200957e-11 9.659253009886015207e-06 5.269472239888273180e-05 2.351896171148837311e-07 3.265988880229997449e-06 1.403285714332014322e-04 6.658256053924560547e-01 2.549724520406471129e-08 1.598158689830597723e-07
6.209888425701137749e-08 7.462315988959744573e-05 1.739492859087476972e-06 1.680635511875152588e-01 2.300738231042487314e-07 2.024649070619943814e-08 9.954246878623962402e-01 1.098104193806648254e-02 1.556943752802908421e-04 1.954965682671172544e-06 1.474123365596824442e-07 1.223851313625345938e-07 2.116927207680419087e-04 2.412118762731552124e-01 5.268330685794353485e-03 9.049336949829012156e-05 9.702628254890441895e-01 1.159914396703243256e-02 6.951183877390576527e-06
2.528260210965527222e-06 1.015741624144084199e-08 1.207404808729536927e-14 7.274253448485978879e-07 1.061870147367471873e-08 1.293599716234439256e-08 2.334061491637839936e-06 7.528444984927773476e-05 1.059003348880503681e-13 1.000000000000000000e+00 1.562348340977681715e-11 2.905550003051757812e-01 5.009377855458296835e-05 1.810474377838752758e-13 1.983498608415512621e-11 3.682687878608703613e-03 5.325740559669611685e-08 2.567657929830602370e-06 4.796133481414343452e-15
9.098674036422949030e-10 1.214802658466851426e-08 5.701476513131353840e-10 9.627948403358459473e-01 6.631999838191404706e-08 7.418602399056339891e-10 9.992290735244750977e-01 3.874352114507928491e-05 4.162122593243111623e-07 9.823708957412691234e-09 2.429966763830421206e-13 9.451833760110162075e-10 9.728792974783573300e-06 2.790576254483312368e-04 6.210123654454946518e-03 3.624394651069451356e-07 9.353052973747253418e-01 1.155392155283152533e-07 1.015913575486138143e-09
3.427717685699462891e-01 1.423154920339584351e-01 4.011994227766990662e-03 8.020229637622833252e-03 5.432933196425437927e-02 1.854823157191276550e-02 7.139494419097900391e-01 4.982407391071319580e-02 3.221918344497680664e-01 1.656484752893447876e-01 3.759487345814704895e-02 4.116898775100708008e-01 1.576632410287857056e-01 2.081901533529162407e-03 3.918242640793323517e-03 7.022519409656524658e-02 5.566785484552383423e-02 2.031716704368591309e-02 3.791981041431427002e-01
9.526005596853792667e-04 4.518625326454639435e-03 2.206441713497042656e-03 6.728594303131103516e-01 9.095975547097623348e-04 3.888437640853226185e-04 2.144706547260284424e-01 1.971045881509780884e-01 8.014238555915653706e-04 8.676518686115741730e-03 1.640174377826042473e-05 8.410018635913729668e-04 1.878088153898715973e-02 1.808069348335266113e-01 1.698642075061798096e-01 3.540307516232132912e-03 9.186561107635498047e-01 6.511143445968627930e-01 1.803900522645562887e-04
4.622295601830472833e-11 1.281716919265818433e-07 7.000176882598907468e-09 5.021726337872678414e-06 1.011536543416013956e-08 6.556600401497192365e-11 9.998931884765625000e-01 7.590872235596179962e-03 1.728395186364650726e-02 1.275865599836834008e-07 1.137502863457484636e-06 7.615379900016705506e-07 2.152674460376147181e-05 2.265243325382471085e-03 8.073556818999350071e-05 4.060925857629626989e-04 9.955978989601135254e-01 6.773295402526855469e-01 8.268318924820050597e-05
5.291215609759092331e-03 3.624255029421874497e-08 2.113219104912800184e-12 9.977036118507385254e-01 9.126478433609008789e-01 1.183431959361769259e-04 1.676454097032546997e-01 3.256516478700177686e-08 1.392492686136392877e-05 3.562840574886649847e-04 6.702887550558145335e-11 2.820537984371185303e-01 4.442048975761281326e-06 2.576449498192801002e-09 4.721023742604302242e-06 1.044284477829933167e-01 6.587558891624212265e-03 1.180981518700718880e-03 5.987645379512684940e-10
7.298745483864943484e-13 4.518683180859987478e-15 3.907265047499561186e-17 4.119395313750828791e-08 1.021415833383798599e-02 5.656682956924454289e-15 9.992550015449523926e-01 5.961677818078214841e-09 7.409662466928423896e-11 7.642472337465733290e-05 7.302131277843026264e-16 9.992367029190063477e-01 3.309324938527424820e-06 5.537380992105822575e-14 1.553604250456586122e-13 8.153966069221496582e-01 7.754674879834055901e-04 4.765371102166682249e-07 2.746468688325648388e-13
1.759782640789464558e-13 1.103986910569454416e-12 8.657527819644350586e-13 2.590518258512020111e-02 8.097969343701105771e-12 2.345847854075960859e-13 9.942582845687866211e-01 7.856942102080211043e-05 1.498478285899551565e-10 1.321662423947600473e-08 1.110569646389040761e-16 1.903674717862458010e-10 6.371608947119966615e-07 1.050095306709408760e-05 6.599290063604712486e-04 1.037551342619735806e-07 9.999729394912719727e-01 1.160549345513572916e-05 4.316358034883727157e-11
1.551339039451704593e-07 7.351196984473062912e-08 7.450584149637506926e-09 5.247185006737709045e-03 3.708225335685710888e-07 1.898512236309102263e-09 9.973984956741333008e-01 3.315218782518059015e-04 2.185016455769073218e-06 6.888550529993153759e-08 6.824359966017823353e-10 1.581627316227240954e-06 5.097585017210803926e-05 1.389733661198988557e-04 5.746865645051002502e-02 5.659477210429031402e-06 9.996047616004943848e-01 1.211423386848764494e-05 9.162356036540586501e-06
3.181361645925083565e-25 2.507000865560138332e-21 3.367129021381382345e-25 2.016135480786829248e-09 5.890639809703196450e-16 8.648764097951042461e-24 1.000000000000000000e+00 9.602395961705312288e-11 9.642662035058528758e-15 1.345867802309539708e-15 9.159612498238479216e-26 2.763586234855175405e-11 9.614166129878753964e-10 7.134363087281381244e-13 5.861240826021685280e-09 1.067323673886733104e-09 9.965429902076721191e-01 5.032290502273578658e-15 7.681547907513667345e-17
2.756591344077463646e-10 4.495799657888710499e-05 1.452278741709278620e-09 1.090089883655309677e-02 3.563152828345295120e-10 2.124126916025481648e-11 9.998268485069274902e-01 2.648585475981235504e-03 1.192272611660882831e-05 2.574421920087388571e-08 7.653219169512226472e-10 5.422847171310252179e-10 1.492985029472038150e-05 9.888961315155029297e-01 5.560249337577261031e-05 1.219845671585062519e-05 6.805644035339355469e-01 9.239577651023864746e-01 5.821820803220134621e-09
7.082492578525112492e-12 4.657561092358264432e-08 4.996085212205514381e-10 2.356850382057018578e-05 1.195792687092023243e-09 1.280325411662230906e-11 9.996120333671569824e-01 2.306395675987005234e-03 4.567149444483220577e-04 2.569428048104782647e-08 3.313505914093184401e-09 2.532267195931581227e-08 9.949306331691332161e-06 6.904575973749160767e-02 4.492966399993747473e-05 1.118130094255320728e-04 9.776895046234130859e-01 9.993706345558166504e-01 2.986373885960347252e-07
1.017070019315724494e-07 1.457970847695833072e-05 1.274161263609130401e-06 5.108511541038751602e-04 2.098506456604809500e-06 1.694102422789001139e-07 9.852467775344848633e-01 2.554434537887573242e-02 9.705616161227226257e-03 2.275587758049368858e-05 4.168596206000074744e-06 2.620105806272476912e-05 5.141341243870556355e-04 5.394778773188591003e-02 1.267794868908822536e-03 2.727316226810216904e-03 8.979451656341552734e-01 9.942082166671752930e-01 9.515142301097512245e-05
2.937503322184009669e-12 6.914344652386716916e-10 1.444782878404216042e-13 1.509998575784265995e-03 2.362691020607599057e-07 1.746367939148285586e-09 9.999998807907104492e-01 6.868307167451348505e-08 6.744267739122733474e-05 5.623751030831014575e-12 1.147988822058909619e-12 1.573469532445415098e-08 2.546153154980856925e-07 6.465549085987731814e-05 1.062879711389541626e-02 4.597604572609270690e-07 1.217572912573814392e-01 9.536318401615062612e-08 1.017735584696310980e-07
3.652769327163696289e-02 6.910091638565063477e-02 1.666806871071457863e-03 4.910548776388168335e-02 1.421049684286117554e-01 4.616574198007583618e-02 7.070150971412658691e-01 7.969189435243606567e-02 5.981590971350669861e-02 2.822788059711456299e-01 8.871312253177165985e-03 4.090141952037811279e-01 1.294743716716766357e-01 7.521087769418954849e-03 1.117810979485511780e-02 2.093354016542434692e-01 6.507305800914764404e-02 2.615243196487426758e-02 1.758066378533840179e-02
4.931749403476715088e-01 1.158003248846739552e-09 3.427271080471066690e-18 1.897051333799026906e-07 9.982759952545166016e-01 5.957715501763317240e-15 9.046429991722106934e-01 2.690969734368831023e-13 6.644519601195497671e-09 2.611023341980711621e-10 2.217420659320957534e-15 9.992725253105163574e-01 4.783138773944983768e-09 3.438665576127045902e-17 2.496870487026425691e-17 1.041543856263160706e-02 1.923512371604374493e-07 3.063255898938521682e-11 3.148103251606609865e-13
2.412960457149893045e-04 3.722867113538086414e-04 2.764837745417025872e-06 6.597456522285938263e-04 5.405704956501722336e-03 9.326430736109614372e-04 9.582471847534179688e-01 1.340227760374546051e-02 1.967258751392364502e-03 3.936164677143096924e-01 7.829291280359029770e-05 3.441357612609863281e-01 7.650625705718994141e-02 3.476592610240913928e-05 5.877465591765940189e-04 1.179578304290771484e-01 4.007486253976821899e-02 1.685745548456907272e-03 7.592949550598859787e-04
2.561977505683898926e-02 7.318800687789916992e-01 2.140796184539794922e-02 1.747176349163055420e-01 2.957479562610387802e-03 2.284328937530517578e-01 3.308762609958648682e-01 1.331656873226165771e-01 1.237241085618734360e-02 2.524343784898519516e-03 3.155003534629940987e-03 8.006052812561392784e-04 8.510647341609001160e-03 8.955817818641662598e-01 4.952979274094104767e-03 5.438707303255796432e-03 4.736998118460178375e-03 9.062485769391059875e-03 6.699567311443388462e-04
2.288721352815628052e-01 1.734573096036911011e-01 7.455840110778808594e-01 4.581767618656158447e-01 1.162822395563125610e-01 5.466886609792709351e-02 5.935675501823425293e-01 2.969494760036468506e-01 7.835913449525833130e-02 7.385200262069702148e-02 2.727163955569267273e-02 7.318600267171859741e-02 2.296934723854064941e-01 2.175107896327972412e-01 3.669951260089874268e-01 9.618664532899856567e-02 3.754604458808898926e-01 1.328505724668502808e-01 5.717891082167625427e-02
5.020851313020102680e-05 1.465948880650103092e-04 5.726696599595015869e-06 9.622626006603240967e-02 7.947777630761265755e-04 1.999036794586572796e-05 9.860229492187500000e-01 1.417415030300617218e-02 3.762641281355172396e-04 5.896656308323144913e-03 1.538478386464703362e-06 4.790895618498325348e-03 1.363481581211090088e-02 2.881257561966776848e-03 1.788738183677196503e-02 8.775739930570125580e-03 5.219207406044006348e-01 1.280736876651644707e-03 5.272643466014415026e-05
2.655301382365442145e-16 1.339986888809763244e-11 9.675698715516500425e-18 1.713941486514158896e-07 9.725416028061317775e-10 1.272594876700061661e-12 1.000000000000000000e+00 1.204172974667017115e-07 4.758018690154131036e-08 2.770150331343756989e-08 7.098396031226725505e-16 4.129035744426801102e-07 4.486239504331024364e-06 3.080433330637788458e-08 9.114780255004006904e-07 9.239510291081387550e-06 8.795323781669139862e-03 3.926950986610222571e-10 1.481339634290534946e-10
1.619032019561927882e-08 2.876347252822597511e-06 4.647265239299258610e-09 5.292301625013351440e-02 8.995189091365318745e-06 6.819447406769540976e-08 9.998563528060913086e-01 2.648108638823032379e-04 9.889211651170626283e-05 4.313700173952383921e-06 3.080244059816550362e-09 1.101537691283738241e-05 3.274135233368724585e-04 1.344611868262290955e-03 3.309888998046517372e-03 2.511755446903407574e-04 2.845577895641326904e-01 6.608054718526545912e-06 1.453356730962696020e-06
7.439663995967293886e-09 7.707269544798833749e-11 2.655041984878092620e-13 2.837087151874584379e-07 1.128307133913040161e-01 4.146561566331641302e-11 9.935376048088073730e-01 1.241280784824994043e-07 1.440860017964951112e-07 3.389593621250241995e-04 1.308666629923349589e-11 9.980199337005615234e-01 7.954046304803341627e-05 7.973821256057611606e-12 2.685547444147839968e-11 6.621251702308654785e-01 7.990786689333617687e-04 2.178100885430467315e-06 7.640719723589484147e-10
3.192783892154693604e-02 8.205745369195938110e-03 1.346538029611110687e-02 1.776764541864395142e-02 1.010386552661657333e-02 5.858735647052526474e-03 7.026342302560806274e-02 1.382107287645339966e-01 5.749724805355072021e-04 9.878420829772949219e-01 1.923162722960114479e-03 4.605177044868469238e-01 1.189966946840286255e-01 8.848508005030453205e-04 2.225045114755630493e-03 2.038784921169281006e-01 1.436288189142942429e-02 4.205367341637611389e-02 3.043093893211334944e-04
1.848546962719410658e-04 2.353042276581618353e-07 5.221568663560383072e-11 2.867306172847747803e-01 7.562320232391357422e-01 2.285699338244739920e-06 9.804605841636657715e-01 2.320218754903180525e-07 4.169998283032327890e-04 1.198845620820065960e-05 6.896672566369943524e-09 4.695174396038055420e-01 1.792068724171258509e-05 1.206305171308486024e-07 3.708492658915929496e-05 9.785706549882888794e-02 6.247180048376321793e-03 9.388187754666432738e-05 4.208739596833765972e-07
2.717682190400694253e-10 9.840906756153344759e-09 1.413529826521653376e-08 1.377377659082412720e-01 1.655826475932542508e-09 3.339944987246212804e-10 3.816776275634765625e-01 2.407787833362817764e-03 7.964428760942610097e-08 3.339763736676104600e-07 8.527743940688059521e-13 2.509140228923456561e-09 6.896161721670068800e-06 2.070270013064146042e-03 3.397889202460646629e-03 1.041189761963323690e-06 9.999227523803710938e-01 5.477119237184524536e-02 8.813814567076860840e-09
1.745782896023229114e-08 6.555491154358605854e-07 2.550112343513433188e-09 9.404689669609069824e-01 4.172805390112444002e-08 4.096248673590707767e-09 1.943529956042766571e-02 1.689384318888187408e-02 2.844797464263137954e-08 6.367456990119535476e-06 9.668140853874573892e-13 2.466982707005627162e-08 3.019458199560176581e-05 3.268290683627128601e-02 1.681091263890266418e-02 1.333361069555394351e-06 9.991942048072814941e-01 9.684829711914062500e-01 6.857711065677563056e-10
3.395051695406436920e-03 1.162990229204297066e-03 2.583916547393982910e-08 9.763386845588684082e-01 2.898118197917938232e-01 1.575587957631796598e-04 9.476487040519714355e-01 2.645340464368928224e-05 9.528492391109466553e-02 2.214580854342784733e-05 1.383681665174663067e-04 9.514388628304004669e-03 1.261470897588878870e-04 5.110749625600874424e-04 1.570189604535698891e-03 2.862566336989402771e-02 6.631842348724603653e-03 1.858835457824170589e-05 2.246649382868781686e-04
2.293599100084975362e-04 9.337972849607467651e-03 8.331939170602709055e-06 9.760223031044006348e-01 1.272948225960135460e-03 4.498380803852342069e-06 9.402695298194885254e-01 9.755739942193031311e-03 2.186872437596321106e-02 8.922493725549429655e-05 5.962228169664740562e-04 9.551076800562441349e-05 1.317285932600498199e-03 5.440330132842063904e-02 5.921276751905679703e-03 3.343218006193637848e-03 1.624034792184829712e-01 4.522235030890442431e-05 4.052574513480067253e-04
2.303885366927715950e-06 1.636715047061443329e-02 3.491709976710666297e-10 4.729387816041707993e-03 3.811949864029884338e-05 5.085642915219068527e-04 9.992978572845458984e-01 1.448060447728494182e-05 1.253275424242019653e-01 8.611107915612592478e-08 4.651387371268356219e-06 4.370809165266109630e-06 1.234292994922725484e-06 5.067847296595573425e-02 1.991386816371232271e-04 2.474385109962895513e-05 1.359564485028386116e-04 1.325424818787723780e-05 2.236870641354471445e-04
8.512158639026617530e-21 1.577379990947563870e-14 4.530571116221134172e-17 9.818065249689311713e-10 3.557566701132235240e-16 1.821007487003431822e-19 9.999951124191284180e-01 1.868769322754815221e-05 7.551725047960644588e-06 5.843310319116057361e-14 1.854647882956728631e-15 1.326528269824864270e-13 6.449870637581511801e-10 8.837991626933217049e-04 9.590818805804701697e-09 2.029772900868920260e-07 9.996089339256286621e-01 9.999996423721313477e-01 2.240980491452493339e-11
7.046542262382593340e-16 4.230585933656660913e-12 3.403657835177736901e-13 5.035976187173218932e-07 1.590599396986136504e-12 2.334202938026035140e-17 9.999986886978149414e-01 2.163473072869237512e-05 8.209899249322916148e-08 7.203293517221709408e-12 4.595429505677151027e-12 9.911201859225116095e-10 6.740063440702215303e-08 3.006875601840874879e-07 1.580604293849319220e-05 5.213311169427470304e-07 9.999963045120239258e-01 3.497219225323533465e-08 1.393764932799967937e-06
4.979228766190125500e-36 8.978735956394333712e-29 1.539229730706833445e-30 8.118572783174290292e-15 8.614746640780875685e-25 8.309606847228134063e-38 1.000000000000000000e+00 1.476918067011556701e-11 6.725462797702341364e-19 2.183076755930820132e-22 1.377763939525341711e-29 8.674307711736047727e-16 4.536455626159277207e-15 6.701013965093718721e-17 2.482302286898468990e-13 8.367019750654680621e-12 1.000000000000000000e+00 2.790977438612040960e-19 5.048320666974815297e-17
2.212188392877578735e-01 3.338834643363952637e-01 6.649762392044067383e-03 9.648191928863525391e-01 3.133843839168548584e-02 3.174145938828587532e-03 1.385197490453720093e-01 2.671414017677307129e-01 5.993576254695653915e-03 3.736867383122444153e-02 8.171913214027881622e-03 4.824808333069086075e-03 1.091718897223472595e-01 4.374725222587585449e-01 4.402089118957519531e-02 3.492811322212219238e-02 1.858457624912261963e-01 4.481432214379310608e-02 2.099631121382117271e-03
4.942038096487522125e-03 8.932903292588889599e-04 5.636134119413327426e-06 1.633605337701737881e-03 8.335932157933712006e-03 2.291584387421607971e-03 1.007271558046340942e-01 2.719371952116489410e-02 3.388188488315790892e-04 9.955092668533325195e-01 1.611308980500325561e-04 5.910365581512451172e-01 3.415749222040176392e-02 6.335384568956214935e-06 7.827275840099900961e-05 1.793590337038040161e-01 3.014404792338609695e-03 5.272686015814542770e-03 6.039905929355882108e-05
1.560523454099893570e-02 5.854359269142150879e-01 1.148071751231327653e-04 9.851647615432739258e-01 2.672686532605439425e-04 1.238029926753370091e-05 1.067776884883642197e-02 2.891931831836700439e-01 3.367301360412966460e-06 6.485982448793947697e-04 1.488756606704555452e-05 8.986914508568588644e-06 8.081389591097831726e-03 9.886365532875061035e-01 5.635273410007357597e-04 4.053964279592037201e-03 7.700415328145027161e-03 1.580078527331352234e-02 1.106805825656920206e-06
1.467936709687034380e-11 7.715882155423514632e-09 6.691199677666404000e-11 6.412366815311543178e-08 1.651194381224740937e-08 2.022597279276779764e-14 9.999982118606567383e-01 5.467708106152713299e-04 7.256118806253653020e-06 5.101017563902132679e-08 1.939424798536037997e-08 2.984113234560936689e-04 3.085858770646154881e-05 5.430315468402113765e-07 8.984798114397563040e-06 4.076801997143775225e-04 9.993172883987426758e-01 4.955971277809112507e-08 1.052490624715574086e-04
1.034485525451600552e-03 5.901943659409880638e-04 1.103213336318731308e-02 4.396919533610343933e-02 7.831179536879062653e-03 9.985551238059997559e-01 1.187420543283224106e-02 4.591806791722774506e-04 3.810974583029747009e-02 1.548587315483018756e-04 5.743651172451791354e-07 1.825678555178456008e-05 9.362065466120839119e-04 1.017134264111518860e-02 1.585240662097930908e-01 7.738099520793184638e-05 1.730016060173511505e-02 2.612195163965225220e-02 8.119150879792869091e-04
1.021234220388578251e-05 9.546415640215855092e-07 6.502159521915018559e-05 9.875920414924621582e-01 1.114043541861065023e-07 2.974800299853086472e-03 3.481852123513817787e-03 9.074938716366887093e-04 8.894610203924457892e-08 4.444376099854707718e-04 1.692425388201412861e-12 3.429540818000731406e-10 1.915326283778995275e-04 1.439153868705034256e-02 9.539732336997985840e-01 5.327539298605188378e-08 4.671956226229667664e-02 8.070380985736846924e-02 9.437903930598068314e-11
1.549815875478088856e-03 1.062728642864385620e-05 7.640063581781930679e-10 9.331261515617370605e-01 3.833778464468196034e-06 7.499483035644516349e-05 3.890316656907089055e-05 1.927671110024675727e-04 3.637185691518496355e-11 9.999990463256835938e-01 4.573049994238687077e-10 2.443714998662471771e-02 1.510166912339627743e-03 1.789406667285220465e-08 1.793376577552407980e-05 1.867043902166187763e-04 1.108361720980610698e-05 3.745781214092858136e-05 2.328419358363364999e-12
1.016704845824278891e-05 1.377043281536316499e-05 2.717395318541093729e-06 1.174895185977220535e-02 2.124370262026786804e-02 2.606677753647090867e-06 9.890657663345336914e-01 4.073065239936113358e-03 3.010543005075305700e-04 6.699841003865003586e-03 5.350683295546332374e-06 4.514380693435668945e-01 9.126676246523857117e-03 1.475386379752308130e-04 5.734288715757429600e-04 2.853275239467620850e-01 2.485527098178863525e-01 4.977067001163959503e-03 7.672476931475102901e-05
7.368066161870956421e-02 7.882262434577569366e-05 5.379727952004031977e-08 2.054707380011677742e-03 9.120821952819824219e-01 1.401808913215063512e-05 8.929235935211181641e-01 2.828849346769857220e-06 2.040256373584270477e-02 4.971325688529759645e-05 9.048455467564053833e-06 8.892136812210083008e-01 1.328160578850656748e-04 3.756154285383672686e-07 3.488646370897185989e-06 1.602351069450378418e-01 2.720538759604096413e-03 2.761368523351848125e-04 1.628011232241988182e-04
1.609844432489982783e-18 1.947012969538794361e-18 1.090528636006727171e-22 3.586747121531175253e-09 9.472142181721210363e-09 6.973372446199663677e-18 9.999775886535644531e-01 2.556795664077071706e-08 6.683277571634246503e-15 1.435440629720687866e-01 3.381683334530982304e-20 9.118406176567077637e-01 1.587451095019787317e-07 5.299321013792396057e-17 2.939503024670941933e-13 1.338239163160324097e-01 1.296001952141523361e-03 3.456994468464813508e-09 9.313059095378557859e-17
2.118050353161482491e-11 1.212352579438302769e-10 3.659386975298634104e-13 2.760296920314431190e-04 2.979054336549324944e-08 2.081712882500141859e-04 9.999984502792358398e-01 7.590366379872648395e-08 1.840687036747112870e-05 2.686327549294986738e-10 1.522388515605270238e-15 1.523144527171282903e-10 6.681120794382877648e-07 9.541192557662725449e-04 2.305894196033477783e-01 2.189137315866673816e-09 1.827380992472171783e-02 1.545056875329464674e-06 8.278596475008725974e-09
1.400290057063102722e-04 9.344324644189327955e-05 2.207361467299051583e-05 7.099866401404142380e-03 9.800059488043189049e-04 8.348714709281921387e-01 8.878548741340637207e-01 1.349225058220326900e-04 3.981548175215721130e-02 1.595747016835957766e-05 2.256775957221179851e-07 1.572892142576165497e-05 2.649346133694052696e-04 2.915024943649768829e-02 3.539371788501739502e-01 2.002114160859491676e-05 9.550640359520912170e-03 4.995522554963827133e-03 1.102791866287589073e-03
6.857585161924362183e-03 1.303815981373190880e-03 1.052727270871400833e-02 9.012624025344848633e-01 3.867791674565523863e-04 3.304718434810638428e-02 5.312430858612060547e-02 3.267409652471542358e-02 1.864053629105910659e-04 2.415437996387481689e-02 1.571838311065221205e-06 3.687361822812817991e-05 1.775475777685642242e-02 7.495314627885818481e-02 7.730078101158142090e-01 2.552881196606904268e-04 1.323745697736740112e-01 1.529769003391265869e-01 7.297458068933337927e-06
1.655877292072500196e-20 2.080863320465687477e-14 6.553405239144856039e-17 7.799626500215595115e-10 4.587144512942697896e-16 5.069215083811782265e-19 9.999908208847045898e-01 1.927631456055678427e-05 1.259483269677730277e-05 9.987276034396225244e-14 2.285872568162129748e-15 1.880424391502086290e-13 6.939314678433561312e-10 8.269830723293125629e-04 8.481919167024898343e-09 2.029658787705557188e-07 9.993044137954711914e-01 9.999998807907104492e-01 3.309624449499004584e-11
2.751689869910478592e-03 1.108333119191229343e-03 6.590026896446943283e-05 1.844514720141887665e-02 1.801137477159500122e-01 1.023470849759178236e-05 9.913103580474853516e-01 1.079433015547692776e-03 7.282436639070510864e-02 5.023935955250635743e-05 5.157337523996829987e-03 3.593207299709320068e-01 2.127250423654913902e-03 5.038533126935362816e-04 4.175956826657056808e-03 8.634124696254730225e-02 4.614781737327575684e-01 2.133648842573165894e-03 1.810356788337230682e-02
6.063103796805080492e-07 1.222634580244630342e-07 1.923110976020936391e-11 2.759228809736669064e-04 1.424470692873001099e-01 3.886362537741661072e-04 9.996997117996215820e-01 1.017527484492575240e-08 5.250212550163269043e-01 1.839739525166805834e-07 1.100827162758832856e-07 6.115749105811119080e-02 1.938428113135159947e-06 3.582534304769069422e-07 1.209234105772338808e-04 1.273830141872167587e-02 1.067129996954463422e-04 5.740818451158702374e-04 1.635231601539999247e-04
1.843468086515365201e-11 6.265287733064894837e-10 1.139617511469737110e-09 2.611523866653442383e-01 1.231681562297026744e-10 1.916103040122685286e-11 2.429395169019699097e-01 1.344386604614555836e-03 2.234729734595930495e-09 2.183203235972541734e-07 5.118113151038805250e-15 3.091849831715620667e-10 2.665598685780423693e-06 9.517300059087574482e-04 2.357961842790246010e-03 2.651898967087618075e-07 9.999715089797973633e-01 4.799218475818634033e-02 2.629013395871737657e-10
6.636328995227813721e-02 4.009092450141906738e-01 3.788372874259948730e-02 3.659567534923553467e-01 1.480838097631931305e-02 1.300895027816295624e-02 6.125311255455017090e-01 4.214178919792175293e-01 2.638093195855617523e-02 4.538144916296005249e-02 1.619472540915012360e-02 1.725323684513568878e-02 1.057208105921745300e-01 7.136890292167663574e-01 1.042457595467567444e-01 6.790550798177719116e-02 2.140044420957565308e-01 2.246920913457870483e-01 6.812029983848333359e-03
3.888296452068039988e-30 2.692909573730646962e-25 1.351843342078226921e-20 7.989227742655202746e-05 6.772376294741109744e-25 1.280128168678246264e-29 9.973541498184204102e-01 3.009911875295756545e-09 1.493264440390114713e-19 9.864338023228694119e-21 5.332229352400073806e-33 3.719987825628757171e-23 2.796290387012834860e-15 2.061286280552465655e-10 3.091933820087433560e-09 3.502253173275483682e-15 1.000000000000000000e+00 1.368623685493730591e-07 2.844167155327246666e-20
4.069483578205108643e-01 1.043332275003194809e-03 6.841301918029785156e-03 1.467095262341899797e-05 6.210179068148136139e-03 5.824816753374761902e-07 2.203105203807353973e-02 2.860290464013814926e-03 2.555831315476098098e-06 8.498368859291076660e-01 3.703129323184839450e-06 7.412224411964416504e-01 7.509612441062927246e-01 9.540047329892331618e-08 1.740612631806470745e-08 4.288000985980033875e-02 1.235375202668365091e-05 1.733828685246407986e-04 2.363318708376027644e-05
5.492054671049118042e-02 7.726063728332519531e-01 8.911351561546325684e-01 2.551201581954956055e-01 1.207483583129942417e-03 1.320669241249561310e-02 1.789112836122512817e-01 3.109900653362274170e-01 1.484066480770707130e-03 1.899679191410541534e-03 4.327972419559955597e-03 5.891661276109516621e-04 1.837121695280075073e-02 9.131224155426025391e-01 1.848923601210117340e-02 9.256601333618164062e-03 9.062888100743293762e-03 1.701724156737327576e-02 5.453561898320913315e-04
2.360430808039382100e-04 1.516680326312780380e-02 1.418305373590555973e-06 7.266429747687652707e-05 8.378040045499801636e-03 9.999896287918090820e-01 1.920450828038156033e-03 1.024481775857566390e-06 1.423348765820264816e-02 6.022623347234912217e-05 1.059137773040674801e-07 2.274930375278927386e-05 1.395600793330231681e-05 1.501134363934397697e-03 1.259607815882191062e-04 2.616624988149851561e-05 3.281271119703887962e-06 4.010394040960818529e-04 7.951856823638081551e-04
7.634084795427042991e-06 1.234641385963186622e-04 6.491032399935647845e-05 2.483867774571990594e-06 2.697448479011654854e-03 9.999896287918090820e-01 3.374700318090617657e-04 1.483289793213771190e-07 1.517998725175857544e-01 4.122139944229274988e-05 1.040106933913875764e-08 3.257104981457814574e-05 1.121412788052111864e-05 2.038628917944151908e-05 1.144364359788596630e-03 3.376526001375168562e-05 1.216351392940850928e-05 4.883338115178048611e-04 1.063364520668983459e-01
2.391261421144008636e-02 8.793154954910278320e-01 9.998879432678222656e-01 4.640468955039978027e-01 3.610279964050278068e-05 8.838799658406060189e-06 5.560962483286857605e-03 3.214501440525054932e-01 4.553358792236394947e-07 3.117072337772697210e-04 1.535801129648461938e-04 2.364403007959481329e-05 1.516684051603078842e-02 9.921720027923583984e-01 2.151417080312967300e-03 5.731259938329458237e-03 8.777935872785747051e-04 4.847327247262001038e-03 4.080497546965489164e-06
1.228135526180267334e-01 2.276039682328701019e-02 9.331548810005187988e-01 1.504573784768581390e-02 2.838176786899566650e-01 3.432466473896056414e-04 4.047703444957733154e-01 1.716527491807937622e-01 9.209710988216102123e-04 3.269060254096984863e-01 1.381396898068487644e-03 6.937713623046875000e-01 3.221633732318878174e-01 4.123502410948276520e-03 3.322540433146059513e-04 3.591247200965881348e-01 3.982289880514144897e-02 1.268474385142326355e-02 1.565420767292380333e-03
9.997163414955139160e-01 8.626619091955944896e-05 6.199366907714035872e-16 1.311323194386204705e-05 1.113713253289461136e-03 8.834924111744690833e-12 1.971687190234661102e-03 5.277219656818488147e-07 1.416645828422602449e-10 2.634052932262420654e-01 5.882353631969650110e-12 6.602483391761779785e-01 1.133220735937356949e-02 3.039198260461686840e-14 1.033697917708761502e-14 8.722563507035374641e-06 1.001927962818172091e-08 1.895671841722901263e-09 3.088696243214172910e-10
3.551054032868705690e-05 1.369847609566932078e-06 3.795069536405293320e-10 1.000000000000000000e+00 1.462148402353591337e-09 4.494277838773541589e-09 5.305326733484605484e-10 2.135360409738495946e-04 3.230276776820644320e-18 2.342137008781719487e-07 2.274550390684058151e-20 2.092340951743695208e-18 9.567702363710850477e-06 9.308747053146362305e-01 4.408707900438457727e-05 1.109404512700251644e-10 9.403836997989856172e-07 1.769055426120758057e-01 4.931014399957368012e-19
9.872818589210510254e-01 8.163403272628784180e-01 9.930348396301269531e-01 1.508031785488128662e-02 1.921265386044979095e-03 6.066839432605775073e-06 1.575046218931674957e-02 4.139908850193023682e-01 5.554954623221419752e-05 9.835608070716261864e-04 2.247279044240713120e-04 2.819659560918807983e-02 6.555972695350646973e-01 1.712017208337783813e-01 1.080833044397877529e-05 5.011789035052061081e-03 1.688219024799764156e-03 2.408930100500583649e-03 3.932294202968478203e-04
2.343497239053249359e-02 7.441726922988891602e-01 2.523354487493634224e-03 5.613481402397155762e-01 5.711760604754090309e-04 4.197491216473281384e-04 1.026967391371726990e-01 5.447990298271179199e-01 2.636208373587578535e-04 3.170846495777368546e-03 3.528262022882699966e-04 1.910567516461014748e-04 2.409951202571392059e-02 9.707184433937072754e-01 8.401488885283470154e-03 9.047454223036766052e-03 3.766188770532608032e-02 6.102613732218742371e-02 3.826321335509419441e-05
7.682275958359241486e-03 9.381306171417236328e-01 9.994210004806518555e-01 6.776811480522155762e-01 7.566345175291644409e-06 2.383774244663072750e-06 6.966684479266405106e-03 2.870682179927825928e-01 3.306869018615543609e-07 1.150017851614393294e-05 1.515087205916643143e-04 1.195156983158085495e-06 1.921912888064980507e-03 9.972940087318420410e-01 1.046028453856706619e-03 1.375915948301553726e-03 6.523065385408699512e-04 1.927871257066726685e-03 7.571178457510541193e-07
4.273487683178838446e-16 3.723116107946788933e-13 4.983124915307335367e-13 8.381497173104435205e-05 1.413020308399515201e-12 2.113030624835443051e-15 9.999965429306030273e-01 1.203720148623688146e-05 1.388597770102251161e-08 2.886285611555794439e-12 3.254536693785069039e-15 2.279672804694765631e-11 6.455119461179492646e-08 8.032367304622312076e-07 1.141390384873375297e-04 3.252884894777707814e-08 9.999744892120361328e-01 1.997290155486552976e-08 6.661091234150262608e-09
2.215713203190805558e-11 1.408587801954297447e-09 3.859227160063483097e-09 2.240681555122137070e-03 2.280727828818385206e-09 4.488311111661147379e-11 9.968717694282531738e-01 8.011417812667787075e-04 1.300148255722888280e-06 1.635441115865887696e-08 3.037429335828178978e-11 1.543942573789536254e-08 6.403581664926605299e-06 8.857227658154442906e-05 1.955196028575301170e-03 3.956109139835461974e-06 9.998298883438110352e-01 1.014996669255197048e-04 7.790837912580172997e-07
1.136430533010823751e-10 2.728785375438746996e-07 4.787830576447049680e-09 4.558086402539629489e-06 1.668679487920599058e-07 3.907862922147842255e-09 9.999985694885253906e-01 5.790615105070173740e-04 3.194716870784759521e-01 3.912540691430876905e-08 5.053005679656052962e-06 1.167468417406780645e-05 1.906757461256347597e-05 4.135421186219900846e-04 1.415872015058994293e-03 1.012080829241313040e-04 8.082382082939147949e-01 3.923850017599761486e-04 2.324993489310145378e-03
4.740920849144458771e-03 1.577478769831941463e-06 1.151395978560287858e-09 9.999508857727050781e-01 1.910924464464187622e-01 8.540137969248462468e-06 3.208555579185485840e-01 5.347239948605420068e-06 5.939079710515215993e-05 1.079821322491625324e-05 3.176700458240588887e-09 3.777974343392997980e-04 4.379647725727409124e-05 3.911179192073177546e-06 1.562172430567443371e-03 1.304463017731904984e-03 6.902585923671722412e-02 8.683875307724520098e-07 2.678405408573780733e-08
5.829710492122330834e-09 2.383772649758308937e-12 2.688182724921821254e-14 1.000000000000000000e+00 6.847000122434110381e-08 7.253504008986055851e-06 1.593203342054039240e-04 3.777075541222529864e-09 7.169595472866774344e-10 2.676234667903232278e-12 1.520589600677786723e-22 1.112425678383390307e-18 2.306349555780684568e-09 9.659962785235620686e-08 4.641227715183049440e-04 7.250072395735551734e-13 1.084045157767832279e-03 7.335149154741316124e-11 3.552005201914571711e-17
1.580513053340837359e-04 1.687855046839104034e-06 3.446935536999262695e-08 8.357621431350708008e-01 2.826358377933502197e-02 4.191581392660737038e-04 9.588156342506408691e-01 3.014771391463000327e-05 2.348900161450728774e-04 3.684709081426262856e-04 2.990986125439576426e-09 3.492963500320911407e-03 4.468198167160153389e-04 1.449679984943941236e-05 1.738367788493633270e-02 1.541219302453100681e-03 2.865422703325748444e-02 1.458339247619733214e-04 6.998010348979732953e-07
2.735974490642547607e-01 7.714865356683731079e-02 1.150877935174321465e-07 1.000000000000000000e+00 8.265702635981142521e-04 2.497577611393353436e-07 8.840966074785683304e-06 1.762249623425304890e-03 3.135477211202442049e-09 1.018163220578571782e-05 8.166668408193800133e-08 5.094512545156248962e-08 1.451535848900675774e-03 8.921927809715270996e-01 2.095242734867497347e-06 3.844326129183173180e-04 2.439320633129682392e-05 5.405545380199328065e-05 9.550476853803502308e-09
2.091581884284707094e-19 2.777315877278141443e-10 1.412215248815557662e-26 1.272714231163263321e-03 2.369729759643668388e-11 1.046456399122382684e-16 1.000000000000000000e+00 3.148762311002209491e-14 7.011092384345829487e-04 1.255805007242049485e-20 1.679489516277538237e-15 2.912778931897161416e-14 9.273788503891700757e-15 1.845729912020033225e-06 5.566433713966034702e-08 1.201082122648244876e-09 4.213309807710174937e-07 2.283634198895715534e-14 2.046969191371594832e-11
3.992746265484146743e-23 1.950584316870408383e-15 5.064306436327310044e-26 4.315290595968690468e-07 7.732020579354070833e-11 3.201032633444444580e-18 1.000000000000000000e+00 3.764249992981895387e-14 7.833517884137108922e-05 2.704839502511714268e-19 1.607329389837515302e-17 2.973832291530698058e-11 1.210985521929441866e-12 1.190297305164733643e-09 9.787523680415688432e-08 8.825278996482666116e-07 1.724702633509878069e-05 3.918044274436871532e-12 5.017500304127509025e-12
1.025962177664041519e-02 2.914861310273408890e-03 6.488720032393757720e-07 9.997952580451965332e-01 1.056554494425654411e-03 1.133258376029289138e-08 3.378613889217376709e-01 3.865514881908893585e-03 1.534090260975062847e-04 1.958149141501053236e-06 1.813131093513220549e-04 2.742163133007124998e-06 2.210179663961753249e-04 1.041323225945234299e-02 1.014568028040230274e-03 7.017225289018824697e-05 8.325268626213073730e-01 6.089685484766960144e-07 2.143265419363160618e-06
2.966783263502748014e-08 1.381467973260441795e-05 9.894169927804341569e-09 9.981837868690490723e-01 2.241401730884717836e-09 2.459954288880350504e-11 4.571324884891510010e-01 2.198142930865287781e-02 7.484457142936662422e-08 1.402136035721923690e-06 1.294590042805188190e-11 2.471353850730384494e-11 3.752950215130113065e-05 3.601324558258056641e-01 6.618056213483214378e-04 2.502880533938878216e-07 9.958887696266174316e-01 4.833472426980733871e-03 5.127897551027160716e-10
8.788172273233030296e-11 3.716651519880542764e-07 6.590044265494809927e-13 1.000000000000000000e+00 8.391083509452779143e-13 2.408766983675035182e-17 1.985037699341773987e-02 1.952489139512181282e-03 2.254686238059577796e-12 4.180680246435031222e-10 9.033651877400803533e-18 4.854362157531493165e-19 1.396204538650636096e-07 3.098657131195068359e-01 3.588926119846291840e-06 2.486939300327950519e-11 9.912009239196777344e-01 1.517597979727725033e-06 2.035532933513186944e-16
1.103266444673310642e-13 1.792898721631818577e-26 2.823219450269687550e-34 1.000000000000000000e+00 1.565766361011355912e-08 6.141382158375563449e-08 3.532931724947729890e-09 4.160199584215492927e-24 4.875712226808884969e-16 1.923126653204823123e-25 0.000000000000000000e+00 2.135909572325469021e-29 2.430435485176517223e-20 1.440308652613960991e-21 4.388909236041627082e-10 1.421516021903486851e-20 8.346037194684186034e-10 5.096135795492000696e-23 1.111497852275950367e-31
2.178012193188654335e-21 6.327989499674253098e-29 3.514767748889598469e-37 6.769636206966627855e-18 1.773090771166607738e-04 1.000000000000000000e+00 2.500819516748631344e-11 4.959643232338602972e-37 3.509032922011101618e-07 2.289827988467322091e-21 0.000000000000000000e+00 1.538081990707032733e-19 2.198594194250542037e-24 2.433988097045401235e-28 3.322671817267051820e-19 9.277095267578222343e-19 5.547700439485337402e-21 8.090045560543712710e-13 1.527631823825389664e-20
3.700943887233734131e-01 6.394708901643753052e-02 2.581452718004584312e-03 2.167042531073093414e-02 2.060704492032527924e-02 1.994410762563347816e-03 6.969168782234191895e-02 1.291485577821731567e-01 1.134638558141887188e-03 8.445349931716918945e-01 4.494966473430395126e-03 4.895216822624206543e-01 5.875598788261413574e-01 7.976848282851278782e-04 5.859223310835659504e-04 1.548039764165878296e-01 7.500106934458017349e-03 6.854325532913208008e-02 2.635184442624449730e-03
1.448322927899425849e-05 1.737355953082442284e-03 9.999704360961914062e-01 2.447504997253417969e-01 5.447102012112736702e-06 7.347622954512189608e-08 8.387017250061035156e-01 1.405309289693832397e-01 3.363596624694764614e-05 1.045029148372123018e-05 1.083105232169145893e-07 3.459503261638019467e-07 4.589759279042482376e-03 3.225911259651184082e-01 1.470837928354740143e-02 1.478762249462306499e-03 9.122581481933593750e-01 9.187918039970099926e-04 8.679941674927249551e-05
9.948582010110840201e-05 1.894479617476463318e-03 1.188106252811849117e-04 1.036414992995560169e-03 3.975771833211183548e-04 1.309293875237926841e-04 9.984264373779296875e-01 1.381897274404764175e-02 5.324602127075195312e-01 1.296515838475897908e-04 3.942600451409816742e-03 3.651611972600221634e-03 2.358151366934180260e-03 1.498385611921548843e-02 5.212898924946784973e-02 2.271957695484161377e-03 5.765880942344665527e-01 1.630843617022037506e-02 1.933654397726058960e-01
6.339466199278831482e-04 7.243342224683146924e-06 2.299021042984072949e-11 4.138908088207244873e-01 1.152580953203141689e-03 1.208548724207503255e-06 5.082156276330351830e-04 4.936513141728937626e-05 7.772638782599372576e-11 9.999880790710449219e-01 4.997057212463573705e-10 7.669510841369628906e-01 4.020729975309222937e-04 2.839862789372205043e-09 1.577495396531958249e-07 3.848020732402801514e-02 1.310121933784103021e-05 2.850486271199770272e-05 2.420267979086343502e-12
3.219104473828338087e-05 9.532233207210083492e-07 1.195368470874313971e-09 2.495885382813867182e-06 8.223602175712585449e-02 8.364044457032093760e-10 8.347711563110351562e-01 1.275544345844537020e-04 9.263916922463977244e-07 1.206734124571084976e-02 4.838996758849134494e-08 9.953552484512329102e-01 9.792773053050041199e-03 3.952562277476090458e-09 7.603183083126907604e-10 4.784305393695831299e-01 6.223745644092559814e-03 1.559478005219716579e-05 8.740275347918213811e-08
2.576772239990532398e-04 9.588287025690078735e-02 5.781103027402423322e-07 7.456217426806688309e-04 2.283043722854927182e-04 9.999966621398925781e-01 4.497109330259263515e-04 8.947739843279123306e-06 7.736985571682453156e-04 9.650769925428903662e-07 6.984413047916859796e-09 4.425251987072442716e-08 5.293391950544901192e-06 3.820700049400329590e-01 1.187008965644054115e-04 4.665688209115614882e-07 7.010976332821883261e-07 1.866831880761310458e-04 3.447088374741724692e-06
2.494973705324809998e-05 6.921574473381042480e-01 7.098032028807210736e-08 9.281343955080956221e-05 7.659139100724132732e-07 9.999102354049682617e-01 1.089274138212203979e-02 2.339897037018090487e-05 2.737172471825033426e-04 3.290231020969258680e-08 1.005408289955767032e-08 4.881508086640451438e-09 1.890430638695761445e-07 9.267310500144958496e-01 4.027850991406012326e-06 6.184180278978601564e-08 3.053854413792578271e-07 3.085544085479341447e-05 2.830701362199761206e-07
1.866407319903373718e-02 7.781968712806701660e-01 9.999885559082031250e-01 6.952649950981140137e-01 2.117865806212648749e-04 1.957392851181793958e-05 7.925315760076045990e-03 1.581316292285919189e-01 1.311404275838867761e-06 6.645929533988237381e-05 5.217948928475379944e-04 5.443347163236467168e-06 8.513439446687698364e-03 9.859144687652587891e-01 5.226934328675270081e-03 1.239586342126131058e-02 1.046075718477368355e-03 2.062851563096046448e-03 2.203140502388123423e-05
3.538366407155990601e-02 6.345000863075256348e-01 9.999502897262573242e-01 7.813537120819091797e-01 1.222162274643778801e-03 1.158813174697570503e-04 1.707288622856140137e-02 1.462067514657974243e-01 1.722401430015452206e-05 3.039817092940211296e-04 1.354336971417069435e-03 2.398866490693762898e-05 1.939165592193603516e-02 9.479644894599914551e-01 1.308887545019388199e-02 2.863595075905323029e-02 3.149772528558969498e-03 4.256670363247394562e-03 1.442616485292091966e-04
1.226913742721080780e-02 6.927587985992431641e-01 9.999994039535522461e-01 9.717348814010620117e-01 2.189308725064620376e-04 7.374934739345917478e-06 5.665235221385955811e-04 5.531509220600128174e-02 3.565413209116741200e-08 1.137336585088633001e-05 3.657381748780608177e-04 5.426722395895922091e-07 5.561693105846643448e-03 9.938700199127197266e-01 9.526664391160011292e-03 2.068011835217475891e-02 1.588615996297448874e-04 6.745765451341867447e-03 8.274428182630799711e-06
1.851019624155014753e-04 8.919379906728863716e-04 3.044730483361957063e-12 2.380017042160034180e-01 1.169902230646613361e-10 7.848564465007257240e-09 6.682249136247264687e-07 3.581409528851509094e-02 7.769376674405126942e-15 9.999984502792358398e-01 7.213186714594144178e-10 2.908783964812755585e-03 2.403925405815243721e-03 2.781643524940591305e-05 2.954139155519897031e-09 3.445231122896075249e-04 1.683053824308444746e-06 3.125549992546439171e-03 9.176612649017951151e-14
6.023476942796434177e-17 2.037816394578548240e-13 1.551970823650771457e-15 2.042940631508827209e-02 1.160246588204332657e-14 4.264465458801600063e-16 6.112996023148298264e-03 4.319532672525383532e-05 1.808849511147903044e-12 4.446778709144005859e-11 3.693465236522621170e-21 1.255450279326331131e-13 7.214026043200760796e-10 1.059388960129581392e-04 1.879682895378209651e-05 4.292158017893399347e-10 9.999997615814208984e-01 9.992274045944213867e-01 3.932254742905049588e-15
2.360513534990652321e-15 1.840565960208625888e-15 9.947486276563661281e-18 1.000000000000000000e+00 2.786088298679630440e-16 2.390679063658690138e-24 3.853090107440948486e-02 1.463664744960624375e-07 3.821576084356212964e-17 4.784803568711869931e-15 1.114434431939016395e-26 1.401601829147647825e-23 5.597151214731255209e-11 2.539264016832021298e-07 1.529915749642896117e-08 2.484189239135726340e-15 9.999903440475463867e-01 1.195014495480395747e-14 7.273661211015035732e-24
4.023706540465354919e-03 1.413516700267791748e-02 1.771541283233091235e-04 2.542308345437049866e-02 4.098644480109214783e-03 6.314064958132803440e-04 2.327916175127029419e-01 2.477077692747116089e-01 5.918025271967053413e-04 9.658883213996887207e-01 1.148003851994872093e-03 5.276119112968444824e-01 5.712086707353591919e-02 2.938807010650634766e-03 2.050371840596199036e-03 3.006023168563842773e-01 8.279369026422500610e-02 4.249957203865051270e-02 2.450928732287138700e-04
5.394813342718407512e-05 1.267611398361623287e-03 6.536978069959786808e-09 1.453601662069559097e-02 1.013205860544985626e-06 5.304087267177237663e-07 2.178510185331106186e-03 9.846390783786773682e-02 5.384961365706431025e-09 9.999142885208129883e-01 5.492817649610515218e-07 1.836154311895370483e-01 3.930247854441404343e-03 1.320837909588590264e-04 2.464119916112395003e-06 5.444385483860969543e-02 1.599823008291423321e-03 5.230037029832601547e-03 4.369175687912729700e-09
2.460510813762084581e-06 1.796859834257702460e-07 8.501404025196279690e-09 1.691617369651794434e-01 9.223900735378265381e-03 2.407857664366019890e-07 9.959723353385925293e-01 4.173461638856679201e-05 1.803803570510353893e-05 3.117131709586828947e-04 2.031983248329538583e-09 5.547642335295677185e-02 6.726360879838466644e-04 3.118278073088731617e-06 2.975811657961457968e-04 2.685466036200523376e-02 1.048231869935989380e-01 9.933481487678363919e-05 2.781154648801020812e-07
5.786017220898997948e-10 3.426415262630655434e-10 1.001466010813745200e-11 1.615967974066734314e-02 6.833340194134507328e-06 2.333779558494342155e-10 9.998006224632263184e-01 1.958517168532125652e-05 3.686177052486527828e-08 4.917826663586311042e-05 3.380154229432053015e-13 7.069574785418808460e-04 9.506064088782295585e-05 3.115006848020129837e-07 6.870283687021583319e-05 8.892912883311510086e-04 5.026251077651977539e-01 4.180989890301134437e-06 1.090827095318047668e-09
6.533892792311046560e-22 4.395937628078839537e-18 9.358714832980054689e-17 3.764092223718762398e-03 6.458125261555562658e-19 4.653827178354871451e-21 1.063368171453475952e-01 1.768409902069834061e-06 2.478812485744792855e-15 1.986425923110411024e-14 3.909364150979590243e-26 9.173705962815219413e-18 6.447023470634860587e-12 1.051788444783596788e-06 8.609586075181141496e-07 2.441382382714629706e-12 1.000000000000000000e+00 2.562133073806762695e-01 2.946333631235894211e-17
1.691360473632812500e-01 5.489271716214716434e-04 9.727614269650075585e-06 9.991982579231262207e-01 1.248723417520523071e-01 1.773675903677940369e-03 7.335308194160461426e-02 9.759365930221974850e-04 2.684165374375879765e-04 1.553233712911605835e-03 2.486396397216594778e-06 1.722303917631506920e-03 3.520914819091558456e-03 6.257911445572972298e-04 3.489022329449653625e-02 2.987519139423966408e-03 7.781145721673965454e-02 1.476157631259411573e-04 4.105017524125287309e-06
6.840774440206587315e-04 3.607442522479686886e-06 7.673956609055565536e-11 7.881175875663757324e-01 1.179136859263962833e-07 3.039711009478196502e-05 5.732521913159871474e-06 1.358641893602907658e-04 1.977924985255286039e-12 9.999998807907104492e-01 9.217992341659098088e-11 8.423820137977600098e-03 9.287418797612190247e-04 2.232488638398422154e-09 2.904225311795016751e-06 3.268602085881866515e-05 1.609547666703292634e-06 1.831903136917389929e-05 2.651009023846989665e-13
8.994528055191040039e-01 1.207851237268187106e-04 8.363214565321186456e-10 9.930508136749267578e-01 1.264690363314002752e-04 1.150009325101564173e-06 5.265669460641220212e-05 1.943468960234895349e-04 2.195302446772462446e-11 9.981431961059570312e-01 9.855548321890950092e-11 1.652975752949714661e-02 6.280814111232757568e-02 8.698581410726546892e-08 1.328032340097706765e-06 2.849836710083764046e-05 1.203863666887627915e-05 4.910483403364196420e-05 9.466817954550954539e-12
3.038589420611970127e-05 1.279082528782282679e-08 1.200821986300831725e-15 6.896332251926651224e-07 5.855888218775362475e-09 1.180543329759586868e-09 2.290001930305152200e-06 5.593989408225752413e-05 4.752876779347487216e-15 1.000000000000000000e+00 2.640015376448312523e-12 3.012935221195220947e-01 3.596241585910320282e-04 7.932170477636772687e-15 9.560152149090672680e-13 1.921370625495910645e-03 2.330023463059660571e-08 2.780279601211077534e-06 4.871271233066430673e-15
3.784589003771543503e-03 2.574877908045891672e-05 1.044810346684243996e-06 1.621285974979400635e-01 5.592810703092254698e-05 9.607599622540874407e-07 8.510510921478271484e-01 2.201664028689265251e-03 1.995246566366404295e-05 2.444493929942836985e-06 2.504805252101505175e-07 3.243661558371968567e-05 4.738307907246053219e-04 2.880997257307171822e-03 4.391851127147674561e-01 1.524854815215803683e-05 9.953458905220031738e-01 3.105065843556076288e-04 1.254138896911172196e-05
1.584977112098760985e-25 6.742741255722285146e-22 1.933124316399806220e-23 1.579825936737222492e-09 2.719065716577919230e-18 7.791181279148862754e-25 1.000000000000000000e+00 5.721253160118067171e-08 2.446860708908466138e-15 1.212991431473811610e-13 5.545321793508711727e-24 4.059700926123399611e-12 1.441121944001366728e-10 3.202251831757596534e-12 6.707946198503123014e-09 5.388927526439601934e-09 9.999995231628417969e-01 6.395216821386551231e-12 3.654361020602805987e-15
4.104108307970131373e-20 2.704253311623487643e-14 2.053631290145171674e-20 6.266852542544804061e-14 1.512476430177382009e-14 3.830889204900528939e-24 1.000000000000000000e+00 1.670216768980026245e-02 2.085887208401124293e-13 5.771338474005460739e-04 1.336974274000724775e-15 3.733341768383979797e-02 1.492927367507945746e-06 2.819091748235136308e-12 4.655784004853336100e-12 2.145132422447204590e-02 9.992239475250244141e-01 1.080657958951736219e-11 3.600587493088336366e-12
9.994130134582519531e-01 9.999452829360961914e-01 1.712159602464125019e-12 4.594803750514984131e-01 5.498317801055918608e-09 5.379247479446675265e-15 3.133077916572801769e-05 8.322562575340270996e-01 7.334191476360274464e-09 1.175650965468122422e-10 1.672911093919537961e-05 1.042612112200913543e-07 3.185444802511483431e-04 4.561365116387605667e-03 1.404444048139555628e-15 1.150372440861247014e-06 9.143249144472065382e-07 8.013994801103763166e-09 1.141824048506157041e-12
9.999862909317016602e-01 1.094550173729658127e-02 2.580844982169594459e-10 9.997643828392028809e-01 9.055501222610473633e-01 1.265039982489835069e-11 3.288515727035701275e-04 5.049907485954463482e-06 6.027142118725237196e-10 5.545187420352704066e-08 3.494472480269905645e-07 2.939778566360473633e-02 6.341282278299331665e-05 1.457948565075639635e-05 1.920477554762101136e-09 7.458893232978880405e-04 7.187801384134218097e-05 7.535501111988196499e-10 2.228161127826311372e-10
5.866289734840393066e-01 8.775988817214965820e-01 1.288955972995609045e-04 3.300907462835311890e-02 9.499875595793128014e-04 7.689159247092902660e-04 6.934428811073303223e-01 1.897153556346893311e-01 3.102402687072753906e-01 1.114298705942928791e-03 4.031468182802200317e-02 1.616379618644714355e-02 4.869406111538410187e-03 3.303000703454017639e-02 3.226342087145894766e-04 1.472888514399528503e-03 4.736311733722686768e-02 1.868739491328597069e-03 1.348837371915578842e-02
1.718661671312737838e-11 6.985101208556443453e-07 2.396140587785115447e-15 7.152371690608561039e-04 5.829354332576031084e-09 6.988972472754539922e-06 9.999985694885253906e-01 1.196881882492561999e-08 1.016010181047022343e-03 3.621060699551814643e-13 2.966345973107881173e-13 3.028160838400295596e-12 1.068270694126738363e-09 1.391695719212293625e-02 6.060829618945717812e-04 1.441518571176914065e-09 5.834509647684171796e-05 1.712094643835371244e-08 2.884910266232054710e-08
7.292134436180853401e-17 8.179079178863082346e-19 1.126081192832626879e-23 5.421210338686600558e-15 4.034938319819048047e-05 1.000000000000000000e+00 1.043145639312292872e-10 1.712996972694245343e-26 1.271816381631651893e-05 1.623753821905919215e-16 2.731104783386925661e-32 1.002298652522994884e-16 1.349763028074095805e-18 1.088719074938411497e-17 1.160025986943549747e-13 1.899643967180771574e-15 2.134660934632561695e-16 2.101889357009056880e-10 1.711962955295090461e-13
1.635218723095022142e-06 4.538531939033418894e-04 1.577954787505570639e-14 2.264007343910634518e-05 6.737268449796829373e-06 8.130235983117017895e-06 9.999837875366210938e-01 6.085073334105572940e-09 5.013427138328552246e-01 9.098182623956674320e-11 1.380660847871695296e-07 5.272976522974204272e-06 2.183674574496308196e-09 5.862966281711123884e-05 2.353057243453804404e-05 1.637089468431440764e-07 1.288318253500619903e-05 1.478326112192007713e-06 2.398806624114513397e-03
9.542641639709472656e-01 3.157438635826110840e-01 2.535298168659210205e-01 5.857630372047424316e-01 6.414174288511276245e-02 3.405513998586684465e-04 1.207078061997890472e-02 1.157652586698532104e-01 2.328173650312237442e-05 4.452729970216751099e-02 9.504432673566043377e-04 1.562079489231109619e-01 6.513969898223876953e-01 8.280795067548751831e-02 2.688413718715310097e-03 2.777031436562538147e-02 3.083933843299746513e-03 7.109685987234115601e-02 1.803365594241768122e-04
4.115696251392364502e-02 6.457081064581871033e-03 1.148281007772311568e-04 2.178291976451873779e-02 4.761034622788429260e-03 4.387757740914821625e-03 3.471055626869201660e-02 7.432528585195541382e-02 2.065248554572463036e-04 9.941422343254089355e-01 8.293346618302166462e-04 4.239908456802368164e-01 6.468512862920761108e-02 1.642877177800983191e-04 7.703232113271951675e-04 1.171408221125602722e-01 7.099325302988290787e-03 2.737358957529067993e-02 9.954076085705310106e-05
8.374272286891937256e-02 2.085731327533721924e-01 1.242527086287736893e-02 9.551152586936950684e-01 1.955717429518699646e-02 6.779052317142486572e-03 8.629704266786575317e-02 3.349213600158691406e-01 9.288688306696712971e-04 3.693967312574386597e-02 8.336361497640609741e-04 1.439824933186173439e-03 6.708692759275436401e-02 8.013084530830383301e-01 1.069360971450805664e-01 2.715194597840309143e-02 1.006576046347618103e-01 3.565770685672760010e-01 3.750553005374968052e-04
4.331322014331817627e-02 6.740442663431167603e-02 7.613027840852737427e-02 2.757089585065841675e-02 8.860380947589874268e-02 8.610422015190124512e-01 1.916088759899139404e-01 2.715120837092399597e-02 3.502734303474426270e-01 6.612348556518554688e-02 7.822632789611816406e-03 6.665864586830139160e-02 5.077288672327995300e-02 3.210344538092613220e-02 1.366129964590072632e-01 4.271199926733970642e-02 5.065787583589553833e-02 9.391785413026809692e-02 3.161881566047668457e-01
9.941330552101135254e-01 2.707200944423675537e-01 8.121789392134814989e-07 8.674284799781162292e-06 4.294555765227414668e-05 1.131931437470257151e-09 8.226274803746491671e-05 4.381200764328241348e-03 1.296781526605172985e-08 2.799330744892358780e-03 1.415191608344912311e-08 3.876681923866271973e-01 9.992455244064331055e-01 3.013731202372582629e-07 4.238818671065125443e-11 9.659656207077205181e-04 1.945898588928685058e-07 6.653201417066156864e-04 1.485751681684632786e-07
3.864131549021861047e-17 7.708100824288521835e-09 6.513993557115276993e-19 6.998206488788127899e-03 1.234493930690749863e-11 7.927564656576738624e-17 1.000000000000000000e+00 3.335319576081019477e-08 2.077663111776928417e-06 3.379418869308564721e-13 1.858497859460236240e-14 7.387897585364733288e-12 4.301691447494704335e-09 6.599019252462312579e-05 1.826855964282003697e-07 1.484084890535086743e-07 6.560578010976314545e-03 2.399698061789079517e-12 5.068539338237698644e-11
8.819086267136405899e-22 1.704835749026349656e-14 1.555197520803491278e-19 2.478244389217398869e-12 4.823368700973551526e-12 1.205577017508480554e-15 1.000000000000000000e+00 1.417614248211407357e-09 1.358332345262169838e-03 9.957148766528284289e-14 4.893689145861641887e-14 8.100670356725458987e-09 1.980273367507834337e-08 4.992468216613588083e-09 1.492066132868785644e-07 2.881552973121870309e-06 1.364729134365916252e-03 1.496788026855710996e-09 3.750129806689983525e-08
9.513604044914245605e-01 1.498810631161973106e-09 1.835296773591343952e-19 9.999977350234985352e-01 9.989350438117980957e-01 3.657258415383501937e-13 9.541221894323825836e-03 8.265463373414647097e-14 4.428954702984100322e-10 1.240446547562390478e-11 7.476725944095818921e-15 6.449678540229797363e-02 6.664985924276223272e-11 4.897996613330291016e-13 3.932683345642118411e-11 5.364020820707082748e-03 2.944315565400756896e-05 1.006661681096643335e-11 6.959454569910642451e-16
1.045131639397693837e-24 5.680316641433834160e-23 2.162927860016282301e-20 1.000000000000000000e+00 3.622645229823743110e-23 5.933211492175522622e-33 9.943002462387084961e-01 2.521290953794164125e-10 7.351211128935873563e-23 2.651751616253557815e-21 7.174572355122112717e-37 3.736022135967379264e-27 2.140865101570108703e-14 6.334049951206566220e-11 4.336461745246822375e-10 4.041794724474980416e-18 1.000000000000000000e+00 1.431137231026729610e-18 5.513965356764849862e-28
3.703881986439228058e-03 2.420534491539001465e-01 2.741813659667968750e-04 2.235471270978450775e-03 3.753616241738200188e-03 9.996113181114196777e-01 1.415812317281961441e-02 5.440633394755423069e-04 1.719723083078861237e-02 2.398955984972417355e-04 1.315201916440855712e-05 8.185350452549755573e-05 4.189501632936298847e-04 1.984858959913253784e-01 3.107247175648808479e-03 1.572040346218273044e-04 1.783609041012823582e-04 3.675144398584961891e-03 1.301267300732433796e-03
3.301593288779258728e-02 2.489205300807952881e-01 3.438387997448444366e-03 3.316870331764221191e-02 3.053314238786697388e-02 9.925602674484252930e-01 4.650825634598731995e-02 9.009718894958496094e-03 4.946128278970718384e-02 4.339206032454967499e-03 4.322928143665194511e-04 1.447590766474604607e-03 7.308428175747394562e-03 2.599351704120635986e-01 3.146624192595481873e-02 2.181833842769265175e-03 3.144461894407868385e-03 2.675770781934261322e-02 6.800261791795492172e-03
1.579424552619457245e-02 2.912335693836212158e-01 2.193050226196646690e-03 9.056757204234600067e-03 1.567150466144084930e-02 9.955536723136901855e-01 5.294522643089294434e-02 4.436885472387075424e-03 4.507639259099960327e-02 2.639725105836987495e-03 2.526172320358455181e-04 1.312104519456624985e-03 3.419697983190417290e-03 1.903544515371322632e-01 1.180823892354965210e-02 1.683797570876777172e-03 1.607802580110728741e-03 1.341493148356676102e-02 6.943772546947002411e-03
6.300378572632325813e-06 9.304525150355402729e-08 1.117829380491500157e-16 7.715583778917789459e-03 4.893633831493104935e-10 1.127529714040065301e-08 9.874925410713331075e-08 2.311252319486811757e-05 1.146102810875256669e-16 1.000000000000000000e+00 2.363236559568826500e-13 3.749515861272811890e-02 6.615477468585595489e-05 1.631347292495310963e-12 2.073098914756599243e-10 1.121243403758853674e-04 1.617497957795421826e-08 6.398712457666988485e-07 2.658847671087579486e-17
1.094568986445665359e-03 3.632214657045551576e-06 1.054581091506842649e-13 9.998688697814941406e-01 6.984716138802582464e-10 3.460122854903602274e-08 9.281814428163670527e-09 3.527330409269779921e-05 4.858866362761997539e-18 1.000000000000000000e+00 1.440454065705296105e-14 1.947600248968228698e-04 1.319239498116075993e-03 4.457534341639757258e-09 4.748524240483220638e-09 4.263283699401654303e-07 4.193165992205649673e-08 2.981654688483104110e-06 2.680221108217275912e-18
2.617496810853481293e-02 7.230699062347412109e-02 2.675876748980954289e-05 3.846057355403900146e-01 1.140108943218365312e-04 3.429990320000797510e-04 6.942332256585359573e-03 2.596678435802459717e-01 3.414432967474567704e-06 9.883760213851928711e-01 1.994505146285519004e-04 7.761203497648239136e-02 7.714827358722686768e-02 1.901998370885848999e-02 4.816279397346079350e-04 3.368447348475456238e-02 6.031498312950134277e-03 7.825531810522079468e-02 5.203707587497774512e-06
1.530216877654311247e-06 4.332841569976153551e-07 6.664564011771290097e-08 1.431318670511245728e-01 2.351058901695068926e-05 3.582893441489432007e-06 9.320669174194335938e-01 5.844613537192344666e-03 1.903602310449059587e-06 5.734467878937721252e-02 3.148073579595234150e-09 1.342671224847435951e-03 1.559148891828954220e-03 1.850423286668956280e-04 2.008152566850185394e-02 1.824813662096858025e-03 8.053491115570068359e-01 8.829346857964992523e-03 3.096832017490669386e-07
1.663993942635499934e-10 1.189977116844431748e-09 2.764877909955387736e-11 2.002938126679509878e-04 1.136968080572842155e-06 2.751438243908665982e-10 9.998208880424499512e-01 4.731450462713837624e-04 8.293598341424512910e-08 1.369125209748744965e-03 3.909342294328155276e-11 6.201662588864564896e-03 2.068214089376851916e-04 4.177082360001804773e-07 3.958317392971366644e-05 4.596166778355836868e-03 6.553438305854797363e-01 2.613527612993493676e-05 2.064624915476542810e-08
1.339234927399957087e-06 4.471857209864538163e-06 1.475475187362462748e-06 5.253033712506294250e-02 4.121398433198919520e-06 9.537280129734426737e-05 9.820151329040527344e-01 3.123250789940357208e-03 3.880711446981877089e-04 2.381129661443992518e-06 2.568580370621020847e-08 4.959840111951052677e-07 3.043462347704917192e-04 1.842913217842578888e-02 4.320848286151885986e-01 7.711802936682943255e-06 9.534826874732971191e-01 1.174365170300006866e-03 2.548289921833202243e-05
3.787563897445847112e-21 1.750243865810139553e-19 3.092638933231419499e-22 1.544768110761651769e-06 1.490655167390216723e-15 2.156897616415542696e-19 1.000000000000000000e+00 3.788939650917200197e-08 2.060606019312332532e-14 1.160695498048092134e-11 1.175091700924378945e-23 1.395954272315202971e-11 3.498785039468543800e-09 1.374774183382498904e-10 1.906281909214158077e-06 1.547889927344670014e-09 9.999324083328247070e-01 1.202901944719059202e-10 9.805198340274209196e-16
6.715650558471679688e-01 1.495609618723392487e-02 8.312241334351710975e-06 1.442343443632125854e-01 7.065240642987191677e-04 6.513554399134591222e-05 1.422621193341910839e-03 2.592676505446434021e-02 3.729277011643716833e-07 9.882395267486572266e-01 1.507069737272104248e-05 2.171629369258880615e-01 3.615563213825225830e-01 1.779665035428479314e-05 8.456571777060162276e-06 8.617746643722057343e-03 1.223368599312379956e-04 1.253539044409990311e-02 2.919743565144017339e-06
9.991235136985778809e-01 2.991687357425689697e-01 2.618067540538504545e-08 1.091765284400025848e-06 1.246365020051598549e-03 1.223867562849534352e-09 6.928381975740194321e-03 3.528087399899959564e-03 1.598371090949513018e-05 1.026120269671082497e-03 7.692629537814354990e-07 6.150847673416137695e-01 9.570400118827819824e-01 2.546240018830303597e-08 5.911315707762820892e-12 1.208731555379927158e-03 2.624442686283146031e-06 8.623706889920867980e-06 4.286511830287054181e-05
5.959690270174178295e-07 5.360623002052307129e-01 1.189786491551103609e-09 8.833003640174865723e-01 7.043217120639155837e-10 2.968437648465105383e-11 9.212085045874118805e-03 3.104305565357208252e-01 8.001858203821043958e-11 7.796591671649366617e-05 5.321975499184006253e-11 1.150315953601932506e-09 4.767455175169743598e-05 9.999477863311767578e-01 1.672479186254349770e-07 3.716845094459131360e-05 3.125648014247417450e-03 1.924147218232974410e-04 6.558395319877785568e-13
2.601856976980343461e-06 9.741871953010559082e-01 3.679495597097570680e-09 8.728778958320617676e-01 3.210362531369526096e-11 6.803662234294849398e-12 3.351074876263737679e-03 3.628537356853485107e-01 6.538829200319895563e-11 6.183095280221095891e-08 6.965089616173258946e-11 9.201685420567873308e-12 9.017598131322301924e-06 9.999884366989135742e-01 2.648564567664379865e-08 2.052188847301295027e-06 4.169499443378299475e-04 2.869496165658347309e-05 8.989325532863731705e-14
7.448405376635491848e-04 9.996629953384399414e-01 7.837325788351279243e-10 3.417608737945556641e-01 4.070385088011940766e-12 5.662377576369503895e-13 4.714275419246405363e-04 8.944848775863647461e-01 7.094452247891069874e-10 1.883554645587537379e-09 3.471259502063617219e-09 1.007959132826030668e-10 2.375128678977489471e-05 9.983289837837219238e-01 2.265413412416705796e-10 1.672788698670046870e-06 3.216729091946035624e-04 1.528197208244819194e-05 2.674216337467723997e-14
1.449324736313428730e-05 5.003679248716252914e-09 2.426655068294564233e-13 3.396548563614487648e-04 6.296383142471313477e-01 2.836521844074013643e-07 9.998703002929687500e-01 3.392204850349855860e-10 3.675165586173534393e-03 2.301057816511686838e-10 2.915189964425302094e-11 1.751863211393356323e-02 2.920571091635792982e-07 1.197343024728070304e-08 4.998407894163392484e-05 6.255371845327317715e-04 5.962679861113429070e-04 4.991794071429467294e-07 6.251565309867146425e-07
2.409905804914239807e-14 3.849227048213776925e-10 1.086778317315459982e-15 9.999996423721313477e-01 2.327517631228157068e-16 3.709450744198278514e-20 7.230501621961593628e-02 6.618121988140046597e-04 1.212079583565433410e-14 2.251846452361316864e-11 8.838923657656690056e-22 5.281490050014261569e-21 6.428147791837091063e-09 1.023707687854766846e-01 2.624998387545929290e-06 2.560249104735512482e-13 9.999788999557495117e-01 5.900281394133344293e-05 1.111789369697183891e-18
7.654170040041208267e-04 2.870332536986097693e-06 4.869470104917894560e-11 1.000000000000000000e+00 2.856464743672404438e-05 6.891423463821411133e-02 2.203395297328825109e-06 6.187925691847340204e-07 1.966199789649181184e-07 1.176329522678543071e-08 9.301884586752125900e-15 2.045836156733260580e-12 5.178163519303780049e-06 2.435772621538490057e-04 6.303696136455982924e-05 1.540994709614551539e-08 2.518158453312935308e-06 5.162120032764505595e-06 9.189939087494991554e-11
3.571754787117242813e-03 3.849909990094602108e-04 1.499382895417511463e-03 9.699245691299438477e-01 2.014677412807941437e-02 1.809139735996723175e-02 6.853085160255432129e-01 2.085832413285970688e-03 1.016719080507755280e-02 2.441534015815705061e-04 2.165623982364195399e-06 1.542518584756180644e-04 3.235109848901629448e-03 4.961682483553886414e-03 1.626629084348678589e-01 1.290293876081705093e-03 1.474982053041458130e-01 8.459366508759558201e-04 7.481625652872025967e-05
6.986714899539947510e-02 1.871374086476862431e-03 2.607316244393587112e-03 9.213544726371765137e-01 2.092212289571762085e-01 2.139597982168197632e-01 4.088630974292755127e-01 3.056447487324476242e-03 4.875705763697624207e-02 3.491078270599246025e-03 3.570102853700518608e-05 8.354553952813148499e-03 1.084646396338939667e-02 3.759644459933042526e-03 1.823928952217102051e-01 1.260467153042554855e-02 7.847078144550323486e-02 1.029189955443143845e-02 8.790222345851361752e-04
6.406153829630056862e-09 5.327557062173582381e-09 7.487441422426854842e-08 1.549544270673663959e-09 1.897355105029419065e-04 3.975966222924398608e-08 8.332515954971313477e-01 7.426699157804250717e-04 1.066864712129245163e-07 9.728102684020996094e-01 5.453477114336635623e-10 9.799187183380126953e-01 4.690273664891719818e-03 2.089333567267814828e-11 3.614585020184080122e-11 5.253871083259582520e-01 9.701183444121852517e-05 4.093138841199106537e-07 8.655877792307364871e-09
