1.676562256438611081e-17 3.159243157878355301e-13 1.908390289535972473e-21 3.148182076984085143e-05 7.561391512922455149e-09 7.638759416672691316e-12 1.000000000000000000e+00 1.133165956901382998e-11 4.388843137803632999e-07 7.561055189071741456e-14 1.910068188250032210e-18 2.849367131130264852e-10 1.143960037808255947e-09 4.951748167059122352e-08 1.125493781728437170e-05 5.896069410482596140e-08 1.698994456091895700e-04 5.048865492351950479e-11 8.991923525214495783e-12
1.625773697700100203e-17 3.127085721442435240e-13 1.830735882255072687e-21 3.078046938753686845e-05 7.517158451264549512e-09 7.618635756989622365e-12 1.000000000000000000e+00 1.093794846362960982e-11 4.464683911464817356e-07 7.201789213812440082e-14 1.892415326797538046e-18 2.795342846084736266e-10 1.110294078898732550e-09 4.919280627291300334e-08 1.117851752496790141e-05 5.805213376675055770e-08 1.656349195400252938e-04 4.977715462040066541e-11 9.029959072148763255e-12
3.258853405714035034e-02 2.505005002021789551e-01 9.999898672103881836e-01 1.189798936247825623e-01 2.234200714156031609e-03 4.287443516659550369e-05 3.683970868587493896e-01 5.349480509757995605e-01 1.611205632798373699e-03 2.526803873479366302e-03 2.329072449356317520e-04 3.896759008057415485e-04 7.033681124448776245e-02 5.561088323593139648e-01 3.774091601371765137e-02 5.756974220275878906e-02 4.197694957256317139e-01 6.337555125355720520e-03 8.581001311540603638e-03
2.701202780008316040e-02 1.090540662407875061e-01 9.999622106552124023e-01 3.051753342151641846e-01 3.261849284172058105e-03 1.280539727304130793e-04 2.931988239288330078e-01 4.077281951904296875e-01 5.908624734729528427e-04 5.344940815120935440e-03 1.174827266368083656e-04 5.726595991291105747e-04 1.316068023443222046e-01 4.894021749496459961e-01 8.389429003000259399e-02 3.355070576071739197e-02 3.826012313365936279e-01 2.138579264283180237e-02 3.789597423747181892e-03
1.639332622289657593e-02 1.002539619803428650e-01 9.999938011169433594e-01 2.466899305582046509e-01 1.141724409535527229e-03 1.902387339214328676e-05 2.892106175422668457e-01 4.347375929355621338e-01 2.253009442938491702e-04 1.999694854021072388e-03 4.270008503226563334e-05 1.464811357436701655e-04 9.510378539562225342e-02 5.721526741981506348e-01 5.633759871125221252e-02 2.496246993541717529e-02 3.895254731178283691e-01 1.375851873308420181e-02 2.080954844132065773e-03
3.823731458396650851e-05 9.647983312606811523e-01 9.607208371162414551e-01 8.843103051185607910e-01 3.744590060250629904e-08 2.132972731772042607e-08 3.121014498174190521e-02 4.886250942945480347e-02 6.354933645980054280e-08 1.646552405532020202e-08 7.304552582354517654e-06 1.254623904767271370e-10 9.722207323648035526e-06 9.998018145561218262e-01 4.668052042688941583e-06 3.464198380243033171e-05 4.390302274259738624e-05 6.532938186865067109e-06 2.735505821860328979e-09
2.961894984376649276e-14 1.206854449264938012e-06 1.231727285271044803e-12 1.942651870194822550e-04 1.605757055100909270e-10 2.861793484479346894e-12 1.000000000000000000e+00 1.004693240247434005e-05 9.432273218408226967e-04 3.734005726147016091e-12 9.076105422778368848e-10 5.012155621098024483e-11 8.575442222991114249e-08 5.552655458450317383e-02 9.991974366130307317e-05 7.346591814894054551e-07 3.486423566937446594e-02 1.855371607462075190e-07 1.759046313054568600e-07
8.858641982078552246e-02 7.326162457466125488e-01 1.191552379168570042e-03 1.264865100383758545e-01 7.565031410194933414e-04 7.299410935956984758e-05 3.074812889099121094e-01 6.964185237884521484e-01 6.387019529938697815e-03 1.052958797663450241e-02 8.618496358394622803e-03 1.279637310653924942e-02 6.369686126708984375e-02 3.776428699493408203e-01 2.055043820291757584e-03 3.277522325515747070e-02 2.857201695442199707e-01 5.365332588553428650e-02 3.953785926569253206e-04
2.074369787052887659e-09 1.490801878389902413e-06 3.382258384476699575e-08 1.913790356411482207e-06 1.576212582676816965e-07 1.569758545372224035e-08 9.999935626983642578e-01 1.829516608268022537e-03 8.377466797828674316e-01 1.091300489974855736e-07 7.638246461283415556e-05 2.494421642040833831e-05 1.809075183700770140e-05 4.285921168047934771e-04 9.534735581837594509e-04 4.604916102834977210e-05 9.429088234901428223e-01 6.124278996139764786e-03 4.004959389567375183e-02
1.713342534515049920e-08 1.173650732155806509e-09 3.167998632522261993e-13 3.197380138431071828e-09 3.376429080963134766e-01 9.999868869781494141e-01 2.496521221473813057e-03 8.061338922782379512e-12 9.301716461777687073e-03 6.058129947632551193e-04 1.829074950309914072e-13 2.106057945638895035e-03 2.064275150814864901e-07 5.038742426771714022e-12 2.993828740471826677e-09 9.505253401584923267e-04 2.695111511741288268e-08 3.688126525958068669e-06 2.340016862945049070e-06
4.665352869778871536e-03 2.797935849230270833e-05 7.325666982749279299e-12 9.994742274284362793e-01 3.121427819132804871e-02 2.386717028457496781e-07 1.914796070195734501e-03 6.369771199388196692e-06 4.852588331161200585e-10 9.858312010765075684e-01 1.155300161093109068e-10 4.512605965137481689e-01 5.599911091849207878e-04 4.335829117962930468e-08 2.451319573992805090e-07 2.779119089245796204e-02 7.885984086897224188e-05 1.078875015991798136e-06 2.294905801850100069e-12
7.323821478166792076e-07 1.842916632147211732e-18 5.338801681655440772e-26 9.999977350234985352e-01 9.879627823829650879e-01 1.074547029134009790e-08 1.135249361395835876e-01 1.195149426505404377e-17 2.001504691151456683e-11 1.816795425213513226e-08 1.379628483341646521e-25 2.970443964004516602e-01 4.514116511145083166e-12 2.764369429375168220e-20 1.783810432698373916e-09 2.277215098729357123e-04 3.665932410967798205e-07 1.814082495332769440e-10 6.406517075397467127e-21
2.366531504094382399e-07 1.620945218328007087e-11 2.320503340804032366e-14 2.576568513177335262e-04 3.931342065334320068e-01 8.975364565849304199e-01 5.283780097961425781e-01 4.899876945158032626e-12 2.733128610998392105e-03 4.025766600079805357e-07 3.893402612163915713e-15 1.093041064450517297e-04 5.595878249664565374e-08 2.386908552753919111e-11 3.097775788774015382e-06 4.382024417282082140e-05 1.791978775145253167e-06 2.889198185584973544e-05 9.268193323919149407e-09
4.471500813961029053e-01 1.273831352591514587e-02 6.784367375075817108e-03 9.985160231590270996e-01 5.931623280048370361e-03 1.168987830169498920e-03 4.670315887778997421e-03 2.876081690192222595e-02 5.896625680179568008e-06 7.423023879528045654e-02 8.211140993807930499e-06 4.282398731447756290e-04 9.602767974138259888e-02 7.994265109300613403e-02 1.223886758089065552e-01 2.521387999877333641e-03 2.571121044456958771e-02 8.550510555505752563e-02 1.837587774389248807e-06
1.255538912853931821e-13 1.077577263530749008e-10 6.770624456188057208e-16 2.984593550081626745e-08 1.318907862923879293e-07 2.779668717423078306e-10 1.000000000000000000e+00 4.175655377025577764e-08 3.210384875274030492e-06 2.907867946433384532e-09 5.713788139459149984e-14 5.285437509883195162e-06 1.533645991003140807e-05 1.273412522095895838e-07 1.483948562963632867e-05 1.233256261912174523e-05 6.578531116247177124e-03 5.254312984703801703e-09 2.878687865859319572e-08
4.339858714956790209e-04 2.419960310362512246e-06 1.970949142560129985e-06 9.908449053764343262e-01 6.975625728955492377e-05 7.967736721038818359e-01 4.633257165551185608e-03 4.634021388483233750e-05 2.294141449965536594e-04 7.370244929916225374e-06 2.864219451892413559e-11 7.322269457432639683e-09 5.786535984952934086e-05 5.563430604524910450e-04 6.455532312393188477e-01 9.746614182404300664e-08 2.688409760594367981e-03 1.650624326430261135e-03 3.343635626151808538e-07
1.323205186054110527e-03 1.160232932306826115e-04 1.462788259232183918e-05 1.688269525766372681e-02 1.052943174727261066e-03 9.139667749404907227e-01 6.196436285972595215e-01 6.914088589837774634e-05 4.048139974474906921e-02 1.165870708064176142e-05 1.867850443204588373e-07 9.077694812731351703e-06 9.214287274517118931e-05 1.404992770403623581e-02 5.966767668724060059e-01 2.710939725147909485e-06 8.137056604027748108e-03 3.608419094234704971e-03 1.642823452129960060e-03
9.911850094795227051e-01 7.085070308221474988e-09 6.711474753743850343e-25 1.762716961971496060e-15 3.173241615295410156e-01 1.704109058285076510e-16 9.997335076332092285e-01 3.472435555506768278e-18 1.805669628083705902e-02 1.449700489115760861e-15 7.546445564797499284e-14 9.906365275382995605e-01 1.202515951398419602e-11 1.743518410831878939e-21 2.537144369135272021e-20 3.264293866322987014e-07 3.065161319204534607e-11 7.034935528725045272e-17 2.750417115748859942e-05
2.647440487635321915e-05 1.184418797492980957e-03 6.006335429020737138e-10 1.000000000000000000e+00 3.281969895851943875e-08 9.247117654931358288e-11 3.968692965372611070e-07 4.675574135035276413e-03 4.666463325101550749e-15 1.409174785749200964e-07 2.022654115187540527e-15 1.594329988430893356e-15 9.551127732265740633e-06 9.996228218078613281e-01 2.263793248857837170e-06 6.931503548912587576e-08 2.751938882283866405e-05 3.752045333385467529e-03 8.812891301631915839e-16
2.060692895611282438e-05 2.738247858360409737e-04 3.161335771437734365e-04 3.252875758334994316e-04 2.538923174142837524e-03 8.076544036157429218e-04 9.922790527343750000e-01 1.099764183163642883e-02 1.374517008662223816e-02 1.070155482739210129e-02 4.734382309834472835e-05 4.892691597342491150e-02 5.227335914969444275e-02 4.597592633217573166e-04 2.099714940413832664e-03 5.544807016849517822e-02 5.585233122110366821e-02 1.535823103040456772e-03 2.620718907564878464e-03
5.400960217230021954e-04 5.537594915949739516e-06 1.550399275629388285e-08 4.731451570987701416e-01 5.272583439364098012e-05 5.829661386087536812e-04 8.423071354627609253e-03 8.516910020262002945e-04 2.128741627416275151e-08 9.999393224716186523e-01 1.132329252584440837e-08 6.151334941387176514e-02 2.483719959855079651e-03 1.861787950474536046e-07 5.178615101613104343e-04 1.806888147257268429e-03 8.926087757572531700e-04 7.505688699893653393e-04 1.536374583110955427e-09
9.999946355819702148e-01 8.510769158601760864e-02 2.299746764550247846e-13 2.411464038232224993e-06 2.522532083094120026e-02 1.144107204809063916e-11 4.418041706085205078e-01 1.790248660427096183e-07 5.421022325754165649e-02 5.204617847809345221e-10 5.140612483955919743e-05 2.893531322479248047e-01 1.041699192683154251e-06 3.404176107668632767e-10 2.449422229714587340e-13 9.128612532549595926e-07 8.277040251414291561e-06 6.724900497578900627e-11 3.770244773477315903e-03
5.807047709822654724e-03 8.086376510618720204e-06 4.433698741479474847e-09 1.000000000000000000e+00 1.689131204329896718e-05 4.755855115945450962e-06 7.700284641032340005e-07 5.533972853299928829e-06 2.418276967564025881e-10 1.863711815985880094e-07 1.354167496994858333e-14 7.090802012395258647e-13 4.376591459731571376e-05 1.883826800622045994e-03 6.685574044240638614e-05 6.956867792951015872e-08 1.532745227450504899e-05 1.048025751515524462e-06 2.064061812093176407e-12
8.055011034011840820e-01 1.413989905267953873e-02 2.587551989563507959e-06 9.643265008926391602e-01 9.431622456759214401e-04 3.210698196198791265e-05 4.366466891951858997e-04 7.854134775698184967e-03 3.581443763778224820e-08 9.755388498306274414e-01 4.880621418124064803e-07 5.390786007046699524e-02 2.122220546007156372e-01 6.428845517802983522e-05 2.047843372565694153e-05 1.445992500521242619e-03 1.716247206786647439e-04 1.728400355204939842e-03 7.628975140505644958e-08
2.666606903076171875e-01 6.421395540237426758e-01 1.881566643714904785e-02 2.777952849864959717e-01 8.060340769588947296e-03 3.732324577867984772e-03 2.272276878356933594e-01 6.457443833351135254e-01 1.152413990348577499e-02 1.380565166473388672e-01 1.685325615108013153e-02 7.265721261501312256e-02 2.599370777606964111e-01 3.694854974746704102e-01 2.065624482929706573e-02 9.925258904695510864e-02 1.551555842161178589e-01 2.217636108398437500e-01 3.297947347164154053e-03
1.062310093402629718e-05 4.361625371984700905e-08 1.296821048983598512e-12 1.779326225914701354e-06 3.727450594305992126e-02 1.378741444568731822e-06 1.158323436975479126e-01 1.504434749222127721e-05 9.386520360976646771e-08 9.991544485092163086e-01 7.491176567953061749e-10 9.927615523338317871e-01 1.292996021220460534e-04 2.058515337355348862e-11 2.653962882792626488e-10 4.139849543571472168e-01 9.303552360506728292e-06 1.148211777035612613e-05 9.863468930504382115e-10
1.350488946627592668e-05 2.745507288182125194e-07 4.224955940657082465e-09 1.698316424153745174e-03 5.771988034248352051e-01 3.212182491552084684e-06 9.820508956909179688e-01 5.732418230763869360e-06 6.386534660123288631e-04 3.355938242748379707e-04 1.287075832578921109e-07 9.133362174034118652e-01 2.416570496279746294e-04 3.635018117620347766e-07 2.783675427053822204e-06 4.490554034709930420e-01 8.556351996958255768e-03 1.718499930575489998e-03 4.452541361388284713e-06
1.175387933471938595e-05 9.163151844404637814e-05 2.114825974786072038e-06 9.808916449546813965e-01 4.674190677178557962e-06 2.979128112201578915e-06 3.908044844865798950e-02 7.473134249448776245e-02 6.424258458537224215e-07 4.929483984597027302e-04 2.013618161100794168e-09 7.383769116131588817e-07 9.004268795251846313e-04 1.101205125451087952e-01 1.541438549757003784e-01 1.581379365234170109e-05 9.655501246452331543e-01 7.386790513992309570e-01 3.303511775243350712e-08
2.420357428491115570e-02 3.211136162281036377e-02 2.708037383854389191e-02 5.839824676513671875e-01 9.101320989429950714e-03 1.254804283380508423e-01 2.564982771873474121e-01 2.192276865243911743e-01 1.190773211419582367e-02 8.199550956487655640e-02 6.861678557470440865e-04 4.116367083042860031e-03 7.326389104127883911e-02 2.474506944417953491e-01 6.386827230453491211e-01 1.102047506719827652e-02 3.104771375656127930e-01 4.101256430149078369e-01 1.760439481586217880e-03
1.853110026539539490e-11 3.573318602275409039e-15 4.090000568584238605e-14 1.000000000000000000e+00 3.084526731256254095e-11 7.483607622482679744e-10 2.044342727458570153e-05 3.091545863753708545e-08 1.149694590560617485e-14 5.073799019816860323e-12 4.287786273892349442e-26 4.345180969431404796e-21 1.064489496549470005e-09 1.426808093896170249e-08 4.640555125661194324e-04 1.355027298963792492e-15 3.448872864246368408e-01 1.000510563287093646e-09 1.911326417203430595e-21
3.379621205112925963e-08 6.939930585758702364e-08 8.507022939818059681e-15 3.144090499063167954e-08 5.304332007654011250e-04 1.000000000000000000e+00 2.015437274849318783e-07 2.662531009740582572e-14 2.548012998886406422e-04 9.080521334858815408e-10 2.690866839982772123e-17 8.457484712565133123e-11 1.587240061606820518e-10 5.265579527957697792e-09 2.523001185750217701e-08 5.708669092996387917e-10 1.172672375870931205e-10 1.831771442084573209e-06 3.172408469254150987e-08
1.902507467938083143e-16 7.968303350480709923e-08 2.915047082638307866e-21 1.114681296516245845e-18 1.225040069385840980e-09 1.000000000000000000e+00 4.199570717761981486e-15 4.607853397417515818e-25 1.779417502234537096e-08 2.182505706463506607e-19 3.700147014354520781e-30 3.754862798268726344e-22 3.729783554513170847e-20 3.176710838825869132e-10 6.095671757882625136e-15 6.354700672369555514e-20 1.713542832393184009e-22 2.810323046324725293e-13 2.048155265180207074e-12
2.135868290136518737e-22 1.729472037139952943e-17 5.709279347713774278e-21 8.222121768153289878e-12 7.835680211230530712e-14 4.485048353672027588e-02 1.000000000000000000e+00 1.008850386195557893e-16 4.305277252569794655e-04 1.409705393330199806e-21 3.186509333110199989e-26 3.078941757308595101e-19 6.433791746196136033e-16 1.223658000526484102e-05 5.714311191695742309e-05 3.153960001628093417e-15 4.613378568052439732e-09 3.827420158586392063e-09 2.473188494278577565e-11
7.854149330910331628e-09 8.825913090648729309e-12 8.623279529889319718e-21 9.210830320682816819e-09 4.506262385461923259e-08 1.098427802048718149e-07 2.669190289452672005e-04 1.394624860040494241e-07 1.944282815259310015e-13 1.000000000000000000e+00 1.547891195339439526e-15 6.107205152511596680e-01 5.537362540053436533e-06 4.047671584233228255e-19 9.314601092389254711e-14 1.135032041929662228e-03 4.083547111566332433e-10 9.898959429932574494e-10 3.966088574010616158e-16
4.051825776696205139e-02 1.669318648055195808e-03 1.091850805096328259e-03 1.649077981710433960e-01 6.442935671657323837e-03 5.650928616523742676e-01 3.604337573051452637e-01 7.070879451930522919e-03 3.111734986305236816e-02 2.869144314900040627e-03 2.698875141504686326e-05 7.457116153091192245e-04 8.110379800200462341e-03 5.188807472586631775e-02 8.818646669387817383e-01 2.020612446358427405e-04 6.338216364383697510e-02 2.079705521464347839e-02 2.047341549769043922e-03
8.050314690942978685e-25 8.013196669627382277e-21 2.502740441119028419e-20 8.546970207135018427e-07 7.242807919175029999e-19 3.635708611107212350e-26 1.000000000000000000e+00 3.769015766152961078e-09 2.258552155723152731e-15 2.478355124349222485e-18 7.033217097356963402e-25 1.474598493204708986e-15 6.293835678322645677e-12 2.206148978778355030e-11 4.947868248450504325e-08 1.834002394396350155e-11 1.000000000000000000e+00 9.801262855794676265e-14 2.334117362552071834e-14
4.285628102396188410e-11 1.894913559397082281e-08 3.617961708002326304e-09 4.939160476169490721e-07 1.707342391910060542e-07 3.313651680946350098e-02 9.998058676719665527e-01 1.805012601607813849e-07 1.125310212373733521e-01 5.336666664135236715e-10 2.266778258153134828e-11 1.398805604679864700e-08 1.766934900615524384e-07 2.629450755193829536e-03 4.150068853050470352e-03 3.607032681429700460e-07 3.067687794100493193e-04 4.498764465097337961e-04 2.910491020884364843e-04
4.339633505878737196e-06 9.204819129138286371e-10 1.671792633764956817e-16 1.702308738416036249e-09 3.180021047592163086e-02 2.619516408230992965e-07 8.695170879364013672e-01 6.806917696167147369e-09 1.737534915946525871e-07 1.468058675527572632e-01 1.577432737383255290e-12 9.906613230705261230e-01 4.044163506478071213e-04 6.352895864568614080e-16 3.007145585060683191e-13 4.109409078955650330e-02 4.612378177171194693e-07 2.070441773582842870e-08 1.228580459589068141e-09
2.622778629302047193e-05 1.661318416168455769e-09 7.839450730749629947e-17 1.089642331919549179e-08 3.679032623767852783e-02 1.950963905983371660e-07 3.082053661346435547e-01 2.506874174912354647e-08 8.532235362679330137e-09 9.788318872451782227e-01 8.980178796760829307e-13 9.963184595108032227e-01 1.468107366235926747e-04 2.275622569527846256e-16 5.283906382639973198e-14 7.919521629810333252e-02 6.886396164418329136e-08 6.364370364053684170e-08 8.221922448425900143e-11
2.089475674438290298e-05 2.255862818856257945e-05 4.987267857359256595e-06 9.994602799415588379e-01 3.288457264716271311e-06 4.255454314261442050e-06 2.577167935669422150e-02 2.688957937061786652e-02 2.703006600768276257e-07 4.063747182954102755e-04 1.833604795775656271e-10 1.534208315945306822e-08 5.528384936042129993e-04 3.056347928941249847e-02 1.253321766853332520e-01 2.251626028737518936e-06 8.870640397071838379e-01 5.213328823447227478e-02 1.905895441467464480e-09
9.211660653818398714e-05 6.769586557986428943e-10 2.541521002983812560e-14 9.997287392616271973e-01 7.336528897285461426e-01 6.701636910438537598e-01 2.812640555202960968e-02 2.981590668804656730e-11 8.963858708739280701e-03 4.893638561043189839e-08 7.674373289634495166e-13 3.551951158442534506e-05 5.081692222574929474e-08 3.171395090983963883e-10 8.277143024315591902e-06 2.009302115766331553e-04 5.990215504425577819e-05 4.637421079678460956e-05 1.142990058156101441e-08
3.015215741470456123e-03 8.048048698583443183e-07 9.327971728367856485e-10 9.471982121467590332e-01 8.314607143402099609e-01 5.964768570265732706e-05 7.272114157676696777e-01 3.626891157182399184e-06 1.915757311508059502e-04 4.946169210597872734e-04 1.490498391376604559e-08 3.868153095245361328e-01 4.932066440233029425e-05 6.727110530846402980e-07 1.516392221674323082e-04 2.420950829982757568e-01 4.455016925930976868e-02 1.970345899462699890e-02 2.185002898613674915e-07
2.716441813390702009e-04 1.067439559847116470e-03 9.972264933821861632e-07 6.703794497298076749e-05 1.109820208512246609e-03 4.138493750360794365e-05 9.992295503616333008e-01 1.044499149429611862e-04 6.723393797874450684e-01 1.557551695441361517e-05 7.403235649690032005e-04 1.910446584224700928e-02 1.212336501339450479e-04 1.768683723639696836e-04 1.887381658889353275e-03 1.457224017940461636e-03 4.394984617829322815e-02 3.095591440796852112e-03 2.561089396476745605e-01
6.440559518523514271e-04 7.991916390892583877e-07 1.610919037053903935e-11 1.935267846420174465e-06 8.632534742355346680e-01 1.183115728053962812e-06 9.914439320564270020e-01 7.916475475155948516e-09 8.691734075546264648e-02 9.028148042489192449e-07 2.171887558688467834e-07 9.167591333389282227e-01 1.450256695534335449e-05 8.318304378640561936e-10 2.661041520468643284e-08 5.963381752371788025e-02 8.865602285368368030e-05 3.508578402033890598e-06 9.086354839382693172e-05
5.771749420091509819e-05 3.115965591860003769e-05 1.482816802678144086e-08 1.639644324313849211e-05 7.578305900096893311e-03 1.895071472972631454e-04 9.992251396179199219e-01 9.900531949824653566e-07 7.316499352455139160e-01 5.767456968897022307e-06 1.027261987474048510e-05 6.217602267861366272e-02 1.942155176948290318e-05 5.380376933317165822e-06 2.219513553427532315e-04 2.443615812808275223e-03 1.242655911482870579e-03 1.246965141035616398e-03 5.078690499067306519e-02
1.603122825599712087e-07 2.108039706945419312e-02 1.197064847247020225e-07 1.496839225292205811e-01 1.264917273147148080e-06 1.700479401733900886e-08 9.973738193511962891e-01 1.317223533987998962e-02 5.829516449011862278e-04 5.611289088847115636e-05 5.405137812886096071e-07 3.763885388252674602e-06 1.592325425008311868e-04 3.621320724487304688e-01 4.129575972910970449e-05 7.823704509064555168e-04 3.259189426898956299e-02 2.548244992794934660e-06 2.151793523808009923e-06
5.600509055351529175e-17 1.666913856337670055e-17 5.666421960993633346e-23 1.000000000000000000e+00 1.581009527126548547e-14 1.460910013900184626e-21 5.837261080741882324e-01 4.660095226372007460e-11 3.964547874019119789e-15 8.403891980103969314e-18 2.241028333322893406e-29 3.417545368353090091e-25 5.563511890765981960e-13 2.002774612819280264e-09 1.093298074295034894e-08 2.286787257866045985e-16 7.934164404869079590e-01 3.153650965400279957e-20 2.279601137316329907e-24
3.663748471272043616e-11 2.895023332172286246e-09 1.314071399563957348e-19 1.000000000000000000e+00 1.257966033563207020e-07 1.561210979017426531e-14 9.933945536613464355e-01 2.251774738892819983e-10 6.936515433153545018e-07 9.393956221085721092e-15 3.197936099364964571e-16 2.045513205093329144e-15 4.670809225504335416e-11 1.734217107696167659e-06 2.475429106141291413e-08 1.174033648076999725e-09 1.382489426760002971e-04 5.605339128384348815e-17 5.541966828482257357e-14
1.337038712032187146e-14 2.408863852745163348e-13 1.527651194834032250e-14 5.215032724663615227e-04 1.431038620935964900e-11 2.438919021168634016e-13 9.999942779541015625e-01 4.477456059248652309e-06 8.154241171176579428e-10 1.866704846253952610e-10 3.734573227527885513e-17 1.486125250638181683e-10 5.124431368130899500e-07 1.342943733106949367e-06 1.135437632910907269e-03 1.795118897973679850e-08 9.996466636657714844e-01 3.093876443927001674e-08 5.251051329868694495e-11
4.130109573452500626e-06 7.428040049717310467e-08 4.584334756425889612e-13 3.509578618832165375e-07 1.700800203252583742e-05 1.300829239880840760e-06 2.710498636588454247e-03 1.968277356354519725e-04 9.418006818862068030e-09 9.999989271163940430e-01 1.721649267594216326e-09 7.444974780082702637e-01 3.458532737568020821e-04 1.481247741651203764e-12 3.595375386300503351e-10 5.134108290076255798e-02 1.885120923361682799e-06 8.101953426375985146e-06 1.830774004618618278e-10
3.097842017464576888e-17 4.715656034062765123e-15 1.204628750889139564e-17 5.719971909456944559e-07 4.763741484614669730e-11 5.616040198532824823e-17 1.000000000000000000e+00 5.111043606120801996e-07 4.683495258284153806e-11 1.660719450846670497e-09 8.984507422847803052e-18 7.944339017740276176e-07 9.292107279179617763e-07 1.079429212680338424e-09 5.599331984740274493e-07 3.459342451606062241e-06 9.867085218429565430e-01 4.952895316101546541e-10 4.947489900403168051e-12
2.440100070089101791e-05 3.871790443810141369e-09 4.334950367418377581e-13 7.772820026730187237e-06 7.704080343246459961e-01 1.290903295370071646e-08 9.754570722579956055e-01 8.668251894050627016e-09 4.474933120945934206e-06 3.313390334369614720e-05 1.223586249682329097e-11 9.881598949432373047e-01 2.374435644014738500e-05 6.279601838521386981e-12 5.609797626426882289e-10 1.531202942132949829e-01 1.810948888305574656e-04 6.496899231933639385e-07 5.191374885527011429e-09
2.701611947159108923e-19 1.015058237726425457e-15 3.289465944045817638e-19 6.753410330961884256e-11 1.833421001823376528e-12 1.078253503110329335e-18 9.999115467071533203e-01 3.351197345182299614e-03 2.687183226044061179e-14 9.984915256500244141e-01 1.133891639800503853e-16 9.040305614471435547e-01 1.470181132390280254e-07 9.256792787805043221e-14 3.192859605177789106e-12 2.930873036384582520e-01 6.669745594263076782e-02 4.748191173575833091e-08 3.400370779830315555e-15
2.510638523745001294e-06 1.529860149673822889e-08 6.849082661696676011e-14 1.218996317220444325e-07 3.769628936424851418e-03 1.984559094125870615e-05 2.905505597591400146e-01 3.990925961261382326e-06 2.787838582207768923e-07 9.994966983795166016e-01 1.849579794876987648e-10 9.618256688117980957e-01 2.294060395797714591e-04 1.898348963918702892e-13 1.342871230880504640e-10 1.311877518892288208e-01 1.623528874006296974e-06 1.224814923261874355e-06 4.398574393604803845e-09
9.283578709219412973e-18 2.565978571116012130e-13 8.939837294107220306e-15 3.662075531707387199e-09 6.849504687392315994e-13 3.751877845942494852e-18 9.999992847442626953e-01 3.679397050291299820e-03 2.047310987407513494e-09 2.365873342569102533e-06 3.340213576650402638e-13 9.241669431503396481e-06 9.403954095432709437e-07 5.553782145284458238e-08 1.530645761249616044e-07 7.703746668994426727e-04 9.998071789741516113e-01 2.818880204813467572e-07 1.800151472330924207e-09
4.010824710755954264e-21 2.120862767921789143e-16 8.239817926277218096e-15 2.603321490823873319e-06 1.333286927823089992e-15 1.260921430331213235e-21 9.999992847442626953e-01 4.677695869759190828e-06 1.784765946144517557e-10 2.334754161921817617e-14 1.854122530623528853e-17 1.499323018169795851e-12 9.807210599177551558e-10 4.860921265503748145e-08 3.651723545772256330e-07 3.391198433178033156e-08 9.999997615814208984e-01 2.262121157059482357e-08 1.491455292601528981e-10
5.501810392161132768e-06 6.730331847393244971e-07 3.837044293408808926e-10 4.075862307217903435e-05 4.461193020688369870e-05 8.269712452602107078e-07 1.214590016752481461e-02 2.700594486668705940e-03 1.412998873462356642e-08 9.999837875366210938e-01 2.387777264800661214e-08 8.155800104141235352e-01 3.842534497380256653e-04 6.506824412610967556e-09 2.445650011395628098e-07 1.790760755538940430e-01 3.065375203732401133e-04 3.200607898179441690e-04 1.143353633992205687e-09
4.891293428954668343e-05 2.497394161764532328e-04 3.246909230369965371e-08 3.171006974298506975e-04 4.517929046414792538e-04 9.999992847442626953e-01 4.428465763339772820e-05 3.393865597445255844e-07 1.230369904078543186e-03 1.258685188076924533e-06 9.375913240239341917e-11 2.714700819694826350e-08 2.962180815302417614e-06 1.167625072412192822e-03 1.153357326984405518e-03 1.102398883290334197e-07 3.393257884454214945e-06 5.540855345316231251e-04 4.201867795927682891e-06
9.165611118078231812e-03 1.146000996232032776e-01 2.825580886565148830e-04 9.990943670272827148e-01 8.128904155455529690e-04 3.514232594170607626e-05 4.475359804928302765e-03 1.751620471477508545e-01 1.066204049493535422e-06 6.222699885256588459e-04 1.945757048815721646e-06 1.305569298892805818e-06 4.019367042928934097e-03 9.895601272583007812e-01 4.222433548420667648e-03 1.994735328480601311e-03 8.569329977035522461e-03 9.842101484537124634e-02 4.162821767295099562e-07
2.955575846135616302e-02 3.680706257000565529e-03 1.390618854202330112e-03 9.991076588630676270e-01 8.326655952259898186e-04 3.441770561039447784e-03 6.159734446555376053e-03 5.568350106477737427e-02 4.615133093466283754e-06 1.377322673797607422e-01 4.804753075404732954e-07 2.512252467568032444e-05 2.876931428909301758e-02 1.054818183183670044e-01 1.344859451055526733e-01 4.912915173918008804e-04 3.454375639557838440e-02 2.097933292388916016e-01 4.790020966538577341e-07
2.357951199062143945e-20 8.260387724354594755e-18 1.022214829023944391e-17 1.449265164410462603e-05 2.486547934726253948e-17 6.734361407207175800e-22 9.999940395355224609e-01 8.617318059123135754e-08 1.075036259556676199e-13 1.521354288376672737e-16 1.256767654835779410e-21 1.113994438822806313e-15 1.018600204183428559e-10 6.291048570972179732e-09 1.954911931534297764e-05 1.562071132166220622e-11 1.000000000000000000e+00 2.481141403443132276e-10 2.930424132518982816e-12
1.626933112427834949e-14 1.267772423363877285e-14 6.990825493903389531e-16 3.478467306194943376e-06 1.353258267045021057e-05 1.718417264561549260e-17 9.999998807907104492e-01 9.681964563412748248e-09 4.974785583478080753e-10 1.233120133781184791e-10 4.146606647542676544e-16 2.135043777525424957e-02 7.897429554759582970e-07 6.403459013037959835e-11 1.202476429540411118e-08 3.022552467882633209e-03 7.392997741699218750e-01 6.453565681852069247e-09 3.246452065508442786e-11
4.285257091396488249e-05 1.207260424962441903e-07 1.072994582074215941e-08 9.971944093704223633e-01 1.822850406169891357e-01 8.870117653714260086e-07 9.341669678688049316e-01 4.181903022981714457e-06 6.935226701898500323e-05 3.490137260087067261e-06 1.628210122284201589e-09 5.202717613428831100e-03 2.756522371782921255e-05 1.076685748557792976e-06 5.123929586261510849e-04 1.347207091748714447e-02 1.473024338483810425e-01 3.319063762319274247e-05 6.361409532473771833e-08
1.039951477255045276e-13 6.132734597930067366e-11 1.637721093450655169e-14 7.777707651257514954e-06 9.353635732622933574e-08 8.801864792573610430e-10 1.000000000000000000e+00 1.416863995018502465e-07 1.689167447693762369e-06 3.378079371785247531e-09 1.490016335141397530e-14 3.801391130764386617e-07 6.210543688212055713e-06 2.306415581188048236e-06 1.642150455154478550e-04 4.955361873726360500e-06 2.159259095788002014e-02 2.997006376403987815e-08 4.939190834107876071e-09
1.418912631834245985e-07 6.459195560637454037e-07 1.639516078455471870e-09 1.047375553753226995e-04 2.594826219137758017e-04 1.767470348568167537e-05 9.997763037681579590e-01 7.243888830998912454e-05 1.362980983685702085e-04 6.540508475154638290e-04 4.836282485598530911e-09 4.412737675011157990e-03 2.647296991199254990e-03 7.305221515707671642e-06 6.024485337547957897e-04 2.847754396498203278e-03 1.811543479561805725e-02 2.910141847678460181e-05 5.332330147211905569e-06
7.301396876573562622e-02 1.845977385528385639e-03 1.234309479514195118e-06 5.583372549153864384e-04 1.291139610111713409e-02 2.495701890438795090e-03 3.555953502655029297e-01 3.850462613627314568e-03 8.085019071586430073e-04 8.838258981704711914e-01 7.232851203298196197e-05 5.327410101890563965e-01 1.370734274387359619e-01 7.241126809276465792e-07 1.701134351606015116e-05 3.606256842613220215e-02 9.504982153885066509e-04 7.324622129090130329e-04 5.853602779097855091e-04
3.942613287488034738e-18 1.289183722204571489e-15 7.399709547971001409e-25 3.368001803755760193e-02 3.744683851891750237e-07 6.114690866273683745e-14 1.000000000000000000e+00 1.238902258268780119e-15 7.440982244588667527e-06 7.512935121937643791e-19 1.016846664662901350e-19 5.581373210827855758e-11 5.369637568787555271e-13 3.364349354662010683e-10 7.868584361858665943e-06 1.106297702335723443e-07 8.222627911891322583e-06 2.499563923896719331e-12 2.249268750854210852e-13
1.346292207563138088e-25 2.528025510675441838e-19 1.436345481026819355e-31 8.294378494611009955e-05 3.416428945302030229e-11 7.327397864307146126e-20 1.000000000000000000e+00 6.946924897076929154e-19 3.719286212344741216e-07 2.319769934610183828e-24 6.250180450806811480e-24 1.027686186068918830e-14 3.603183925204411601e-16 7.272817331011038888e-12 6.001486241302700364e-08 1.558442153104522276e-09 6.007360866533417720e-07 8.048632002170081831e-16 2.729044335451197550e-16
3.313090246592764743e-08 2.597830533589834401e-13 1.062739698892543067e-26 9.999996423721313477e-01 8.974442481994628906e-01 3.637035117520781569e-10 9.993818998336791992e-01 3.232607937222941263e-17 1.352812047116458416e-03 8.107426676621370953e-16 3.220167908433752176e-15 3.585426611607545055e-06 7.530299083943758909e-14 3.094966232082552171e-13 2.988102210110810120e-08 1.686469622654840350e-04 4.704891978235536953e-07 8.788482094845839754e-13 8.413760682092485954e-13
3.395699022803455591e-04 1.463871385221082733e-11 2.752682874339472434e-17 9.938790798187255859e-01 9.842833280563354492e-01 8.382845528842608473e-09 9.073233604431152344e-02 2.135978026396312401e-11 1.090531664971194914e-09 1.450751296943053603e-04 1.867503831392799182e-16 9.899273514747619629e-01 2.253491260262308060e-08 1.498818972579807340e-13 1.884463918244705383e-09 1.021129935979843140e-01 5.151850200491026044e-05 5.803164640383329242e-06 2.858172284798629094e-15
4.425761699676513672e-01 4.338756021127210261e-09 1.068905392732802211e-15 9.999705553054809570e-01 9.877397418022155762e-01 4.971389411245752399e-10 2.991558983922004700e-02 6.839798172286748468e-11 3.829391914678126341e-09 1.174592512143135536e-07 6.008775833669932620e-14 2.554143965244293213e-01 8.882843616220270633e-08 8.629473004229115674e-12 1.010701922155021748e-07 6.087271962314844131e-03 4.660020058508962393e-04 3.199655651542343548e-09 4.350196892706319207e-14
4.715385060194421385e-08 2.355787175848268050e-14 1.091451252501674147e-17 1.000000000000000000e+00 3.339532850077375770e-05 1.153516657192987793e-10 3.089637495577335358e-03 5.680773212946021999e-11 1.189314063898549989e-10 1.322486933331978864e-12 6.367752677706847311e-21 8.197059703099821015e-14 3.804062898016269401e-10 3.786824326335036517e-11 1.625608092581387609e-06 3.524200931082077659e-10 6.067735329270362854e-02 3.480731802503293781e-14 6.087251492689476292e-18
5.806142603430998691e-27 2.652118887676705627e-19 1.278504006473240967e-20 1.283239747101871941e-11 1.204324307064689422e-19 3.088176280530445358e-26 1.000000000000000000e+00 9.916353604921823717e-08 7.141078839367764886e-08 2.665954000409537860e-19 2.489206162342754358e-16 2.124459005118034885e-15 1.036852461527848490e-12 4.608741166478580453e-10 6.452298251247157168e-09 2.247809716138249314e-10 1.000000000000000000e+00 1.009242134308863115e-10 2.889617212176176508e-09
5.443286577829633783e-20 9.320389715550790599e-15 1.003017249335061423e-13 8.364322923171130242e-08 2.905044504649192949e-14 9.332462989620371384e-20 9.999991655349731445e-01 6.879180000396445394e-05 2.329197599237886607e-07 1.447746219782053423e-12 9.433391025791271201e-14 1.524830400834176203e-10 5.775865119517220592e-09 1.911466597448452376e-06 1.965515679103191360e-07 2.459891220496501774e-06 9.999965429306030273e-01 7.963409298099577427e-04 4.897380723178912376e-09
3.002495984043979105e-14 3.770699898153484497e-12 2.361947026852107001e-10 1.735719293355941772e-01 9.727368650153112029e-13 7.053242504753611669e-15 9.636695981025695801e-01 1.166856745840050280e-04 1.396295856714857564e-10 2.546990396368187248e-10 2.386177673762947059e-17 2.049980411117369172e-12 1.695751308261606027e-07 3.776926314458250999e-05 1.834310969570651650e-04 2.084957628767369897e-08 9.999970197677612305e-01 1.250322111445711926e-05 3.216105159964399718e-11
3.027909951924812049e-05 1.982573448913171887e-04 3.942044468630001575e-09 1.956657506525516510e-03 5.844427141710184515e-05 9.999995231628417969e-01 7.158299467846518382e-06 3.211289651972037973e-07 2.901412080973386765e-04 1.445044830461483798e-07 6.019185583988617694e-12 6.416752129645431069e-10 1.344766246802464593e-06 4.335083533078432083e-03 9.893130045384168625e-04 7.138106994375448267e-09 1.387854581480496563e-06 3.347882302477955818e-04 3.121186011867393972e-07
1.944619929417967796e-03 1.074507646262645721e-02 1.991800445466651581e-06 1.295508742332458496e-01 1.025744830258190632e-03 9.996908903121948242e-01 6.678107893094420433e-04 1.155393911176361144e-04 1.624972559511661530e-03 8.440038982371333987e-06 3.436019468949780276e-08 2.039688666854999610e-07 1.111586825572885573e-04 1.159560307860374451e-01 2.197197638452053070e-03 3.280926648585591465e-06 4.284370515961199999e-05 2.200295217335224152e-03 1.607971171324606985e-05
2.066598506644368172e-03 4.868080373853445053e-03 1.858438281487906352e-06 2.459539026021957397e-01 9.764325805008411407e-04 9.994040727615356445e-01 5.629641818813979626e-04 1.653192157391458750e-04 1.600104034878313541e-03 1.505670661572366953e-05 2.761488104852105607e-08 2.024858218874214799e-07 1.780873135430738330e-04 8.060173690319061279e-02 5.570234265178442001e-03 3.586492994145373814e-06 9.527408110443502665e-05 3.797894809395074844e-03 1.597452319401782006e-05
5.214349366724491119e-03 1.284843892790377140e-04 3.716840377143704188e-11 4.598446068371231377e-08 1.368994708172976971e-04 3.408540010241267737e-07 9.994400143623352051e-01 1.651351766440711799e-08 7.863727211952209473e-01 8.422580322076100856e-08 4.829615591006586328e-06 4.056803137063980103e-02 2.652316481999150710e-07 1.019320450268423883e-08 2.512844332613894949e-07 6.326907623588340357e-06 4.573425394482910633e-04 4.408577751746634021e-06 6.914094686508178711e-01
5.108100822326377966e-07 2.340204518986865878e-04 4.976027923042636303e-10 5.262663471512496471e-04 1.854786532931029797e-04 4.396580948196060490e-07 9.999877214431762695e-01 1.284431800741003826e-05 1.737368106842041016e-01 4.502902939407249505e-08 3.307783117634244263e-05 3.427154733799397945e-04 1.239498396898852661e-05 1.087206765078008175e-03 3.801090875640511513e-03 4.957114579156041145e-04 2.228037454187870026e-02 7.481803913833573461e-05 2.352805109694600105e-03
3.197193410288900160e-15 8.437055221133249461e-11 1.362693378276214062e-12 1.900098709484154824e-07 6.200491509122940670e-12 3.104714564865912463e-14 9.998350143432617188e-01 4.042326763737946749e-04 2.761334180831909180e-04 3.031972728440024412e-10 2.754403476135092177e-11 6.782019390527693758e-10 1.898296630997720058e-07 2.766227349638938904e-03 1.355476229036867153e-06 1.191583760373760015e-05 9.965867996215820312e-01 9.999703168869018555e-01 2.907381713157519698e-08
4.738746501971036196e-04 1.234006136655807495e-01 8.168766507878899574e-04 1.847473680973052979e-01 1.626777666388079524e-04 4.383387204143218696e-05 8.982310891151428223e-01 2.978546023368835449e-01 3.128406591713428497e-03 3.792017698287963867e-03 3.679315559566020966e-04 6.504088523797690868e-04 1.428055763244628906e-02 8.016378879547119141e-01 1.078281272202730179e-02 1.630352623760700226e-02 3.945333063602447510e-01 1.138601824641227722e-01 2.373477036599069834e-04
4.084359898115508258e-05 8.707895758561789989e-04 9.862494334811344743e-05 2.008941955864429474e-03 4.181842668913304806e-04 1.206096130772493780e-04 9.981721639633178711e-01 2.472205832600593567e-02 3.447244763374328613e-01 2.167923667002469301e-04 2.417925046756863594e-03 3.152908990159630775e-03 4.769875202327966690e-03 2.071799896657466888e-02 6.010026112198829651e-02 4.407758358865976334e-03 6.842180490493774414e-01 1.420939434319734573e-02 6.722407042980194092e-02
4.438094038050621748e-06 9.313211194239556789e-06 1.064860134647460654e-05 8.635215163230895996e-01 3.039673538296483457e-05 2.571041477494873106e-07 9.469160437583923340e-01 6.160501856356859207e-03 1.849818363552913070e-05 6.259250221773982048e-05 1.200040777860067465e-08 1.784683990990743041e-05 1.362272771075367928e-03 2.753072185441851616e-03 1.638648472726345062e-02 3.797429671976715326e-04 9.598186612129211426e-01 1.341733732260763645e-04 1.518197109362517949e-06
2.421019871690077707e-06 2.883398381170465541e-11 9.400619405765297046e-16 9.977903366088867188e-01 2.942909598350524902e-01 2.319127023220062256e-01 5.178204178810119629e-01 8.589613937660944831e-13 4.976228810846805573e-03 2.477102203912728839e-11 2.134857605095002303e-15 1.349174567621957976e-07 8.153244746011978350e-10 3.719508590016573635e-10 1.351415266981348395e-04 1.899420453810307663e-06 2.038724051089957356e-05 1.653391677791660186e-06 2.047553016026881778e-09
7.765298233304769178e-20 3.303355924137200783e-22 3.536785874889672804e-29 2.233180083258212197e-19 6.316632963716983795e-03 1.000000000000000000e+00 9.235281810127116131e-13 2.748601135178152293e-32 6.168341496959328651e-05 3.365605159543210052e-15 8.219297569126848983e-35 4.958812426978341514e-14 6.547070328768641814e-21 6.000770735745676045e-25 1.594460553307115716e-19 4.723564204708874392e-13 4.712766866614829069e-20 4.358662139981178685e-13 1.766398442445971106e-12
1.468481447552960617e-09 1.804760785262260470e-10 3.873864007353233774e-10 2.455170033499598503e-03 8.128132888973738090e-11 9.998199343681335449e-01 1.882416836451739073e-05 1.293942091251665261e-07 4.583350801112828776e-06 5.299566296912416874e-08 5.852425256543328648e-17 1.238709113580982457e-14 2.642176788469896564e-08 4.671264905482530594e-04 9.998235106468200684e-01 1.336695104646803967e-13 5.035240610595792532e-05 2.248496093670837581e-05 2.484516758993748908e-11
1.214489899575710297e-02 1.072925897460663691e-06 1.546024419596392363e-10 5.612384080886840820e-01 8.956094980239868164e-01 3.482387228359584697e-06 4.246542453765869141e-01 2.531186510168481618e-06 4.116711807000683621e-06 6.753959693014621735e-03 3.620039379370609822e-09 9.339622259140014648e-01 3.731551623786799610e-05 1.578074488861602731e-07 1.275788008570089005e-06 4.766453206539154053e-01 1.106937881559133530e-02 2.026437036693096161e-02 1.833627472080934240e-08
3.565558581613004208e-04 3.315398997005836179e-11 2.187934410105630873e-17 9.977462887763977051e-01 9.801436066627502441e-01 4.162739042357088692e-09 1.663160771131515503e-01 4.086785770907042092e-11 2.626433515118264950e-09 3.860021024593152106e-05 3.336941617547683732e-16 9.683880209922790527e-01 3.502165313307159522e-08 6.142924710572650326e-13 6.617415504450718799e-09 7.605513930320739746e-02 1.547095162095502019e-04 1.808591150620486587e-06 1.128778721290772322e-14
3.231106973089481471e-07 2.304373775130486024e-10 6.726910144571446835e-16 1.000000000000000000e+00 2.928195463027805090e-04 2.575899049617191849e-09 4.130968749523162842e-01 2.359939799134735949e-09 1.098269194699241780e-06 3.802603024127826359e-11 2.081803061169018761e-15 4.349290719241061254e-11 8.874998513874743367e-09 4.199561942641594214e-08 1.295077254326315597e-05 1.214357183698666631e-07 6.464291829615831375e-03 3.214331361842126533e-12 4.797803864267646823e-13
8.255489092334755696e-07 8.812646683509228751e-07 6.792819640111247281e-09 7.597073818033095449e-06 3.027193015441298485e-04 9.999998807907104492e-01 1.488227098889183253e-05 7.803335755340867763e-09 1.198046840727329254e-03 3.234950099795241840e-06 1.110667330675441100e-12 2.581684732660960435e-08 9.272332022192131262e-07 8.537279427400790155e-06 4.971067886799573898e-03 5.417053472456245800e-08 2.435049736959626898e-06 2.223103365395218134e-04 3.952040060539729893e-06
2.100123965647071600e-04 2.680683275684714317e-03 1.179366721771657467e-03 1.199469086714088917e-03 8.327283430844545364e-04 1.528525375761091709e-03 9.926552772521972656e-01 2.211069501936435699e-02 6.624584794044494629e-01 1.027166261337697506e-03 4.807023331522941589e-03 8.374472148716449738e-03 4.391836468130350113e-03 1.382005028426647186e-02 2.879762463271617889e-02 6.642777472734451294e-03 3.003923296928405762e-01 9.697042405605316162e-02 2.592077553272247314e-01
1.676588989169003341e-12 3.711925489202627659e-10 8.343576697600330050e-12 6.401193594282594823e-13 4.233369509165640920e-06 1.000000000000000000e+00 2.970509740407578647e-07 2.145944604630071052e-16 6.222963798791170120e-03 1.353707337198306604e-11 5.364152211954731652e-20 8.778517843199828974e-12 1.237935643751131298e-12 3.453789476637325606e-10 2.285000455515273643e-08 6.109162481449104121e-11 2.164124998996208582e-12 6.745838021515737637e-08 1.213416617247276008e-04
8.994255040306597948e-06 2.413227118136518357e-10 1.063302413782316047e-13 5.131286889081820846e-05 8.474695682525634766e-01 1.280000283543358819e-08 1.481737345457077026e-01 5.086443977120325144e-08 1.161132856530855406e-09 8.586878180503845215e-01 3.629794490152271624e-13 9.998916387557983398e-01 4.613390501617686823e-06 9.316120791469373330e-12 5.706802218286011197e-12 6.777348518371582031e-01 2.993441512444405816e-06 2.312602009624242783e-05 1.881357916677650621e-12
1.115628983825445175e-02 5.303005323753495759e-08 3.157411940409027284e-13 1.752544420696722227e-07 9.740675091743469238e-01 2.433272472401881714e-10 9.143681526184082031e-01 1.411169292531155861e-09 1.364480613119667396e-05 2.525573108869139105e-06 4.799656852516598349e-11 9.988203644752502441e-01 4.687524324253899977e-06 4.683017211862261497e-13 9.824377368485709416e-14 1.171405091881752014e-01 3.357517698532319628e-06 4.930646468892518897e-08 7.738845120286441670e-09
4.331308787186571863e-07 1.783616365713669438e-09 1.230742313618193862e-10 2.596344347693957388e-05 6.652411818504333496e-02 4.478893345094547840e-08 8.029970526695251465e-01 1.964188231795560569e-05 1.551519517306587659e-07 6.453651189804077148e-01 2.007542881932167234e-10 9.967685937881469727e-01 2.203526237281039357e-04 2.847434288355543686e-09 7.937218882148044941e-09 7.657698988914489746e-01 1.391177880577743053e-03 2.486953744664788246e-04 2.387926301139486895e-09
1.715948161340463685e-09 4.224667490837497041e-12 1.350005826263395433e-17 4.657965124721386019e-10 1.849667751230299473e-03 7.163521859032684347e-11 5.691374540328979492e-01 3.740447311884054216e-07 2.282397604247421441e-10 9.978304505348205566e-01 6.509253720884608518e-14 9.996620416641235352e-01 9.648039849707856774e-06 4.163566364729075773e-16 5.395729893567296695e-15 6.605564355850219727e-01 1.508914579062548000e-06 1.110578864427225199e-07 8.241587208697442879e-13
6.244577688320428178e-17 1.607411544092465089e-14 2.814528078444992604e-21 6.208096645261840241e-13 9.310068688206385445e-11 2.172290362726422147e-14 9.817309379577636719e-01 9.967933874577283859e-05 1.320838187088280158e-12 9.999973773956298828e-01 1.456363038520626374e-15 9.820110201835632324e-01 4.003773881322558736e-07 2.950686586491393264e-17 6.639089556841884163e-15 3.063686192035675049e-01 3.724295675056055188e-05 4.182405088926088865e-09 1.142629149934390465e-14
9.328778105555102229e-07 1.668782942942925729e-06 2.254056385986302757e-10 1.827261985454242676e-05 8.490679902024567127e-04 1.734443794703111053e-04 9.964872598648071289e-01 6.174479494802653790e-05 1.138548977905884385e-04 6.180315092206001282e-02 1.205172051044200998e-08 6.739889830350875854e-02 4.644543398171663284e-03 1.163413969607063336e-07 1.355805488856276497e-05 1.137286052107810974e-02 1.436273218132555485e-03 1.555177004775032401e-05 5.567731022892985493e-06
9.122102255787467584e-07 5.749062256654724479e-05 1.456934023735811934e-05 3.290752065367996693e-04 1.631027589610312134e-05 3.068310263643070357e-07 9.946047663688659668e-01 6.882230937480926514e-02 3.707762807607650757e-02 1.039319759001955390e-04 2.747835242189466953e-04 5.210965755395591259e-04 1.441090367734432220e-03 6.681619677692651749e-03 4.569639451801776886e-03 8.412985131144523621e-03 9.861015081405639648e-01 8.187966793775558472e-02 7.185051217675209045e-03
6.162377303553512320e-06 7.709999772487208247e-05 1.422508717041637283e-06 8.635542988777160645e-01 9.385116754856426269e-06 2.170553216274129227e-06 6.744950264692306519e-02 6.690166145563125610e-02 6.317110546660842374e-06 3.041991440113633871e-04 7.605304830349268741e-09 7.577660198876401410e-06 8.532684296369552612e-04 9.151807427406311035e-02 6.427132338285446167e-02 9.015151590574532747e-05 9.884342551231384277e-01 9.120337963104248047e-01 4.561599098451551981e-07
4.305686950683593750e-01 4.253992736339569092e-01 2.286448627710342407e-01 1.856756806373596191e-01 6.015385314822196960e-02 2.353190444409847260e-02 3.676600754261016846e-01 4.619214534759521484e-01 6.414131820201873779e-02 2.436615079641342163e-01 5.512034147977828979e-02 2.244803309440612793e-01 4.205587208271026611e-01 1.159565821290016174e-01 4.947703331708908081e-02 1.605549603700637817e-01 1.646254360675811768e-01 1.655594557523727417e-01 4.474623128771781921e-02
6.808000632018600465e-15 3.582900642840058936e-11 1.563181143771422144e-13 1.247773617762959475e-08 6.111447459211660771e-11 1.381847644326534251e-15 9.999701976776123047e-01 8.961718529462814331e-02 8.328782663546974163e-10 2.622991800308227539e-01 6.044888548051297050e-12 4.539432376623153687e-02 9.421291906619444489e-06 1.683700290300294000e-08 3.551844685034666327e-08 6.781428307294845581e-02 9.357081055641174316e-01 2.847927589755272493e-06 5.155690874225626885e-10
2.337847224595195653e-25 5.779075636110648334e-19 7.844052832805629971e-18 1.006196814756776803e-08 3.803307386937673071e-18 9.088366032545377772e-26 1.000000000000000000e+00 8.598868816989124753e-07 5.014154369487044960e-11 1.191180977885844474e-16 1.130996089930358917e-18 9.015063137185821973e-14 2.649475083771335449e-11 2.191606451873440164e-09 7.826753467554681265e-09 9.587947324973811192e-09 1.000000000000000000e+00 2.466868487260853726e-09 2.344248926922087861e-11
2.487743210711393073e-17 3.804414682589962737e-12 1.311639518548348652e-16 1.945806016312445763e-11 1.274672468271065284e-11 3.720781744436462389e-16 1.000000000000000000e+00 4.249858611728996038e-04 1.350521916521074672e-08 2.923364227171987295e-04 1.597830374955311328e-12 1.733127748593688011e-03 4.136047573410905898e-05 2.009538507818930952e-10 2.514275898590767611e-09 3.566797357052564621e-03 3.951073884963989258e-01 2.206416382932729903e-09 3.297737194429828378e-09
2.851422777894185856e-06 8.913967342039086361e-09 2.611903748839239370e-11 2.370046422583982348e-04 5.189827680587768555e-01 9.996192455291748047e-01 1.221128366887569427e-02 2.027290141315418737e-10 5.526410415768623352e-02 5.679769401467638090e-06 2.365679006854914945e-11 3.538856690283864737e-04 3.021757777332823025e-07 5.204937814085042191e-09 5.910707159273442812e-07 3.322495904285460711e-04 5.228490408626385033e-06 4.091868177056312561e-04 3.408154043427202851e-06
2.848753979378670920e-07 6.364012095083637632e-10 2.063451623110501565e-12 8.257306035375222564e-06 6.245089769363403320e-01 9.998917579650878906e-01 9.487603791058063507e-03 7.438404059367798027e-12 6.167811155319213867e-02 7.926652870082762092e-06 1.976175516629763429e-12 1.021100790239870548e-03 5.087444066020907485e-08 1.587082687493079902e-10 3.186994490533834323e-08 4.943685489706695080e-04 6.762912789781694300e-07 9.565541404299438000e-05 2.511364300517016090e-06
7.714875391684472561e-05 6.395435048034414649e-05 1.325807897956110537e-05 1.154017354565439746e-06 8.239479939220473170e-05 9.961361289024353027e-01 4.236973822116851807e-02 1.945594192420685431e-07 4.340907633304595947e-01 7.552505121566355228e-05 5.374487699327801238e-08 2.215475251432508230e-04 6.845302777946926653e-06 7.004860549386648927e-07 7.831852417439222336e-05 9.713283361634239554e-06 6.098575613577850163e-05 5.381453665904700756e-04 8.474867939949035645e-01
9.795918595045804977e-04 4.034637287259101868e-02 5.177700716091360178e-12 1.000000000000000000e+00 5.872534103446014342e-08 2.776942521418024334e-12 4.209915260844354634e-08 3.329614992253482342e-04 8.237838410279484797e-15 2.403366172742948947e-09 1.969581724277358337e-13 9.246976522979313134e-15 8.385794899368193001e-06 9.994111061096191406e-01 1.095695978392541292e-09 4.520014158515550662e-07 4.907172979073948227e-07 7.324653097384725697e-07 1.870835741369942379e-14
9.966877102851867676e-01 9.988829493522644043e-01 1.265838456276924262e-08 3.496662713587284088e-03 1.105812998503097333e-06 1.296038554254863584e-10 2.218282595276832581e-02 8.830765485763549805e-01 3.423897142056375742e-04 5.671309466492857609e-08 4.490234423428773880e-03 5.905122816329821944e-05 2.293125260621309280e-03 4.862437956035137177e-03 2.251594327651318395e-10 5.031069304095581174e-05 1.192013267427682877e-03 6.488289272965630516e-06 8.655270278268289985e-08
3.201290266588330269e-03 5.216897651553153992e-02 6.689901965728495270e-10 2.342833764851093292e-02 2.813488943502306938e-03 5.544844952964922413e-06 9.978489875793457031e-01 2.503012001398019493e-05 5.068415403366088867e-01 1.028727325547151850e-07 1.364574115723371506e-02 2.464102813974022865e-03 3.662801191239850596e-06 1.400585635565221310e-03 6.353023345582187176e-04 1.553094625705853105e-04 7.707285694777965546e-03 1.983501351787708700e-05 1.228547841310501099e-02
7.947305818203684162e-17 7.214830295698693163e-12 1.560036562542102523e-16 6.905408467261509031e-10 5.748906559133182270e-12 2.263182302510640754e-16 9.988057613372802734e-01 6.915196031332015991e-02 3.356737630910711090e-12 9.996837377548217773e-01 5.097889477093456301e-14 8.085371851921081543e-01 1.178065076601342298e-06 2.276622466934608013e-11 7.121006562194054368e-11 3.218049407005310059e-01 8.516659587621688843e-02 2.589173675460187951e-07 2.774151080294634530e-13
3.364155645613209344e-06 2.630373695865273476e-03 4.561283795112558437e-09 9.018573909997940063e-04 4.005086339020635933e-06 2.315695866172973183e-07 1.924406439065933228e-01 1.488378643989562988e-01 1.999148025788599625e-06 9.970396161079406738e-01 2.210519824075163342e-06 3.184598386287689209e-01 3.963235765695571899e-03 6.827498145867139101e-05 1.949702209458337165e-06 2.079792767763137817e-01 1.200862322002649307e-02 1.013035187497735023e-03 2.550695512582024094e-07
9.706545472145080566e-01 9.366475045680999756e-02 6.292149024034188187e-10 7.980454483913490549e-07 2.105759456753730774e-03 1.078960849554277956e-07 9.455236196517944336e-01 1.841512312239501625e-05 4.003131985664367676e-01 2.508785837562754750e-05 1.615377841517329216e-04 4.248776733875274658e-01 3.718839143402874470e-04 2.833512091626744223e-08 3.331370068693217945e-09 1.125605631386861205e-04 3.689814475364983082e-04 5.055040332990756724e-07 2.269880324602127075e-01
1.218796242028474808e-03 5.951161801931448281e-05 2.146858690821318305e-07 6.982916593551635742e-02 3.985746297985315323e-04 7.139963563531637192e-04 2.801118046045303345e-02 6.236913148313760757e-03 8.359234016097616404e-07 9.996474981307983398e-01 8.887756166586768813e-07 2.578854858875274658e-01 7.419297005981206894e-03 2.626543619044241495e-06 5.979064153507351875e-04 2.566265873610973358e-02 4.201952368021011353e-03 4.153933376073837280e-03 1.724230429545059451e-07
9.916029572486877441e-01 4.100168645381927490e-01 2.172070890082977712e-05 1.312461216002702713e-02 9.336784482002258301e-02 1.312973745370982215e-05 2.588291764259338379e-01 4.630044475197792053e-02 1.302469987422227859e-02 3.771693154703825712e-04 2.023343928158283234e-02 2.827160954475402832e-01 6.388519704341888428e-02 9.910057997331023216e-04 2.919434336945414543e-05 6.584533024579286575e-03 2.623416297137737274e-02 3.921644238289445639e-04 2.479767892509698868e-03
2.348178968532010913e-04 3.288626430730801076e-06 3.828345140899358512e-10 6.054581329226493835e-02 6.314038728305604309e-06 5.961214992566965520e-05 6.247640703804790974e-04 6.101327599026262760e-04 5.942761283073139111e-10 9.999983310699462891e-01 3.439696527607338794e-09 1.215797513723373413e-01 1.104320283047854900e-03 1.115959147313105859e-08 1.462588716094614938e-05 2.698977943509817123e-03 8.517121023032814264e-05 2.325845707673579454e-04 8.856609196028486508e-11
2.812095521720348046e-11 4.109075746328016976e-08 9.030471481707991188e-09 1.078840432455763221e-05 1.160703888558600738e-08 1.196202720210592929e-10 9.992778897285461426e-01 6.790153216570615768e-03 3.342258511111140251e-03 1.896233925435808487e-07 1.283346051650369191e-07 7.011257139311055653e-07 1.819386852730531245e-05 2.105436753481626511e-03 9.207138646161183715e-05 4.199056129436939955e-04 9.958479404449462891e-01 9.072872400283813477e-01 1.697126936051063240e-05
2.232702911442174809e-08 3.942668858059050763e-09 4.031234168092728831e-13 1.000000000000000000e+00 8.225020664553994720e-09 1.990277974844639405e-15 5.087301135063171387e-03 5.508536105480743572e-06 7.612102614906746112e-11 1.177729302970220715e-10 2.082580452126140996e-16 1.205401734627958117e-16 7.686331571221671766e-08 5.568904452957212925e-05 8.676946663399576209e-07 1.965407975257349449e-10 8.421226739883422852e-01 1.500361358590385219e-12 2.120684758653967731e-16
4.296313083074210226e-09 6.809798651374876499e-05 4.417790439026347826e-11 1.168546950793825090e-04 1.693780973255343270e-07 3.954483129842145672e-10 9.999991655349731445e-01 7.579539669677615166e-05 4.705243185162544250e-02 1.304732433204947029e-09 1.866831371444277465e-05 1.547517967992462218e-06 3.644411208370001987e-06 1.882271142676472664e-03 2.345068380236625671e-03 1.118643103836802766e-05 6.229385137557983398e-01 5.841182883159490302e-06 1.024280092678964138e-03
3.012312399519601058e-09 8.966026143752969801e-09 2.983296099046128802e-08 9.952296018600463867e-01 1.460051940460616038e-10 4.960813676007091999e-04 7.391187828034162521e-04 4.488569393288344145e-04 2.804656507038316704e-10 1.190086913993582129e-05 3.836474599805028056e-17 4.852828615299273340e-14 2.796801936710835434e-06 1.723773591220378876e-02 9.828158020973205566e-01 1.767798823992805524e-10 5.729999765753746033e-02 7.659715414047241211e-01 1.252417071282872427e-14
2.407984402152951731e-11 5.561567170881721867e-14 3.629481291249694874e-14 9.680073857307434082e-01 8.744585188336789772e-14 3.255313033023732316e-11 5.071006417274475098e-01 5.970442202851700131e-07 3.391435895137850931e-13 1.024026349827344973e-12 6.147230158370943334e-23 9.450154686614116581e-18 2.580132774099297421e-09 5.010395761928521097e-05 9.586243033409118652e-01 3.743077557432326896e-15 9.999516010284423828e-01 4.354169647058370174e-08 3.501594830152120078e-17
3.207185434451185514e-15 4.091541341844084911e-12 3.255567321123640709e-15 1.904593887047667522e-06 2.844336094778854296e-12 1.312595668423455209e-05 9.999998807907104492e-01 5.196209240665439211e-09 3.305082500446587801e-04 2.426985716075854421e-15 1.367238761206120926e-16 4.731224076116825536e-15 4.875038706053658188e-10 1.091200392693281174e-02 3.559113442897796631e-01 1.254165716592370305e-12 2.044186554849147797e-02 5.960174007668683771e-07 1.086168843755785929e-08
1.808180320924350202e-27 9.361480873249643729e-21 2.780015692731420057e-31 1.904496116367226932e-07 2.674619525150617044e-14 4.046517925772658204e-17 1.000000000000000000e+00 1.880312020074662145e-18 8.957696806533022027e-10 2.980701069616277844e-24 9.411531384886864069e-30 2.381402111932494665e-18 9.715356731932497762e-16 2.351060734984145029e-10 9.433352374799142126e-07 5.714452890916155159e-14 1.751269451233383734e-06 6.279669998627377824e-17 9.517264676891156269e-18
