3.268309581305750555e-11 2.181762409625420673e-10 8.957778269147453898e-11 6.675256043672561646e-02 1.472214239406355318e-09 3.079137778083662624e-10 9.997230172157287598e-01 4.005983282695524395e-05 3.210165289146971190e-08 1.960489548480381927e-09 1.413404322644614200e-14 3.125253944524786220e-10 4.288465788704343140e-06 8.966625318862497807e-05 2.041601017117500305e-02 5.157180638093450398e-08 9.987450838088989258e-01 4.379519396024988964e-07 1.182618891704123598e-09
2.270300093754062942e-11 1.186199055647207956e-10 6.708783528708295307e-11 1.767854392528533936e-01 4.085112526031053903e-10 3.421582461804462127e-10 9.989702701568603516e-01 3.814015144598670304e-05 1.292105444861135766e-08 9.728329253277934185e-10 2.668839457021848424e-15 2.497930334799391972e-11 2.067771674774121493e-06 1.321209419984370470e-04 3.917476534843444824e-02 9.478467788426314655e-09 9.994383454322814941e-01 5.331121997187437955e-07 2.790207787040088760e-10
8.394439518451690674e-02 6.504109501838684082e-02 1.603300496935844421e-02 1.056956797838211060e-01 5.272702500224113464e-02 8.052852004766464233e-03 6.475452184677124023e-01 1.641035974025726318e-01 3.249796107411384583e-02 1.264355480670928955e-01 7.380200084298849106e-03 1.950558871030807495e-01 1.365967243909835815e-01 2.359851822257041931e-02 2.422874607145786285e-02 1.176172122359275818e-01 1.185790970921516418e-01 6.892301142215728760e-02 1.142398640513420105e-02
1.798133411057278863e-07 6.129065588389437380e-10 1.320398426521193030e-18 1.810030312299204525e-06 3.621217547333799303e-05 1.846506142433312903e-10 1.495412434451282024e-04 9.515256920167303178e-07 1.525781793119442009e-14 1.000000000000000000e+00 1.509830468656749025e-14 9.914880990982055664e-01 1.101456632568442728e-06 1.301128242013572731e-14 2.077580593456626601e-13 1.270152926445007324e-01 3.139242821248444670e-08 1.065388417487156403e-07 8.351198258978626303e-17
1.289180659114208538e-06 1.035784953273832798e-05 8.612832971266470850e-06 1.028235536068677902e-02 1.863739686086773872e-03 1.107467326733058144e-07 9.992259740829467773e-01 1.582741271704435349e-03 1.254151109606027603e-03 2.278076135553419590e-05 9.031489753397181630e-06 3.066279925405979156e-02 1.284198719076812267e-03 1.964224211405962706e-04 1.216933713294565678e-03 3.053918853402137756e-02 7.842131257057189941e-01 5.078868125565350056e-04 3.970228717662394047e-04
1.530281297164037824e-04 2.291154814884066582e-03 9.999976158142089844e-01 2.044746885076165199e-03 1.552410540170967579e-04 2.119203563779592514e-03 9.307754039764404297e-01 2.878191322088241577e-02 1.443118304014205933e-01 2.185758785344660282e-04 1.279335947401705198e-06 5.057724411017261446e-05 2.471293089911341667e-03 4.663475789129734039e-03 5.979400593787431717e-03 3.947594203054904938e-03 2.019568979740142822e-01 2.209241938544437289e-04 1.888771355152130127e-02
2.623751352075487375e-04 3.763446817174553871e-03 9.999946355819702148e-01 2.690843772143125534e-03 2.101319987559691072e-04 2.643291605636477470e-03 9.272488355636596680e-01 3.891864418983459473e-02 1.689270883798599243e-01 3.766824374906718731e-04 3.306845428596716374e-06 8.105887536657974124e-05 3.352390369400382042e-03 6.193456705659627914e-03 7.924528792500495911e-03 4.942223429679870605e-03 2.148315459489822388e-01 3.794265212491154671e-04 2.663640677928924561e-02
2.627258363645523787e-04 3.765336936339735985e-03 9.999945163726806641e-01 2.698248950764536858e-03 2.105133899021893740e-04 2.637444995343685150e-03 9.273332357406616211e-01 3.903570771217346191e-02 1.688864976167678833e-01 3.774867509491741657e-04 3.322508518976974301e-06 8.126126340357586741e-05 3.360841423273086548e-03 6.209979299455881119e-03 7.944109849631786346e-03 4.954436793923377991e-03 2.152584642171859741e-01 3.807302273344248533e-04 2.663361281156539917e-02
2.285962546011433005e-04 1.793367118807509542e-06 5.062717823092754976e-13 2.508276338630821556e-05 7.013812819423037581e-08 3.714733409765358374e-08 9.484975635132286698e-06 6.812236388213932514e-04 1.091547642204093727e-12 9.999998807907104492e-01 1.195500809458849290e-09 2.468369603157043457e-01 1.583224511705338955e-03 3.059151196249665361e-11 1.504773528004932359e-10 5.058344453573226929e-03 5.070127713224792387e-07 4.202271884423680604e-05 1.539129284092166650e-12
3.054577298462390900e-02 9.902697056531906128e-02 1.569986343383789062e-02 3.486046567559242249e-02 2.052976191043853760e-02 2.839290769770741463e-03 8.814996480941772461e-01 3.630117774009704590e-01 1.927260160446166992e-01 5.227122455835342407e-02 9.314333647489547729e-02 1.312871426343917847e-01 1.237979456782341003e-01 7.250236719846725464e-02 1.046893224120140076e-01 1.268336921930313110e-01 7.094482183456420898e-01 7.520506531000137329e-02 1.689063161611557007e-01
9.999710321426391602e-01 6.331846583634614944e-03 4.867011238474105994e-10 2.550674602389335632e-03 9.824338555335998535e-01 1.068461777387064160e-10 1.694213300943374634e-01 5.759723080700496212e-07 1.720053774079133291e-06 4.168905221035856812e-09 6.976134159231150988e-07 7.872922420501708984e-01 7.058553819661028683e-06 5.308378447921313636e-08 7.207695551514348153e-11 2.381036290898919106e-03 3.998555985162965953e-05 1.720573372665512579e-08 9.436404724283420364e-08
9.993013227358460426e-04 3.200990259647369385e-01 4.141414322589298536e-08 4.199999384582042694e-03 1.078662353393156081e-05 1.561233631264258293e-08 9.935507774353027344e-01 3.441781923174858093e-02 7.212571799755096436e-02 6.856311074443510734e-07 1.748946309089660645e-01 2.400369994575157762e-04 1.755325502017512918e-04 9.961777366697788239e-03 5.969560515950433910e-05 2.547556359786540270e-04 7.918632626533508301e-01 1.452516007702797651e-04 1.640772679820656776e-03
1.649105697870254517e-01 1.731519997119903564e-01 1.780899167060852051e-01 9.386817365884780884e-02 9.506286680698394775e-02 3.509679734706878662e-01 4.950167834758758545e-01 1.727220863103866577e-01 3.835565745830535889e-01 1.717084199190139771e-01 5.778846144676208496e-02 1.783252060413360596e-01 1.627737432718276978e-01 7.507462799549102783e-02 1.648232638835906982e-01 1.015880629420280457e-01 1.820348352193832397e-01 1.654038727283477783e-01 3.517603874206542969e-01
1.910826074890792370e-03 3.623203665483742952e-04 1.223884373757755384e-05 4.969421752321068197e-06 2.836003841366618872e-04 4.113128185272216797e-01 5.200179219245910645e-01 5.080959908809745684e-06 5.141796469688415527e-01 1.174540841020643711e-03 2.450733290970674716e-06 5.992562510073184967e-03 1.167713780887424946e-04 7.518465849898348097e-07 4.775404886459000409e-05 1.060971117112785578e-04 3.578077594283968210e-04 5.290131084620952606e-04 8.590885400772094727e-01
5.955245185873536684e-09 6.225543103255404276e-08 9.210386342495269218e-10 6.023010704666376114e-03 6.027983035892248154e-03 1.273704786086682361e-08 9.999520778656005859e-01 1.030409566737944260e-05 5.158155690878629684e-04 1.164273498943657614e-06 5.508869804771165946e-08 3.899724036455154419e-02 9.992384002543985844e-05 5.799248356197495013e-06 1.011865606415085495e-04 8.838836103677749634e-02 7.493714243173599243e-02 2.712342538870871067e-04 4.454550889931851998e-06
2.049685418605804443e-01 1.389534175395965576e-01 5.069929361343383789e-02 1.665542721748352051e-01 8.243962377309799194e-02 3.342840448021888733e-02 3.726137280464172363e-01 3.373494446277618408e-01 3.446708992123603821e-02 6.123533844947814941e-01 3.119537048041820526e-02 4.008128941059112549e-01 2.884919047355651855e-01 4.207520186901092529e-02 4.795935377478599548e-02 2.232669144868850708e-01 1.412109583616256714e-01 1.585857868194580078e-01 2.171961590647697449e-02
4.956792309940283303e-09 4.003908478638490420e-13 1.118512194926105530e-15 1.000000000000000000e+00 8.268799689403749653e-08 7.031558778941256801e-16 5.683355405926704407e-02 1.137006133689055787e-08 3.694320457187094675e-12 6.405541787095347939e-13 1.029810652813138676e-19 5.881189463110680221e-15 2.180694291809004426e-09 7.647328104098960466e-09 1.164803279607440345e-06 1.398860194345985519e-10 9.619584679603576660e-01 1.554854504968051360e-14 3.249433039036453611e-18
1.551887094974517822e-01 6.237411499023437500e-01 3.230542317032814026e-02 4.429027438163757324e-01 1.536693517118692398e-02 1.258390024304389954e-02 2.905763387680053711e-01 5.844311714172363281e-01 1.401268132030963898e-02 6.759017705917358398e-02 1.510158646851778030e-02 2.249083109200000763e-02 1.646348685026168823e-01 7.161500453948974609e-01 7.774890214204788208e-02 8.420994132757186890e-02 1.626226156949996948e-01 2.454461455345153809e-01 4.102959763258695602e-03
8.992310166358947754e-01 1.027872692793607712e-02 9.688077895475544210e-09 2.051760529866442084e-04 7.359527796506881714e-02 6.264899354846420465e-08 3.736929967999458313e-02 1.310563413426280022e-03 2.397457819824921899e-06 2.279685437679290771e-01 2.161272277589887381e-06 9.156110882759094238e-01 1.098854392766952515e-01 3.497812528507893148e-08 4.727880309474130627e-10 3.455370292067527771e-02 3.378816109034232795e-05 3.919388109352439642e-05 2.452868102409411222e-06
6.183753612276632339e-06 4.648645635096926299e-10 3.370265763517898971e-13 8.908424206310883164e-05 7.733545899391174316e-01 4.610855697251281526e-08 8.102989941835403442e-02 1.414392158949340228e-07 8.132278184191932269e-10 9.836979508399963379e-01 7.350043425453922641e-13 9.998430013656616211e-01 5.530385806196136400e-06 2.702628225381698002e-11 2.644794626360802425e-11 6.912783980369567871e-01 2.444818164804019034e-06 2.198162474087439477e-05 1.453573372778294015e-12
1.045947465172503144e-05 5.063742314348473883e-09 8.063798760671314625e-12 1.057616900652647018e-03 9.284151792526245117e-01 1.748748879037975712e-08 9.964519739151000977e-01 1.067246913066810521e-08 7.052654400467872620e-04 1.659269202036739443e-07 2.855015557301499030e-09 9.018314480781555176e-01 1.430570819138665684e-06 3.861811315175600612e-09 1.768897419651693781e-07 2.479260265827178955e-01 2.512912964448332787e-03 1.861941564129665494e-04 3.536831059136602562e-07
1.566135734319686890e-01 3.673003315925598145e-01 9.976271986961364746e-01 1.860435456037521362e-01 3.764348104596138000e-02 5.020320881158113480e-03 3.290681540966033936e-01 4.942207336425781250e-01 1.119793951511383057e-02 6.808950752019882202e-02 8.032936602830886841e-03 2.429341152310371399e-02 1.990703344345092773e-01 4.751762747764587402e-01 1.007034927606582642e-01 1.634216606616973877e-01 2.276194691658020020e-01 3.704195469617843628e-02 3.470376506447792053e-02
1.172305587715527508e-06 3.652165643870830536e-03 7.403414770124072675e-08 9.993500113487243652e-01 1.099450557262571238e-07 3.358668898556516069e-10 5.050782561302185059e-01 5.734626576304435730e-02 1.096369715014589019e-06 3.221008000764413737e-06 7.081774278105967824e-09 3.703912732078151748e-10 1.239956473000347614e-04 9.144217371940612793e-01 1.722914021229371428e-04 5.604445959761505947e-06 7.171373367309570312e-01 5.214257980696856976e-04 1.222711087933703311e-08
3.809953806921839714e-03 2.721762470901012421e-02 9.999647140502929688e-01 3.590988740324974060e-02 2.838995074853301048e-03 1.919688773341476917e-03 7.763192653656005859e-01 2.251403778791427612e-01 5.909632518887519836e-02 3.231661394238471985e-03 5.422148751677013934e-05 9.212685399688780308e-04 3.094560280442237854e-02 6.508248299360275269e-02 2.722360566258430481e-02 3.699314594268798828e-02 4.112694859504699707e-01 1.847976469434797764e-03 2.045698836445808411e-02
6.083657499402761459e-03 4.043964669108390808e-02 9.999525547027587891e-01 4.387824237346649170e-02 3.731133416295051575e-03 2.274990547448396683e-03 7.523933053016662598e-01 2.628398537635803223e-01 6.175968050956726074e-02 4.668502602726221085e-03 9.449883509660139680e-05 1.316008623689413071e-03 3.888539597392082214e-02 8.124767243862152100e-02 3.204957395792007446e-02 4.485673457384109497e-02 4.103533327579498291e-01 2.407809719443321228e-03 2.472953684628009796e-02
3.195098834112286568e-04 6.727171130478382111e-03 9.999985694885253906e-01 2.378654200583696365e-03 1.314581750193610787e-04 1.184460474178195000e-03 9.180512428283691406e-01 6.361079216003417969e-02 1.414763629436492920e-01 3.651122970040887594e-04 2.827115395120927133e-06 4.858848114963620901e-05 3.225682536140084267e-03 9.215245023369789124e-03 5.807711742818355560e-03 5.081704817712306976e-03 2.290809452533721924e-01 2.778099733404815197e-04 2.762135118246078491e-02
2.353827876504510641e-04 2.370483940467238426e-03 9.546904563903808594e-01 6.123284110799431801e-04 4.675813484936952591e-03 9.735640883445739746e-01 1.714258641004562378e-01 5.471693584695458412e-04 3.655426204204559326e-01 9.646675316616892815e-04 4.800790975423296914e-06 5.574800306931138039e-04 8.854811894707381725e-04 1.261391793377697468e-03 2.357929944992065430e-02 2.913119969889521599e-03 1.204634271562099457e-02 2.727950224652886391e-03 1.236123666167259216e-01
2.624373650178313255e-03 2.131371945142745972e-02 9.908140301704406738e-01 6.838305853307247162e-03 1.115231309086084366e-02 1.637257635593414307e-01 7.465743422508239746e-01 4.041502624750137329e-02 2.039374858140945435e-01 1.721487380564212799e-02 2.396151248831301928e-04 1.055703684687614441e-02 1.889221183955669403e-02 2.118698693811893463e-02 3.136799484491348267e-02 4.106136411428451538e-02 8.206571638584136963e-02 5.546607542783021927e-03 4.965277388691902161e-02
7.885337690822780132e-04 1.114767044782638550e-01 6.751691107638180256e-04 3.074991330504417419e-02 5.272800917737185955e-04 4.145777347730472684e-05 8.320241570472717285e-01 5.385165214538574219e-01 5.476445425301790237e-03 1.552713662385940552e-01 1.190937939099967480e-03 4.847556352615356445e-02 4.295482486486434937e-02 1.322263926267623901e-01 4.661800339818000793e-03 1.254552453756332397e-01 4.910687208175659180e-01 2.813711948692798615e-02 1.112134777940809727e-03
9.254092492305687756e-10 3.228331877380696824e-07 4.875155354966409504e-07 2.362146333325654268e-04 3.101451397924392950e-07 1.207322575247360419e-09 9.984263181686401367e-01 1.637787930667400360e-02 1.339790178462862968e-03 3.523724899423541501e-06 1.003412194222619291e-06 2.185626908612903208e-05 1.230850321007892489e-04 2.760895993560552597e-03 5.432068719528615475e-04 2.146823564544320107e-03 9.951104521751403809e-01 1.938619613647460938e-01 8.358828927157446742e-05
5.368060596727675104e-13 7.984893857226893488e-10 2.662187359447898416e-09 8.685911598149687052e-05 1.793927006943363267e-09 2.107763697736450559e-13 9.999229907989501953e-01 1.126828719861805439e-03 5.373879957915050909e-06 1.411350503133235179e-08 8.523529659854034435e-10 3.580536258596112020e-07 5.261363185127265751e-06 3.908071812475100160e-05 7.400570757454261184e-05 9.480562584940344095e-05 9.997118115425109863e-01 5.993106242385692894e-05 2.577137365733506158e-06
5.351366225317497494e-17 4.595716168731556195e-13 2.591016593986306127e-13 1.843511938659503357e-07 5.619140569512737216e-12 2.568759761446674263e-17 9.999992847442626953e-01 1.753870019456371665e-04 2.185729641723810346e-08 1.687695982965919939e-09 5.067644979865615351e-13 1.351829013174210559e-07 4.367977624042396201e-07 2.701589210118982010e-07 1.559905172143771779e-06 3.741247201105579734e-05 9.999288320541381836e-01 1.528383535287503037e-07 2.980327096224755223e-08
9.353212080895900726e-03 9.548610448837280273e-02 9.999934434890747070e-01 3.460457921028137207e-02 2.982336794957518578e-03 1.039564609527587891e-03 5.684092640876770020e-01 3.043212592601776123e-01 2.333606593310832977e-02 4.529192578047513962e-03 6.151107663754373789e-05 1.021030358970165253e-03 3.350277617573738098e-02 1.863969564437866211e-01 1.787181571125984192e-02 4.482113569974899292e-02 2.509867846965789795e-01 1.134102582000195980e-03 1.789885200560092926e-02
6.581529543581154940e-09 3.255836986681970302e-07 5.967079053093016228e-10 9.714898467063903809e-01 1.292635420924170830e-08 1.333212207299538932e-09 1.168740727007389069e-02 1.530139520764350891e-02 5.984189588303934215e-09 3.121848976661567576e-06 1.281843961488046690e-13 5.681255910161553402e-09 1.565821912663523108e-05 3.331301361322402954e-02 1.681218110024929047e-02 3.704923869918275159e-07 9.993591904640197754e-01 9.793902635574340820e-01 1.014243966590555601e-10
2.587267756462097168e-01 1.649723344598896801e-07 6.792465624249482969e-14 1.450894160370808095e-05 9.890056252479553223e-01 8.672497719963701002e-10 9.868192672729492188e-01 3.560915451394919273e-11 1.273033092729747295e-03 1.528902004999110886e-10 5.562713623064041712e-10 8.999104499816894531e-01 3.653726210472996172e-08 9.633319315860422449e-12 1.506416991148284978e-09 6.663692649453878403e-03 4.825747964787296951e-05 2.101149831901238940e-08 5.460299803417001385e-07
1.280113775283098221e-02 3.816284472122788429e-03 8.379890641663223505e-05 3.833004506304860115e-03 2.841249294579029083e-02 9.813254699110984802e-03 2.856869697570800781e-01 5.000644922256469727e-02 4.270446021109819412e-03 9.683511257171630859e-01 1.173793221823871136e-03 5.880903601646423340e-01 8.007421344518661499e-02 5.289393811835907400e-05 4.961385857313871384e-04 2.267493605613708496e-01 1.029369700700044632e-02 1.053842529654502869e-02 1.124714035540819168e-03
1.997648328542709351e-01 1.786293834447860718e-01 6.127088889479637146e-02 1.688899844884872437e-01 4.485910013318061829e-02 1.247341372072696686e-02 4.283248186111450195e-01 3.472335934638977051e-01 3.150005638599395752e-02 2.985389232635498047e-01 1.998518407344818115e-02 2.386979460716247559e-01 2.604623734951019287e-01 5.743901431560516357e-02 3.777006268501281738e-02 1.484637856483459473e-01 1.350781321525573730e-01 1.320634484291076660e-01 1.560967415571212769e-02
7.085315883159637451e-02 2.162941545248031616e-02 1.360132475383579731e-03 4.373313859105110168e-02 1.127673871815204620e-02 1.007587462663650513e-02 6.191952899098396301e-02 1.490910351276397705e-01 8.392351446673274040e-04 9.790105819702148438e-01 3.890137886628508568e-03 4.003556668758392334e-01 1.198604330420494080e-01 1.501280930824577808e-03 3.854312468320131302e-03 1.561808586120605469e-01 1.972907967865467072e-02 5.577176436781883240e-02 5.021492834202945232e-04
8.828428690321743488e-06 1.160822794190607965e-04 1.536761374154593796e-05 3.543661907315254211e-03 1.223960280185565352e-04 7.129418849945068359e-02 9.925447106361389160e-01 7.576794596388936043e-04 6.960383802652359009e-02 9.080535164684988558e-06 1.431530222362198401e-06 1.468062509957235307e-05 3.324749122839421034e-04 1.164477914571762085e-01 2.540029287338256836e-01 6.568769458681344986e-05 4.400996863842010498e-02 7.409951649606227875e-03 1.664272742345929146e-03
4.982500740879913792e-07 1.764617481967434287e-04 4.791222067979106214e-07 5.264186183921992779e-04 6.886340270284563303e-05 1.098201209970284253e-05 9.998965263366699219e-01 1.592213986441493034e-03 3.262665569782257080e-01 4.437886218511266634e-06 1.024287994368933141e-04 2.997168921865522861e-04 3.009082574862986803e-04 1.242700312286615372e-02 1.411171536892652512e-02 1.516033196821808815e-03 1.181046962738037109e-01 5.142542533576488495e-03 7.744437549263238907e-03
2.452114529205573490e-07 2.478983878972940147e-05 2.728535491769434884e-06 7.606846793350996450e-06 4.313441422709729522e-06 1.270499797101365402e-05 9.998495578765869141e-01 7.481723441742360592e-04 8.656488060951232910e-01 2.941372486020554788e-06 9.294717892771586776e-05 1.967992138816043735e-04 4.438511678017675877e-05 7.771237869746983051e-04 2.037849975749850273e-03 1.579804811626672745e-04 2.314725071191787720e-01 4.102097824215888977e-02 2.363689094781875610e-01
1.949611864984035492e-02 3.109552199020981789e-03 4.934645039611496031e-05 1.000261865556240082e-02 1.117682433687150478e-03 1.450040377676486969e-03 1.116156671196222305e-02 6.079502776265144348e-02 2.539207707741297781e-05 9.979566335678100586e-01 2.924443106167018414e-04 3.325137495994567871e-01 4.639834910631179810e-02 7.251913484651595354e-05 2.781802613753825426e-04 8.150102943181991577e-02 3.024165285751223564e-03 1.608478277921676636e-02 1.317543137702159584e-05
1.211892114952206612e-03 2.432223409414291382e-03 1.608571765245869756e-04 9.817508980631828308e-03 6.928797811269760132e-03 5.754407029598951340e-04 4.913222491741180420e-01 2.219713181257247925e-01 1.001836964860558510e-03 9.465055465698242188e-01 6.613488076254725456e-04 6.620913743972778320e-01 3.505555540323257446e-02 1.043986529111862183e-03 3.011494176462292671e-03 3.748795986175537109e-01 1.362000703811645508e-01 3.358120843768119812e-02 3.177286125719547272e-04
5.433388985693454742e-03 1.541294157505035400e-03 1.647137105464935303e-05 7.560392376035451889e-03 1.468843035399913788e-02 7.822269690223038197e-04 1.234937906265258789e-01 4.502652212977409363e-02 1.482878578826785088e-04 9.897552132606506348e-01 1.704973110463470221e-04 7.061944007873535156e-01 2.460306696593761444e-02 8.121431892504915595e-05 2.755085879471153021e-04 2.738225758075714111e-01 1.242618914693593979e-02 1.217853650450706482e-02 3.563313657650724053e-05
2.192463544048450785e-09 1.309631727508531185e-07 1.903378965550928115e-08 3.463840112090110779e-04 1.292541043085293495e-07 7.536743851233040914e-08 9.997147917747497559e-01 1.741194166243076324e-03 1.338757574558258057e-03 1.603638253300232464e-07 7.662486467552298564e-08 4.720217248177505098e-07 5.999716813676059246e-05 1.072563230991363525e-03 2.119817957282066345e-02 1.578092087584082037e-05 9.918596148490905762e-01 2.635803830344229937e-04 1.163593406090512872e-04
6.611671765632820552e-10 1.881802269565469032e-09 7.290327738197766028e-13 1.967640628208755516e-07 5.990735189698170871e-06 1.060080148662656541e-10 8.186693191528320312e-01 3.402736969292163849e-03 1.930849702347359198e-09 9.978532195091247559e-01 2.321663278292973587e-10 9.826108813285827637e-01 1.454882149118930101e-04 1.550084366419568482e-10 1.716979336485735530e-09 5.440942049026489258e-01 5.865124054253101349e-03 1.553034053358715028e-05 1.903997792762623931e-10
1.402995016171193488e-12 2.659529063989141129e-12 9.423264699261242757e-18 1.751601863553275962e-09 7.615407859873357665e-09 4.981300745152128506e-13 3.284750878810882568e-02 1.643434952711686492e-04 2.023057421455046190e-13 9.999998807907104492e-01 2.069531205477551095e-14 9.839635491371154785e-01 2.680496038465207675e-07 2.734956223082382620e-14 2.699520077961703457e-12 3.330911397933959961e-01 3.605868914746679366e-05 7.259505991896730848e-07 1.025394898419124904e-15
2.530327765271067619e-03 3.886121849063783884e-04 1.203405417982139625e-06 6.210813880898058414e-04 5.701399408280849457e-03 1.351214712485671043e-03 9.450634568929672241e-02 1.647999510169029236e-02 1.987098657991737127e-04 9.972780346870422363e-01 6.668936111964285374e-05 6.203858256340026855e-01 2.382304519414901733e-02 1.406454998686967883e-06 2.505402699171099812e-05 1.670204550027847290e-01 1.611058251000940800e-03 2.597131999209523201e-03 2.744027369772084057e-05
7.139218505471944809e-04 3.971899423049762845e-05 1.760458800958986103e-08 2.623701293487101793e-04 6.166500679682940245e-05 3.785392982535995543e-05 1.606265665031969547e-03 5.802812986075878143e-03 1.249040906259324402e-07 9.999754428863525391e-01 1.026792006086907350e-06 4.127205610275268555e-01 4.808216355741024017e-03 6.480249226115120109e-08 9.128115721068752464e-07 4.691506549715995789e-02 9.547344234306365252e-05 7.389085949398577213e-04 1.846409247718838742e-08
9.825278539210557938e-04 8.372135198442265391e-05 7.204695862128573935e-08 3.043952456209808588e-04 7.242405554279685020e-04 1.745205372571945190e-04 1.515262946486473083e-02 8.734226226806640625e-03 4.797161636815872043e-06 9.997952580451965332e-01 5.377068646339466795e-06 5.711786746978759766e-01 8.927666582167148590e-03 1.724554294924018905e-07 3.025104433618253097e-06 1.077538207173347473e-01 3.708725853357464075e-04 1.230321358889341354e-03 5.729339704885205720e-07
1.470514014363288879e-02 4.122135578654706478e-04 5.133547801960958168e-06 8.585132956504821777e-01 9.441826492547988892e-03 2.573309931904077530e-03 4.484435915946960449e-02 4.211522638797760010e-03 4.709534096036804840e-06 9.945794343948364258e-01 1.728601546346908435e-06 2.490902394056320190e-01 1.600917801260948181e-02 2.517370376153849065e-05 3.928156103938817978e-03 2.187364548444747925e-02 8.132847957313060760e-03 3.708868287503719330e-03 3.225038938126090216e-07
3.839761291146714939e-07 9.842777217272669077e-06 8.694000186437733646e-09 1.433895431546261534e-05 1.605687793926335871e-05 2.101739227100551943e-08 8.659365773200988770e-01 2.559330761432647705e-01 1.758648409122542944e-06 9.684796929359436035e-01 3.738064833669341169e-06 8.375104069709777832e-01 6.789954379200935364e-03 2.141814775313832797e-06 6.053726337995612994e-06 3.903819918632507324e-01 2.717704176902770996e-01 4.948470159433782101e-04 9.433244940737495199e-07
3.461247673024192562e-14 2.837556036493216194e-13 3.058909704694548221e-20 9.102291836926568180e-12 1.953792461151238058e-09 2.149532315380911496e-13 3.115278780460357666e-01 5.995764877297915518e-05 1.648852603931827421e-12 9.999997615814208984e-01 9.909512141794470791e-15 9.856248497962951660e-01 3.309876035473280353e-07 9.048556513986151517e-17 1.200762969280231782e-14 2.899137735366821289e-01 1.131472981796832755e-05 2.256217968010787445e-08 3.551222689055096547e-15
8.289391174912452698e-03 8.358891936950385571e-04 4.709633230959298089e-06 3.968913108110427856e-03 2.335407334612682462e-04 3.723926492966711521e-04 3.559317905455827713e-03 3.193359076976776123e-02 2.356991217311588116e-06 9.996090531349182129e-01 4.807301957043819129e-05 3.016796112060546875e-01 2.388063259422779083e-02 8.752778740017674863e-06 4.404169521876610816e-05 5.266475304961204529e-02 8.291592239402234554e-04 6.701831240206956863e-03 1.034017600431980100e-06
2.200077520683407784e-03 1.541264820843935013e-03 2.626384957693517208e-05 3.296067239716649055e-03 8.966396562755107880e-03 8.468964952044188976e-04 2.730838954448699951e-01 8.073686063289642334e-02 7.066752295941114426e-04 9.813165664672851562e-01 3.946747456211596727e-04 6.756680607795715332e-01 3.294247016310691833e-02 7.549977453891187906e-05 3.619930648710578680e-04 3.034066855907440186e-01 2.686888352036476135e-02 1.273240894079208374e-02 1.454779412597417831e-04
5.850088596343994141e-01 9.410783052444458008e-01 6.430961366277188063e-05 4.205787181854248047e-02 5.119511042721569538e-04 1.049028869601897895e-04 3.676182329654693604e-01 4.904215037822723389e-01 4.568362236022949219e-02 1.884917379356920719e-03 1.508188340812921524e-02 1.814752444624900818e-02 2.231610193848609924e-02 6.019821017980575562e-02 4.841904592467471957e-05 3.842310048639774323e-03 2.569058351218700409e-02 1.903185038827359676e-03 7.397251902148127556e-04
9.724701046943664551e-01 8.829069733619689941e-01 2.926448360085487366e-04 1.377019658684730530e-02 5.255335127003490925e-04 6.558563654834870249e-06 9.371180087327957153e-03 3.536961376667022705e-01 7.054731395328417420e-05 6.495165172964334488e-03 2.581550215836614370e-04 6.537126749753952026e-02 8.286141753196716309e-01 1.238250173628330231e-02 2.217252813352388330e-06 6.986806634813547134e-03 4.860686603933572769e-04 1.663983426988124847e-02 3.130733603029511869e-05
9.970262646675109863e-01 6.879534125328063965e-01 4.950340553477872163e-06 2.228189987363293767e-04 1.969768054550513625e-04 2.471786864077785140e-08 5.251201801002025604e-04 3.619791567325592041e-02 2.806790178055962315e-07 1.321243704296648502e-03 6.279050808188912924e-07 2.193502932786941528e-01 9.906689524650573730e-01 7.349259249167516828e-05 1.572313723663398832e-09 1.368832541629672050e-03 3.772438049054471776e-06 1.801705337129533291e-03 7.983818477441673167e-07
9.927967190742492676e-01 3.920551538467407227e-01 9.004175808513537049e-06 4.749069194076582789e-05 2.120983845088630915e-04 2.250050989971441595e-08 5.101820570416748524e-04 1.491568516939878464e-02 4.043434955747216009e-07 3.247936023399233818e-03 2.449908151902491227e-07 3.254517614841461182e-01 9.968498349189758301e-01 5.215378223510924727e-06 1.296508900239246032e-09 2.027228940278291702e-03 2.701084213185822591e-06 1.330997911281883717e-03 1.827397341003234033e-06
1.460147086618235335e-05 8.061677903015151969e-08 5.571285078241616784e-13 2.784052639981382526e-06 1.138638250353096737e-08 4.334241410219874524e-08 1.928480287460843101e-06 2.441650431137531996e-04 4.536892508812812030e-13 1.000000000000000000e+00 2.150408878742737784e-10 1.603479832410812378e-01 1.870734267868101597e-04 4.183355918618847369e-12 1.595605592097371073e-10 2.826943062245845795e-03 1.358320105282473378e-07 1.359189627692103386e-05 5.932612663931899344e-14
6.494708941318094730e-06 2.376572716400460195e-08 6.066562454210694399e-14 1.140963149737217464e-06 3.115405711184848769e-09 1.153396933517569778e-08 7.295233785953314509e-07 1.218036341015249491e-04 5.134169931103431395e-14 1.000000000000000000e+00 3.854823751869851378e-11 1.505839675664901733e-01 9.921722812578082085e-05 5.240280323386137251e-13 2.684088021287500681e-11 1.943703042343258858e-03 4.059987901428030455e-08 5.530443559109698981e-06 5.630461357976302914e-15
4.871239798376336694e-05 4.642997168957663234e-07 8.823943312141757644e-12 1.120764864026568830e-05 7.669124357789769419e-08 2.086509880427911412e-07 8.224918929045088589e-06 5.658142035827040672e-04 7.506645478827511653e-12 9.999998807907104492e-01 1.956537154512716370e-09 1.886985599994659424e-01 4.857839958276599646e-04 5.081927587080592446e-11 1.368566482362609804e-09 5.184821318835020065e-03 6.374587542268272955e-07 3.951524922740645707e-05 1.223291758688238584e-12
4.732132330536842346e-02 1.449855744795058854e-06 1.446289052062232905e-12 6.873153157727074358e-09 1.889286488294601440e-01 2.652443195638731765e-11 1.617792546749114990e-01 7.292597388186550234e-07 4.681375997961367830e-08 2.192088961601257324e-02 3.768726164476987606e-10 9.992386102676391602e-01 5.105165299028158188e-03 1.995563680664072526e-13 5.549937217933507191e-16 6.324400752782821655e-02 1.573683192646058160e-07 4.196126113242826250e-08 3.472775844670650258e-09
3.333575732540339231e-04 2.357289616838897928e-07 7.840292651217772857e-12 5.112696044307085685e-08 3.565205633640289307e-01 4.721475654889673024e-09 6.573089361190795898e-01 1.162098214990692213e-06 2.408724185443134047e-06 1.653266511857509613e-02 1.964266083120946860e-09 9.987025260925292969e-01 2.154400805011391640e-03 4.366669352495744505e-12 5.989840784828559528e-13 2.817823588848114014e-01 1.232713020726805553e-05 7.452121053574956022e-07 3.156655026259613805e-08
1.513030081987380981e-01 1.377511362079530954e-04 1.516296088688307009e-09 4.651107587960723322e-07 5.959961190819740295e-02 4.304180833969439846e-08 1.822662353515625000e-01 8.086338493740186095e-05 8.210059604607522488e-06 2.067720293998718262e-01 5.093914978715474717e-07 9.824568033218383789e-01 7.150348275899887085e-02 1.596120041691406755e-10 9.561068950447726422e-12 5.818843096494674683e-02 6.218188900675158948e-06 3.390799520275322720e-06 3.356323531988891773e-06
2.796502762691943644e-08 4.594465963236871175e-08 2.821683331433177955e-09 4.707806219812482595e-04 3.387787612155079842e-03 3.730217468245200507e-09 9.984098672866821289e-01 2.494961954653263092e-04 3.852907411783235148e-06 1.075601670891046524e-03 1.352638356877378101e-08 6.273705363273620605e-01 1.491858856752514839e-03 9.266276492780889384e-07 6.036419108568225056e-06 2.864814996719360352e-01 1.438618302345275879e-01 1.954119943547993898e-04 6.389949476215406321e-07
1.663785155869845767e-06 1.134685007855296135e-04 3.468274826445849612e-06 4.222928691888228059e-05 1.804285238904412836e-05 2.219239547684992431e-08 9.991407394409179688e-01 4.420024156570434570e-02 5.990656558424234390e-03 9.294816118199378252e-05 3.043848264496773481e-04 4.293094854801893234e-03 2.150292275473475456e-03 5.511027993634343147e-04 2.048032358288764954e-03 8.667094632983207703e-03 9.902718663215637207e-01 1.961143861990422010e-04 2.326977252960205078e-02
4.757977649569511414e-02 5.390921235084533691e-02 9.722267277538776398e-03 9.684777259826660156e-02 4.967764765024185181e-02 1.285299845039844513e-02 3.948973119258880615e-01 3.499875664710998535e-01 1.254836469888687134e-02 8.227741122245788574e-01 1.612065918743610382e-02 5.338292121887207031e-01 1.601796150207519531e-01 2.176665142178535461e-02 3.122857958078384399e-02 3.338401019573211670e-01 1.982989162206649780e-01 1.374614685773849487e-01 6.787517573684453964e-03
6.905257123435148969e-06 9.528216469334438443e-05 6.069798530461412156e-08 8.834846994432155043e-06 3.295643546152859926e-04 2.523482726246584207e-05 9.654864668846130371e-01 3.024099022150039673e-02 7.260320708155632019e-04 8.340981602668762207e-01 3.989722972619347274e-05 5.890922546386718750e-01 4.438101872801780701e-02 8.346814297510718461e-07 4.661823822971200570e-06 2.613338530063629150e-01 1.259101275354623795e-02 2.693753922358155251e-04 2.879690437112003565e-04
2.183521725237369537e-02 9.029632201418280602e-05 5.008025709685171023e-07 9.976974129676818848e-01 2.244575443910434842e-05 1.224734238348901272e-03 3.651306033134460449e-04 1.151207135990262032e-03 3.764051736965257078e-09 9.998149275779724121e-01 4.622706661905340297e-09 2.487703226506710052e-03 1.089213043451309204e-02 6.141543963167350739e-06 1.506064785644412041e-03 4.998635995434597135e-05 1.970442535821348429e-04 3.670721489470452070e-04 1.808092425781282486e-10
1.954984851181507111e-02 9.067060425877571106e-03 1.556385122239589691e-02 9.043538570404052734e-01 2.302393084391951561e-03 4.203491285443305969e-02 1.289796978235244751e-01 1.307483613491058350e-01 6.047794595360755920e-04 2.337594181299209595e-01 4.717931369668804109e-05 1.056334585882723331e-03 4.938404262065887451e-02 1.418116688728332520e-01 6.005108952522277832e-01 2.854926045984029770e-03 1.873870044946670532e-01 3.356157839298248291e-01 5.577774572884663939e-05
8.097582496702671051e-03 5.416968488134443760e-04 6.969371497689280659e-07 1.185428845928981900e-04 7.180192507803440094e-03 6.346058216877281666e-04 1.631207466125488281e-01 8.585521951317787170e-03 5.556432879529893398e-04 9.878221154212951660e-01 9.789512841962277889e-05 6.542956233024597168e-01 7.503971457481384277e-02 2.314333755748521071e-07 3.597197974158916622e-06 1.230537816882133484e-01 6.945026689209043980e-04 1.370637328363955021e-03 1.815160212572664022e-04
2.423074394464492798e-01 1.893278385978192091e-05 7.215861588805161375e-12 6.564443566503541660e-08 9.771089935384225100e-06 2.213952771112914775e-10 1.151976903202012181e-04 5.825214611832052469e-05 3.843805551628776129e-10 9.989534616470336914e-01 2.561641787579560514e-09 7.209618091583251953e-01 7.267314791679382324e-01 1.037823459440999352e-13 2.185172886821212801e-14 5.992832127958536148e-03 3.036013440649298900e-09 9.836855497269425541e-06 7.682928071517380886e-09
9.566276073455810547e-01 1.517252144367375877e-06 2.330843071991165610e-14 7.660671208498115448e-09 7.647661566734313965e-01 9.355441632974068056e-15 2.832153253257274628e-02 2.231600149116275134e-08 4.146403706495327413e-11 4.615317448042333126e-04 1.623809051630453748e-13 9.997413754463195801e-01 3.390611964277923107e-04 3.833216262580287775e-15 1.215530665660222276e-19 1.405746024101972580e-02 1.684859141093397739e-09 8.873556334165755288e-10 2.043636527365721989e-12
2.852130532264709473e-01 1.353270411491394043e-01 7.509031798690557480e-03 3.869363293051719666e-02 4.916458204388618469e-02 4.040018655359745026e-03 2.254566550254821777e-01 2.647648155689239502e-01 7.210594136267900467e-03 6.453452110290527344e-01 1.824372261762619019e-02 5.354498624801635742e-01 4.990763366222381592e-01 7.129799108952283859e-03 4.615842364728450775e-03 2.358817756175994873e-01 6.086157262325286865e-02 1.065813750028610229e-01 9.353226050734519958e-03
9.999620914459228516e-01 1.675369292497634888e-01 8.679091934027383104e-08 2.987870830111205578e-04 5.652188062667846680e-01 2.539923382727238277e-09 2.159411087632179260e-02 4.541964153759181499e-04 1.342096311418572441e-06 5.155679900781251490e-06 2.401068741164635867e-06 7.271099090576171875e-01 1.666214875876903534e-02 1.594460968590283301e-06 5.371097316908546304e-11 1.455312361940741539e-03 1.612828600627835840e-05 7.463023621312458999e-07 9.208416713590850122e-07
1.518802491773385555e-06 2.699065589695237577e-06 3.261072478721871448e-08 9.999674558639526367e-01 3.461523192527238280e-07 1.851437114730458688e-09 6.472881883382797241e-02 8.794927969574928284e-03 4.136875020321895136e-08 6.068901348044164479e-05 5.942823056576118645e-12 5.778605927098112716e-10 1.455198507755994797e-04 9.196208789944648743e-03 4.829450976103544235e-03 9.460109140491113067e-07 9.761699438095092773e-01 2.552864025346934795e-04 4.461927355370320925e-11
4.253595834597945213e-04 3.736571727586124325e-07 1.364105539636284448e-08 9.999462366104125977e-01 2.011303603649139404e-02 5.003145815862808377e-06 3.754360973834991455e-01 1.729084942780900747e-05 1.650557351240422577e-05 4.269832516001770273e-06 6.148479503309545180e-10 2.768746890069451183e-05 5.676980435964651406e-05 6.488834060291992500e-06 3.478283295407891273e-03 2.271158882649615407e-04 2.297130525112152100e-01 1.459054715269303415e-06 1.267014759775975108e-08
8.677066564559936523e-01 3.185788691043853760e-01 5.270059406757354736e-02 4.717619717121124268e-01 1.137269884347915649e-01 4.498824011534452438e-03 6.842835247516632080e-02 2.098031044006347656e-01 9.659960633143782616e-04 1.440315991640090942e-01 6.673918105661869049e-03 2.883521318435668945e-01 5.448339581489562988e-01 6.171544268727302551e-02 1.504990644752979279e-02 5.995209142565727234e-02 2.570598386228084564e-02 9.567833691835403442e-02 1.771309529431164265e-03
1.011083601042628288e-03 1.194997457787394524e-03 6.327374735271007467e-10 9.777976572513580322e-02 1.868092169843293959e-08 8.475452659695292823e-07 1.024388711812207475e-05 3.213103860616683960e-02 7.974688617795600010e-12 9.999942779541015625e-01 5.587357421177330252e-08 2.097743749618530273e-02 6.324113812297582626e-03 1.816299300116952509e-05 1.383214964789658552e-07 2.009941497817635536e-03 1.485732809669570997e-05 4.960702732205390930e-03 3.629182024345034563e-11
2.081559598445892334e-01 1.431736201047897339e-01 5.340863391757011414e-02 1.674934476613998413e-01 7.968771457672119141e-02 3.053243458271026611e-02 3.840791285037994385e-01 3.364850878715515137e-01 3.518113866448402405e-02 5.754510760307312012e-01 2.978478185832500458e-02 3.872206211090087891e-01 2.881563603878021240e-01 4.368632659316062927e-02 4.749383032321929932e-02 2.147611826658248901e-01 1.423215717077255249e-01 1.531297564506530762e-01 2.167769148945808411e-02
9.871736764907836914e-01 7.662235498428344727e-01 7.303192006702374783e-08 9.999953508377075195e-01 4.791617975570261478e-04 1.842612284974620707e-09 6.915201083756983280e-06 8.165121078491210938e-03 2.556599376646317978e-09 4.920208994008135051e-06 7.154314516810700297e-06 5.581186087511014193e-06 7.881578058004379272e-03 3.336729407310485840e-01 1.039474284425523365e-08 3.265805135015398264e-04 9.009827408590354025e-06 6.707988632115302607e-06 1.250601933122652554e-08
7.329715299420058727e-04 3.921489696949720383e-03 9.999395608901977539e-01 5.933808162808418274e-03 1.925464137457311153e-03 3.699777647852897644e-02 8.042910695075988770e-01 1.913964748382568359e-02 1.911288946866989136e-01 9.128476958721876144e-04 1.091993544832803309e-05 5.712972488254308701e-04 5.492323543876409531e-03 5.876570940017700195e-03 1.551626622676849365e-02 8.640700951218605042e-03 1.507276147603988647e-01 8.548594196327030659e-04 3.224715590476989746e-02
2.750154137611389160e-01 2.968974709510803223e-01 1.791650354862213135e-01 1.854238659143447876e-01 4.537982121109962463e-02 4.985601827502250671e-02 3.816007971763610840e-01 3.832310140132904053e-01 8.558235317468643188e-02 2.293472886085510254e-01 3.573811054229736328e-02 1.847800612449645996e-01 3.471330106258392334e-01 1.838349997997283936e-01 1.306376457214355469e-01 1.247235387563705444e-01 1.812225580215454102e-01 2.920589148998260498e-01 5.029877647757530212e-02
7.223460124805569649e-04 6.934427656233310699e-03 1.577222370542585850e-03 2.844026871025562286e-02 1.884253812022507191e-03 5.593725363723933697e-04 8.795807957649230957e-01 1.878741979598999023e-01 6.667015701532363892e-02 7.915506139397621155e-03 2.446630503982305527e-03 8.030027151107788086e-03 3.190449625253677368e-02 1.854723691940307617e-01 4.358315467834472656e-02 4.864123091101646423e-02 6.040653586387634277e-01 8.841692805290222168e-01 7.726078853011131287e-03
4.622417502105236053e-03 2.474690414965152740e-02 6.551539991050958633e-03 6.407655030488967896e-02 7.116690278053283691e-03 2.644191728904843330e-03 8.223822116851806641e-01 2.788302004337310791e-01 9.006469696760177612e-02 2.722167223691940308e-02 8.579164743423461914e-03 2.645205892622470856e-02 7.370681315660476685e-02 2.396651804447174072e-01 8.320739865303039551e-02 8.609116077423095703e-02 5.135363340377807617e-01 7.977595925331115723e-01 1.694079674780368805e-02
4.902050477539887652e-06 5.435711880608096180e-09 5.714063086353828730e-17 1.350326836109161377e-02 1.033389344229362905e-05 7.597344975351916219e-09 6.672310519206803292e-06 4.288390300644095987e-07 3.836405341626700216e-15 1.000000000000000000e+00 1.769546186284557537e-14 8.397259116172790527e-01 3.490300059638684615e-06 5.824149756222807284e-14 8.618356722722708696e-11 6.761102471500635147e-03 2.402510190790962952e-08 1.320759537293270114e-07 1.565167994015687482e-17
5.613798741251230240e-03 4.533378950011268671e-10 8.320988299519209647e-17 1.221021417308065793e-08 9.465866088867187500e-01 4.903574359169278474e-14 9.187627583742141724e-02 4.939272879589395870e-10 4.417030109726827192e-12 8.791253902018070221e-03 8.977938318382376430e-16 9.999907016754150391e-01 8.814052307570818812e-06 2.288323034478536439e-16 1.253823958142599000e-19 1.697379499673843384e-01 3.134933423964980648e-09 3.801280179516197677e-09 7.946131274673418066e-15
2.072582580149173737e-02 1.486440538428723812e-03 9.789098985493183136e-04 9.984146356582641602e-01 7.063728291541337967e-03 5.689292028546333313e-02 3.636195883154869080e-02 1.679133065044879913e-02 8.598123677074909210e-04 6.649091374129056931e-03 2.486389348632656038e-06 6.547169323312118649e-05 1.173950452357530594e-02 1.488733012229204178e-02 2.054728865623474121e-01 7.310789660550653934e-04 5.577649921178817749e-02 3.169330582022666931e-02 2.322680302313528955e-05
2.553213536739349365e-01 6.936938166618347168e-01 4.565645213006064296e-05 3.135256841778755188e-02 2.709739608690142632e-03 2.337347905267961323e-05 8.105973005294799805e-01 2.179087847471237183e-01 1.942414194345474243e-01 2.887305454351007938e-04 5.151018500328063965e-01 2.109798789024353027e-02 7.096371613442897797e-03 2.918647229671478271e-02 6.788730388507246971e-04 7.069185376167297363e-03 3.824483454227447510e-01 2.224229974672198296e-03 1.078181527554988861e-02
3.113713173661381006e-04 2.279497496783733368e-02 2.955586824100464582e-04 6.139997392892837524e-02 3.791222407016903162e-04 4.688733315560966730e-05 9.714466333389282227e-01 1.420804113149642944e-01 2.764515578746795654e-02 1.324276090599596500e-03 4.313610494136810303e-03 1.543589751236140728e-03 1.530230138450860977e-02 2.593522667884826660e-01 2.811801806092262268e-02 1.651152968406677246e-02 7.782629132270812988e-01 1.314553767442703247e-01 5.546244326978921890e-03
6.409170106053352356e-03 3.873243927955627441e-01 6.687975837849080563e-04 1.917708367109298706e-01 3.386830503586679697e-04 1.351083919871598482e-04 8.245730996131896973e-01 3.043508231639862061e-01 1.369303930550813675e-02 1.675710314884781837e-03 8.196743205189704895e-03 1.191441668197512627e-03 1.440233737230300903e-02 6.761536002159118652e-01 7.442220579832792282e-03 9.506913833320140839e-03 3.407161831855773926e-01 6.024822965264320374e-02 9.215446189045906067e-04
8.512132865234889323e-08 3.876157617099806885e-09 2.950734351208684526e-15 7.107386901239465260e-10 2.534751001803670079e-05 1.583844664310163353e-06 1.221931949257850647e-01 1.634546788409352303e-05 1.667934839133522473e-07 9.999874830245971680e-01 2.065249221638865151e-10 9.065932631492614746e-01 2.596135309431701899e-04 3.341261220880884647e-15 2.689165079852728901e-12 8.181045949459075928e-02 4.259219963387295138e-07 1.793896018398299930e-07 2.510686769596759405e-09
6.271037591432104819e-07 7.455981942960931974e-10 2.287668701526782492e-16 8.007259566511493176e-08 7.828327569514570428e-11 4.090593974659384457e-10 4.338964743055839790e-08 2.136136390618048608e-05 1.730760023528147011e-16 1.000000000000000000e+00 4.382194477084433437e-13 1.140738278627395630e-01 1.523203718534205109e-05 2.993636781745351652e-15 3.153030679430013361e-13 6.449072971008718014e-04 1.824458473187462459e-09 6.249937882785161491e-07 1.180995787198193286e-17
7.142841695895185694e-07 1.332416510457790082e-09 5.489506711102833201e-16 1.218778891143301735e-07 3.804534742801735092e-10 8.234842807652853480e-10 1.805259017828575452e-07 3.109197859885171056e-05 1.125819548162068379e-15 1.000000000000000000e+00 1.012949706752364065e-12 1.790121495723724365e-01 2.005567330343183130e-05 9.402632379564446891e-15 1.112959659328727202e-12 1.441440312191843987e-03 6.890348291932468783e-09 1.030432372317591216e-06 6.257192523534106871e-17
3.384418087080121040e-03 1.744240336120128632e-02 9.667033737059682608e-05 4.671988426707684994e-04 8.228347287513315678e-04 1.630915721761994064e-05 9.919975399971008301e-01 8.107774704694747925e-02 3.275555670261383057e-01 5.665556527674198151e-04 4.588924720883369446e-02 2.881869301199913025e-02 9.140374138951301575e-03 2.944598440080881119e-03 1.296358648687601089e-02 1.072365231812000275e-02 9.150381684303283691e-01 2.978382166475057602e-03 4.600195884704589844e-01
2.022998574213730194e-10 1.856058275961913751e-07 1.507739888495507330e-08 1.439961920368659776e-06 2.370221530156868539e-08 1.983926044279993306e-11 9.998898506164550781e-01 1.120907999575138092e-02 7.188919465988874435e-03 2.583722391591436462e-07 4.364760570751968771e-06 6.417060831154230982e-06 2.530686288082506508e-05 2.201012684963643551e-04 1.893581356853246689e-04 5.960889975540339947e-04 9.994941949844360352e-01 3.204002743586897850e-03 1.846634899266064167e-03
4.248657425875990157e-09 1.233122361554706004e-06 5.311284922981940326e-08 5.506708021130179986e-06 3.552025020781002240e-07 1.059778861889348889e-10 9.999561309814453125e-01 3.516455646604299545e-03 1.859049662016332150e-03 4.711780263733089669e-07 1.229294412041781470e-05 1.031902502290904522e-04 9.074041736312210560e-05 5.984670497127808630e-05 6.115864962339401245e-04 6.171683198772370815e-04 9.982958436012268066e-01 1.600988980499096215e-05 8.523141965270042419e-03
3.999161446444077228e-09 4.745173438208682981e-13 2.128732895141863669e-16 1.104163743548269849e-06 4.631885513663291931e-02 1.796223447758649172e-10 3.274958729743957520e-01 6.057457824226730736e-08 9.108856897921402407e-12 9.990016818046569824e-01 9.502654053382734133e-16 9.998494386672973633e-01 6.509868626380921341e-07 3.364958661646218208e-14 1.298370373888080298e-12 7.878357768058776855e-01 3.163597966704401188e-06 2.737285058174165897e-06 1.720098943922693246e-14
5.760267413279507309e-06 1.849140573995100567e-08 5.354273814139713650e-14 1.028100086841732264e-06 2.299308521358511825e-09 9.983836868343587412e-09 5.471788995237147901e-07 1.154348865384235978e-04 3.404071593831811682e-14 1.000000000000000000e+00 3.122541114564114650e-11 1.396977305412292480e-01 8.223545592045411468e-05 4.564572461326910080e-13 2.402859508587873449e-11 1.661113929003477097e-03 3.529639513999427436e-08 5.116972715768497437e-06 3.686550813697311163e-15
5.691390484571456909e-02 5.722907837480306625e-03 1.489674206823110580e-03 1.888835877180099487e-01 4.272186756134033203e-01 7.999247871339321136e-03 5.733317136764526367e-01 4.470277950167655945e-02 1.091738883405923843e-02 2.709787487983703613e-01 2.258586464449763298e-03 7.157663106918334961e-01 4.426993057131767273e-02 4.083746578544378281e-03 6.589842960238456726e-03 4.250571429729461670e-01 1.942218095064163208e-01 2.981147170066833496e-01 4.118553362786769867e-03
5.087628960609436035e-01 7.074828026816248894e-04 4.126969201934116427e-07 2.676919975783675909e-04 6.390455365180969238e-01 4.368494330719840946e-07 2.098122537136077881e-01 2.594591351225972176e-04 1.087423152057453990e-05 3.608352690935134888e-02 7.676279665247420780e-07 9.828540086746215820e-01 1.466504577547311783e-02 2.005239707614236977e-07 3.361438905002955835e-09 1.432908922433853149e-01 1.271947985514998436e-04 9.108294761972501874e-05 1.438550839338859078e-06
1.628472506999969482e-01 1.930036097764968872e-01 8.303569257259368896e-02 1.587467938661575317e-01 3.549952059984207153e-02 1.850900799036026001e-02 5.236509442329406738e-01 3.519519865512847900e-01 6.354860216379165649e-02 1.541295200586318970e-01 2.440812624990940094e-02 1.555216759443283081e-01 2.281025648117065430e-01 1.255613267421722412e-01 7.219879329204559326e-02 1.126575618982315063e-01 1.772146821022033691e-01 1.970925480127334595e-01 3.035867772996425629e-02
2.612231969833374023e-01 2.236690670251846313e-01 7.693283259868621826e-02 1.793389469385147095e-01 5.248850956559181213e-02 2.618328295648097992e-02 3.552163243293762207e-01 3.949988484382629395e-01 3.629355877637863159e-02 4.839121699333190918e-01 3.504754602909088135e-02 3.230957984924316406e-01 3.393271267414093018e-01 7.043019682168960571e-02 4.998952522873878479e-02 1.854361444711685181e-01 1.329260319471359253e-01 2.021856456995010376e-01 2.549832500517368317e-02
1.371955871582031250e-02 6.208662525750696659e-04 1.747089554555714130e-03 6.524324417114257812e-01 5.611111992038786411e-04 1.653866916894912720e-01 9.280676394701004028e-02 9.757449850440025330e-03 1.153418910689651966e-03 1.044146437197923660e-02 1.038585537571634632e-06 8.889593300409615040e-05 1.132874656468629837e-02 3.287382051348686218e-02 9.090465307235717773e-01 8.796246402198448777e-05 5.483966693282127380e-02 2.017255499958992004e-02 2.632867472129873931e-05
6.913927197456359863e-02 1.737159639596939087e-01 2.345070475712418556e-03 7.828827947378158569e-02 4.240444675087928772e-02 2.350440062582492828e-02 4.189335405826568604e-01 3.075496554374694824e-01 2.636265754699707031e-02 7.569096684455871582e-01 1.939057186245918274e-02 4.160211980342864990e-01 2.038301676511764526e-01 1.515884324908256531e-02 1.027150545269250870e-02 2.346566170454025269e-01 8.743087202310562134e-02 6.502213329076766968e-02 1.163073536008596420e-02
3.853220550809055567e-05 3.161256074690754758e-07 6.781416574119791818e-12 8.807800440990831703e-06 4.890988591910172545e-08 1.597937568931229180e-07 5.746183887822553515e-06 5.203327164053916931e-04 4.136669305709883560e-12 1.000000000000000000e+00 1.358216761282449170e-09 1.749083548784255981e-01 3.741596010513603687e-04 3.865772285616131398e-11 1.061800758428432800e-09 4.313446581363677979e-03 5.092200581202632748e-07 3.506509528961032629e-05 6.467649224344007575e-13
6.171754648676142097e-05 2.105493796989321709e-03 9.999997615814208984e-01 9.021883597597479820e-04 2.475638393661938608e-05 4.211619379930198193e-04 9.564173817634582520e-01 3.877149149775505066e-02 1.447044759988784790e-01 8.132468065014109015e-05 4.151244752392813098e-07 7.086518508003791794e-06 1.127066672779619694e-03 4.025319591164588928e-03 2.985752886161208153e-03 1.810818561352789402e-03 2.404274195432662964e-01 1.010768100968562067e-04 1.780092902481555939e-02
1.417104649590328336e-04 4.153199493885040283e-03 9.999992847442626953e-01 1.464639324694871902e-03 4.360947059467434883e-05 5.514299264177680016e-04 9.457747936248779297e-01 6.048868596553802490e-02 1.518056988716125488e-01 1.569871528772637248e-04 1.304673105551046319e-06 1.420509215677157044e-05 1.788317109458148479e-03 6.862743757665157318e-03 4.053020849823951721e-03 2.674033399671316147e-03 2.638491094112396240e-01 1.937247143359854817e-04 2.400944381952285767e-02
2.216476059402339160e-05 1.113356440328061581e-03 1.000000000000000000e+00 2.904306747950613499e-04 9.336661605630069971e-06 3.515991265885531902e-04 9.554442763328552246e-01 1.582011394202709198e-02 1.263301521539688110e-01 2.849233351298607886e-05 4.739966286138042051e-08 2.307803924850304611e-06 4.110684967599809170e-04 1.578410039655864239e-03 1.121920067816972733e-03 8.152937516570091248e-04 1.401907056570053101e-01 2.560489338065963238e-05 1.421885564923286438e-02
4.832610115408897400e-02 7.158621997405134607e-07 4.835665567853885717e-16 1.215008596773259342e-04 1.157666929066181183e-02 1.819747477704858341e-11 4.349804949015378952e-04 1.076771923180785961e-06 5.968002242569270255e-13 9.984877109527587891e-01 7.330764142422785401e-13 9.885767102241516113e-01 8.187348721548914909e-04 1.226713348278672330e-14 5.154871416334326495e-15 1.588445529341697693e-02 1.362163359885926184e-08 1.517589112154382747e-07 5.526692452751010010e-14
9.968750476837158203e-01 9.998985528945922852e-01 9.498551944986388662e-10 1.975320978090167046e-03 6.220803872025726378e-09 1.373635038180720525e-12 1.760682556778192520e-03 9.722970128059387207e-01 3.956912678404478356e-06 2.799928067176438162e-09 4.466552491066977382e-05 1.362338139188068453e-06 1.922130701132118702e-03 7.786557078361511230e-03 2.138455211520007282e-12 1.047135174303548411e-05 8.762381912674754858e-05 3.409870714676799253e-06 1.556851869644049202e-10
9.999592304229736328e-01 4.815207794308662415e-02 7.223994180627357764e-10 3.703031881130414149e-09 5.567592597799375653e-05 9.650317350784476389e-11 2.033534944057464600e-01 6.537101398862432688e-06 2.462057471275329590e-01 2.435979013171163388e-06 9.704946251076762564e-07 9.338203072547912598e-02 3.719448111951351166e-03 3.596581019116307232e-11 5.842908486685879921e-14 1.325275434282957576e-06 5.074538421467877924e-06 2.499267459654674894e-09 7.017318010330200195e-01
2.795701670166295116e-09 3.914322208378728796e-13 1.356764537068831460e-16 1.187531850632694841e-07 6.053956225514411926e-02 1.860268050712932109e-10 2.127542197704315186e-01 6.374077088366902899e-08 8.308179665073023301e-12 9.995470643043518066e-01 1.244937897413559043e-15 9.999347925186157227e-01 4.981436632078839466e-07 1.942432217676148820e-14 1.451406269475929989e-13 8.375782370567321777e-01 1.061188754647446331e-06 9.234904609911609441e-07 7.565061316099075395e-15
1.575626619160175323e-02 4.018580019474029541e-01 1.892319851322099566e-04 5.552920512855052948e-03 1.635619252920150757e-02 7.259232401847839355e-01 5.352063179016113281e-01 2.440762519836425781e-02 1.029987633228302002e-01 2.546834386885166168e-02 1.226981985382735729e-03 2.870953641831874847e-02 1.492912322282791138e-02 3.419262170791625977e-02 2.981861587613821030e-03 1.088156364858150482e-02 5.418859887868165970e-03 6.117920391261577606e-03 1.426323037594556808e-02
9.827588200569152832e-01 4.579494893550872803e-02 2.200836206611711532e-07 9.999997615814208984e-01 2.661081030964851379e-03 6.100497529359927285e-08 2.232193310192087665e-06 7.381678442470729351e-04 3.248832591840056239e-10 6.350743933580815792e-04 3.827713612736260984e-08 8.579737368563655764e-06 3.306594863533973694e-02 7.691501080989837646e-02 2.809658099067746662e-06 3.800953563768416643e-04 2.734398549364414066e-05 4.562681715469807386e-05 4.188712043884379455e-09
2.054542116820812225e-02 3.611814463511109352e-04 3.678083521663211286e-05 1.192779764533042908e-01 2.324342029169201851e-03 2.519294321245979518e-05 9.103212952613830566e-01 7.853629998862743378e-03 5.067088641226291656e-04 1.126001807278953493e-04 1.819751196308061481e-05 3.245633561164140701e-03 5.250011105090379715e-03 5.824896972626447678e-03 3.159744739532470703e-01 8.521126583218574524e-04 9.740495085716247559e-01 1.052072737365961075e-03 4.119081131648272276e-04
6.091510131955146790e-02 2.782602012157440186e-01 9.999777078628540039e-01 1.138994544744491577e-01 5.914176814258098602e-03 2.593201352283358574e-04 8.979044854640960693e-02 3.419321775436401367e-01 7.955396722536534071e-05 1.035169139504432678e-02 4.880434134975075722e-04 1.385068986564874649e-03 1.256993561983108521e-01 7.924308776855468750e-01 4.939115047454833984e-02 5.529211834073066711e-02 4.211938381195068359e-02 1.132508274167776108e-02 2.425958402454853058e-03
2.171500419799812787e-13 4.952496746035706110e-11 1.614316347264832530e-09 7.597042247653007507e-03 1.861648751821931569e-10 3.394695955545243282e-14 9.997068047523498535e-01 1.122829198720864952e-04 2.179343994157534325e-08 7.666469681311127715e-10 1.094432229846627191e-13 2.688133271533388324e-09 1.193862885884300340e-06 1.019026785797905177e-05 1.301229785894975066e-04 1.778606815605598968e-06 9.999291896820068359e-01 7.803315043020120356e-07 2.108400209976935002e-08
2.045667022466659546e-01 1.338688582181930542e-01 4.578282311558723450e-02 1.688371896743774414e-01 8.486308902502059937e-02 3.950455784797668457e-02 3.448106348514556885e-01 3.360547423362731934e-01 3.224516659975051880e-02 6.731647253036499023e-01 3.334755077958106995e-02 4.134213328361511230e-01 2.877383530139923096e-01 3.879951685667037964e-02 4.850468412041664124e-02 2.307443916797637939e-01 1.358163505792617798e-01 1.670399755239486694e-01 2.090247720479965210e-02
9.992647767066955566e-01 5.187707021832466125e-03 3.021917160950238213e-09 8.072656055446714163e-05 9.027662873268127441e-01 3.858599273431906340e-10 1.240383461117744446e-01 1.004261321213562042e-05 5.275252306091715582e-07 7.433541668433463201e-06 6.174986566520601627e-08 9.524626135826110840e-01 7.582309772260487080e-04 7.934932710895736818e-09 4.128243753787064207e-12 1.012316532433032990e-02 1.005318335955962539e-05 1.739071819883974968e-07 6.218030534910212737e-08
1.556097995489835739e-02 2.036826044786721468e-04 6.661576890110154636e-08 3.896937050740234554e-05 2.578205312602221966e-04 1.124100322158483323e-06 5.695033818483352661e-03 7.687909528613090515e-03 3.055920103633980034e-07 9.979502558708190918e-01 3.222568921046331525e-06 6.673814654350280762e-01 2.289545536041259766e-01 2.004644272801670013e-08 3.422245242745702853e-08 8.992242068052291870e-02 8.350934513146057725e-05 1.921552699059247971e-03 7.083985451572516467e-07
9.306539868703112006e-05 7.764687761664390564e-04 5.042047123424708843e-04 3.740309330169111490e-05 7.864831946790218353e-03 9.998478889465332031e-01 2.112093381583690643e-03 4.694315521192038432e-06 1.963040381669998169e-01 3.351276973262429237e-04 5.023456992603314575e-07 2.909691829700022936e-04 1.250219211215153337e-04 1.762508618412539363e-04 4.899655003100633621e-03 2.608115901239216328e-04 1.340000017080456018e-04 2.264855429530143738e-03 1.484547257423400879e-01
9.497878551483154297e-01 2.060387283563613892e-01 9.991115927696228027e-01 2.493791095912456512e-02 4.480029046535491943e-01 9.791846969164907932e-05 2.129146009683609009e-01 7.023605704307556152e-02 4.482015501707792282e-04 1.414538477547466755e-03 4.464598023332655430e-04 2.072865068912506104e-01 1.179540380835533142e-01 3.642890229821205139e-02 2.716400194913148880e-04 3.800417110323905945e-02 2.183278650045394897e-02 2.002804307267069817e-03 2.891528420150279999e-03
7.876721024513244629e-01 1.470578610897064209e-01 9.472090005874633789e-01 5.869319662451744080e-02 5.729294419288635254e-01 8.223592303693294525e-04 4.483672976493835449e-01 7.490409910678863525e-02 6.156290881335735321e-03 7.695855107158422470e-03 3.297561779618263245e-03 4.331919550895690918e-01 1.202619150280952454e-01 1.840801723301410675e-02 2.300973748788237572e-03 1.232826635241508484e-01 8.866772800683975220e-02 9.057929739356040955e-03 9.099936112761497498e-03
7.176364306360483170e-04 7.477924373233690858e-05 1.345633915406097003e-08 1.159615658252732828e-05 1.046445569954812527e-03 9.230324394593480974e-06 1.371645331382751465e-01 8.073271252214908600e-03 2.693485839699860662e-05 9.942952990531921387e-01 1.287207942368695512e-05 7.738842368125915527e-01 3.705982491374015808e-02 1.716279562913314294e-08 1.446903752366779372e-07 1.565909236669540405e-01 6.409519701264798641e-04 5.034022615291178226e-04 8.601095942140091211e-06
9.999672174453735352e-01 2.309067100286483765e-01 1.887853071093559265e-02 2.131634602164922399e-08 6.379413207469042391e-06 1.228870792017305869e-13 7.392777661152649671e-06 6.640139617957174778e-04 6.904401529672643534e-12 1.775550663296598941e-05 3.737839465028924835e-12 1.926412135362625122e-01 9.998946189880371094e-01 2.659341546973337245e-08 4.050197304546632876e-15 4.174619607510976493e-05 7.257831002860370972e-10 2.595428441054536961e-06 9.529405708974536537e-09
9.980108141899108887e-01 3.112613856792449951e-01 2.284778730654579704e-07 2.163720409953384660e-06 1.859870826592668891e-05 1.186228476557360523e-10 3.737549195648171008e-05 2.963311737403273582e-03 3.279953642021382620e-09 7.975571788847446442e-04 2.066270710088247142e-09 3.467100560665130615e-01 9.996185302734375000e-01 9.477061979623613297e-08 2.540815648155447803e-12 3.900351293850690126e-04 4.590410540572520404e-08 2.255750005133450031e-04 3.573849127747052989e-08
3.114029169082641602e-01 3.121899962425231934e-01 1.897002905607223511e-01 1.729400008916854858e-01 4.679296165704727173e-02 6.122026965022087097e-02 3.393756747245788574e-01 3.645510077476501465e-01 9.075579047203063965e-02 2.480484545230865479e-01 3.645206615328788757e-02 1.983954459428787231e-01 3.822780251502990723e-01 1.757813394069671631e-01 1.264109313488006592e-01 1.206144243478775024e-01 1.610228568315505981e-01 3.042342960834503174e-01 5.897082388401031494e-02
2.043387066805735230e-04 6.884488978897707057e-09 2.077212235768524651e-13 9.999417066574096680e-01 1.969737084550615691e-08 3.984396244050003588e-06 5.168101324670715258e-07 6.084727601773920469e-07 1.960280408896746766e-16 1.000000000000000000e+00 2.629767838868257279e-16 3.915125853382050991e-04 7.164767157519236207e-05 6.226088655053585441e-12 1.578627006892929785e-06 1.922876009530227748e-07 9.890400320955450297e-08 9.469346196055994369e-08 4.433743400987692821e-19
7.423200607299804688e-01 2.978038042783737183e-03 7.872375817896681838e-08 9.791520237922668457e-01 8.859766721725463867e-01 9.998262612498365343e-06 9.354010969400405884e-02 9.098301961785182357e-05 1.406508818035945296e-04 1.869308995082974434e-03 1.084724954125704244e-05 5.144508481025695801e-01 1.088003395125269890e-03 4.887628529104404151e-05 1.655071537243202329e-05 2.028861790895462036e-01 8.779336698353290558e-03 1.057494519045576453e-04 1.789854309208749328e-06
1.831287809181958437e-04 1.210005721077322960e-04 1.621139203780708193e-12 7.703785896301269531e-01 4.011889931376799723e-09 4.557406541039199510e-08 4.502473700540576829e-07 2.594011137261986732e-03 5.553476227466254064e-15 9.999998807907104492e-01 1.952301514895893320e-10 9.369391947984695435e-03 1.319650444202125072e-03 7.850347287785552908e-07 1.705426377895946644e-08 3.546739753801375628e-04 1.527799213363323361e-06 2.848425647243857384e-04 1.589881858435858442e-14
6.470843553543090820e-01 3.220904245972633362e-02 3.619142444222234190e-05 9.936298010870814323e-04 8.528030593879520893e-04 4.062764219270320609e-06 1.800040598027408123e-03 1.741467416286468506e-02 2.209314061474287882e-06 7.663975954055786133e-01 3.034677320101764053e-05 4.714051783084869385e-01 9.485157728195190430e-01 4.126668500248342752e-06 3.419828260575741297e-07 3.425694257020950317e-02 2.642730942170601338e-05 1.470856089144945145e-02 2.839294938894454390e-05
1.893110311357304454e-04 2.783104491754784249e-06 5.057411954501045415e-12 2.014898508787155151e-02 1.851063835545119218e-08 3.348698328409227543e-06 1.566987521073315293e-06 3.079587768297642469e-04 8.334395456763288301e-13 1.000000000000000000e+00 1.755193074215455340e-10 2.259046211838722229e-02 5.784397944808006287e-04 7.281569236461393757e-10 8.709887566737961606e-08 1.384324277751147747e-04 5.782249559160845820e-07 2.249890167149715126e-05 2.400960832059373384e-13
2.278185188770294189e-01 5.369904637336730957e-01 4.655597358942031860e-02 3.345097601413726807e-01 2.319303713738918304e-02 1.726540178060531616e-02 3.581412434577941895e-01 5.749983191490173340e-01 3.173097968101501465e-02 1.375274658203125000e-01 3.207427263259887695e-02 7.766336202621459961e-02 2.530533671379089355e-01 4.757399260997772217e-01 8.617205172777175903e-02 1.265970915555953979e-01 1.935224831104278564e-01 3.005877137184143066e-01 1.217051502317190170e-02
4.971138834953308105e-01 4.665779173374176025e-01 2.117399275302886963e-01 1.949450224637985229e-01 7.054582238197326660e-02 2.655990980565547943e-02 3.499412834644317627e-01 4.627416133880615234e-01 7.219476997852325439e-02 2.414104938507080078e-01 6.497646868228912354e-02 2.494713515043258667e-01 4.667519629001617432e-01 1.187335625290870667e-01 4.841889813542366028e-02 1.676845997571945190e-01 1.549363136291503906e-01 1.819579899311065674e-01 5.313354358077049255e-02
1.069721207022666931e-01 4.043099656701087952e-02 3.775569377467036247e-03 7.736842334270477295e-02 1.401900313794612885e-02 1.678567938506603241e-02 7.515890151262283325e-02 1.998996436595916748e-01 1.586095779202878475e-03 9.641686677932739258e-01 7.893559522926807404e-03 3.757230937480926514e-01 1.581601798534393311e-01 4.070905037224292755e-03 8.328418247401714325e-03 1.554425507783889771e-01 3.014465048909187317e-02 8.135765045881271362e-02 1.133206184022128582e-03
2.137076705694198608e-01 1.471648663282394409e-01 5.337782949209213257e-02 1.724733859300613403e-01 8.057536929845809937e-02 3.269978240132331848e-02 3.680028021335601807e-01 3.428552448749542236e-01 3.418574109673500061e-02 6.045738458633422852e-01 3.169266879558563232e-02 3.956638574600219727e-01 2.923450767993927002e-01 4.442766308784484863e-02 4.852554202079772949e-02 2.187859266996383667e-01 1.414505392313003540e-01 1.606157869100570679e-01 2.173097804188728333e-02
2.326247282326221466e-02 8.964603766798973083e-03 4.533371031284332275e-01 2.809865400195121765e-02 1.672457307577133179e-01 2.183661563321948051e-03 4.956388473510742188e-01 1.828795969486236572e-01 3.055223030969500542e-03 6.829939484596252441e-01 1.663242466747760773e-03 7.079791426658630371e-01 1.720999628305435181e-01 3.661042544990777969e-03 2.485316712409257889e-03 4.230419397354125977e-01 7.635474950075149536e-02 3.343154862523078918e-02 1.918145339004695415e-03
5.017127335804616450e-08 1.761780304976312550e-10 2.760433212307261686e-13 6.824060619692318141e-06 4.734223783016204834e-01 2.138247623406641651e-08 9.952402114868164062e-01 1.576698949179444753e-08 1.213329960592091084e-05 8.071601769188418984e-05 5.154006388341514366e-11 9.871527552604675293e-01 1.831062945711892098e-05 3.304338747067703252e-11 1.257091652995256936e-09 4.531302452087402344e-01 3.336605732329189777e-04 9.519210834696423262e-06 1.279841388424074466e-08
