5.530350608751177788e-04 2.774554537609219551e-03 4.719979551737196743e-05 7.748069707304239273e-03 1.815111376345157623e-02 3.194288583472371101e-04 9.835773706436157227e-01 2.406566590070724487e-02 1.888328604400157928e-02 1.752237416803836823e-02 1.186632551252841949e-03 1.983729451894760132e-01 6.128804758191108704e-02 2.398942597210407257e-03 8.610710501670837402e-03 1.356076598167419434e-01 2.106364667415618896e-01 6.232821382582187653e-03 6.229558493942022324e-03
9.971345663070678711e-01 4.322576895356178284e-02 6.646543741226196289e-02 3.756625577807426453e-03 8.857148289680480957e-01 2.507149758912419202e-07 2.358112484216690063e-01 8.991983486339449883e-04 1.391908426739973947e-05 2.096833486575633287e-05 1.934498868649825454e-05 7.588480710983276367e-01 8.758903481066226959e-03 1.183060740004293621e-04 3.344573258345917566e-07 2.044478245079517365e-02 9.052248788066208363e-04 1.802141014195512980e-05 1.340114977210760117e-05
2.435747683048248291e-01 2.130513340234756470e-01 9.935798645019531250e-01 1.242775171995162964e-01 1.526371985673904419e-01 8.919489569962024689e-03 5.504099726676940918e-01 3.445421159267425537e-01 4.920195415616035461e-02 5.160418897867202759e-02 5.116539075970649719e-03 9.457571804523468018e-02 1.963977217674255371e-01 9.800218045711517334e-02 3.837292268872261047e-02 1.637134104967117310e-01 3.699333965778350830e-01 1.954423263669013977e-02 5.206332728266716003e-02
1.550436601974070072e-03 2.368800342082977295e-02 2.598780265543609858e-04 1.933127455413341522e-02 1.291315909475088120e-02 1.295367022976279259e-03 9.686161279678344727e-01 8.738340437412261963e-02 4.600872844457626343e-02 4.378092288970947266e-02 4.566915798932313919e-03 1.030481755733489990e-01 7.879415899515151978e-02 1.273568719625473022e-02 1.782579161226749420e-02 1.179153695702552795e-01 1.972291320562362671e-01 9.674953296780586243e-03 1.329314336180686951e-02
8.080380558967590332e-01 2.054909244179725647e-02 1.130204618675634265e-04 2.633243054151535034e-02 7.696067094802856445e-01 7.373723929049447179e-05 4.922942221164703369e-01 2.584106056019663811e-03 1.569267362356185913e-03 4.050436895340681076e-03 3.162746434099972248e-04 8.229140639305114746e-01 1.335473917424678802e-02 1.405576913384720683e-04 2.266956289531663060e-05 1.701536178588867188e-01 1.158053893595933914e-02 1.842556754127144814e-03 2.228436496807262301e-04
2.276036866533104330e-06 6.067997674108482897e-05 1.384934512316249311e-05 2.166190929710865021e-02 6.454926333390176296e-04 2.927879904746077955e-06 9.977962970733642578e-01 1.171967666596174240e-02 4.637706093490123749e-03 2.698905300348997116e-04 4.706903200712986290e-05 7.624128367751836777e-03 4.018842242658138275e-03 2.067971043288707733e-03 8.016414009034633636e-03 2.710879594087600708e-02 6.975196003913879395e-01 2.471716376021504402e-03 9.099801536649465561e-04
9.760683774948120117e-01 4.681776165962219238e-01 1.476719742640852928e-03 2.628963207826018333e-03 6.218165624886751175e-03 3.597748946049250662e-05 1.541688013821840286e-02 1.190311908721923828e-01 4.729283100459724665e-04 1.163822505623102188e-02 1.188822498079389334e-04 2.058884948492050171e-01 9.425486922264099121e-01 1.018763985484838486e-03 5.169583346287254244e-06 1.289462205022573471e-02 5.400015506893396378e-04 7.586358115077018738e-03 5.407605203799903393e-04
3.802456944868026767e-07 3.473169272183440626e-05 1.893463149826857261e-06 8.662255277158692479e-05 1.200519618578255177e-04 3.636988549260422587e-05 9.998687505722045898e-01 4.247017495799809694e-04 5.218389034271240234e-01 6.729003871441818774e-06 5.148363197804428637e-05 8.734546136111021042e-04 2.207365905633196235e-04 1.626939396373927593e-03 6.651236675679683685e-03 2.300961641594767570e-03 4.922463372349739075e-02 8.957620710134506226e-03 2.079210802912712097e-02
3.679591827676631510e-05 9.922614553943276405e-04 1.313082175329327583e-04 1.398180960677564144e-03 2.274875587318092585e-04 2.454334025969728827e-05 9.970610737800598145e-01 6.361822038888931274e-02 3.498862981796264648e-01 2.990478533320128918e-04 6.382291670888662338e-03 2.466898411512374878e-03 4.668872803449630737e-03 1.459501311182975769e-02 2.198522724211215973e-02 6.932076998054981232e-03 9.003179669380187988e-01 2.941220439970493317e-02 6.812483072280883789e-02
2.540184823374147527e-06 9.758336091181263328e-05 3.060817834921181202e-05 1.664478913880884647e-03 3.455988917266950011e-05 2.598385663077351637e-06 9.963122010231018066e-01 4.368492215871810913e-02 4.666434600949287415e-02 7.948958227643743157e-05 3.881438460666686296e-04 3.690945741254836321e-04 2.038824837654829025e-03 8.401934057474136353e-03 1.569415256381034851e-02 3.611144376918673515e-03 9.652620553970336914e-01 2.072410844266414642e-02 1.001683343201875687e-02
1.961581110954284668e-01 5.561602115631103516e-01 7.345239509959355928e-07 3.715474624186754227e-03 1.177990692667663097e-03 8.622083100817690138e-07 9.514811635017395020e-01 3.551305830478668213e-02 3.315599858760833740e-01 1.257391431863652542e-05 6.211317181587219238e-01 1.561325695365667343e-02 1.112425001338124275e-03 1.984597416594624519e-03 1.067875273292884231e-04 1.473157084546983242e-03 4.744069576263427734e-01 1.978588989004492760e-04 2.618331275880336761e-02
1.629601756576448679e-04 1.767283777098782593e-07 6.922294334965606311e-12 6.071903953852597624e-06 6.177802085876464844e-01 8.288446813821792603e-03 9.603705406188964844e-01 3.354679867229037882e-10 6.294244527816772461e-01 1.752801381371682510e-06 2.881825089673384355e-08 4.351943135261535645e-01 5.770482971456658561e-07 8.661174555335549030e-10 3.324221893308276776e-07 2.565707080066204071e-03 7.341336186073021963e-06 3.939278030884452164e-05 6.256569758988916874e-04
6.759179882465105038e-07 6.587393727386370301e-05 9.094341066884226166e-07 1.730665280774701387e-05 4.715668637800263241e-06 8.590404831920750439e-08 9.999454021453857422e-01 5.849361885339021683e-03 5.152955055236816406e-01 2.032538304774789140e-06 1.015825429931282997e-03 3.485605702735483646e-04 1.695104292593896389e-04 8.437386131845414639e-04 4.396920092403888702e-03 2.774677122943103313e-04 9.696552753448486328e-01 8.601110894232988358e-04 1.731682568788528442e-01
3.883455097675323486e-01 4.208557680249214172e-02 3.546368532170163235e-08 8.138443263305816799e-06 1.415786537108942866e-04 4.350046310719335452e-06 9.800521135330200195e-01 4.674767478718422353e-05 7.154694199562072754e-01 1.636067281651776284e-05 1.006011269055306911e-03 2.517177537083625793e-02 4.363472544355317950e-05 1.501241172263689805e-06 1.998621883103623986e-06 1.955310835910495371e-05 8.508116006851196289e-03 4.158757656114175916e-05 8.045006394386291504e-01
7.870867266319692135e-04 6.358676124364137650e-03 2.216861117631196976e-03 2.976242266595363617e-02 2.495128894224762917e-03 5.018155789002776146e-04 8.884473443031311035e-01 2.107627391815185547e-01 6.748949736356735229e-02 1.005716715008020401e-02 4.091390874236822128e-03 1.169977243989706039e-02 3.351009637117385864e-02 1.230551972985267639e-01 4.989950731396675110e-02 5.984623730182647705e-02 6.996421217918395996e-01 7.316160798072814941e-01 1.116941124200820923e-02
2.660534228198230267e-04 4.263103939592838287e-03 2.060144615825265646e-04 7.164053968153893948e-04 4.241513088345527649e-04 6.782999116694554687e-05 9.975312948226928711e-01 3.039476834237575531e-02 6.159704327583312988e-01 3.106640942860394716e-04 1.458733435720205307e-02 8.408484049141407013e-03 3.596012247726321220e-03 7.299708202481269836e-03 2.398207224905490875e-02 3.532359842211008072e-03 7.670372724533081055e-01 1.559864357113838196e-02 3.185518980026245117e-01
8.229856900132670461e-12 2.182771324799048784e-12 9.154001266524693610e-23 3.147885038316993722e-18 3.436012542198940700e-12 2.386220127742477715e-12 1.000000000000000000e+00 4.970181401961753872e-19 9.924288392066955566e-01 1.064526457388624092e-16 3.742592207553550182e-15 7.431638664456841070e-07 5.760065578068107790e-17 2.487525000465801584e-17 1.687306300538968240e-13 6.007334928982699385e-13 2.051975656058857567e-08 1.403326455040598830e-09 9.626035690307617188e-01
6.004387525376797541e-14 3.510871371403823105e-09 2.187674758111350477e-18 5.202422173611331857e-11 3.666155805603921181e-07 1.474330968420645149e-08 9.999997615814208984e-01 9.190193495101084409e-09 1.496428012615069747e-04 5.832676492900645826e-07 2.019692572907683115e-12 2.942487481050193310e-04 1.532531859993468970e-05 3.341612056506626516e-11 1.290584972224451121e-09 5.951497587375342846e-04 5.796511231892509386e-06 1.162886009709040991e-09 3.222278337489115074e-07
9.999752044677734375e-01 1.127470843493938446e-02 1.484731018957120147e-14 9.716039528484543553e-09 3.085001371800899506e-03 8.692920515362967393e-13 1.995837502181529999e-02 1.743036591506097466e-06 9.974233989851200022e-07 5.866820574738085270e-04 4.416876642210354476e-09 9.011107683181762695e-01 3.813490644097328186e-02 7.352591571609806698e-14 4.238659739795660748e-17 3.342986747156828642e-05 7.795733836246654391e-09 2.497088646968848025e-10 6.912860953889321536e-06
1.000000000000000000e+00 7.580987294204533100e-04 2.266877094968149739e-19 2.528038010041200323e-07 4.641416296362876892e-02 2.529398206562215930e-17 1.098092761822044849e-03 8.323863376347162557e-09 7.731795238774541446e-12 1.113304222144506639e-07 2.080300856707392732e-13 8.685359954833984375e-01 2.128300984622910619e-04 1.189515155246170883e-15 9.646942195111400694e-20 3.898466047758120112e-07 5.979587935911467866e-10 1.285433212780059953e-13 3.633107269890301083e-12
1.188762518416896140e-22 2.751194988175726351e-15 3.305916579257322671e-21 1.615755597893231421e-12 4.782110037820919146e-12 1.938078219511333460e-16 1.000000000000000000e+00 4.880704729259832675e-10 1.451823118259198964e-05 2.458127288957473455e-13 9.980753330130951416e-16 2.401387888539829873e-08 5.908080069616516994e-08 2.818804079041115074e-10 1.438434971134938678e-08 5.646882982546230778e-06 1.012843567878007889e-03 3.450758775946916046e-11 1.030255991629758228e-09
1.927037002191767101e-10 7.076393376337364316e-05 3.283664502479919322e-17 8.471251130104064941e-01 5.912984875067195389e-07 6.589510881394033959e-11 9.999980926513671875e-01 3.902938860989024761e-09 1.926161348819732666e-02 3.163270968949138950e-13 1.885126188483354781e-08 1.245799241544887082e-09 3.221042599310663945e-10 6.141660269349813461e-04 1.713307028694543988e-06 6.629406357205880340e-07 1.860720476543065161e-05 3.607318957432603668e-11 2.140682369144997210e-07
1.183784447962403508e-15 6.575825300947357732e-11 3.821190889609401747e-20 9.987114667892456055e-01 1.656733195076753873e-09 8.635288291987831127e-15 9.999998807907104492e-01 9.895154140515671770e-12 1.648047032176691573e-06 4.709449254557971428e-17 7.908922817983876061e-18 4.794743076831425518e-15 8.692080041838856630e-12 2.736496753641404212e-06 2.686292646103538573e-06 2.934056886338964887e-10 1.281868899241089821e-04 6.813612648810633832e-15 2.744677586336702335e-13
1.373650970748485634e-08 1.364269410260021687e-04 4.972968217775708410e-12 6.415261626243591309e-01 1.313220400334103033e-05 1.303437269228879813e-08 9.999587535858154297e-01 2.118837301168241538e-06 1.428377255797386169e-02 2.017393363473729551e-09 3.288411960511439247e-07 2.501086271422536811e-07 5.252040864434093237e-07 3.069698112085461617e-03 2.058864483842626214e-04 4.226385863148607314e-05 1.876280293799936771e-03 6.881511893652714207e-08 4.662241735786665231e-06
1.118079768062919959e-18 8.224250493268203582e-28 0.000000000000000000e+00 2.145347779199069965e-23 8.382857441902160645e-01 9.958628416061401367e-01 3.465870618820190430e-01 2.850440901597690641e-38 3.364085853099822998e-01 1.251612051335238062e-18 2.574613874507793491e-34 4.182792035862803459e-04 6.476760629878463985e-24 6.980228087187713602e-36 6.717717601732543125e-27 1.475384397986445606e-10 1.518804124459345693e-22 2.270964649324111153e-17 7.892739061063011596e-14
5.490774856298230588e-05 9.999688863754272461e-01 1.421322001066149809e-11 7.558937072753906250e-01 1.696184535667920497e-15 1.493910553234531415e-16 2.797207343974150717e-06 9.395999312400817871e-01 1.402354354331208225e-14 1.767160094472142173e-12 1.142050646760206511e-12 3.439561300233877524e-15 1.073616886060335673e-06 9.999907016754150391e-01 5.252718832809977201e-13 1.278687467021200064e-08 6.430535677282023244e-07 8.859846047926112078e-07 1.324953994497858119e-19
2.810181601309302835e-11 4.996480384988899459e-08 5.160430069373056483e-11 3.688573446680720735e-09 9.592899807842059090e-10 2.334095170288853771e-14 9.999990463256835938e-01 9.710731101222336292e-04 5.491487681865692139e-03 1.677755934181845987e-09 3.718193966051330790e-06 4.602457011060323566e-06 2.102482540067285299e-06 1.658128667259006761e-06 3.829449633485637605e-05 2.855827369785401970e-05 9.999407529830932617e-01 7.101971846168453339e-07 3.451646864414215088e-02
9.999270439147949219e-01 5.154814124107360840e-01 8.075592278222742948e-11 4.733788955491036177e-04 2.165918238461017609e-02 1.617789374686040560e-10 2.064561247825622559e-01 1.692128134891390800e-04 1.793964393436908722e-02 1.427464013659118791e-08 1.881912164390087128e-02 7.096839696168899536e-02 5.162669913261197507e-05 6.830700840509962291e-07 4.173850154387537259e-11 1.292718116019386798e-05 3.937990986742079258e-04 5.481302522980513459e-09 2.705488004721701145e-04
9.999786615371704102e-01 9.995589852333068848e-01 2.251014652454585985e-10 6.379872793331742287e-04 4.472030354918388184e-07 2.915603956182843959e-13 4.971526213921606541e-04 7.639362215995788574e-01 1.357538394586299546e-06 2.372658514104841743e-09 2.980740464408881962e-05 4.792905747308395803e-05 4.255719110369682312e-02 1.761996099958196282e-04 9.764965122312577184e-15 6.679281341348541901e-06 2.756683898041956127e-06 2.777435668122052448e-07 9.428876568406963088e-10
9.999936819076538086e-01 7.639194726943969727e-01 8.089313247028329101e-11 7.032830119132995605e-01 4.875286296010017395e-02 3.202221257256332443e-12 1.743522239848971367e-03 5.400545778684318066e-04 2.238435172330355272e-06 4.570384071200805920e-09 1.884841127321124077e-03 1.224588789045810699e-02 1.902004732983186841e-04 4.562276808428578079e-05 1.751920223475034177e-12 3.130560435238294303e-05 1.801444886950775981e-05 1.803198562688734796e-10 8.439384657776827225e-08
9.934324026107788086e-01 4.161567389965057373e-01 6.445793587772641331e-08 2.616611719131469727e-01 4.234649622958386317e-06 7.127753498537003907e-09 1.875454131550213788e-06 1.292447466403245926e-02 1.243279437734834403e-11 1.784133613109588623e-01 1.247097980439093590e-08 2.101870626211166382e-02 9.361842870712280273e-01 1.158838640549220145e-04 9.648757348656999966e-10 2.157921699108555913e-04 5.915590151062133373e-08 7.724514231085777283e-03 4.213271065367507617e-09
9.984266757965087891e-01 6.982393264770507812e-01 3.745365802387823351e-06 6.942778229713439941e-01 1.496288168709725142e-04 2.262863674218351662e-08 1.338482707069488242e-05 2.648270502686500549e-02 2.275846594512742627e-10 4.667636472731828690e-03 3.435152109432237921e-07 1.705705001950263977e-02 8.657676577568054199e-01 5.540096201002597809e-03 1.719904041408426565e-08 4.841929767280817032e-04 1.413677523487422150e-06 3.165875328704714775e-03 1.736447607925128978e-08
9.999229907989501953e-01 9.841555356979370117e-01 5.260186730637883556e-10 2.054946031421422958e-03 2.925002640097318363e-08 3.513858854494594786e-13 2.748598717516870238e-07 4.158929362893104553e-02 3.082294348141084717e-13 2.290471275046002120e-05 4.352363192072772335e-10 1.409114687703549862e-03 9.866856336593627930e-01 1.176406804006546736e-04 1.341757363174751402e-14 6.614025096496334299e-06 7.553315750641331761e-10 1.753772812662646174e-04 3.600470616094142429e-12
3.069812148757825390e-15 1.223621377832717627e-11 1.227639684685613315e-15 1.040673880403630847e-09 1.070053442554785850e-12 6.933859987101696071e-15 1.000000000000000000e+00 2.413393644928873982e-07 3.144615795463323593e-03 8.123683779978022740e-15 1.752927941689463864e-10 1.776136876463496606e-10 3.950888949333375422e-09 8.320174629261600785e-07 6.439580465666949749e-04 9.271370338126416755e-10 9.995108842849731445e-01 2.367184226415020021e-09 9.869147324934601784e-04
5.725016814783767671e-13 2.223096584748861237e-14 2.899687346506713752e-28 2.828215905827796695e-15 2.864468297048006207e-05 3.321650555267375475e-16 1.000000000000000000e+00 8.540910435454937759e-21 9.740333557128906250e-01 3.758348750627526476e-20 2.222549740278113861e-14 5.031003151088953018e-03 5.225390720841509642e-16 2.548001498538533523e-17 1.802158249020191505e-12 1.448606070653113420e-07 8.439268839310898329e-09 2.446618602158778799e-11 5.156751285539940000e-05
1.664946753955711612e-21 2.612866249317863376e-14 2.120018156545778091e-19 6.135627006464972055e-10 6.341867569287229500e-12 4.739965138495134695e-16 1.000000000000000000e+00 5.510115141937887984e-10 1.204180344939231873e-02 8.172198756702315266e-16 9.411501661555146669e-14 3.832517081470143694e-10 3.908598167345900265e-10 1.148097723557839345e-07 1.536792069600778632e-06 7.862485063014901243e-07 3.008131636306643486e-03 1.664144910762388463e-08 2.760592821005047881e-08
6.004314201391025563e-08 2.998739603299327428e-07 5.138101499824188068e-09 3.733993973582983017e-03 2.815145671775098890e-05 6.528196649924211670e-08 9.999585151672363281e-01 8.072509081102907658e-05 6.114182178862392902e-05 4.156442798830539687e-07 2.883549621301995103e-09 7.363872282439842820e-05 2.320507337572053075e-04 1.919244095915928483e-04 1.182504463940858841e-02 1.210612826980650425e-04 7.383524179458618164e-01 7.413478215312352404e-06 5.217900707066291943e-06
6.418796181678771973e-01 1.501885335892438889e-02 8.928903116611763835e-05 1.769666746258735657e-02 6.904845237731933594e-01 8.035521750571206212e-05 8.522136807441711426e-01 1.406431198120117188e-03 2.442464046180248260e-02 2.204194315709173679e-04 2.140730852261185646e-03 6.252716183662414551e-01 5.419805645942687988e-03 3.691499878186732531e-04 9.424413437955081463e-04 8.113051205873489380e-02 1.186703518033027649e-01 9.998955065384507179e-04 4.429679363965988159e-03
9.817981123924255371e-01 4.052377771586179733e-04 1.652027403764577684e-10 1.729355062707327306e-06 8.375167250633239746e-01 5.673661540583907481e-10 5.702123045921325684e-01 7.069043590490764473e-07 2.616535130073316395e-05 8.499464456690475345e-06 5.170299388623789127e-08 9.818029403686523438e-01 4.026537062600255013e-04 1.508483477019595398e-10 1.796886424376697988e-12 1.357233431190252304e-02 8.887044714356306940e-06 7.010388003436673898e-08 1.107311618397943676e-06
4.333643664722330868e-05 1.223419004992010173e-10 1.264234790259669700e-14 9.693994522094726562e-01 9.062340259552001953e-01 2.140693133696913719e-03 8.455443382263183594e-01 3.363821374224862382e-11 2.772179432213306427e-03 6.860294377020181855e-08 1.588210574339499193e-12 6.062490865588188171e-03 5.205020414678074303e-08 9.252922733571367075e-11 1.846966188168153167e-05 2.074667485430836678e-03 9.084708290174603462e-05 3.914061744580976665e-05 1.579615904745423904e-08
1.935024101840099320e-06 1.473916381655726582e-05 3.303376558960735565e-07 8.341058157384395599e-03 2.634105330798774958e-04 3.885062038898468018e-02 9.981788396835327148e-01 3.591996210161596537e-05 3.084840439260005951e-02 1.026292693495634012e-06 3.439599538523907540e-08 5.167917151993606240e-06 5.117535329191014171e-05 1.234764419496059418e-02 1.242888122797012329e-01 4.214030195726081729e-05 7.761340588331222534e-03 8.292690617963671684e-04 1.143547488027252257e-04
9.983071088790893555e-01 8.472432941198348999e-02 4.311203665565699339e-04 8.803138136863708496e-01 5.905205383896827698e-02 3.590001142583787441e-06 9.335076319985091686e-04 1.080774795264005661e-02 4.242456697056695702e-08 5.232344847172498703e-03 5.702010639652144164e-06 8.084820210933685303e-02 4.654193222522735596e-01 3.055355511605739594e-03 2.655048156157135963e-04 1.213830662891268730e-03 5.189469084143638611e-04 1.921673305332660675e-03 2.570580761585006258e-07
8.859664201736450195e-01 5.482647195458412170e-02 1.718533781058795284e-06 1.702251611277461052e-03 3.573825955390930176e-01 5.408131073636468500e-06 8.836347460746765137e-01 2.012592303799465299e-04 3.170430958271026611e-01 1.313918164669303223e-05 2.443269826471805573e-02 5.071815252304077148e-01 5.197795690037310123e-04 4.153525514993816614e-05 2.467064405209384859e-05 1.057055871933698654e-02 2.300035953521728516e-02 5.187013448448851705e-05 5.546930059790611267e-02
3.980169072747230530e-03 2.336859470233321190e-03 6.124592036940157413e-04 9.428856521844863892e-02 4.479783121496438980e-03 5.418452783487737179e-04 9.021636247634887695e-01 6.628435105085372925e-02 4.833724815398454666e-03 5.165199283510446548e-03 3.085253993049263954e-04 1.428123656660318375e-02 3.322444856166839600e-02 2.280176430940628052e-02 2.176845371723175049e-01 1.319153700023889542e-02 8.974007368087768555e-01 1.373519934713840485e-02 5.714237224310636520e-03
8.589564561843872070e-01 9.358789247926324606e-05 3.813863084394832070e-14 6.428711785133600642e-09 2.356177661567926407e-03 1.029386353934569343e-08 9.937347769737243652e-01 5.714952469593193030e-11 7.206295132637023926e-01 3.553090266450453782e-09 1.818533093000951339e-07 4.758517742156982422e-01 1.599873655777628301e-08 4.686745349452570153e-12 5.334404445944684880e-11 1.418030933564295992e-06 2.149342662960407324e-06 3.654776703498896495e-09 3.186423182487487793e-01
3.457960474406718276e-06 7.053013728608448218e-11 1.590017743696421713e-15 1.817001029849052429e-04 9.271017909049987793e-01 7.498953680240560971e-10 9.999154806137084961e-01 7.147768921883512760e-12 6.261721136979758739e-04 8.881081633993481717e-12 2.009295074073547127e-12 1.871449798345565796e-01 1.272328109536147167e-08 7.863509843275551248e-11 6.267570142881595530e-07 3.136937506496906281e-03 4.247375472914427519e-04 1.267748928057699231e-07 2.911082752632410120e-08
9.813969135284423828e-01 4.537607095622675502e-11 1.224385533143406568e-21 2.418360963929444551e-05 9.999126195907592773e-01 1.813451321354730626e-19 8.805666565895080566e-01 5.546380738346223197e-16 1.879998543993788296e-12 9.594046579050868190e-15 5.109463210876774933e-18 9.987244009971618652e-01 3.133421907358657776e-12 7.475741462682079747e-19 1.448117491243641593e-18 2.991012297570705414e-03 4.541883527053869329e-07 8.523305216993903866e-13 1.808631071091685054e-17
4.204499127808958292e-04 4.579227275147701448e-11 5.329125998858796551e-15 2.961895056068897247e-02 9.907211065292358398e-01 4.545288190965779407e-12 9.958775043487548828e-01 1.663038110000236713e-11 1.145581791206495836e-06 3.546295548884081938e-11 1.227592463445836835e-12 9.000464081764221191e-01 1.882839884004283704e-09 8.505331855479525416e-12 3.046874752499206807e-08 4.866009205579757690e-02 7.362099830061197281e-03 2.484519200152135454e-06 1.082420264530981058e-10
1.153158790678787682e-09 1.341131117835528408e-13 5.151410016943388640e-23 7.827193060361281596e-11 6.373522450911148218e-14 2.069212585564111917e-13 2.513790287039796567e-10 1.948158399045496481e-07 9.289793637047776381e-22 1.000000000000000000e+00 5.818075754426451621e-18 1.219752132892608643e-01 1.688556920953487861e-07 3.484984218210147290e-21 4.385067647649280200e-18 1.008630715659819543e-04 1.193157226665741977e-12 1.481250011536872080e-09 1.015685473401101780e-23
2.194915850850520656e-06 3.102508472352383251e-09 2.309995166527425764e-16 2.261636877776140864e-09 1.475414610467851162e-04 6.537401731065983768e-09 1.569401845335960388e-02 5.795035576738882810e-06 1.574861907549518492e-09 9.999879598617553711e-01 3.971299331051447723e-11 9.785594344139099121e-01 1.453997392673045397e-04 1.016662518128525101e-15 9.647026965242319618e-14 1.013610959053039551e-01 2.264563221388016245e-07 3.432247694945544936e-07 1.763359423756494238e-11
9.999828338623046875e-01 5.455547680277561540e-10 1.147581754576606600e-23 1.858787896935609751e-07 9.998866319656372070e-01 3.254987699021414975e-20 9.601638913154602051e-01 8.600920611749812635e-18 6.270128860563772832e-10 3.904653865780399729e-19 3.620321386960836225e-17 9.753359556198120117e-01 1.460149817895939339e-13 7.257545692751310724e-20 1.945401828500694202e-18 1.092725869966670871e-05 2.497734286066588538e-08 4.203412581278041175e-17 2.158112894661869119e-14
3.754413221031427383e-03 1.525763701647520065e-02 2.712846908252686262e-04 1.476737298071384430e-02 2.927511371672153473e-02 1.189143978990614414e-03 9.819149971008300781e-01 2.807453460991382599e-02 1.257357448339462280e-01 8.304567076265811920e-03 1.160344667732715607e-02 1.384920626878738403e-01 3.973777592182159424e-02 9.907045401632785797e-03 3.539831563830375671e-02 7.176242023706436157e-02 2.448858022689819336e-01 1.308696623891592026e-02 5.126077681779861450e-02
1.128653366322396323e-07 6.319739895843667910e-07 5.623542187471741727e-10 5.862490797881036997e-05 4.406718537211418152e-03 1.322394236922264099e-04 9.999066591262817383e-01 3.762209246360725956e-07 4.192034900188446045e-01 6.817685402893403079e-07 2.612852654237940442e-07 6.118905730545520782e-03 1.360352962365141138e-05 1.242481903318548575e-05 6.663980311714112759e-04 4.934495314955711365e-03 5.557812983170151711e-04 5.910723120905458927e-04 6.071557290852069855e-04
1.223630619051618851e-07 5.231709678810148034e-07 4.186082036561344921e-10 4.795744825969450176e-05 5.076993722468614578e-03 1.853218418546020985e-04 9.998911619186401367e-01 2.439558670630503912e-07 4.435715973377227783e-01 6.275811870182224084e-07 1.906857107769610593e-07 6.570897996425628662e-03 1.050024093274259940e-05 8.870931196724995971e-06 5.383349489420652390e-04 4.374412819743156433e-03 4.138008225709199905e-04 5.694558494724333286e-04 6.009079515933990479e-04
9.998831748962402344e-01 2.499357908964157104e-01 2.643356289411258331e-08 1.536211202619597316e-04 1.311188796535134315e-03 2.949487321046717625e-10 1.044689415721222758e-04 2.468949416652321815e-03 1.375548563942174951e-09 3.840441640932112932e-04 1.216755229904720181e-08 4.309609234333038330e-01 9.651474356651306152e-01 3.983344925018172944e-07 1.270502366507164638e-11 1.474345626775175333e-04 2.098331179922752199e-07 5.143607995705679059e-05 1.276925409854356985e-08
1.118136497098021209e-04 5.191476475374656729e-07 2.838109521702270044e-12 5.520779319811985886e-11 1.256657128578808624e-06 4.474263638257980347e-03 9.475893974304199219e-01 1.626330667359177085e-11 6.849725246429443359e-01 1.317094529440510087e-06 9.489238561588564380e-11 1.927115372382104397e-03 2.199102766553551191e-08 5.348224033779880315e-13 5.404147684906490667e-10 8.625506353610035148e-08 1.697045490800519474e-07 1.822901793957498739e-07 9.624645113945007324e-01
3.538228571414947510e-02 1.692030127742327750e-05 8.445744341248947323e-16 1.520358144935229916e-10 2.262511588924098760e-05 8.248220439988074304e-10 9.998098015785217285e-01 9.475109065404385689e-12 8.575035929679870605e-01 1.789251247164003189e-10 6.974339328280620975e-08 5.490981787443161011e-02 8.767030434952971518e-10 2.577659656902153706e-12 8.725438427337195435e-11 6.503638871890871087e-08 8.591961886850185692e-06 7.064789198096832479e-09 7.591117024421691895e-01
8.737687021493911743e-02 1.256792247295379639e-01 9.986049532890319824e-01 4.635128974914550781e-01 2.840867824852466583e-02 6.808066274970769882e-03 2.532698512077331543e-01 2.912378013134002686e-01 4.015606362372636795e-03 2.497606351971626282e-02 1.145657966844737530e-03 4.993754439055919647e-03 1.799795329570770264e-01 3.255661725997924805e-01 1.438259035348892212e-01 6.163591891527175903e-02 1.895796209573745728e-01 4.483354836702346802e-02 7.327521219849586487e-03
1.183429434895515442e-01 1.831550598144531250e-01 9.980553388595581055e-01 3.716757297515869141e-01 3.546862676739692688e-02 9.857490658760070801e-03 2.981679439544677734e-01 3.511676192283630371e-01 7.489773910492658615e-03 3.528707474470138550e-02 2.886988222599029541e-03 1.082958281040191650e-02 1.988119333982467651e-01 3.764237165451049805e-01 1.640673726797103882e-01 7.823929190635681152e-02 1.889347732067108154e-01 5.726111680269241333e-02 1.598770730197429657e-02
6.523562669754028320e-01 1.010259687900543213e-01 5.996159315109252930e-01 6.381002664566040039e-01 5.289267301559448242e-01 1.315492857247591019e-02 3.047395646572113037e-01 5.144160985946655273e-02 1.385460887104272842e-02 1.737743988633155823e-02 9.725282900035381317e-03 2.206248790025711060e-01 1.022852659225463867e-01 5.835993960499763489e-02 6.610664725303649902e-02 1.626735329627990723e-01 9.508118778467178345e-02 3.599894791841506958e-02 8.001711219549179077e-03
1.930629136040806770e-03 1.259544119238853455e-02 1.933233725139871240e-04 1.200760435312986374e-02 1.407364755868911743e-02 8.564684540033340454e-04 9.891976714134216309e-01 2.440061606466770172e-02 1.564177274703979492e-01 4.490931518375873566e-03 1.046894397586584091e-02 7.541155070066452026e-02 2.467990480363368988e-02 1.223396044224500656e-02 4.002596437931060791e-02 4.424358159303665161e-02 2.441279143095016479e-01 1.367806829512119293e-02 5.813423171639442444e-02
7.536800126217713114e-07 2.078096804325468838e-05 2.381706326559651643e-05 2.120063072652556002e-05 1.309704530285671353e-04 6.051109172403812408e-03 9.976353645324707031e-01 3.323554119560867548e-04 4.668485820293426514e-01 7.464166992576792836e-05 7.178027772170025855e-06 9.699483052827417850e-04 3.967294760514050722e-04 4.317640559747815132e-04 2.780509879812598228e-03 1.572921988554298878e-03 1.188359782099723816e-02 1.720093749463558197e-02 7.972335815429687500e-02
6.461062298512842972e-07 2.127423249476123601e-05 2.481810588506050408e-05 2.538168882892932743e-05 1.756614656187593937e-04 9.757781401276588440e-03 9.975137710571289062e-01 2.840758534148335457e-04 4.073969423770904541e-01 6.298336666077375412e-05 4.830163561564404517e-06 8.080336265265941620e-04 3.968327364418655634e-04 6.553643033839762211e-04 3.436124417930841446e-03 1.508435700088739395e-03 9.641603566706180573e-03 1.387829799205064774e-02 5.290691554546356201e-02
9.999994039535522461e-01 1.397068798542022705e-01 1.578364383636454704e-10 8.949806690216064453e-01 8.271232843399047852e-01 1.502838110033211105e-13 2.917325182352215052e-04 1.039793187374016270e-05 2.238149526823107749e-10 3.425090211450765310e-09 5.309527750796405599e-07 1.021065637469291687e-01 1.674806553637608886e-04 7.864795406931079924e-06 4.071376753529004633e-13 1.308082137256860733e-04 9.691063951322576031e-07 1.232428881170477553e-10 1.630518359219124136e-10
9.999747276306152344e-01 1.014809533953666687e-01 4.094667929166462272e-06 3.531533479690551758e-01 8.528807163238525391e-01 2.063599430224272169e-10 6.834019441157579422e-03 3.001185723405797035e-05 7.654788447553073638e-08 6.338083125001503504e-08 6.365107765304856002e-06 2.525494694709777832e-01 3.612303116824477911e-04 1.002447970677167177e-04 1.235981650360429285e-09 8.200289448723196983e-04 3.015289075847249478e-05 4.172861167717201170e-08 1.141146483973898285e-07
2.532469853758811951e-02 7.189739495515823364e-03 1.597543711900906160e-12 9.877313971519470215e-01 8.475758135318756104e-02 7.085911590820614947e-08 9.284518361091613770e-01 2.924966793216299266e-07 2.042644470930099487e-01 3.177300200718491396e-09 1.033614352345466614e-01 1.497286255471408367e-03 1.610946753771713702e-07 3.472089520073495805e-05 4.850492587138433009e-06 4.817204317077994347e-04 1.257108873687684536e-03 4.911243411953591931e-09 1.410057884640991688e-04
1.222480670548975468e-03 4.671352915465831757e-03 1.008415347314439714e-04 1.336553134024143219e-02 2.611132338643074036e-02 5.389119614847004414e-04 9.817450642585754395e-01 2.560372836887836456e-02 3.496035933494567871e-02 1.489508897066116333e-02 2.995711518451571465e-03 1.934832930564880371e-01 5.423701927065849304e-02 4.250185098499059677e-03 1.670254953205585480e-02 1.166481599211692810e-01 2.383295446634292603e-01 9.572152979671955109e-03 1.403214409947395325e-02
8.680066093802452087e-05 5.595312104560434818e-04 4.116315976716578007e-04 1.222612801939249039e-03 2.963284030556678772e-03 1.352287176996469498e-02 9.877035617828369141e-01 5.851505789905786514e-03 2.421133220195770264e-01 2.935306169092655182e-03 3.077146247960627079e-04 1.541135460138320923e-02 7.412438280880451202e-03 3.292839974164962769e-03 1.591297611594200134e-02 1.340944226831197739e-02 5.153690278530120850e-02 3.033071383833885193e-02 5.969721823930740356e-02
3.272067988291382790e-03 1.167816203087568283e-02 2.912087074946612120e-04 1.662514172494411469e-02 3.370055928826332092e-02 1.622548326849937439e-03 9.746739268302917480e-01 3.392299264669418335e-02 8.111253380775451660e-02 1.938408985733985901e-02 7.841811515390872955e-03 1.869682222604751587e-01 5.958519503474235535e-02 7.360040210187435150e-03 2.609140239655971527e-02 1.070343777537345886e-01 2.088777273893356323e-01 1.603581942617893219e-02 3.464252874255180359e-02
