4.981521669833455235e-06 8.311924466397613287e-05 2.005702071983250789e-06 8.589726348873227835e-06 9.226975817000493407e-05 5.287408712320029736e-04 9.994611144065856934e-01 5.097915345686487854e-05 7.237031459808349609e-01 9.685551049187779427e-06 2.235016654594801366e-05 9.077452123165130615e-04 7.212561467895284295e-05 2.139038842869922519e-04 1.586900209076702595e-03 3.263635735493153334e-04 1.020483858883380890e-02 9.224304929375648499e-03 2.605140805244445801e-01
2.554265483922790736e-05 1.450345880584791303e-04 2.376690390519797802e-04 4.218618050799705088e-05 6.247191340662539005e-04 4.748732745647430420e-01 8.691055178642272949e-01 6.712821050314232707e-05 5.437685251235961914e-01 8.915069338399916887e-05 4.375646767584839836e-06 6.627122638747096062e-04 1.754649420036002994e-04 4.787196521647274494e-04 4.788315389305353165e-03 6.512589170597493649e-04 2.745995763689279556e-03 1.941241510212421417e-02 3.061376512050628662e-01
5.221023093326948583e-05 8.021187968552112579e-04 2.050319162663072348e-04 4.663359140977263451e-04 1.421518740244209766e-03 1.676027849316596985e-02 9.911953210830688477e-01 1.871251151897013187e-03 4.843667447566986084e-01 3.416405816096812487e-04 1.736669510137289762e-04 3.513588104397058487e-03 1.893323031254112720e-03 6.390588358044624329e-03 1.682238280773162842e-02 4.544420167803764343e-03 2.662772126495838165e-02 3.944774717092514038e-02 1.131534948945045471e-01
9.696102142333984375e-01 8.335428833961486816e-01 3.831343775573259336e-08 9.998601675033569336e-01 2.522305818274617195e-03 9.199382589031301904e-09 4.330005031079053879e-04 2.572298049926757812e-02 1.188422857012483291e-06 9.899900760501623154e-06 9.845447493717074394e-04 6.533996202051639557e-05 2.282993169501423836e-03 6.615316122770309448e-02 1.771040558651293395e-08 9.801955893635749817e-04 1.622842391952872276e-04 7.252053251249890309e-07 1.728026433056584210e-07
9.586281776428222656e-01 7.297888994216918945e-01 2.628989079767052317e-07 9.995773434638977051e-01 1.003435812890529633e-02 1.327074983237253036e-07 1.778540667146444321e-03 2.846984937787055969e-02 1.085485564544796944e-05 5.982508446322754025e-05 3.335017478093504906e-03 4.204930446576327085e-04 4.854101687669754028e-03 5.905845388770103455e-02 2.598335697712172987e-07 2.741972915828227997e-03 5.990366335026919842e-04 3.354841965119703673e-06 2.177681380999274552e-06
8.619702458381652832e-01 6.716136932373046875e-01 1.634047919196746079e-07 9.998779296875000000e-01 6.975986994802951813e-03 1.395057296349477838e-07 2.733739558607339859e-03 2.211920171976089478e-02 2.486666926415637136e-05 4.579345841193571687e-05 4.403330851346254349e-03 1.196264056488871574e-04 2.118052216246724129e-03 7.453608512878417969e-02 3.583251952932187123e-07 2.629942260682582855e-03 8.710352121852338314e-04 1.573149006617313717e-06 2.124634193023666739e-06
2.014600904658436775e-03 3.750727773876860738e-05 6.449602096836315468e-06 9.999947547912597656e-01 5.383626557886600494e-04 1.650686003267765045e-02 1.853299327194690704e-03 4.665142332669347525e-04 1.259418422705493867e-05 5.284326834953390062e-05 3.237339563089136618e-10 2.577748325904849480e-08 4.690533969551324844e-04 1.596091431565582752e-03 3.832512721419334412e-02 7.196623755589826033e-06 5.323436576873064041e-03 6.840862333774566650e-04 3.430446682273213810e-08
2.304028021171689034e-04 5.705757075702422298e-07 1.835257990023819730e-08 9.999883174896240234e-01 2.134396228939294815e-03 2.634325921535491943e-01 7.790452800691127777e-03 2.686379502847557887e-06 3.489269583951681852e-04 2.556757294769340660e-07 1.030099790189087372e-11 6.005319352908600194e-09 1.087325563275953755e-05 1.646727105253376067e-05 1.602553017437458038e-02 1.144296447819215246e-06 2.361775375902652740e-03 1.838969365053344518e-05 3.366426071238493023e-08
2.805648837238550186e-04 7.188648396549979225e-07 3.602119491574740096e-08 1.000000000000000000e+00 1.081115115084685385e-04 5.307938903570175171e-03 2.146463230019435287e-04 1.038308892020722851e-05 6.765797024854691699e-07 5.646031127071182709e-07 2.252827915535937642e-13 7.643558008751938360e-11 2.056713310594204813e-05 7.714705861872062087e-05 6.679028272628784180e-03 1.653853587413323112e-07 7.588743465021252632e-04 1.444098415959160775e-05 1.363251039832036327e-10
9.122530370950698853e-02 6.039466597940190695e-07 9.853572391891902288e-15 9.999998807907104492e-01 8.878091573715209961e-01 5.301391752254858147e-07 1.986555010080337524e-02 1.083916512101268381e-09 6.175451562739908695e-05 4.182055945989304746e-08 1.415233347179523093e-10 3.693796752486377954e-04 1.265546814011031529e-07 3.709119411610117822e-08 1.425957293577084783e-06 2.246065065264701843e-03 1.822798512876033783e-04 9.947278556410310557e-10 3.043347795994577609e-09
4.948463141918182373e-01 1.021159230731427670e-03 1.350567435665084304e-09 9.992517828941345215e-01 8.840221166610717773e-01 1.438799245079280809e-06 1.064226403832435608e-02 1.326418532698880881e-05 7.188681138359243050e-06 1.556468289345502853e-02 2.935185534624906722e-07 4.537140429019927979e-01 6.073695258237421513e-04 3.224238753318786621e-05 1.148545152318547480e-06 2.743633985519409180e-01 1.146691851317882538e-03 1.948230601556133479e-05 6.247215367238823092e-08
7.425348162651062012e-01 7.343648758251219988e-05 3.263569275935296332e-11 9.999910593032836914e-01 9.581139683723449707e-01 1.193105561014817795e-07 7.191240787506103516e-03 2.381210606472450309e-07 7.142732101783622056e-06 1.806709769880399108e-05 2.890451078485511971e-08 5.282640457153320312e-02 1.077726756193442270e-05 2.833604185070726089e-06 5.208655124988581520e-07 9.448692202568054199e-02 1.056738663464784622e-03 1.173818731103892787e-07 7.104056010120984865e-09
3.714778423309326172e-01 3.274259597674245015e-06 2.623020507394602241e-12 1.000000000000000000e+00 3.379343450069427490e-01 2.530249076926338603e-08 1.206906017614528537e-04 6.718167355757032055e-08 1.536835370075095852e-08 1.139752725975995418e-06 1.541474413391252796e-11 1.490846534579759464e-05 6.734512680850457400e-06 1.542037580293253995e-06 1.184186999125813600e-06 6.595574086531996727e-04 1.824953360483050346e-04 4.988553459206457319e-10 2.021524093953619428e-11
4.667172834160737693e-05 6.057088342004135484e-08 2.521286235346309468e-10 1.000000000000000000e+00 2.153900641133077443e-05 1.051266553986351937e-05 1.305586047237738967e-04 1.592254534443782177e-06 4.800019492989804348e-09 3.366683358763111755e-07 1.660315549087897861e-15 4.689839662452843783e-12 3.740261718121473677e-06 1.088667158910539001e-05 5.865680286660790443e-04 2.013189259741920978e-08 1.343028619885444641e-03 2.544225274903055833e-08 2.515498660066173287e-13
2.124297170666977763e-04 1.196696963745580433e-08 1.330312509456588188e-11 1.000000000000000000e+00 3.168138418274679680e-09 1.504769464588662231e-08 8.602087375741973574e-10 2.610976935102371499e-06 1.700834196473239258e-18 9.055109694600105286e-03 2.128897031653772029e-22 7.439569149798614528e-15 1.488248562964145094e-05 8.481193071929737926e-05 3.881026714225299656e-05 5.759511617631218883e-11 8.508250743943790440e-07 1.009689913189504296e-05 1.002663162681548675e-21
6.620276719331741333e-03 8.409639596939086914e-01 9.825256466865539551e-02 6.093719601631164551e-01 5.630782652588095516e-06 4.550971425487659872e-06 6.538385059684514999e-03 3.877554833889007568e-01 2.997916226377128623e-07 3.666257718577980995e-03 2.542369475122541189e-05 2.376563134021125734e-05 9.575842879712581635e-03 9.934525489807128906e-01 3.439835563767701387e-04 3.106966381892561913e-03 1.423422130756080151e-03 1.005518250167369843e-02 2.003901329317159252e-07
3.852822352200746536e-03 8.223823904991149902e-01 2.634077973198145628e-04 6.567763090133666992e-01 2.430698441457934678e-05 1.458247606933582574e-05 3.497872874140739441e-02 5.098516345024108887e-01 5.741845143347745761e-06 1.882852957351133227e-04 1.125821199821075425e-05 2.653095407367800362e-06 3.797566285356879234e-03 9.968383312225341797e-01 9.613892761990427971e-04 1.252340851351618767e-03 9.173297323286533356e-03 1.625843718647956848e-02 5.002207217330578715e-07
3.142981231212615967e-02 1.152912750840187073e-01 9.119908791035413742e-04 9.977996945381164551e-01 3.398399567231535912e-03 3.661805531010031700e-04 8.290899917483329773e-03 1.864194273948669434e-01 8.695637006894685328e-06 3.923280164599418640e-03 1.536644231237005442e-05 1.889405757538042963e-05 1.575730927288532257e-02 9.580262303352355957e-01 1.387174054980278015e-02 4.525532945990562439e-03 1.642984151840209961e-02 1.920940279960632324e-01 5.119413344800705090e-06
3.510397073114290833e-05 3.850233465385599629e-10 3.237334445654882487e-13 3.750673532485961914e-01 8.965662121772766113e-01 1.813570968806743622e-03 9.286365509033203125e-01 1.762744950006833733e-10 3.623613156378269196e-03 4.229235059938218910e-07 6.625399881499127730e-12 2.881922572851181030e-02 2.278142829936768976e-07 2.323980452523244367e-10 1.585423160577192903e-05 3.599580144509673119e-03 9.109518578043207526e-05 5.623491961159743369e-05 6.796788198926151381e-08
3.011674039044009987e-07 9.886432240987244819e-17 1.211441322808913964e-22 4.544588737189769745e-03 9.966822266578674316e-01 3.271841686469656452e-10 9.764230847358703613e-01 1.650715277663717621e-16 1.911513969332645502e-08 6.965482413079371327e-09 7.838212911831611454e-20 9.917197227478027344e-01 2.331486913254021687e-11 4.511439958936915865e-19 8.748375830182342217e-13 6.480738520622253418e-02 4.882422786067763809e-07 2.052401271157577867e-07 2.963334389815565871e-15
1.255259540755560010e-08 8.994762129132388706e-14 2.724144150589657916e-17 1.394994033034890890e-04 9.690799713134765625e-01 4.690721035003662109e-01 8.310799002647399902e-01 1.290628675709292600e-14 2.711480669677257538e-02 2.229111473184275383e-08 7.430795751937543936e-14 1.196576002985239029e-02 2.502323626085711794e-10 1.141849608572373387e-13 4.676508069678675383e-10 2.868044888600707054e-03 1.467221437678745133e-07 2.477656817063689232e-04 1.068403765458469934e-08
1.280522644519805908e-01 6.531528197228908539e-03 4.966209985468594823e-07 9.640289545059204102e-01 3.956487476825714111e-01 4.868179894401691854e-05 1.951991021633148193e-02 2.013492863625288010e-03 5.410410722106462345e-06 8.214262127876281738e-01 8.256211003754287958e-06 6.655779480934143066e-01 1.522931549698114395e-02 2.916621742770075798e-04 4.678509139921516180e-05 2.373974472284317017e-01 2.479959977790713310e-03 1.838371274061501026e-03 4.012645717921259347e-07
5.664212949341163039e-05 4.281798303127288818e-01 9.609051332404305867e-10 9.505109786987304688e-01 3.075788068684914833e-09 2.781673780205551338e-10 1.009648840408772230e-04 6.144836544990539551e-01 1.437935491163666590e-12 2.088373899459838867e-02 2.631436457622982061e-10 9.856803018237769720e-08 1.044019823893904686e-03 9.996412992477416992e-01 3.389611720194807276e-07 1.715043035801500082e-04 2.377472264925017953e-04 7.678054273128509521e-03 5.501128524064424763e-13
2.792750718072056770e-03 8.353780508041381836e-01 1.462928339606150985e-04 6.732357740402221680e-01 1.330872510152403265e-05 7.818557605787646025e-06 2.812659181654453278e-02 5.134103298187255859e-01 2.979443479489418678e-06 1.272748631890863180e-04 5.444739144877530634e-06 1.329218321188818663e-06 2.963631879538297653e-03 9.977479577064514160e-01 6.341916741803288460e-04 8.894975180737674236e-04 7.107393350452184677e-03 1.259385794401168823e-02 2.100804152860291651e-07
5.909948348999023438e-01 1.953609287738800049e-02 1.299639063034874198e-08 1.638195104897022247e-02 4.824385996471391991e-06 2.100645701830217149e-07 5.027208680985495448e-05 1.913318410515785217e-02 9.655698463006956445e-10 9.960933327674865723e-01 4.851478365708317142e-07 2.044184952974319458e-01 6.380522251129150391e-01 1.511570303591724951e-06 8.012970731385848921e-09 4.735937342047691345e-03 1.841283847170416266e-06 1.101185195147991180e-02 7.657241951619653264e-08
4.579557355555152753e-08 9.123910394565060145e-13 2.061812159757928442e-26 1.977241623762893141e-07 2.549227792769670486e-04 1.097301007619200155e-15 1.210964819620130584e-05 2.775631946505541237e-10 3.743025229779981638e-20 1.000000000000000000e+00 3.565289965536478273e-20 9.998277425765991211e-01 2.448555136425056844e-08 3.420199578037836212e-21 1.417081881455805133e-20 1.099123805761337280e-01 9.530336589347321308e-12 1.118747733341862727e-10 2.449082577991954052e-23
4.017705023288726807e-01 7.673835966670594644e-08 2.172157470205315093e-18 9.868739159202277733e-10 1.497612241655588150e-02 1.789669047427315464e-16 4.152080800849944353e-04 3.810675153204101662e-08 1.585333799728871201e-14 7.723086476325988770e-01 3.164504926546699015e-15 9.997435212135314941e-01 2.916463883593678474e-03 7.307191522153094908e-19 2.121074560699855640e-22 1.008255500346422195e-02 2.039688730415267770e-11 7.068802210241642570e-10 6.041686536505845931e-15
6.024269852787256241e-03 1.949785798788070679e-01 2.794482861645519733e-05 9.941468238830566406e-01 1.518955687060952187e-03 6.266008313104975969e-06 4.754582047462463379e-01 4.963822662830352783e-02 4.266481380909681320e-03 5.564623861573636532e-04 1.538390177302062511e-03 1.270579232368618250e-04 3.174101933836936951e-03 3.683733940124511719e-01 5.195618141442537308e-04 4.731787834316492081e-03 6.724994629621505737e-02 5.864682680112309754e-05 1.356875873170793056e-04
2.264466690663170216e-18 8.022497054692434570e-13 4.078838774981136117e-13 1.071885868952904275e-08 5.102918819921073434e-14 4.852291104072813522e-18 1.000000000000000000e+00 1.131625976995564997e-04 1.695427781669422984e-04 1.047652849889280091e-12 8.388307409790130009e-11 3.564666964384066716e-11 1.584749043104238808e-08 8.015242201508954167e-06 1.340126686955045443e-06 7.013476874817570206e-07 9.999802112579345703e-01 4.678961122408509254e-04 8.131686968226858880e-07
3.517060540616512299e-03 3.903747710864990950e-05 2.842953428228156554e-08 1.917977482080459595e-01 2.718909084796905518e-01 5.561145735555328429e-05 5.442272499203681946e-02 1.869684056146070361e-04 6.432338750528288074e-07 9.918822646141052246e-01 1.115504204562967061e-07 9.513571858406066895e-01 1.393665559589862823e-03 3.883297097218019189e-07 7.215680852823425084e-06 3.091530501842498779e-01 5.233709816820919514e-04 8.046239963732659817e-04 1.202233335106939194e-08
4.674859344959259033e-02 8.034147620201110840e-01 3.764179564313963056e-05 7.671578526496887207e-01 1.424659421900287271e-04 7.000332516327034682e-06 4.246544465422630310e-02 5.199056267738342285e-01 1.182635533041320741e-04 6.892642937600612640e-03 2.239459136035293341e-04 9.700019145384430885e-04 3.331761434674263000e-02 7.380540966987609863e-01 1.021834395942278206e-04 1.059478335082530975e-02 3.551409393548965454e-02 6.701456848531961441e-03 5.901446911593666300e-06
1.105256433220347390e-05 8.332598954439163208e-02 3.023939370905281976e-06 9.073803424835205078e-01 5.152042376721510664e-06 1.871305421730085072e-08 5.980790853500366211e-01 1.508627682924270630e-01 2.296232014487031847e-05 2.771378029137849808e-03 1.074104261533648241e-06 1.094556319003459066e-05 1.046632416546344757e-03 8.580662012100219727e-01 4.622929191100411117e-05 3.078479319810867310e-03 8.463457226753234863e-02 6.045316695235669613e-05 8.139243732330214698e-07
6.070110248401761055e-04 2.479075454175472260e-03 2.583727898297638603e-09 9.996562004089355469e-01 1.225461810827255249e-02 5.389752288920135470e-08 4.644638895988464355e-01 4.298537678550928831e-04 6.141021003713831306e-05 2.101174322888255119e-03 1.455047367926454172e-06 1.744650653563439846e-03 4.505414108280092478e-04 3.088565776124596596e-03 8.197190254577435553e-06 2.662026882171630859e-02 5.975416861474514008e-03 5.587532996287336573e-07 4.314533441629464505e-07
2.203846536576747894e-02 4.887738451361656189e-02 7.662919961148872972e-05 9.998384714126586914e-01 5.869060405530035496e-04 6.441381992772221565e-05 7.285101455636322498e-04 8.927762508392333984e-02 1.131770588358449459e-07 2.606166992336511612e-03 2.294215448728209594e-07 1.155127165475278161e-06 1.004641037434339523e-02 9.630952477455139160e-01 2.890846226364374161e-03 7.123333052732050419e-04 3.369868034496903419e-03 1.431285738945007324e-01 9.204617867908382323e-08
3.412311198189854622e-04 3.226004838943481445e-01 1.349594413113663904e-06 9.985520243644714355e-01 8.408610483456868678e-06 1.101351585930387955e-06 3.756935708224773407e-03 1.028987169265747070e-01 6.941903762935908162e-08 6.639709226874401793e-06 3.081667188098435872e-08 5.750746545629681350e-09 2.829500590451061726e-04 9.995506405830383301e-01 4.285085378796793520e-05 1.282211160287261009e-04 8.274887222796678543e-04 1.008513616397976875e-03 6.384246020729733573e-09
7.951960287755355239e-05 5.928563186898827553e-04 3.428106409852915704e-11 1.598850339651107788e-01 2.229945721410331316e-07 5.879241484763042536e-07 9.468808275414630771e-05 1.046556979417800903e-02 3.774637893916299447e-11 9.999957084655761719e-01 1.693019768822523474e-08 4.976968094706535339e-02 1.730906544253230095e-03 5.288573447614908218e-06 2.002693975100555690e-07 6.073335651308298111e-03 4.216124216327443719e-05 5.392092280089855194e-04 1.579788209971066948e-11
6.093682713981252164e-08 1.036691082845209166e-05 2.323706782547674266e-09 5.578204422818089370e-07 9.158041507362213451e-07 6.067566588052741849e-11 9.999984502792358398e-01 1.562200777698308229e-04 1.918019503355026245e-01 8.072214008336686675e-09 3.262835962232202291e-04 3.577047609724104404e-04 8.658259503135923296e-06 9.954830602509900928e-06 2.796398184727877378e-04 6.260199006646871567e-05 9.835242033004760742e-01 3.340140892760246061e-06 1.798452287912368774e-01
9.208582639694213867e-01 4.639825522899627686e-01 6.354867364279925823e-04 1.115237176418304443e-02 6.059315800666809082e-02 9.190862765535712242e-04 5.029804110527038574e-01 6.461460888385772705e-02 2.766425907611846924e-01 1.743219047784805298e-02 3.486611321568489075e-02 3.693987727165222168e-01 1.032543778419494629e-01 1.565790385939180851e-03 2.009848103625699878e-04 1.660668291151523590e-02 3.304827958345413208e-02 3.008596599102020264e-03 1.536214053630828857e-01
9.875091910362243652e-01 8.711234927177429199e-01 5.903214628233399708e-07 2.030078787356615067e-03 1.142149209044873714e-03 1.450808667868841439e-06 5.470696091651916504e-01 3.534171357750892639e-02 3.092436790466308594e-01 3.584434307413175702e-05 2.349141426384449005e-02 3.447490558028221130e-02 2.078989055007696152e-03 1.875840971479192376e-04 2.702908830087835668e-07 1.866976090241223574e-04 9.110759943723678589e-03 1.852704917837399989e-05 7.925345562398433685e-03
5.000241100788116455e-03 1.317388843744993210e-03 2.313642799854278564e-01 3.454406280070543289e-03 1.039396785199642181e-02 4.148751322645694017e-04 1.911011934280395508e-01 1.500994265079498291e-01 1.616524095879867673e-04 9.771276712417602539e-01 2.404582482995465398e-04 6.134003400802612305e-01 1.038721352815628052e-01 3.925259225070476532e-04 5.905632860958576202e-04 3.321465253829956055e-01 1.978692226111888885e-02 1.758085191249847412e-02 1.217242170241661370e-04
2.702343415705854568e-08 8.956183884800683614e-12 1.615085138658389059e-18 1.812030170356138115e-08 7.525884080678224564e-03 2.069314580799286318e-10 1.601683162152767181e-02 8.133775253327257815e-08 1.328843610669261377e-12 9.999951124191284180e-01 6.476320741082182419e-15 9.996347427368164062e-01 6.567811965396685991e-07 5.030196213311492401e-16 6.909251985918064137e-15 4.935280680656433105e-01 4.796763164449657779e-08 7.134939039588061860e-08 2.004870446701699678e-15
1.125489416153868660e-05 1.542270089416319934e-09 1.410507995125431790e-12 1.367350923828780651e-04 7.488337159156799316e-01 1.101495072930447350e-07 9.299355745315551758e-02 3.622517681378667476e-07 2.459215497907507597e-09 9.808459877967834473e-01 3.613135832192249097e-12 9.997320771217346191e-01 1.132341913034906611e-05 1.008914965461293889e-10 9.509205228797057430e-11 6.765455603599548340e-01 4.885515409114304930e-06 3.816878597717732191e-05 6.335580931410289551e-12
9.433714920348279520e-10 2.223586549263134593e-12 1.889021115231018580e-15 1.408494476606847456e-08 2.198989391326904297e-01 3.240193668929691739e-10 9.937195777893066406e-01 2.734373838464421169e-09 2.559079632646898972e-07 6.289665470831096172e-04 5.634689221288569083e-13 9.991654157638549805e-01 1.550827073515392840e-05 5.535765530868819173e-14 6.893883250716492661e-13 6.914598345756530762e-01 2.920534097938798368e-05 5.016376007915823720e-07 1.412571726255862359e-10
3.217735756663731017e-12 3.563629697323628109e-13 6.461680835380075906e-17 5.663998603466779969e-09 2.311059087514877319e-02 1.797826644500677418e-11 9.998377561569213867e-01 8.891683500600322532e-10 2.505660461338266032e-07 1.149354466178920120e-05 1.945406997386905923e-13 9.926108717918395996e-01 7.447967618645634502e-06 5.893499392933126968e-14 2.010150075906769196e-12 6.114536523818969727e-01 5.105573654873296618e-05 6.140831487755349372e-08 1.120193382497802759e-10
2.715081848236877704e-07 2.750504268789200069e-10 1.020540340840173695e-15 9.614467444407637231e-08 2.204723842442035675e-02 1.160650775489102671e-08 7.923550903797149658e-02 7.700248829678457696e-07 4.903378814091752247e-10 9.998453855514526367e-01 1.341843086297145327e-12 9.989867806434631348e-01 8.762792276684194803e-06 5.995072873462431451e-14 6.765470887508395759e-13 5.263997912406921387e-01 7.731175628578057513e-07 8.768265615799464285e-07 2.021592528794746713e-12
8.409834606482036179e-08 7.503849246859317645e-06 6.499993077113686013e-08 2.085631422232836485e-05 4.808814082934986800e-06 6.498527049814128986e-09 9.863444566726684570e-01 4.322767257690429688e-01 4.463735876925056800e-06 8.249782919883728027e-01 1.399625716658192687e-06 5.433070063591003418e-01 3.508709603920578957e-03 1.942260860232636333e-05 2.826872332661878318e-05 3.126705288887023926e-01 6.931967735290527344e-01 4.442096687853336334e-04 3.933469088224228472e-06
2.049082424491643906e-03 3.827368709607981145e-05 3.900942715517885517e-07 7.885497994720935822e-03 4.462905824184417725e-01 1.563638797961175442e-04 2.120776325464248657e-01 8.366235415451228619e-04 1.701895416772458702e-05 9.507293105125427246e-01 1.151117658082512207e-06 9.765307307243347168e-01 2.902301959693431854e-03 3.304988467789371498e-06 6.530297014251118526e-06 5.117232203483581543e-01 1.488970592617988586e-03 2.890986856073141098e-03 7.722355235273425933e-07
2.494126325473189354e-03 2.104159648297354579e-06 8.170762733072933770e-09 1.657557673752307892e-03 8.662605285644531250e-01 1.624428591640025843e-06 7.794451713562011719e-01 7.545362677774392068e-06 7.463070505764335394e-05 3.736872225999832153e-03 5.585716067457724421e-08 9.876119494438171387e-01 3.084621275775134563e-04 7.437070337346085580e-08 1.131948650368030940e-07 4.386418461799621582e-01 2.332183998078107834e-03 6.612196448259055614e-04 5.700095471183885820e-07
8.345472626388072968e-03 4.801818169653415680e-03 3.483962500467896461e-04 1.916755363345146179e-02 1.439955830574035645e-01 9.624729156494140625e-01 1.564513295888900757e-01 7.184394635260105133e-04 1.493244022130966187e-01 5.738748237490653992e-03 6.745322752976790071e-05 8.764203637838363647e-03 4.101420752704143524e-03 4.215437918901443481e-03 1.816164515912532806e-02 7.174809928983449936e-03 6.306694820523262024e-03 2.972627058625221252e-02 9.971045888960361481e-03
9.984087347984313965e-01 4.315087571740150452e-03 1.169940117007328695e-10 9.160953015089035034e-02 9.395106434822082520e-01 9.598267070032306947e-09 3.872833549976348877e-01 2.625318700211209944e-07 8.385189576074481010e-04 6.826797349646085422e-09 1.087143027689307928e-04 4.140901565551757812e-01 1.661806095398787875e-06 3.681607267935760319e-07 4.139621267995607923e-08 2.243679249659180641e-03 4.238384717609733343e-04 1.661930859597759991e-08 2.143437814083881676e-05
5.810418631881475449e-03 3.672132606880040839e-06 6.191329671167977722e-09 8.860931992530822754e-01 5.858423709869384766e-01 2.687326669692993164e-01 3.983283340930938721e-01 1.894550933911887114e-07 7.901617884635925293e-02 3.361817334734951146e-06 2.682623367888936627e-08 1.313877757638692856e-03 1.450790568924276158e-05 3.662965127659845166e-06 3.316760994493961334e-03 1.328501733951270580e-03 1.615341287106275558e-03 8.981036371551454067e-04 3.401943104108795524e-05
2.048931037279544398e-06 1.984971909063659723e-10 1.722258327366775997e-15 6.173231668071821332e-05 6.076244711875915527e-01 7.694791470669315459e-09 2.066957950592041016e-02 4.136125397735668230e-08 1.662362608678691345e-11 9.994360804557800293e-01 4.651811772696419489e-14 9.998543262481689453e-01 1.543229245726251975e-06 5.495287384860159108e-13 2.220242869763189297e-12 6.300814151763916016e-01 2.790072812786092982e-07 1.802583483367925510e-06 1.466795435112189239e-14
1.992658690141979605e-05 3.165602535659672867e-08 4.810896681028964394e-10 2.383033558726310730e-02 7.155454158782958984e-01 1.751957796614078688e-07 9.827529191970825195e-01 2.599337221909081563e-06 4.107573840883560479e-05 8.687063382240012288e-05 4.672195519361821425e-09 8.806262612342834473e-01 4.247351171215996146e-05 2.501088829376385547e-07 2.888563358283136040e-06 4.740997552871704102e-01 2.073474042117595673e-02 7.414666935801506042e-03 2.899283231272420380e-07
5.633998080156743526e-04 5.248610932540032081e-07 4.187088453733167626e-10 3.098252415657043457e-01 8.161243200302124023e-01 1.835414082052011508e-06 9.282281994819641113e-01 2.324571596545865759e-06 9.325062274001538754e-05 2.438516821712255478e-04 1.746175826156104449e-08 8.173177838325500488e-01 4.820752656087279320e-05 3.727498949501750758e-07 1.257564144907519221e-05 3.239214122295379639e-01 1.228387560695409775e-02 1.319840317592024803e-03 2.647325345606077462e-07
8.750071376562118530e-02 4.457357135834172368e-05 4.009494034562521847e-07 9.986048340797424316e-01 3.255702853202819824e-01 7.914858870208263397e-03 1.336179077625274658e-01 2.475775363564025611e-05 1.240431913174688816e-03 6.664867396466434002e-05 1.446677373451166204e-07 1.716822152957320213e-03 3.325490688439458609e-04 2.992172267113346606e-05 1.713923737406730652e-02 2.347059315070509911e-03 2.037702687084674835e-02 7.299125718418508768e-05 4.210014594718813896e-06
1.912835240364074707e-02 1.608112143003381789e-05 2.578206590442277957e-07 9.821072220802307129e-01 2.638414800167083740e-01 2.768446132540702820e-02 3.784261047840118408e-01 4.041531065013259649e-05 1.574527588672935963e-03 7.465531234629452229e-04 3.605762799452350009e-08 6.552409380674362183e-03 5.674552521668374538e-04 1.617290581634733826e-05 3.794619068503379822e-02 2.511918777599930763e-03 1.952693983912467957e-02 4.719295247923582792e-04 3.879276846419088542e-06
3.872705996036529541e-02 2.545204324633232318e-06 1.361565193924718642e-09 9.997949004173278809e-01 4.009996337117627263e-05 5.618587238132022321e-05 6.438999116653576493e-05 2.661096368683502078e-05 1.086641627373596819e-11 9.999516010284423828e-01 4.094750146593773010e-12 3.691904013976454735e-03 3.901130286976695061e-03 1.693271656222350430e-08 6.797289825044572353e-05 1.453826462238794193e-05 2.132320150849409401e-05 8.506981430400628597e-06 1.194463636073478385e-13
1.060808822512626648e-01 2.422377747279824689e-06 3.449205617371314987e-15 3.470213671974420322e-09 1.272296649403870106e-03 8.358571790267887991e-07 9.958173632621765137e-01 2.234836881526147678e-12 7.688258290290832520e-01 2.089901585122788674e-09 3.132082371237743246e-09 2.205552905797958374e-01 2.317890324121663070e-09 1.311747151871989203e-12 1.715234065891024784e-10 4.271537363820243627e-07 4.239302313635562314e-07 9.732008976470751804e-09 1.764964312314987183e-01
3.248087887186557055e-05 1.152434051618911326e-04 1.268274463228635796e-08 2.407862893960555084e-06 1.308618392795324326e-02 9.999911785125732422e-01 1.885718782432377338e-03 2.595785364434277653e-09 5.612079054117202759e-02 2.054063043033238500e-05 8.421239261480195637e-10 5.287118983687832952e-05 6.529790539389068726e-07 8.251601002484676428e-07 7.549766905867727473e-06 1.273220368602778763e-05 2.152141291844600346e-07 9.807200694922357798e-05 4.907125607132911682e-03
1.577076545800082386e-05 1.582709955982863903e-05 3.029212621186161414e-06 1.759437253667783807e-07 2.990846041939221323e-05 9.992566704750061035e-01 1.727057807147502899e-02 1.614837685792736011e-08 4.204888045787811279e-01 1.860099655459634960e-05 3.865938680291947094e-09 6.013096935930661857e-05 1.201263557959464379e-06 1.089146195454304689e-07 2.340517676202580333e-05 2.198311676693265326e-06 1.226905260409694165e-05 1.913300220621749759e-04 8.636944293975830078e-01
2.794616193568799645e-05 7.910828571766614914e-04 2.800400034175254405e-05 6.852523074485361576e-04 7.108061690814793110e-04 4.959354919265024364e-05 9.952514171600341797e-01 7.185118645429611206e-02 1.113413926213979721e-02 2.616261690855026245e-02 5.199589068070054054e-04 6.163185462355613708e-02 5.720176175236701965e-02 1.637589768506586552e-03 4.288024734705686569e-03 7.943604886531829834e-02 3.518602252006530762e-01 2.604283858090639114e-03 4.050088580697774887e-03
7.079423812683671713e-05 2.431222674204036593e-04 3.677904771848261589e-07 4.773387627210468054e-05 1.759281032718718052e-03 1.379729219479486346e-04 8.415896296501159668e-01 3.153645992279052734e-02 1.126424758695065975e-03 9.282212257385253906e-01 8.731544949114322662e-05 7.013570666313171387e-01 4.212449863553047180e-02 1.716285055408661719e-06 1.075040290743345395e-05 2.854023277759552002e-01 1.052083354443311691e-02 8.026363793760538101e-04 3.576101444195955992e-04
3.858271811623126268e-04 3.034839173778891563e-04 1.193635284835181665e-06 1.739433937473222613e-04 2.939429506659507751e-02 4.742691526189446449e-04 8.506917357444763184e-01 7.441001944243907928e-03 2.668095985427498817e-03 4.824576079845428467e-01 1.005077283480204642e-04 8.093328475952148438e-01 6.152077019214630127e-02 3.715868388098897412e-06 2.468330421834252775e-05 3.585081994533538818e-01 1.232554856687784195e-02 1.699175918474793434e-03 5.343370139598846436e-04
6.415604730136692524e-05 3.637649933807551861e-04 9.540649443806614727e-06 2.552253426983952522e-03 1.593502797186374664e-02 1.845962367951869965e-03 9.968951940536499023e-01 5.770210991613566875e-04 3.984553217887878418e-01 3.214414464309811592e-04 2.751243009697645903e-04 3.528391197323799133e-02 2.134897978976368904e-03 1.747699338011443615e-03 1.526796538382768631e-02 3.434986248612403870e-02 2.194649912416934967e-02 1.220781076699495316e-02 1.548273116350173950e-02
3.807432353496551514e-01 1.826613396406173706e-02 6.542674964293837547e-05 1.947906017303466797e-01 5.448740720748901367e-01 3.208120178896933794e-04 3.747699558734893799e-01 8.833382278680801392e-03 1.373605686239898205e-03 8.626169711351394653e-02 3.688101714942604303e-04 7.692853808403015137e-01 3.865858912467956543e-02 3.672977327369153500e-04 2.158479182980954647e-04 2.146215289831161499e-01 2.814487926661968231e-02 4.238778259605169296e-03 1.746314082993194461e-04
7.160466164350509644e-03 3.721413388848304749e-02 7.250225280586164445e-06 1.608555030543357134e-04 3.730073512997478247e-04 2.880045576603151858e-05 9.967461824417114258e-01 2.011899137869477272e-03 6.704919934272766113e-01 5.589024658547714353e-05 2.210806682705879211e-02 1.401309017091989517e-02 3.696287167258560658e-04 4.042399814352393150e-04 1.533623784780502319e-03 6.256555207073688507e-04 2.597123980522155762e-01 2.308690920472145081e-03 6.167070269584655762e-01
1.180030073655302658e-09 4.960760270478203893e-05 5.663757796092738772e-10 3.623157099355012178e-04 2.100244245184512693e-08 1.599903320936846285e-09 9.999961853027343750e-01 1.696712221018970013e-03 3.933000937104225159e-02 1.603906696345802629e-08 7.056749836920062080e-06 8.730312117677385686e-08 9.748669071996118873e-06 8.762624114751815796e-02 1.303617842495441437e-03 1.823331513151060790e-05 8.089786767959594727e-01 5.324347876012325287e-04 1.416844024788588285e-04
6.885732083258475078e-14 1.949594131966936317e-12 3.168028623311946307e-17 5.332116415956988931e-06 2.063899131599100656e-07 3.672680119052529335e-03 9.999994039535522461e-01 6.573386041215656395e-13 2.362787723541259766e-03 2.928810597434901471e-15 2.910007746481444235e-18 7.336698956694753804e-12 1.954949743754319513e-11 6.461934390245005488e-06 1.690785400569438934e-03 5.174339845481767952e-10 1.381691390633932315e-06 1.419502666522021173e-07 1.923362358269287142e-09
1.642755705688614398e-06 1.688484796424916112e-09 1.072586216756743135e-14 3.971578053096891381e-07 4.450073838233947754e-01 3.949426580220460892e-03 9.944346547126770020e-01 1.407505947730036677e-12 7.379350066184997559e-01 3.486908539684918651e-08 1.027269033726518899e-10 2.285249978303909302e-01 1.254084391888454775e-08 2.301644812241487870e-11 4.782430096383905038e-08 6.425128085538744926e-04 4.655758516491914634e-07 1.216911732626613230e-05 9.395943925483152270e-05
3.438902786001563072e-04 2.481576888424541494e-10 4.639323965955049339e-15 9.999841451644897461e-01 8.464266061782836914e-01 1.500848028808832169e-02 5.278148129582405090e-02 1.574268493342856345e-11 6.035718251951038837e-04 7.067457286069611655e-09 9.743629378810778063e-14 5.820783189847134054e-05 1.856140841027809074e-08 9.327326411234793113e-11 1.340719609288498759e-05 2.529903722461313009e-04 1.416951999999582767e-04 1.639173660805681720e-06 6.582215328343465899e-10
4.256330399243779539e-09 1.581775162240450783e-11 5.672694844242875956e-15 6.546938635665355832e-08 2.530841827392578125e-01 9.999998807907104492e-01 6.274315819609910250e-05 7.215052902733495171e-15 1.773570105433464050e-02 2.144753068478166824e-07 5.116372815969552883e-16 5.907939339522272348e-06 6.724980572414551716e-10 2.149049601468666637e-12 1.019413109482059099e-09 6.010518063703784719e-06 7.641218324749843305e-09 3.968556029576575384e-06 2.589341647762921639e-07
9.010341600514948368e-04 2.590785734355449677e-03 3.675114829093217850e-03 3.444051137194037437e-03 2.046467363834381104e-02 9.996653795242309570e-01 5.067560821771621704e-03 1.564380072522908449e-04 5.867898464202880859e-02 4.520598158705979586e-04 2.794623696900089271e-06 1.049741331371478736e-04 8.180637960322201252e-04 6.881877314299345016e-03 4.515020176768302917e-02 3.385237359907478094e-04 2.417102688923478127e-03 1.074428111314773560e-02 4.592143464833498001e-03
2.179117873311042786e-03 1.524325341506482800e-07 7.066927338456041596e-14 9.750072956085205078e-01 7.923166155815124512e-01 8.543368608115997631e-07 2.653084695339202881e-01 2.911015961615248671e-08 2.219646688672582968e-07 1.307768281549215317e-02 4.278756602499322881e-12 8.542150855064392090e-01 1.900461757031735033e-05 2.279552380191063321e-10 1.517250467486519483e-07 5.079451575875282288e-02 1.556461356813088059e-04 6.293624892350635491e-07 2.593867308442465713e-11
2.103315740823745728e-01 6.040071554025416845e-08 3.752532636945513000e-20 1.000000000000000000e+00 6.298047900199890137e-01 4.444654551089693983e-13 3.304403071524575353e-05 8.200008380643275530e-12 6.936955870839867089e-11 9.762535668755845109e-09 1.564847312635812924e-15 3.031168944289674982e-06 1.448787934066331218e-08 1.821037654003987427e-09 3.172621887426174681e-11 1.972895988728851080e-04 1.837876766330737155e-06 2.355008879624683436e-15 2.574825364381962307e-15
5.436067655682563782e-02 9.678608137164701475e-08 3.837551940514332433e-20 1.000000000000000000e+00 1.645507407374680042e-03 5.188644652820428860e-12 2.757293593447229796e-08 4.139289605520346527e-12 1.816356093309323683e-11 1.052887269557822858e-12 3.895047258979907946e-17 1.403393053893767228e-13 1.504174562683147087e-09 1.711352553002143395e-07 4.207474646467090906e-12 7.432873161405950668e-08 5.478543396719715020e-09 4.171911227446306733e-17 7.412032214562495631e-16
1.134653314948081970e-01 9.386916458606719971e-02 2.885603578761219978e-03 9.899508357048034668e-01 1.340584084391593933e-02 1.027592346072196960e-01 1.662571728229522705e-02 1.116479486227035522e-01 1.464985776692628860e-03 1.427278108894824982e-02 1.166227084468118846e-04 2.727244864217936993e-04 6.849154084920883179e-02 4.449628591537475586e-01 5.021184310317039490e-02 4.077102057635784149e-03 1.528134942054748535e-02 9.313344955444335938e-02 3.718296939041465521e-04
2.546578059536841465e-07 9.822070978771080263e-07 8.987838917562385177e-09 3.874421527143567801e-04 2.626536879688501358e-04 7.366998470388352871e-04 9.996641874313354492e-01 4.219000402372330427e-05 5.930419429205358028e-04 1.303356984863057733e-04 2.693059775182859994e-09 3.656591870822012424e-04 1.109342440031468868e-03 9.679670620243996382e-05 6.731298752129077911e-03 4.844035429414361715e-04 1.046707574278116226e-02 1.064492680598050356e-04 9.778706044016871601e-06
1.640951950321323238e-06 1.224206698680063710e-05 1.118412100709065271e-07 6.041168421506881714e-02 7.540254500781884417e-06 6.927199661731719971e-03 9.968311190605163574e-01 1.539625227451324463e-04 2.644478576257824898e-03 3.317096570754074492e-07 4.238588147131849837e-09 5.606293740356704802e-08 3.697094143717549741e-05 5.479708686470985413e-02 4.937283098697662354e-01 7.727659294687327929e-07 1.103217229247093201e-01 3.032855456694960594e-04 1.532841633888892829e-05
1.391480267047882080e-01 6.387046596501022577e-06 1.307625652202659694e-08 1.000000000000000000e+00 1.223043887875974178e-03 1.785606764315161854e-05 6.341064727166667581e-05 8.610509212303441018e-06 7.901103771246198448e-09 2.948299879790283740e-05 6.887315370796009972e-12 3.922320956917246804e-08 1.581069227540865541e-04 6.403942097676917911e-05 1.705289818346500397e-03 3.097557510045589879e-06 7.911307620815932751e-04 1.356960979137511458e-06 4.799821998191511341e-11
1.177379861474037170e-03 2.268251031637191772e-03 3.955331922043114901e-04 9.998300075531005859e-01 1.109218137571588159e-04 1.963065296877175570e-04 9.230704978108406067e-03 1.052193567156791687e-01 2.301711219843127765e-06 1.227661734446883202e-03 1.986867737002739887e-08 8.393697470410188544e-08 3.965263720601797104e-03 4.244771897792816162e-01 1.929981559514999390e-01 5.864704871783033013e-05 1.314001679420471191e-01 6.092475652694702148e-01 7.411863833794996026e-08
5.006607621908187866e-03 1.207990339025855064e-03 5.892817862331867218e-04 3.100800793617963791e-03 5.211891140788793564e-03 2.291749930009245872e-03 1.211852803826332092e-01 6.491128355264663696e-02 2.787890261970460415e-04 9.939243197441101074e-01 2.832942118402570486e-04 5.480284094810485840e-01 6.198237091302871704e-02 4.417600575834512711e-05 3.055705165024846792e-04 1.967005431652069092e-01 6.404482293874025345e-03 9.891155175864696503e-03 1.005123413051478565e-04
3.671622835099697113e-04 1.978160968363340544e-10 2.661113245993468324e-15 9.999846220016479492e-01 8.812807202339172363e-01 8.582473732531070709e-03 5.992672219872474670e-02 1.122200856545907399e-11 4.840157926082611084e-04 7.210865238249652975e-09 8.341961290573435273e-14 9.289303852710872889e-05 1.471824706555935336e-08 5.819250289973432189e-11 8.888969205145258456e-06 3.505538916215300560e-04 1.377860899083316326e-04 1.616069198462355416e-06 4.324245961306871777e-10
9.095136192627251148e-05 1.108869219024199992e-05 5.210155222812318243e-07 2.418178133666515350e-03 1.383317727595567703e-02 9.999884366989135742e-01 4.580054082907736301e-04 3.493279905342205893e-07 1.344124879688024521e-02 1.090166460926411673e-05 1.747714195587946051e-09 2.456674565110006370e-06 1.789155612641479820e-05 4.356316640041768551e-05 1.987576484680175781e-03 1.087090276996605098e-05 2.623308391775935888e-04 3.993889782577753067e-03 4.239520785631611943e-05
9.748890995979309082e-01 8.953594488048111089e-07 2.575941711454796113e-14 1.000000000000000000e+00 9.192928671836853027e-01 1.977180363876840374e-10 7.528741261921823025e-04 4.286782595563920495e-10 1.343500244388451392e-08 1.929899795527489914e-09 1.667704342678266727e-11 3.443099849391728640e-04 7.684455027856529341e-08 1.523291359717404703e-08 1.138705982839383068e-07 4.671681381296366453e-04 1.533595786895602942e-04 1.242938044154762167e-11 1.322896219652092142e-11
3.620280921459197998e-01 7.374059407538879896e-08 1.115180981056990713e-22 1.000000000000000000e+00 9.964333772659301758e-01 2.618861291020513349e-12 2.812337363138794899e-03 1.781707885341234782e-14 1.333104228251613677e-05 4.952408708819300287e-12 2.160942813578259347e-10 1.285318139707669616e-04 3.069465471725041361e-12 6.974927579950218615e-11 9.039316170578182152e-12 2.840747823938727379e-03 2.838708269337075762e-06 4.826232373678551388e-15 1.810782535201227450e-12
9.991416931152343750e-01 3.467860733508132398e-05 2.178371612858331429e-19 1.000000000000000000e+00 9.947609305381774902e-01 2.935241695086929746e-15 7.647608981642406434e-06 7.673616950198969278e-12 2.356602246678107804e-09 3.028942374694310047e-11 2.116134378837841723e-09 7.320197619264945388e-05 3.687038174771117838e-10 4.047330293133200030e-08 1.483112169588327728e-14 3.403400070965290070e-03 3.221749977910803864e-07 1.183250896614972104e-16 8.999859234595786184e-14
7.291410565376281738e-01 5.004764602745126467e-07 4.043432393024678760e-24 1.000000000000000000e+00 9.697867631912231445e-01 3.819534139383289062e-14 7.298980199266225100e-05 1.946456132395375099e-14 9.060095749191532377e-07 1.677116561946134787e-12 2.613931987527351453e-11 5.337333277566358447e-07 6.648654717056334817e-12 6.162614862859072673e-10 8.903817218025231184e-14 3.826315514743328094e-04 3.288279515345493564e-08 4.366939157344568046e-18 7.813641227094603181e-13
2.990055918417056091e-07 1.251455970102677284e-12 2.458770680361131245e-16 1.000000000000000000e+00 1.606807563803158700e-05 4.812589850189397112e-06 1.878719340311363339e-04 6.756849940670051069e-11 2.978802760011944883e-09 2.509916536760914418e-12 2.497303303788947808e-21 1.144722676566824193e-15 8.452892830135283475e-10 1.058886311966489302e-09 4.917891783406957984e-05 4.444819859394932848e-11 1.595079083926975727e-04 2.366553134014459658e-12 1.173792185572101738e-16
8.894944563508033752e-03 5.008785137761151418e-07 2.664144078956542927e-12 9.495429396629333496e-01 9.230234622955322266e-01 1.165810090242302977e-06 6.829330921173095703e-01 3.869879705575840489e-08 4.481699215830303729e-05 3.339746035635471344e-05 6.125956963920486942e-10 6.476285457611083984e-01 5.986936685076216236e-06 1.072836930404719169e-08 3.691511437864392065e-06 6.278679519891738892e-02 1.921557239256799221e-03 5.989055352983996272e-06 1.136271254864595903e-08
4.210528459225315601e-06 5.675364178614472621e-09 1.688561235280161554e-10 9.960263967514038086e-03 5.737696215510368347e-02 9.999107122421264648e-01 5.170048214495182037e-03 7.782180455606635405e-10 8.405298925936222076e-03 6.282902518250921275e-07 3.340971976070056249e-13 8.727038220968097448e-07 5.724910465687571559e-07 3.295317796414565237e-08 1.712033408693969250e-04 4.154320777161046863e-06 2.623231193865649402e-05 8.945721783675253391e-04 2.448128384457959328e-07
2.311898672502366026e-09 6.846608613386706566e-08 1.313011050178410576e-16 1.000000000000000000e+00 5.135703418090997729e-07 3.339404490779185330e-13 8.801888227462768555e-01 2.216984640313057753e-08 8.954080499279370997e-07 2.741215674589847495e-12 3.220802801979366636e-14 4.284534221008808041e-14 2.247948049927117609e-09 2.410536762909032404e-05 1.202380559561788687e-07 1.157407591989567663e-08 9.959656745195388794e-04 4.569071053309777669e-15 7.178109018637912619e-13
4.493615479717050221e-10 1.569637753107144817e-09 1.377730395046850020e-13 9.999997615814208984e-01 2.914877406112736935e-08 4.016929584099715456e-12 8.967881202697753906e-01 1.039126345858676359e-06 5.838648320377615164e-08 1.544750993787147308e-10 5.749772407223293930e-16 7.645922469375759922e-14 1.141722307806958270e-07 2.756440699158702046e-05 4.370806345832534134e-05 4.347396220794053079e-09 2.867424786090850830e-01 9.650109704384401965e-12 4.303554311958085465e-13
9.090152161661535501e-06 1.907002842926885933e-05 2.074798839679647955e-11 1.000000000000000000e+00 5.886473445571027696e-06 6.972137311933579440e-10 5.665216129273176193e-03 1.994989906961563975e-05 1.594287653006176697e-07 2.100913398805914767e-08 1.359687536173215250e-11 1.793537649126542011e-12 3.026359991054050624e-06 3.655267413705587387e-03 1.125464905271655880e-06 2.049854543884066516e-07 4.523396026343107224e-03 5.938836922236845339e-11 1.600652423106030398e-11
1.774967245182779152e-06 3.181690044584684074e-05 6.665352003665248048e-08 2.507023054931778461e-05 3.332304768264293671e-03 5.782575499324593693e-06 9.991113543510437012e-01 4.177273076493293047e-04 4.370709415525197983e-03 9.495220147073268890e-04 1.211342441820306703e-05 1.960492730140686035e-01 1.387213170528411865e-02 8.971946044766809791e-06 6.385257438523694873e-05 9.348072111606597900e-02 2.504334039986133575e-02 1.109869990614242852e-04 4.134617047384381294e-04
3.601633608341217041e-01 3.437849954934790730e-06 7.096944559803475272e-13 1.679345359661965631e-06 3.414133191108703613e-01 1.175845445317014182e-11 1.995875686407089233e-02 1.398960989718034398e-06 4.173732748302683149e-10 1.933980286121368408e-01 1.809236961636262464e-11 9.986472725868225098e-01 2.775067696347832680e-03 4.301010231560348229e-13 1.661981980532502290e-15 4.782961681485176086e-02 8.111372551411477616e-08 2.692404166282358347e-07 3.183976346465833274e-11
2.352183118420336783e-13 1.254707781240066304e-21 6.759338642649102353e-26 7.553899346313119878e-12 9.686681628227233887e-01 3.580076788338143979e-20 9.957279562950134277e-01 1.153255607068125210e-16 1.097067162998286924e-14 2.234795459798988304e-07 7.584873937872871879e-25 9.999998807907104492e-01 3.350266244983579611e-11 3.007979327516186778e-23 4.501732968826403884e-24 9.025103449821472168e-01 2.656730657690786757e-08 2.720529357347345467e-10 1.221517078382019374e-20
7.790501713752746582e-01 9.436528682708740234e-01 6.203085376910166815e-06 2.614128217101097107e-02 2.905954897869378328e-04 6.459873702624463476e-07 4.676135778427124023e-01 4.891709685325622559e-01 4.345045611262321472e-02 1.788145709724631160e-05 4.090000689029693604e-01 2.825590083375573158e-03 3.101442009210586548e-03 3.859419003129005432e-02 9.742793736222665757e-06 1.039621070958673954e-03 9.951617568731307983e-02 3.498696023598313332e-04 2.404222614131867886e-04
1.519240910852204252e-08 3.497187208267860115e-06 3.492153055617563950e-08 9.528120244794990867e-06 3.750885070985532366e-06 1.020795181716493971e-08 9.994748234748840332e-01 5.902092531323432922e-02 4.949122012476436794e-05 5.191197991371154785e-02 1.702574650153110269e-06 7.217910885810852051e-02 4.892996512353420258e-03 1.614048960618674755e-05 5.747198520111851394e-05 7.492651790380477905e-02 5.825003981590270996e-01 8.549002086510881782e-05 2.775456232484430075e-05
1.644770950078964233e-01 1.684312373399734497e-01 6.436135154217481613e-03 2.832933664321899414e-01 1.046772766858339310e-02 1.614745520055294037e-02 9.694754332304000854e-02 3.631716966629028320e-01 2.127339597791433334e-03 8.957892060279846191e-01 1.271214056760072708e-02 2.706220149993896484e-01 2.331214249134063721e-01 4.380452632904052734e-02 1.690666936337947845e-02 1.343497186899185181e-01 5.770743638277053833e-02 1.903476715087890625e-01 2.151653403416275978e-03
9.681201845523901284e-06 2.724435471463948488e-04 2.440090629551860957e-10 1.000000000000000000e+00 7.795347478634084837e-09 7.454712541710151186e-11 1.153359452388258433e-08 1.381091075018048286e-03 5.628415482241108160e-17 1.257317139291558306e-09 1.213099990260356375e-17 3.372256745496236787e-18 9.812249572860309854e-07 9.999699592590332031e-01 9.652563903728150763e-07 6.250179929168098170e-09 6.519498469970130827e-07 1.009342167526483536e-02 8.121905282104029627e-18
4.939988684782292694e-06 1.776169369804847520e-06 3.931939716039778432e-07 9.999998807907104492e-01 1.690793105524335260e-08 5.754095582233276218e-07 4.758221621159464121e-05 7.702725939452648163e-03 1.948055215403310392e-12 1.923389572766609490e-05 3.098493637263921661e-16 3.121619648427213789e-14 3.046612255275249481e-05 5.231894254684448242e-01 1.902866661548614502e-01 8.922285132939578034e-09 5.563450045883655548e-03 9.792429208755493164e-01 4.496399014567147717e-15
2.540915273129940033e-03 2.260060282424092293e-03 1.056339215210755356e-06 8.817656636238098145e-01 4.053068987559527159e-04 9.961451292037963867e-01 2.496401430107653141e-04 3.422154404688626528e-04 4.827303055208176374e-04 1.696555955277290195e-05 1.092691359616537738e-08 4.596298097681028594e-08 3.146688686683773994e-04 8.915722370147705078e-02 1.119205914437770844e-02 2.141085587936686352e-06 1.243213337147608399e-04 5.475744605064392090e-03 4.220566552248783410e-06
3.608344696225024190e-22 7.569065902585236515e-17 7.835384310858319263e-17 6.575553925358690321e-06 5.542737967277437672e-14 6.752625114884852665e-22 1.000000000000000000e+00 1.964857716529877507e-07 7.497880649687260757e-10 3.891041507823444351e-15 7.208443610525188273e-17 1.859076226295997003e-10 5.734729913164926529e-10 1.995567933121833448e-09 3.672891679684653354e-08 4.239120414695207728e-07 9.999315738677978516e-01 1.940714394743636717e-10 6.100976668310664763e-11
5.559247723621596471e-13 7.031342619256975013e-09 7.308375259140742486e-12 9.999550580978393555e-01 6.810677022350830612e-11 1.986604770146756829e-17 9.993231296539306641e-01 1.716225051495712250e-05 5.004559255894491798e-08 9.097240322164523718e-12 4.440891827450083040e-13 2.718839422263114036e-13 1.652433212484538672e-07 4.105539119336754084e-04 3.679090923469630070e-06 5.047438733640774444e-08 9.782840609550476074e-01 1.960361317721037722e-10 3.471335371929562541e-11
1.736540996923378009e-15 6.751027514795282514e-11 9.482010445913124919e-13 9.798144698143005371e-01 1.039539073853686102e-13 2.825494082911441983e-18 9.999529123306274414e-01 1.279896696360083297e-05 3.735484144229417325e-10 4.625230320270956597e-12 2.362528910922301019e-17 9.433529600381442004e-15 5.189338025957113132e-08 3.078178851865231991e-04 5.502455678652040660e-06 3.760162403665390229e-09 9.994472861289978027e-01 7.021823678066141383e-10 6.898368595104065193e-13
2.619816863447255173e-11 2.638321783265951126e-10 3.479657696963539548e-13 1.718118073767982423e-05 4.257063608292810386e-07 4.138112075224853470e-09 9.999852180480957031e-01 3.680518420878797770e-05 1.270072260695087607e-07 6.279285298660397530e-04 1.412389736415997632e-12 5.536784883588552475e-04 2.998818526975810528e-04 9.841362214046966983e-08 5.232087642070837319e-05 4.439155163709074259e-04 1.092749983072280884e-01 1.806073100851790514e-06 5.577207584650523131e-09
6.458573693635116797e-07 1.736713215905183461e-06 1.176622888010570023e-07 1.992246136069297791e-03 3.655079490272328258e-05 3.470816612243652344e-01 9.972779154777526855e-01 1.279799107578583062e-05 5.368431564420461655e-03 4.202799459562811535e-07 6.606226121697034159e-10 3.068608975809183903e-07 3.778994505410082638e-05 1.721389777958393097e-02 3.475377261638641357e-01 1.425448886038793717e-06 7.891461253166198730e-03 5.425256676971912384e-04 3.101714537478983402e-05
1.924685090780258179e-01 3.224863111972808838e-01 9.518769275018712506e-07 9.794286452233791351e-04 6.075768265873193741e-03 1.442199863959103823e-04 3.944209516048431396e-01 6.665247678756713867e-02 7.448246236890554428e-03 3.325349986553192139e-01 1.288438914343714714e-03 5.571402311325073242e-01 1.973417103290557861e-01 4.165048449067398906e-05 4.549267032416537404e-06 3.445927798748016357e-02 3.149794880300760269e-03 7.588808075524866581e-04 2.494598273187875748e-03
1.538350339978933334e-02 2.214241540059447289e-03 3.823188308160752058e-05 1.374236494302749634e-02 1.224760245531797409e-02 1.646090857684612274e-02 1.434009373188018799e-01 2.955041825771331787e-02 6.755453650839626789e-04 9.904803633689880371e-01 2.310511044925078750e-04 4.437030851840972900e-01 5.704219639301300049e-02 3.700116940308362246e-05 9.826335590332746506e-04 9.528651088476181030e-02 5.232272669672966003e-03 6.946248468011617661e-03 1.646240707486867905e-04
9.999723434448242188e-01 4.924674867652356625e-04 2.712983871124123094e-18 4.943001371171713842e-15 2.473645395184576046e-07 1.451668612520353591e-14 9.597824215888977051e-01 4.073079980931870736e-12 3.531210422515869141e-01 2.559468414986554308e-09 2.438950708061327077e-10 3.082251846790313721e-01 1.950413235363157582e-07 1.454134609814505455e-18 2.765329411250127222e-20 5.498073663012803536e-10 2.531845844089275488e-09 4.834886424597353849e-14 9.272332787513732910e-01
9.159783124923706055e-01 5.254871794022619724e-04 6.873751649252510254e-14 7.097199494765504824e-10 3.725504793692380190e-04 2.751679439860765797e-10 1.103623062372207642e-01 5.061904175818199292e-06 9.340295036963652819e-06 3.399683833122253418e-01 6.150818876449193340e-08 9.230390191078186035e-01 2.416167855262756348e-01 1.195994936116842600e-14 1.886695162757858271e-15 1.126131857745349407e-03 2.423030487364030705e-08 9.013762181098172732e-09 5.314218287821859121e-05
5.477405502460896969e-04 2.415843664493877441e-05 8.315025112892726611e-09 9.877445101737976074e-01 4.395947605371475220e-02 2.060290427152722259e-07 9.592208862304687500e-01 3.381456190254539251e-05 8.699880563654005527e-04 9.012560440169181675e-07 3.567496378309442662e-06 1.161430845968425274e-03 6.836025568190962076e-05 9.242448140867054462e-05 2.699957462027668953e-03 3.016556613147258759e-03 2.407249510288238525e-01 1.424399897587136365e-06 3.788560889006475918e-06
4.636332765221595764e-02 2.146186261597904377e-06 1.366110335965231570e-08 9.975125789642333984e-01 4.725477844476699829e-02 2.748601790614202400e-09 7.761951684951782227e-01 1.175235411210451275e-05 2.119605142070213333e-06 1.965904949940977531e-08 2.875867188834035915e-08 2.455606881994754076e-04 1.410156892234226689e-05 2.264214526803698391e-05 6.510364823043346405e-03 7.054368325043469667e-05 9.520562887191772461e-01 1.208179583045421168e-07 3.004229398584357114e-08
1.246017063749604858e-06 1.457153575756819919e-05 9.034650929606868885e-07 1.706682294607162476e-01 1.660297275520861149e-03 4.589525559595131199e-08 9.992881417274475098e-01 2.524561714380979538e-04 1.403868664056062698e-03 1.569529899825283792e-06 9.916256203723605722e-06 3.657037625089287758e-03 3.222103114239871502e-04 3.135228762403130531e-04 3.090061945840716362e-03 1.152236945927143097e-02 6.442115902900695801e-01 1.205550070153549314e-04 1.040034621837548912e-04
8.015348576009273529e-03 1.774388351805100683e-06 7.190880378128705619e-13 1.000000000000000000e+00 1.697066724300384521e-01 1.546609951219579671e-08 2.742340974509716034e-02 1.107877238837318146e-07 3.347407982801087201e-05 3.947192794839793351e-08 7.929501499859270552e-09 2.525404624975635670e-06 5.261094315756054129e-07 1.903992824736633338e-06 4.622365850082132965e-06 2.938699908554553986e-04 8.377057500183582306e-03 8.136198659247639853e-11 1.343312461266066293e-09
6.096493962104432285e-06 1.837007914673449704e-07 5.849917772415835771e-12 1.000000000000000000e+00 7.619441021233797073e-05 2.938614629410807311e-11 1.137181147933006287e-01 3.500684215396177024e-06 9.552353503750055097e-07 8.919188054790083697e-09 5.618554232977857055e-11 4.263510933188996432e-10 1.003739384941582102e-06 1.909508864628151059e-05 8.635764061182271689e-06 1.597319169377442449e-06 2.294301539659500122e-01 3.011803653696354388e-11 2.469087607981368393e-11
1.790050882846117020e-04 5.219837021286366507e-06 3.537626355049061644e-12 1.000000000000000000e+00 1.076819724403321743e-03 1.834524754329436291e-10 5.611029639840126038e-02 2.241716629214351997e-06 9.087352736969478428e-06 2.079786476372191828e-08 8.284202657193873165e-09 7.469465934661911888e-09 9.255351187675842084e-07 4.402070408104918897e-05 2.392672968198894523e-06 1.744688051985576749e-05 3.832302987575531006e-02 1.527944958057414482e-11 5.149675685878207787e-10
1.852001970405187911e-17 1.907731334016560254e-10 2.306551217384766872e-13 3.231535004033503355e-07 9.230205440030267439e-14 1.206375714983820930e-18 9.999997615814208984e-01 1.401066547259688377e-03 8.836790854616083379e-09 8.765630887808129046e-09 6.958668667331191493e-13 5.561878957394128520e-09 5.075067406323796604e-07 3.617055335780605674e-05 4.550025209937302861e-07 4.467574763111770153e-05 9.998074173927307129e-01 6.326669108602800407e-07 1.497156287832979160e-09
1.375866011254194905e-24 2.240103989890190883e-15 1.828125901240269140e-21 3.569929454046855133e-13 1.401669438692410845e-18 4.098182630876105948e-26 1.000000000000000000e+00 3.147891024127602577e-03 3.035710517598072533e-14 4.578655716613866389e-05 1.969963922814690667e-18 6.910237516422057524e-06 9.667664002677156532e-09 2.853907214717121832e-11 3.776400199495544285e-12 6.612530560232698917e-04 9.990600943565368652e-01 1.826782648761682282e-11 1.176137519217886410e-14
1.111818267961860218e-27 4.603841073990946801e-20 5.198645134403372927e-25 2.540897671437928121e-16 1.782953398352099240e-20 8.079151232184623044e-30 1.000000000000000000e+00 2.352001843973994255e-03 2.938623580007960947e-16 1.766784407664090395e-05 1.657394005273798599e-20 2.748288170550949872e-05 1.209500832821674976e-09 5.248079599476547508e-14 9.600825044914565454e-14 7.769138901494443417e-04 9.999766349792480469e-01 9.816348038246824892e-13 5.850084401584252584e-16
2.899321913719177246e-01 1.053194329142570496e-02 4.829712096920957265e-08 9.996770620346069336e-01 5.610566735267639160e-01 5.983158553135581315e-05 1.431037336587905884e-01 9.718330693431198597e-05 1.046302635222673416e-02 4.201987176202237606e-04 1.695437385933473706e-04 1.343572326004505157e-02 5.607636994682252407e-04 1.136362203396856785e-03 1.028464175760746002e-04 5.751924216747283936e-02 2.930120797827839851e-03 5.661529030476231128e-06 1.270775537705048919e-04
9.980484247207641602e-01 1.261869072914123535e-01 1.730881771244696665e-09 9.999940395355224609e-01 4.135331809520721436e-01 8.996977052255772378e-10 1.490998402005061507e-04 2.127244079019874334e-04 6.888288339723658282e-08 9.770707947609480470e-06 1.409976539434865117e-05 1.681261695921421051e-03 1.087433542124927044e-03 4.703965503722429276e-03 7.313140315545751946e-09 5.529317073523998260e-03 7.170822937041521072e-05 3.264127812485639879e-08 2.283214151077572751e-08
9.915836453437805176e-01 6.949196755886077881e-02 1.699776430719168729e-11 1.000000000000000000e+00 2.679644525051116943e-01 1.091915169393331553e-10 6.614770245505496860e-05 3.206949259038083255e-05 2.397525804553879425e-07 3.717906565725570545e-06 8.744443221075925976e-06 8.574099047109484673e-05 7.791486132191494107e-05 2.500248840078711510e-03 3.733831854813018936e-10 6.136394105851650238e-03 1.190680632134899497e-05 9.193642513949384920e-10 7.713645722162709717e-09
1.396494954824447632e-01 8.646227070130407810e-04 1.016820260701933876e-05 9.999998807907104492e-01 1.165447290986776352e-03 7.633389759575948119e-05 6.122064223745837808e-05 7.891682325862348080e-04 9.489216523661525571e-08 1.896922622108832002e-04 3.063954423510040215e-09 7.475355090491575538e-08 2.293071709573268890e-03 2.926325611770153046e-02 2.005078596994280815e-03 7.410909165628254414e-05 8.030479657463729382e-04 3.985132789239287376e-04 2.093161732830139954e-08
1.001127748168073595e-05 6.332427204130963716e-12 2.974737888505332110e-16 1.000000000000000000e+00 3.233381779864430428e-03 8.494876325130462646e-03 8.031009929254651070e-05 1.280943493636721442e-11 5.227216206549201161e-07 2.320149489198897186e-10 8.381000583832176826e-18 9.497169717320730342e-11 6.254294415697359000e-09 5.382922579899585003e-11 2.293940451636444777e-05 2.950756439190627134e-08 1.144302859756862745e-05 1.309422015260963690e-09 6.516607322119491452e-14
5.514527671039104462e-03 9.901526265565507856e-10 3.440770482117730400e-14 9.999954700469970703e-01 9.196352362632751465e-01 2.071942617476452142e-06 1.669079512357711792e-01 4.320890867326454554e-10 3.108711098320782185e-06 2.193221604329664842e-08 7.316000019338964044e-13 1.678903237916529179e-03 5.648336554031629930e-08 2.924815667437741240e-10 2.962902908620890230e-05 2.261800458654761314e-03 3.981821704655885696e-03 1.110926461933559040e-07 2.468334217575751666e-11
2.114575566609120592e-18 1.117861445770751416e-12 5.921646568504604520e-29 1.000000000000000000e+00 5.187031793668639423e-12 7.463986683946269411e-23 9.999982118606567383e-01 5.861703470159095042e-15 1.269794580593952560e-08 2.931583323773070034e-22 1.385501272735395600e-21 1.160494716552921590e-21 4.241250138601931809e-16 2.281555389060940797e-08 4.958107709118753093e-12 4.300559474507137381e-13 1.788937765923037659e-06 2.077192642456780730e-24 1.544998125356771024e-18
1.852850019931793213e-01 6.452619171031230994e-16 4.651659353824420209e-37 1.000000000000000000e+00 3.454160105320625007e-05 4.076325328974452984e-25 1.576800138661653178e-17 8.798919195866611776e-23 5.442649673149547141e-25 4.253792329707538909e-23 4.400666517927223237e-34 1.210816391144102405e-24 1.019177752686894694e-17 2.298250260620356838e-14 1.970246274131319681e-21 1.374415311379204030e-13 4.883793344642164622e-15 1.088138428536409870e-31 2.250731963957292937e-32
9.820625185966491699e-01 7.034802428085296100e-13 1.590083567644027967e-31 1.000000000000000000e+00 9.753143191337585449e-01 1.742062564875849941e-21 2.330762145785758577e-11 1.336889386787560023e-20 7.020485676040478943e-17 6.467815165443738532e-19 3.313347936129874102e-24 1.184958598257623841e-12 8.719692795841117207e-16 4.754066945341674233e-14 5.869970377721037780e-19 3.952387430672388291e-07 1.699050448944472436e-11 1.048664925821763372e-26 7.495225418020840434e-24
8.076560334302484989e-05 1.019525225274264812e-03 5.282620350044453517e-06 6.835388485342264175e-04 1.118983724154531956e-03 6.901882443344220519e-05 7.260470390319824219e-01 1.427596807479858398e-01 5.874318885616958141e-04 9.577448964118957520e-01 1.795863645384088159e-04 6.564452052116394043e-01 2.539063058793544769e-02 5.588390922639518976e-05 1.404975337209179997e-04 3.582279384136199951e-01 6.045739725232124329e-02 3.766945097595453262e-03 1.613895292393863201e-04
2.377965984123875387e-06 1.336156740805449772e-10 9.102820493905872112e-14 9.984501600265502930e-01 7.654504384845495224e-03 9.999470710754394531e-01 1.325437915511429310e-04 1.358028793585486227e-11 2.570610260590910912e-03 1.714020592125109488e-10 1.966939543700043660e-16 1.520520515052581345e-10 1.044990671772438873e-08 1.935875904024442207e-09 3.011777153005823493e-05 1.443613228957474348e-08 1.291573425987735391e-05 1.604747922101523727e-05 7.388736289470898555e-10
9.999657869338989258e-01 1.309399902820587158e-01 4.083560226075810817e-11 9.999992847442626953e-01 2.248839288949966431e-01 1.421947629087760845e-12 3.632741254477878101e-06 4.024819645565003157e-05 3.483280677785138835e-11 1.406634453360311454e-07 2.771950562419078778e-07 2.532780345063656569e-04 4.841922782361507416e-04 1.457977807149291039e-03 4.556322333315598883e-11 2.875868813134729862e-04 3.583805892048985697e-06 5.322313145761370379e-10 8.726403627479228930e-11
1.608639359474182129e-01 3.424445986747741699e-01 3.962391614913940430e-01 9.728842377662658691e-01 2.886933088302612305e-02 1.108205318450927734e-02 2.525110356509685516e-02 2.328758239746093750e-01 6.918997969478368759e-04 3.327533602714538574e-02 4.935703705996274948e-03 1.992146484553813934e-03 9.973254054784774780e-02 8.228867053985595703e-01 6.500180065631866455e-02 6.839954853057861328e-02 2.760035544633865356e-02 2.187120467424392700e-01 1.280679600313305855e-03
6.562029477208852768e-03 1.308929058723151684e-03 3.723630186414084164e-07 9.942440390586853027e-01 8.137860894203186035e-02 1.046344550559297204e-05 3.893095254898071289e-01 1.180490013211965561e-03 2.120777644449844956e-04 3.228001296520233154e-02 3.996055966126732528e-06 3.596691787242889404e-02 4.578632302582263947e-03 6.072899559512734413e-04 3.613687877077609301e-04 5.427995324134826660e-02 3.018198534846305847e-02 5.455414793686941266e-05 2.906009513026219793e-06
9.845697283744812012e-01 2.029031747952103615e-05 5.463072702549531812e-11 2.593254670500755310e-02 9.926194548606872559e-01 7.276918512211238976e-10 5.219536423683166504e-01 2.908252305644509761e-08 7.867773206271522213e-07 5.418478821184180561e-08 4.776693707242429809e-09 9.279302358627319336e-01 6.970481081225443631e-07 3.528164427279989468e-09 1.514613545694487584e-09 5.535922944545745850e-02 4.724829341284930706e-04 2.821437874445109628e-06 2.498967255348816252e-09
1.151128081744445808e-09 7.958288129760428199e-17 7.039803805869937498e-22 9.998643398284912109e-01 8.757669478654861450e-03 9.999996423721313477e-01 3.633891765275620855e-06 3.192373293201933209e-19 3.484947665128856897e-04 4.314058708467747314e-16 2.291221354273074869e-25 9.566235099260720492e-15 8.497540914193316142e-14 1.861878367952728153e-15 1.082679368380468077e-08 8.724419624239754256e-12 1.065190868843046701e-08 2.868351423046533455e-08 1.247329621995073648e-14
9.876482486724853516e-01 5.011317729949951172e-01 9.841290739132091403e-05 1.332836970686912537e-02 7.337926328182220459e-02 1.720882755762431771e-05 3.839211538434028625e-02 6.491325050592422485e-02 2.456496877130120993e-04 7.787692360579967499e-03 5.581324221566319466e-04 4.654749929904937744e-01 5.042299032211303711e-01 1.048301928676664829e-03 2.235148031104472466e-06 1.608643680810928345e-02 1.226353924721479416e-03 2.430305816233158112e-03 2.432272885926067829e-04
9.948177933692932129e-01 5.274469777941703796e-02 9.947910939445137046e-07 7.028195858001708984e-01 8.916670083999633789e-01 1.605123884473869111e-06 1.155025735497474670e-01 3.618766204454004765e-04 1.430105039617046714e-04 2.351778493903111666e-05 6.714009796269237995e-04 4.254253208637237549e-01 6.958774174563586712e-04 1.916332985274493694e-04 3.297526745882350951e-06 2.938127145171165466e-02 4.961663391441106796e-03 9.722625691210851073e-06 1.006843740469776094e-05
1.161373148761413177e-07 4.320291736803483218e-06 2.775571239510554733e-08 9.990175962448120117e-01 1.526470327917195391e-08 2.084299538518408212e-10 1.422102451324462891e-01 1.962095126509666443e-02 3.043593110874098784e-08 7.173921858338871971e-06 5.636325607627501455e-12 1.927838444437668386e-10 6.674763426417484879e-05 6.892271339893341064e-02 3.161617787554860115e-03 4.108433984129078453e-07 9.971821308135986328e-01 1.248166896402835846e-02 3.111674529154839774e-10
4.595056234393268824e-04 2.082639187574386597e-02 1.308194100602122489e-06 9.999943971633911133e-01 1.249192337127169594e-05 1.659922759245091584e-07 9.232704906025901437e-05 5.774021148681640625e-02 2.047411407080090839e-10 6.689462225040188059e-06 2.590896941434550627e-10 1.573233904261783778e-10 1.377426087856292725e-04 9.995720982551574707e-01 2.891597687266767025e-04 3.696406929520890117e-05 4.968467983417212963e-04 7.230673730373382568e-02 4.669197320450457767e-11
6.702477548969909549e-05 1.591006002854555845e-05 7.741253818527304986e-12 1.000000000000000000e+00 1.197922614437629818e-07 3.946238474883401182e-11 2.288346223622284015e-07 3.485226625343784690e-05 2.639364421463952226e-13 6.183988876529156187e-09 3.999864542177973417e-16 1.149535544242902729e-16 4.683770839619683102e-06 1.675182282924652100e-01 2.722694887324905721e-07 3.964090833363798083e-09 1.780686288839206100e-04 4.205212178476358531e-08 2.972573189929505338e-15
1.391130354022607207e-06 1.764713601914991159e-07 9.456857442855834961e-01 1.000000000000000000e+00 5.351716936274897307e-08 1.594545473437847249e-08 2.162670534744393080e-05 2.301125641679391265e-04 8.904097945072741993e-12 9.544852730414277175e-08 5.813688454631919366e-16 9.732271979889166140e-16 6.282452523009851575e-05 2.500792592763900757e-02 5.498101003468036652e-03 2.276604327278164419e-08 6.019845604896545410e-03 7.600029348395764828e-04 3.829513203941481425e-14
9.999997615814208984e-01 1.153928786516189575e-01 8.200430785809675882e-12 1.000000000000000000e+00 1.248160697286948562e-04 1.955335357758782256e-17 1.184841721263429903e-11 4.936814548273105174e-06 3.019470314699388063e-19 4.494524474818462068e-10 1.811822501925075546e-12 2.217022831985104858e-08 5.993795115500688553e-03 8.581152185797691345e-03 5.948929229001448382e-14 3.634404492913745344e-07 2.457170023006938209e-10 1.179073838564193011e-09 8.113801128945051597e-16
9.449241757392883301e-01 1.624425128102302551e-02 7.649044971913099289e-03 9.665229320526123047e-01 7.048919796943664551e-01 2.144300815416499972e-04 5.767335370182991028e-02 6.092514959163963795e-04 2.167041238863021135e-04 1.833983988035470247e-04 1.422459172317758203e-04 9.880203008651733398e-02 5.894031841307878494e-03 3.456718288362026215e-03 3.099203342571854591e-03 3.991923853754997253e-02 9.557855315506458282e-03 4.121255478821694851e-04 6.577451131306588650e-05
7.944986820220947266e-01 4.897684454917907715e-01 9.167684614658355713e-02 5.367480590939521790e-02 8.880138397216796875e-02 5.992792081087827682e-03 3.697456419467926025e-01 3.359144032001495361e-01 1.224314719438552856e-01 9.077299386262893677e-02 6.316962093114852905e-02 3.055882751941680908e-01 4.806973338127136230e-01 2.575385197997093201e-02 5.493680480867624283e-03 9.753676503896713257e-02 9.371624886989593506e-02 3.488611057400703430e-02 1.245810911059379578e-01
1.455137226002989337e-05 2.230769124977882711e-09 2.096458636980649479e-15 1.277862042188644409e-01 1.027026697993278503e-01 1.568579222066546208e-08 1.215211930684745312e-03 3.708348117470450234e-08 5.238901218222735690e-13 9.999849796295166016e-01 2.322628546468693406e-14 9.959814548492431641e-01 2.050612238235771656e-06 3.475936715107569297e-13 1.988939846153670032e-10 1.757799237966537476e-01 2.654388708833721466e-07 6.878178169245074969e-07 2.191753337557665691e-16
9.999901056289672852e-01 1.151729281991720200e-02 3.709609355806442466e-11 7.915962338447570801e-01 8.553898334503173828e-01 9.666597383661823528e-12 9.116950095631182194e-04 1.115213308366946876e-05 3.020457495228612288e-10 1.567033791616267990e-06 3.273417448212967429e-08 3.145301640033721924e-01 6.834635860286653042e-04 4.689496222454181407e-07 7.704506477246297891e-11 5.147514748387038708e-04 1.237708875123644248e-05 6.226335447223618758e-09 1.363526791475777600e-10
7.068239464712768595e-24 1.135392906437838594e-17 2.869063222676188074e-15 6.996018347971144635e-11 3.308017361457970499e-17 6.629493173029661912e-24 1.000000000000000000e+00 6.486460188170894980e-05 1.077845035446500788e-09 3.540758615125372266e-12 4.979048592012684505e-17 7.429502846267865834e-11 1.995225318296434125e-09 1.498245438824596931e-08 3.841754914191142234e-09 2.243846665805904195e-06 9.999983310699462891e-01 4.616250066646898631e-07 8.409244828255779680e-11
1.538474352198369897e-20 3.289949447243876827e-15 6.269109537049288861e-11 1.902036217416025465e-08 3.297437853772315283e-15 4.350289052051989825e-21 9.999996423721313477e-01 2.612324315123260021e-04 6.195396196062574745e-08 9.547875511051184816e-12 5.194350351456428552e-15 1.079356673483466977e-10 2.016648004143917206e-08 8.313504054058284964e-07 6.522682838294713292e-08 3.661987648229114711e-06 9.999933242797851562e-01 1.163637789431959391e-04 1.111113978602418229e-09
9.336794202640264634e-15 2.596873549531864001e-10 8.533985018730163574e-01 4.142639954807236791e-05 1.209122971017329018e-12 7.722173559810229215e-19 9.999278783798217773e-01 2.089172974228858948e-02 2.413066795270424336e-07 6.723929191210231693e-10 5.959141600314632470e-13 3.513100366170363031e-10 2.506048303985153325e-06 4.839701286982744932e-04 1.116946123147499748e-06 2.588381539680995047e-05 9.997990727424621582e-01 3.090786412940360606e-05 1.902293789157738502e-08
4.491171443302227559e-37 3.807064299011980110e-27 1.165792253032521449e-29 7.276221253979095169e-22 7.292539030729615622e-28 0.000000000000000000e+00 1.000000000000000000e+00 1.538750016294443412e-09 5.437880582363275629e-16 6.106981843897843135e-23 6.012594281600741723e-25 6.514251935251414057e-16 1.450613167116427370e-15 1.844507217747089949e-17 5.581148793853052056e-15 2.422051795236690452e-11 1.000000000000000000e+00 5.352848595013738461e-20 1.533900935955789802e-12
2.653327210722089546e-12 1.587701081717796114e-09 3.267045915126800537e-01 9.338284598925383762e-07 3.097473319502164202e-11 1.469543102790474802e-17 9.999970197677612305e-01 2.739504445344209671e-03 3.990777713624993339e-06 2.349487271402495026e-10 1.607555061289289711e-11 1.627586776464795548e-08 5.538196546694962308e-06 7.093800832080887631e-06 6.029020369169302285e-06 8.955029443313833326e-06 9.999034404754638672e-01 4.137908149459690321e-08 8.982588042272254825e-06
4.508400252234423533e-06 1.453125587431713939e-04 2.587532624602317810e-02 1.284106285311281681e-03 1.571443681314121932e-05 6.774462946168569033e-08 9.964717626571655273e-01 8.474390953779220581e-02 1.368600130081176758e-02 8.934269135352224112e-05 1.011413187370635569e-04 3.669846628326922655e-04 3.209377173334360123e-03 4.537447355687618256e-03 5.565726663917303085e-03 5.474905483424663544e-03 9.781212210655212402e-01 2.381250262260437012e-03 6.195050198584794998e-03
6.433651433326303959e-04 3.186249597497692321e-10 4.135251270912226190e-15 9.999784231185913086e-01 9.063171744346618652e-01 3.357851412147283554e-03 8.265803009271621704e-02 1.697887316853829986e-11 3.832559741567820311e-04 9.965077651941101067e-09 1.798596536463359374e-13 2.154765679733827710e-04 1.914903791089273000e-08 7.688534531258284233e-11 1.031504780257819220e-05 6.039620493538677692e-04 1.948408025782555342e-04 1.824452738219406456e-06 4.960118427099757810e-10
5.109020275995135307e-04 3.957228618673980236e-04 1.044427426677430049e-05 9.999989271163940430e-01 8.950572919275145978e-06 1.897871879918966442e-05 1.186455556307919323e-04 2.499998360872268677e-02 1.132568483441787066e-09 4.371406248537823558e-05 1.461742532571363995e-11 6.932670409964813985e-11 4.836821171920746565e-04 9.186071753501892090e-01 3.361695259809494019e-02 2.689440407266374677e-06 2.132344990968704224e-03 8.125361204147338867e-01 5.290086077525124608e-11
1.087136333808302879e-03 2.238277920696418732e-05 7.782142006362846587e-07 1.000000000000000000e+00 1.166148194897687063e-06 2.255686376884113997e-05 8.439108682978258003e-07 1.121115055866539478e-03 2.473197688313000242e-11 9.929154657584149390e-06 1.002334066441123994e-14 3.360733458017406416e-13 2.577060076873749495e-04 1.606743335723876953e-01 2.318666549399495125e-03 4.933882991053906153e-08 8.339554187841713428e-05 3.581984341144561768e-02 9.361591363221677398e-13
1.730863153934478760e-01 1.064786314964294434e-02 1.196752418763935566e-04 9.978817105293273926e-01 5.080560967326164246e-02 1.473272219300270081e-03 1.586338877677917480e-02 7.902946323156356812e-03 2.618352300487458706e-05 5.561135411262512207e-01 1.358669942419510335e-05 2.695720270276069641e-02 4.228416457772254944e-02 2.020655665546655655e-03 5.915727466344833374e-03 2.206240408122539520e-02 1.801791973412036896e-02 9.845584863796830177e-04 2.376576276219566353e-06
1.709334063182410546e-12 1.039019148090002467e-14 1.371933458893865903e-19 9.103107156960277280e-12 3.291600570082664490e-02 1.000000000000000000e+00 2.687063194173333613e-08 8.986584686623425379e-21 9.810219053179025650e-04 1.239817970510870282e-10 1.071579818410083961e-22 8.749557744991420805e-10 9.915587231498768084e-14 4.435814135981836631e-16 1.490731149633717223e-12 3.423131555990721608e-09 1.372451414669018099e-12 2.539977650428681955e-08 1.848191155673362118e-09
2.784287774296179130e-12 1.125101531038175118e-13 6.685850222453294626e-16 1.426498502654638401e-11 3.119652904570102692e-02 1.000000000000000000e+00 1.190648006854644336e-07 1.269160998223280252e-18 2.413699403405189514e-03 1.542431848911007819e-09 6.529984687034160283e-21 5.013642834228448919e-09 1.557477020616704344e-12 2.355050765403925161e-14 3.739966322746646199e-11 4.037361378550485824e-08 1.835010268735892680e-11 5.560237426038838748e-08 3.109399671075152582e-08
