1.977068781852722168e-01 1.054856851696968079e-01 9.980027079582214355e-01 9.601406008005142212e-02 4.983579739928245544e-02 3.970407880842685699e-03 1.014179661870002747e-01 2.873347699642181396e-01 6.485487101599574089e-04 5.035211443901062012e-01 2.393476897850632668e-03 8.752662688493728638e-02 3.804161846637725830e-01 1.071407720446586609e-01 2.078356221318244934e-02 1.510752886533737183e-01 3.487091138958930969e-02 3.468850627541542053e-02 3.590008476749062538e-03
4.547312110662460327e-02 2.030277624726295471e-03 9.988316893577575684e-01 2.026134170591831207e-03 1.865160465240478516e-02 3.704696428030729294e-05 3.710732981562614441e-02 8.394174277782440186e-02 2.852616262316587381e-06 9.576483368873596191e-01 2.158308961952570826e-05 3.136942982673645020e-01 3.600608110427856445e-01 3.073504776693880558e-04 7.443560025421902537e-05 1.834950745105743408e-01 2.313318662345409393e-03 4.010478034615516663e-03 1.885962046799249947e-05
1.515462008683243766e-05 9.357789531350135803e-05 3.529408161284663947e-07 1.274123205803334713e-04 1.046044984832406044e-03 4.811631151824258268e-05 9.626540541648864746e-01 2.119498513638973236e-02 5.386459524743258953e-04 6.363230347633361816e-01 3.183344233548268676e-05 5.304567217826843262e-01 4.156406223773956299e-02 5.506550223799422383e-06 5.425303606898523867e-05 2.497483044862747192e-01 3.950099274516105652e-02 7.657062378711998463e-04 1.920679205795750022e-04
1.624697459901014440e-10 1.553847397417484899e-07 1.912036154405605259e-11 2.451606562203778594e-08 2.949637121218984248e-07 5.742172848322013579e-10 9.998847246170043945e-01 1.071488577872514725e-02 6.252940693229902536e-06 1.415078341960906982e-01 7.913263289083261043e-08 1.567613631486892700e-01 6.439087912440299988e-03 2.757261619024120591e-08 1.797512823031865992e-07 9.880954772233963013e-02 7.404656708240509033e-02 1.782828690011228900e-06 3.057653430005302653e-06
5.344750420022137405e-08 2.007082347543764911e-11 4.404916156640219807e-19 4.872428682745066908e-09 1.488594620832617288e-12 1.184130050957410418e-11 2.185641223562129198e-09 3.179322675350704230e-06 3.677666458407899137e-19 1.000000000000000000e+00 3.505929084508330532e-15 8.287534117698669434e-02 2.277639623571303673e-06 1.002806690311612702e-17 2.289337144674636650e-15 1.881128264358267188e-04 5.704018854468806410e-11 5.400949021350243129e-08 1.630528729941724797e-20
4.906424351247551385e-07 5.209613296308646113e-10 1.164066923848642286e-16 6.099485005961469142e-08 4.952430132654228601e-11 2.918874586477215871e-10 3.103930268366639211e-08 1.771973256836645305e-05 8.741203329885538172e-17 1.000000000000000000e+00 2.678796854477250022e-13 1.074948981404304504e-01 1.270616212423192337e-05 1.661874089710845773e-15 1.858715140351865913e-13 5.412168684415519238e-04 1.223221191004597586e-09 4.787901843883446418e-07 5.924888346154505255e-18
1.115346393021354743e-08 1.795206458155007567e-06 6.545239443767059129e-07 1.106826020986773074e-04 6.597096557925397065e-07 5.391909141394535254e-09 9.969285130500793457e-01 2.470507100224494934e-02 9.033860638737678528e-03 7.217553047667024657e-06 9.633164154365658760e-06 4.688589615398086607e-05 2.076620148727670312e-04 2.888311631977558136e-03 7.569375447928905487e-04 2.445719437673687935e-03 9.945313334465026855e-01 2.739662230014801025e-01 4.880987689830362797e-04
4.116955528658122754e-14 7.308782051795859047e-11 5.159940807963891984e-10 1.151601245510391891e-04 1.800078419655903872e-10 8.281476700689079096e-15 9.999480247497558594e-01 3.767612215597182512e-04 6.886409096296119969e-07 1.094674573209886148e-09 3.017605609834106417e-11 3.491667044386304042e-08 1.209602714880020358e-06 1.224129482579883188e-05 3.895101690432056785e-05 1.691549368842970580e-05 9.999212026596069336e-01 9.168002179649192840e-06 5.218305432208580896e-07
2.261611687856546205e-12 9.704181902492337031e-10 9.033486847442873113e-09 1.233301474712789059e-03 3.801540859882379664e-09 3.763469570705613165e-13 9.998508691787719727e-01 5.696890293620526791e-04 1.628045311008463614e-06 9.303970038843090151e-09 1.356556533771424711e-10 2.789381028378556948e-07 5.858655640622600913e-06 2.867419789254199713e-05 1.308445062022656202e-04 4.449644620763137937e-05 9.996003508567810059e-01 8.195541340683121234e-06 1.348743808193830773e-06
5.754871745011769235e-05 9.652150083638844080e-07 2.632518558698393463e-08 4.604129644576460123e-04 1.663385890424251556e-02 9.993189573287963867e-01 2.733600512146949768e-02 3.360277958108781604e-07 2.299604704603552818e-03 1.068500103428959846e-03 1.841936742019711915e-10 7.393283885903656483e-05 6.871488585602492094e-05 1.064320599653001409e-06 2.835567109286785126e-03 3.321410258649848402e-05 8.695948054082691669e-05 1.001210068352520466e-03 7.512749562010867521e-06
5.416412705017137341e-07 5.766192145983950468e-08 2.827257872262123328e-10 1.000000000000000000e+00 2.428624590322669974e-08 4.631796723941761229e-09 6.078444421291351318e-04 1.218939083628356457e-03 1.369029715980740747e-11 3.882751916535198689e-04 3.830334868251965459e-16 2.136266207333759048e-12 1.318708473263541237e-05 8.876852807588875294e-04 4.119173157960176468e-03 4.483857285464409870e-09 5.371033549308776855e-01 1.776202698238193989e-04 1.212823596130477907e-15
6.977771960237078019e-08 5.384329597291070968e-06 8.761485759123388561e-09 2.317145466804504395e-01 3.704044047481147572e-06 2.490370398788854800e-08 9.903106093406677246e-01 3.961530979722738266e-03 4.727146460936637595e-06 4.887355957180261612e-03 7.289865378012905239e-10 6.701998790958896279e-05 1.090569538064301014e-03 9.213405428454279900e-04 8.813482709228992462e-04 1.059810165315866470e-03 3.773993849754333496e-01 4.531503873295150697e-05 7.724204920123156626e-08
2.029794020597743042e-17 6.136648264196131741e-13 1.954762306882740219e-12 1.758673533913679421e-06 1.159453501091423089e-12 8.757118781179425957e-18 9.999970197677612305e-01 1.097633503377437592e-04 2.433517067856882932e-07 2.290451335540399924e-11 1.958434499640948623e-12 1.421711193216879110e-09 5.360890753536295961e-08 2.942685341622564010e-06 2.337761770832003094e-06 4.982105565431993455e-06 9.999895095825195312e-01 1.914831955218687654e-05 6.079577019590942655e-08
4.710419671027921140e-05 2.572202356532216072e-03 5.406280397437512875e-04 5.037616938352584839e-02 3.889790503308176994e-03 2.304601017385721207e-03 9.967334270477294922e-01 1.881133764982223511e-03 8.081728965044021606e-02 2.983245940413326025e-05 4.996763163944706321e-05 4.691377107519656420e-04 1.077918801456689835e-03 4.337301105260848999e-02 5.655014514923095703e-02 4.433866124600172043e-03 3.499205037951469421e-02 1.588265877217054367e-03 2.139054937288165092e-03
1.216889085340731513e-28 5.075413523917112025e-24 5.159724216453965493e-25 3.688758454245544272e-08 1.140760925557598298e-21 2.197524825885966901e-28 1.000000000000000000e+00 2.302442014823213867e-09 1.100296791100071204e-17 7.209323068952454652e-17 6.728097834502055620e-29 1.706646054311001148e-16 2.684880529707500685e-12 2.857113851062464960e-12 2.860842673868546626e-09 1.203314357878237928e-11 1.000000000000000000e+00 1.076236471361617653e-13 2.989923113026264207e-18
4.456420356291346252e-06 6.895347833633422852e-01 2.334884193260222673e-04 7.309303618967533112e-03 1.495971417853070307e-07 9.851957292994484305e-05 9.809334278106689453e-01 9.521576575934886932e-03 3.731994074769318104e-04 1.321375577845174121e-07 9.660349860496353358e-06 5.361696864270015794e-09 3.631012759797158651e-06 9.971653819084167480e-01 3.405127063160762191e-05 7.497483238694258034e-06 3.177098406013101339e-04 9.267396671930328012e-05 1.452465767215471715e-06
4.414255840856640134e-07 6.939156055450439453e-01 1.893817769271777252e-09 4.760060983244329691e-04 5.529331659204217431e-09 3.485135675873607397e-04 9.981017708778381348e-01 3.125338698737323284e-04 2.177691552788019180e-03 3.784611735113685427e-09 5.308388608682435006e-07 1.670427796085505179e-09 1.249965606575642596e-07 9.929876923561096191e-01 1.192782860925944988e-06 2.115657906642809394e-07 2.006537215493153781e-05 7.878217729739844799e-06 3.491231552743556676e-07
5.020871176384389400e-04 1.980521343648433685e-02 1.777640079581033206e-08 9.451341629028320312e-01 1.761980965966358781e-04 2.734725285336025991e-06 1.278240513056516647e-02 3.408462181687355042e-02 1.638773312606645050e-07 9.727115631103515625e-01 1.666160528657201212e-06 6.241393089294433594e-02 3.890769788995385170e-03 9.732513688504695892e-03 1.439176503481576219e-05 5.559250712394714355e-02 2.958635799586772919e-03 3.519044548738747835e-04 2.903004059362501721e-08
9.979562759399414062e-01 7.392684346996247768e-05 3.454140529157712081e-09 9.915743470191955566e-01 6.041701883077621460e-02 2.164616574873434729e-08 8.359032124280929565e-02 2.818368920998182148e-05 2.283941569203307154e-08 2.149714788401979604e-07 1.440332120239418146e-08 6.814424414187669754e-04 1.711256627459079027e-04 6.175210728542879224e-05 6.628563255071640015e-02 2.589623136373120360e-06 5.738823413848876953e-01 2.650073440690903226e-07 3.880912258225066580e-10
9.999921321868896484e-01 6.024699285626411438e-02 7.259478138621489052e-07 8.821240663528442383e-01 3.740750998258590698e-02 4.881430815117937527e-10 2.299453262821771204e-05 5.466639995574951172e-04 6.428494021826214322e-12 2.922147177741862833e-05 7.541054891646581382e-09 4.124437272548675537e-02 3.591210544109344482e-01 7.203996210591867566e-05 4.334663827876283904e-08 3.550129622453823686e-05 2.812811089825117961e-06 1.043241809384198859e-05 9.467328310197586916e-11
1.887047439813613892e-01 6.695450544357299805e-01 9.709436893463134766e-01 7.911996245384216309e-01 1.074997987598180771e-02 3.645526478067040443e-03 2.649636380374431610e-02 3.004975616931915283e-01 2.124418533639982343e-04 1.426097098737955093e-02 1.540261134505271912e-02 4.359121434390544891e-03 1.183552294969558716e-01 9.030148386955261230e-01 3.837339952588081360e-02 7.830686122179031372e-02 1.433314848691225052e-02 1.113211363554000854e-01 1.125248265452682972e-03
9.752001166343688965e-01 4.455120563507080078e-01 9.999685287475585938e-01 1.382234040647745132e-02 1.753725484013557434e-02 1.733941280690487474e-05 3.008350916206836700e-02 2.409199178218841553e-01 2.633643453009426594e-05 2.446516416966915131e-03 1.040632851072587073e-04 2.296721190214157104e-02 5.557275414466857910e-01 1.428840607404708862e-01 8.593916572863236070e-05 9.635635651648044586e-03 4.395724274218082428e-03 3.052335465326905251e-03 1.065000193193554878e-03
2.370586145161723834e-07 4.690105183564885483e-13 1.543468068698216375e-16 1.000000000000000000e+00 5.499877806869335473e-05 3.969508098958240971e-13 5.773190781474113464e-02 6.362932403192189668e-10 1.470423088845151938e-10 1.453163219096442749e-12 1.439761622888360615e-18 4.859872920759400472e-12 1.560908180486819674e-09 5.820340875928309288e-10 2.847221367119345814e-06 5.518900891843259160e-09 4.833666086196899414e-01 4.686579425862598403e-14 5.815016178776740482e-17
3.275428639426536392e-08 1.077204706234624609e-05 3.799057139985961840e-07 2.170461993955541402e-05 1.458446831748005934e-06 5.459195762114177342e-08 9.999538660049438477e-01 8.051260374486446381e-03 4.883898794651031494e-01 1.413642621628241614e-06 3.451835946179926395e-04 7.047355029499158263e-05 1.144048073911108077e-04 1.273313187994062901e-03 1.852297340519726276e-03 3.494647680781781673e-04 9.732226729393005371e-01 5.951184779405593872e-03 2.506647258996963501e-02
2.257504938540932926e-08 7.618752988491905853e-06 3.081015904626838164e-07 1.011526910588145256e-05 1.223557660523511004e-06 1.620422693804357550e-07 9.999746084213256836e-01 3.450723364949226379e-03 7.647807598114013672e-01 8.123664088088844437e-07 2.035480574704706669e-04 9.636863251216709614e-05 7.251623173942789435e-05 1.117848558351397514e-03 2.382359467446804047e-03 1.580413518240675330e-04 8.969699144363403320e-01 8.357738144695758820e-03 5.360404029488563538e-02
9.907898902893066406e-01 9.481683969497680664e-01 4.282033842173404992e-05 5.634968169033527374e-03 1.292960369028151035e-04 4.267990618700423511e-07 4.985128529369831085e-03 4.001697897911071777e-01 2.590305302874185145e-05 8.412166498601436615e-04 9.817408863455057144e-05 2.913939580321311951e-02 8.147214055061340332e-01 6.546052172780036926e-03 1.157423596964690660e-07 2.279378008097410202e-03 1.760827290127053857e-04 4.098293837159872055e-03 3.530725052769412287e-06
9.905650615692138672e-01 9.892581105232238770e-01 1.170945233752718195e-05 1.037873048335313797e-02 3.572101923055015504e-05 9.230831210516043939e-08 9.478475898504257202e-03 7.494534254074096680e-01 1.019667761283926666e-04 4.274013190297409892e-05 4.375297576189041138e-04 2.416960196569561958e-03 2.548463642597198486e-01 1.454530749469995499e-02 3.879168986031800159e-08 1.324162003584206104e-03 5.883614066988229752e-04 1.178132719360291958e-03 1.446201736143848393e-06
9.972506165504455566e-01 9.926262497901916504e-01 2.296164439030690119e-06 5.279419943690299988e-03 3.377231405465863645e-05 1.599040899691317463e-08 9.404866024851799011e-03 7.517263293266296387e-01 1.413182035321369767e-04 6.927743015694431961e-06 5.681880284100770950e-04 1.332035171799361706e-03 1.528910398483276367e-01 5.387553945183753967e-03 3.486228417060033280e-09 5.652899271808564663e-04 3.500844759400933981e-04 1.950424921233206987e-04 1.139674395744805224e-06
2.837230681507207919e-07 1.854804941103793681e-05 9.711487081176528591e-08 1.478146295994520187e-04 1.422180685040075332e-05 8.913575655355998606e-09 9.991864562034606934e-01 2.157579734921455383e-02 4.999613884137943387e-05 7.686140597797930241e-04 1.767367734828440007e-06 1.409005280584096909e-02 4.065217450261116028e-03 1.319539878750219941e-04 5.179977160878479481e-04 1.615364663302898407e-02 9.488887190818786621e-01 5.890044485568068922e-05 9.139772737398743629e-05
5.084231361252022907e-06 6.540848407894372940e-04 3.231032792427868117e-07 3.408918928471393883e-05 4.074004755239002407e-05 2.302583546054393082e-08 9.856363534927368164e-01 4.278067350387573242e-01 5.250060712569393218e-05 2.070817202329635620e-01 3.499957892927341163e-05 4.905843734741210938e-01 2.263800613582134247e-02 7.993060717126354575e-05 3.746456059161573648e-05 2.590053379535675049e-01 7.702144980430603027e-01 1.695728424238041043e-04 8.973810327006503940e-05
1.445147907361388206e-03 1.391682121902704239e-02 3.184883389621973038e-04 3.739587031304836273e-03 4.411122761666774750e-03 3.764222492463886738e-05 9.267005920410156250e-01 4.034124314785003662e-01 3.765007713809609413e-03 1.770375221967697144e-01 2.727552084252238274e-03 4.320748150348663330e-01 1.069986745715141296e-01 4.444983322173357010e-03 3.759379964321851730e-03 2.789805829524993896e-01 6.566853523254394531e-01 6.357597187161445618e-03 5.203798413276672363e-03
9.865883067103342619e-13 4.328762012468373443e-13 2.517290195735988334e-12 9.999445676803588867e-01 6.206693492494252951e-11 2.735849583437895811e-17 9.936304688453674316e-01 8.681051895109703764e-07 2.061217299273443437e-12 1.822845260152083924e-12 1.101997024660022153e-19 2.899620918806605774e-13 2.501142937205713679e-08 3.297135435786913149e-07 2.495787703082896769e-05 1.563682405780753015e-09 9.998663663864135742e-01 2.600252305140493547e-11 4.119191949748758283e-15
1.046814475103019504e-07 4.490625371555978518e-10 7.897016929270250785e-10 9.993053674697875977e-01 7.470297077816212550e-06 5.785261592700097211e-12 9.787365198135375977e-01 3.311206455691717565e-06 7.905219590043088829e-09 8.558603825647992380e-10 4.776088785530749337e-14 6.864496526759467088e-08 1.434188106941292062e-06 1.462425984755100217e-06 8.229848463088274002e-04 1.824931359806214459e-06 9.898008704185485840e-01 1.093387602679740667e-08 5.194678021069876195e-11
5.600122587878786362e-10 5.285414033523450072e-12 1.593536587407573535e-11 9.998772144317626953e-01 1.131716516056258115e-07 1.081398578133387425e-14 9.915407299995422363e-01 5.301341730046260636e-07 1.359791862443060495e-10 1.677821423462511063e-11 5.566557592545412665e-17 4.729251434909542695e-10 1.118542343192530097e-07 1.834688134749740129e-07 1.119524531532078981e-04 8.842779664064437384e-08 9.972351193428039551e-01 2.642093488436358939e-10 3.101868805213681135e-13
4.615984857082366943e-03 3.398775588721036911e-04 8.690279287293378729e-07 5.233073025010526180e-04 8.813747554086148739e-04 3.722744077094830573e-05 2.313463576138019562e-02 2.285549789667129517e-02 4.794083451997721568e-06 9.982086420059204102e-01 2.027927075687330216e-05 6.140811443328857422e-01 5.023889616131782532e-02 1.008959316095570102e-06 4.706791060016257688e-06 1.497939825057983398e-01 1.367158372886478901e-03 6.080336868762969971e-03 2.916459834523266181e-06
3.895496018230915070e-03 1.617840118706226349e-02 2.796946137095801532e-05 1.131233060732483864e-03 2.642704406753182411e-03 8.741219644434750080e-04 9.923066496849060059e-01 2.099909819662570953e-03 5.897863507270812988e-01 4.050734278280287981e-04 6.467431783676147461e-03 2.572052180767059326e-02 1.217779703438282013e-03 2.314369659870862961e-03 7.344571407884359360e-03 3.207617206498980522e-03 7.522354274988174438e-02 1.518767978996038437e-02 3.707302510738372803e-01
9.589555712008479560e-13 6.340341585087116982e-09 4.026035754778334308e-11 8.042449195500012138e-08 4.546222953649703413e-09 1.076157392365661991e-11 9.999998807907104492e-01 3.966833464801311493e-04 1.220107078552246094e-03 1.566645266848354368e-07 5.535740044138037774e-08 1.361555951007176191e-05 7.678910333197563887e-05 1.518491353635909036e-05 1.098722714232280850e-04 1.421256456524133682e-04 9.301578402519226074e-01 1.995599177462281659e-06 8.014392369659617543e-05
9.436018466949462891e-01 8.506358265876770020e-01 7.498131162719801068e-05 3.216187655925750732e-02 9.693172760307788849e-03 1.508801233285339549e-05 3.806498944759368896e-01 3.184569180011749268e-01 8.135017007589340210e-02 3.468504582997411489e-04 2.596906423568725586e-01 4.836575686931610107e-02 3.011462278664112091e-02 1.136363111436367035e-02 3.348934114910662174e-05 5.749962758272886276e-03 5.975628271698951721e-02 8.796938345767557621e-04 3.139602020382881165e-03
9.253757596015930176e-01 6.676048040390014648e-01 4.876989260083064437e-05 1.113504543900489807e-01 4.368091747164726257e-02 3.377447137609124184e-05 3.965017497539520264e-01 1.055501326918601990e-01 7.917521893978118896e-02 3.840326098725199699e-04 4.320209026336669922e-01 7.510093599557876587e-02 1.283622067421674728e-02 8.026689291000366211e-03 1.000104894046671689e-04 7.997252978384494781e-03 5.626089870929718018e-02 4.931737203150987625e-04 4.608138930052518845e-03
8.980717658996582031e-01 9.116417169570922852e-01 1.523780083516612649e-04 4.610667005181312561e-02 2.741708420217037201e-03 1.588196937518659979e-05 3.300258219242095947e-01 5.548282861709594727e-01 5.907961726188659668e-02 4.156342183705419302e-04 2.036019563674926758e-01 1.942891068756580353e-02 2.822470851242542267e-02 3.502756729722023010e-02 5.757017424912191927e-05 6.324677262455224991e-03 7.380937039852142334e-02 1.931137405335903168e-03 1.277878298424184322e-03
3.091029619070392652e-33 2.638180365686061521e-29 3.536565595593022045e-24 9.999998807907104492e-01 4.275680802708304583e-27 0.000000000000000000e+00 9.999994039535522461e-01 1.851412225568546677e-13 9.724424734499475142e-27 2.290851876168823844e-27 0.000000000000000000e+00 2.485024849367143032e-29 1.268556577349687754e-17 4.058380489850056672e-14 1.434864163249449653e-12 1.966208962273400340e-19 1.000000000000000000e+00 2.282474997037095314e-22 4.280127745609555714e-31
9.325403948237143786e-30 8.022990428893748558e-27 4.794268956213807547e-22 9.999765157699584961e-01 3.855258159559200885e-22 5.578470804114513443e-36 9.999998807907104492e-01 5.682143666176087127e-13 1.079897820230223980e-22 1.567797743039116977e-24 5.873766160452376994e-38 7.582076637102958171e-23 1.115001878634446896e-15 4.717592351380188453e-14 1.204145550631752215e-11 1.487729515590400370e-15 1.000000000000000000e+00 1.264791209842315745e-19 2.010848971941531162e-26
3.883251684620725452e-14 1.080234749569904096e-16 7.092414390432334043e-16 9.999899864196777344e-01 1.781285163815482520e-08 3.841609326042390390e-20 9.998562335968017578e-01 2.040542040893100761e-10 5.284181837754420297e-13 3.136598579066458836e-15 2.712916634426578318e-22 4.433127476222153973e-11 2.392237796744467460e-10 2.627393094756236280e-11 2.460871257881080965e-07 2.259576881158409378e-08 9.912354946136474609e-01 3.718034994465435616e-13 6.327111122863009109e-17
1.190363056957721710e-02 1.104420152842067182e-04 5.709753622795687988e-06 1.388924717903137207e-01 5.738134980201721191e-01 3.297179937362670898e-04 6.318791508674621582e-01 2.452662680298089981e-03 5.041124531999230385e-04 1.041313782334327698e-01 1.923090712807606906e-05 8.493261933326721191e-01 3.922165837138891220e-03 9.636421600589528680e-05 2.803771931212395430e-04 4.753687977790832520e-01 9.744857251644134521e-02 2.409536391496658325e-01 7.931376603664830327e-05
2.314225894251009663e-11 1.288481543681996300e-10 1.814077243977862963e-08 9.957295060157775879e-01 3.265472869884433749e-08 2.874405290067931495e-14 9.975403547286987305e-01 1.725194488244596869e-05 4.086852189999490292e-09 1.756784717699133580e-09 7.985636044300411379e-15 1.118420289714094906e-08 2.206583303632214665e-06 3.408264319659792818e-06 3.193338125129230320e-05 4.348532002040883526e-06 9.955511093139648438e-01 6.929771956265540211e-08 7.623916081778148168e-11
1.146915814273855028e-13 4.050124222543943775e-13 2.437018468970375551e-12 9.964138865470886230e-01 8.867231493341065640e-13 9.417016507786262207e-17 9.959850311279296875e-01 2.974021072077448480e-06 1.900672327859176391e-12 1.622580867409462169e-12 2.871245688160994295e-20 1.909915469864003484e-14 2.532383014397510124e-08 3.085816388193052262e-06 1.803338091121986508e-04 1.970099361425781126e-10 9.999902248382568359e-01 2.894773587502896817e-10 2.157186918243930718e-14
1.327740278833644538e-10 3.071459753201111198e-10 7.447840629816460112e-13 1.000000000000000000e+00 2.281882842403160083e-11 5.577826307117447063e-16 3.021286800503730774e-03 1.569382147863507271e-04 5.324539095220848228e-13 2.095477791286270985e-09 6.260429870637213312e-20 4.477905436518556708e-18 1.743301112355766236e-07 4.889867850579321384e-04 3.092260521952994168e-05 1.332697233819013505e-11 9.979912042617797852e-01 1.951605810290857335e-07 4.928947999389633980e-18
2.424887384222529363e-07 4.262069863703032979e-11 9.859895154029976738e-14 9.999648332595825195e-01 1.310804160311818123e-03 6.460028068033807358e-10 9.407320022583007812e-01 4.894842930980303208e-08 2.932907783304017357e-08 5.904509592369322490e-08 1.076446844699562467e-15 4.325123427406651899e-06 9.060717616193869617e-07 7.787694045191528858e-09 1.060257054632529616e-04 1.935770160343963653e-05 1.481445282697677612e-01 5.573623784727033126e-09 1.750360381809479282e-12
9.887077808380126953e-01 1.322146481186337041e-08 7.320675476036383068e-17 9.755051732063293457e-01 9.982732534408569336e-01 2.437830753238001691e-13 1.815916448831558228e-01 4.843355317502018309e-12 5.712383899236783691e-10 2.547776226102804742e-11 1.096425671066013352e-13 6.540874838829040527e-01 1.247137726423375170e-09 1.331174753760322460e-12 2.095216916631059689e-10 4.720870871096849442e-03 1.809830428101122379e-04 9.263876332710196948e-10 1.611601816082532113e-14
9.064446687698364258e-01 1.092555746436119080e-02 1.804451358111691661e-06 9.998409748077392578e-01 3.817292302846908569e-02 6.335729267448186874e-06 2.309206174686551094e-03 4.183105658739805222e-03 6.402197527677344624e-07 2.105991542339324951e-02 5.460036845761351287e-06 1.407584291882812977e-03 3.026061691343784332e-02 5.227189511060714722e-03 2.304866444319486618e-03 1.207186956889927387e-03 2.836383134126663208e-02 1.395599247189238667e-04 1.651980880978953792e-07
1.267409629690519068e-06 1.860797453900886467e-07 3.876100151956052287e-08 3.357233405113220215e-01 4.727628208911482943e-07 2.635644307247275719e-07 9.104550480842590332e-01 2.560035325586795807e-03 5.803026397188659757e-07 3.315077992738224566e-05 1.057505333301733685e-10 8.764695849095005542e-07 2.897898084484040737e-04 1.656652777455747128e-03 1.523040235042572021e-01 7.827502486179582775e-06 9.978185892105102539e-01 3.835860406979918480e-04 1.367178299460647395e-07
4.407972155604511499e-04 1.457325852243229747e-04 2.509697878849692643e-06 9.979210495948791504e-01 9.816032979870215058e-05 1.762180772857391275e-06 2.217838764190673828e-01 1.921602152287960052e-02 4.652687493944540620e-06 7.858316414058208466e-03 2.603700366421435319e-08 8.642354259791318327e-06 3.314433852210640907e-03 1.115589588880538940e-02 2.184812352061271667e-02 1.941318769240751863e-04 8.685503005981445312e-01 7.883391226641833782e-04 4.636545725134055829e-08
1.180715298687573522e-05 7.881949259935794316e-11 1.472086849933686853e-14 9.995055198669433594e-01 7.177542448043823242e-01 7.373750321448824252e-08 9.735209345817565918e-01 8.537505702399528218e-10 8.298712600662838668e-06 5.031624894513697654e-09 6.249261633346769873e-13 3.521132050082087517e-03 7.687093983577142353e-08 6.087856330161400820e-10 6.806591409258544445e-05 2.884821500629186630e-03 1.015839911997318268e-02 4.643418094474327518e-07 1.773834551466180187e-10
2.793147586999111809e-06 8.123872248688712716e-06 1.271595362339894564e-08 7.268528919667005539e-03 4.416500814841128886e-05 1.929862037286511622e-06 6.375612616539001465e-01 1.763866282999515533e-02 1.190690454677678645e-06 9.870636463165283203e-01 7.383587785625422839e-08 2.128662168979644775e-01 3.700877539813518524e-03 7.646975063835270703e-06 1.802366750780493021e-04 6.683676689863204956e-02 4.823343455791473389e-02 2.055679447948932648e-03 1.425841560376284178e-07
2.154350746423006058e-03 1.170011237263679504e-03 1.761126186465844512e-04 3.258379176259040833e-02 3.029659157618880272e-03 9.675610635895282030e-05 9.551424980163574219e-01 3.314615786075592041e-02 3.426762996241450310e-03 1.171084935776889324e-03 2.042136620730161667e-04 1.427261903882026672e-02 1.868348568677902222e-02 8.410754613578319550e-03 1.437792032957077026e-01 8.533624000847339630e-03 9.337887167930603027e-01 3.426429117098450661e-03 6.950572133064270020e-03
6.409320980310440063e-03 3.558746175258420408e-05 3.988160357515369014e-10 1.339340815320611000e-04 8.995186362881213427e-05 2.474707798683084548e-06 8.788111736066639423e-04 1.339022768661379814e-03 6.367002480800465491e-09 9.999485015869140625e-01 1.149484774032316636e-07 5.609062910079956055e-01 9.417748078703880310e-03 1.418937189967550694e-09 1.068043076202229713e-08 2.664412185549736023e-02 1.109305048885289580e-05 1.576882204972207546e-04 2.656182163107700944e-09
1.707581104710698128e-04 5.009802350741665578e-08 9.481924793941498564e-12 7.576529383659362793e-01 1.871983334422111511e-02 2.824844326823949814e-03 4.878788292407989502e-01 1.872896859822503757e-07 6.464964030783448834e-07 9.880926460027694702e-02 4.103512776972018106e-13 8.324327878654003143e-03 8.113110379781574011e-05 2.505023299903541556e-09 3.288562875241041183e-04 1.936990447575226426e-04 1.031606370816007257e-04 2.301946096849860623e-06 2.973090940106004609e-10
7.662664055824279785e-01 1.937439861876555369e-07 2.000577048450304443e-15 5.439704686693858093e-09 9.195647239685058594e-01 2.054546515014264718e-14 2.192737758159637451e-01 1.228652957152576164e-09 7.609552432619182127e-10 1.843104109866544604e-05 1.238471131204121889e-13 9.998075366020202637e-01 2.864539237634744495e-05 1.033941884373394422e-15 2.221980316258185625e-19 1.631757244467735291e-02 6.144402320273911755e-09 1.751404160588165837e-10 3.542163741140913480e-12
5.475772013596724719e-07 1.288145341504787211e-07 1.385925330055215454e-08 9.535205960273742676e-01 2.256665609934316308e-08 6.833490440172340641e-10 6.681721210479736328e-01 8.032316691242158413e-04 2.702271295618174918e-08 1.623629373170842882e-07 3.610545239521312233e-12 1.024145102057616441e-09 1.785191125236451626e-05 1.478369464166462421e-03 3.785089403390884399e-02 1.293892779585803510e-07 9.997521042823791504e-01 2.290407974214758724e-05 2.579788382917058698e-09
1.467338472949109018e-10 3.449852348236248645e-10 1.141197054389808674e-12 9.999970197677612305e-01 1.006645830060881597e-12 1.243409029413544632e-16 1.650168448686599731e-01 6.658330676145851612e-05 1.127757609520330107e-12 1.303739338709419826e-10 2.224143910547894638e-18 9.875689480935896138e-17 7.374973876039803145e-08 3.689689619932323694e-04 7.508026465075090528e-05 2.310829652629742270e-11 9.999822378158569336e-01 2.940026000430862041e-08 6.927616719005721437e-16
9.901828169822692871e-01 3.463611006736755371e-01 6.584332822967553511e-06 1.127995643764734268e-02 5.585268139839172363e-02 6.619950454478384927e-06 5.638620257377624512e-02 3.912993893027305603e-02 2.499542897567152977e-04 1.098559051752090454e-02 5.167298950254917145e-04 4.904789328575134277e-01 3.722413480281829834e-01 1.704121532384306192e-04 2.245657924504484981e-06 9.992840699851512909e-03 1.856548362411558628e-03 9.645866230130195618e-04 1.873667206382378936e-04
3.924536108970642090e-01 2.350515499711036682e-02 2.422478928565396927e-07 9.983018636703491211e-01 6.839064008090645075e-05 7.311006356758298352e-06 5.136147956363856792e-05 1.465792302042245865e-02 1.095999069278263960e-09 9.575901031494140625e-01 6.739715985304428614e-08 2.383486367762088776e-03 1.336117386817932129e-01 3.253964940086007118e-03 1.147390867117792368e-05 4.630891198758035898e-04 1.035336390486918390e-04 4.256759304553270340e-03 5.188157903290857575e-09
5.697597935795783997e-02 1.666767140973135497e-10 7.280980753480703689e-19 4.573437036015093327e-05 9.991482496261596680e-01 2.648584476738768956e-12 9.957352876663208008e-01 1.166387767654339467e-15 1.101259607821702957e-03 3.321020352166706435e-14 2.852692040922200079e-12 9.134743213653564453e-01 5.098196170782998138e-12 8.643658671572598123e-15 2.933971815499702984e-11 4.004743415862321854e-03 4.153464942646678537e-06 1.929653103971418204e-09 9.579337323373238178e-09
2.860503988625501259e-13 2.792558717601423268e-08 7.664338456427055579e-13 8.416125751864456106e-08 3.675256765589551833e-10 1.213744729722243676e-11 1.000000000000000000e+00 4.065551547682844102e-05 6.780750751495361328e-01 3.426537525941242279e-11 2.684489572857273743e-07 4.323565860886446899e-08 1.517327206101981574e-07 3.762332780752331018e-04 1.851372944656759501e-04 7.602862410749366973e-07 8.287646174430847168e-01 1.446430687792599201e-04 1.109190750867128372e-03
1.447753987804389908e-07 8.534733788110315800e-04 7.583383307974145282e-07 9.525254964828491211e-01 1.648957208999490831e-06 8.257291739255379071e-09 9.971559047698974609e-01 2.004758222028613091e-03 1.690115197561681271e-03 3.482963961687346455e-07 1.885532810774748214e-06 6.303302058086046600e-08 6.626020331168547273e-05 1.295036822557449341e-01 9.515972342342138290e-04 9.689183207228779793e-05 1.656018793582916260e-01 1.637289415157283656e-06 7.795290912326890975e-06
6.973903509788215160e-05 7.748291492462158203e-01 2.827083505690097809e-02 2.733932435512542725e-01 9.444847250961174723e-07 5.742336952607729472e-07 3.289475142955780029e-01 2.417953461408615112e-01 7.092487976478878409e-06 1.379183231620118022e-04 9.302842045144643635e-06 1.460679527554020751e-06 6.398039404302835464e-04 9.961322546005249023e-01 1.803630439098924398e-04 1.306846388615667820e-03 1.275536231696605682e-02 8.854382322169840336e-04 4.155883459588949336e-07
3.167568136497149467e-14 1.122591575253295559e-09 8.089987880988136482e-12 1.280660399061162025e-06 2.809350842236657542e-11 7.992267465244465297e-14 9.999465942382812500e-01 8.419837686233222485e-04 2.654088893905282021e-04 9.339026219024049169e-10 3.342232601788452939e-10 1.690031448120521418e-09 9.495096833234129008e-07 1.357767172157764435e-02 6.084935648686951026e-06 2.959632729471195489e-05 9.959517717361450195e-01 9.993190765380859375e-01 7.215615482891735155e-08
3.344402182847261429e-03 4.962174221873283386e-02 5.282310056031747081e-08 5.766970515251159668e-01 2.282689877119992161e-07 1.174862973130075261e-06 2.061791310552507639e-04 2.798391878604888916e-01 6.724865664331503012e-10 9.964573979377746582e-01 9.188870535581372678e-07 4.642755724489688873e-03 2.308911643922328949e-02 4.416260123252868652e-02 4.066943347424967214e-06 3.579836338758468628e-03 3.296127251815050840e-04 4.286202043294906616e-02 3.310618890139949144e-09
9.996677637100219727e-01 4.278780817985534668e-01 1.488650809733371716e-06 6.537199369631707668e-04 1.964046806097030640e-02 2.951696309594353806e-08 2.331681316718459129e-03 9.759832173585891724e-03 4.246387277362373425e-07 2.772149164229631424e-04 1.444849317522312049e-06 4.835939407348632812e-01 8.069550991058349609e-01 2.371672599110752344e-05 9.778633458523700028e-10 1.238330616615712643e-03 1.117695046559674665e-05 1.151101751020178199e-04 8.029257969610625878e-07
5.661199335008859634e-03 3.280625641345977783e-01 6.809017577324993908e-06 7.805552482604980469e-01 1.175791476271115243e-05 4.837511369260028005e-06 5.347915925085544586e-03 5.773335695266723633e-01 1.741332056326427846e-07 4.027637839317321777e-01 8.293127393699251115e-06 6.034899270161986351e-04 3.087088465690612793e-02 9.335561394691467285e-01 1.911591680254787207e-04 9.312568232417106628e-03 6.695913616567850113e-03 8.123067766427993774e-02 1.494780690336483531e-07
8.252358995378017426e-03 1.249434705823659897e-02 4.601491987705230713e-01 1.826714724302291870e-01 1.848641037940979004e-02 1.962941838428378105e-03 8.573578000068664551e-01 2.062800526618957520e-01 1.025507133454084396e-02 3.454104810953140259e-02 1.094942330382764339e-03 4.099400341510772705e-02 1.285134702920913696e-01 4.503078758716583252e-02 1.205783560872077942e-01 6.746202707290649414e-02 7.035390734672546387e-01 2.839469537138938904e-02 1.224982924759387970e-02
4.494850581977516413e-04 7.437546155415475368e-04 1.764957069383399357e-08 9.994261264801025391e-01 1.126101333647966385e-02 3.479899532976560295e-05 8.573980927467346191e-01 2.195120941905770451e-05 1.079437974840402603e-02 7.572550657641841099e-07 8.245378353421983775e-07 3.913723503501387313e-06 2.039894752670079470e-05 2.140459837391972542e-03 4.065252433065325022e-04 2.648113586474210024e-04 2.577882492914795876e-03 2.135026733185441117e-07 6.101391136326128617e-06
2.062984043732285500e-03 1.188653186545707285e-05 3.516188371577300131e-07 5.887255072593688965e-03 6.330271959304809570e-01 1.167566806543618441e-04 3.342760205268859863e-01 2.822016249410808086e-04 3.434694735915400088e-05 7.151586413383483887e-01 5.625306584988720715e-07 9.875526428222656250e-01 1.961801433935761452e-03 2.579121428425423801e-06 2.851362751243868843e-06 5.433433651924133301e-01 1.626136363483965397e-03 4.122364800423383713e-03 1.075956902241159696e-06
1.163403689861297607e-01 4.202284344501094893e-06 7.411891413122706496e-12 1.067100825480338244e-07 3.553403260525556107e-08 7.624741116263322738e-12 5.055045448898454197e-07 7.450669363606721163e-05 1.146404070848441870e-13 9.999678134918212891e-01 1.056070231264527592e-10 3.844470679759979248e-01 9.335138797760009766e-01 3.130455896132970650e-14 2.256545746429344107e-15 2.094891853630542755e-03 6.102501143301353181e-11 5.149963908479548991e-05 1.922282298616462271e-11
9.993591904640197754e-01 2.016154496686795028e-07 2.486493864659953613e-22 5.356248777843575226e-09 8.232118487358093262e-01 5.929969923452571642e-20 2.451348118484020233e-03 3.824657604512005094e-11 3.390540115444482146e-15 1.774487645889166743e-05 3.921628128937870703e-18 9.998664855957031250e-01 6.023474270477890968e-06 4.534143029447684756e-20 2.631642445007624199e-25 6.356960511766374111e-04 6.135574687204936595e-12 1.968650259085921728e-13 1.303896214659790756e-17
3.694743355708851595e-08 1.955875859493971802e-06 9.999953508377075195e-01 2.126311883330345154e-02 1.521957528893835843e-06 9.303087813994359578e-12 9.800403118133544922e-01 3.862447291612625122e-02 3.120587734883883968e-07 7.185619210758886766e-07 2.600054026247189398e-11 1.395444655827304814e-06 7.811033283360302448e-04 1.691836165264248848e-03 9.349217725684866309e-05 1.633587409742176533e-03 9.612256884574890137e-01 6.061530257284175605e-06 7.250414455484133214e-07
9.963734745979309082e-01 1.567617431282997131e-02 9.991793036460876465e-01 1.004400081001222134e-03 8.995804190635681152e-01 1.554438178175132634e-08 2.144976407289505005e-01 6.059018778614699841e-04 8.966813425104191992e-07 2.066449042104068212e-06 1.071972633326367941e-06 5.708079934120178223e-01 7.502300199121236801e-03 1.421402848791331053e-04 1.100272939424939977e-07 1.083464641124010086e-02 8.367143454961478710e-04 6.143137397884856910e-06 6.525509888888336718e-06
9.998176693916320801e-01 4.972792416810989380e-02 9.999712705612182617e-01 3.957571752835065126e-04 7.591556906700134277e-01 1.246032166335453439e-09 1.618569530546665192e-02 1.674080500379204750e-03 4.564547406715746547e-09 7.214559900603489950e-06 4.227569547765597235e-07 5.287721753120422363e-01 8.911433070898056030e-02 6.201149080879986286e-04 4.051708746288795737e-09 3.218608442693948746e-03 2.014949495787732303e-05 2.672789833013666794e-06 5.135497644914721604e-07
9.492431127000600100e-05 1.800189219913761463e-09 5.205449266076911385e-11 9.999902248382568359e-01 5.856930743902921677e-03 6.786770224571228027e-01 7.837831974029541016e-03 1.331732946141528373e-09 6.997411837801337242e-04 2.474104809913058034e-10 3.837430251492877920e-15 5.901059085822168981e-10 7.584159078533048159e-08 8.578780352763715200e-08 5.489326082170009613e-03 5.851905271470059233e-08 2.377010096097365022e-04 5.351956815502489917e-07 2.718440361704210773e-09
9.988226294517517090e-01 3.016807325184345245e-02 6.450428161770105362e-03 7.979794172570109367e-04 8.389156460762023926e-01 6.195171664558074553e-08 5.474022626876831055e-01 5.219305603532120585e-05 3.271077584940940142e-04 2.425616116852324922e-07 2.745849269558675587e-05 6.123769283294677734e-01 6.037931307218968868e-04 2.223390220024157315e-05 5.184139695302292239e-07 2.882642904296517372e-03 1.012934371829032898e-03 7.632648930666618980e-07 2.930524642579257488e-04
5.569286713580368087e-06 1.487010514722442167e-09 7.629713749679467583e-09 1.000000000000000000e+00 3.596517490223050117e-05 6.194509267807006836e-01 4.940822691423818469e-05 4.305305267848780204e-08 6.415751158783677965e-06 9.551327506684970103e-10 4.165949438986616543e-16 4.474646835787160493e-13 5.428979079624696169e-07 1.416653503838460892e-06 5.476199090480804443e-03 3.296592554491439842e-09 3.129763354081660509e-05 6.736921477568103001e-06 1.201140489154317592e-11
1.750129311221468309e-13 5.506753386619323010e-10 2.670034766200091170e-12 6.091805744290468283e-07 9.693508218333590776e-10 2.904020766436588019e-05 9.999995231628417969e-01 9.539065359831511159e-08 1.664664782583713531e-02 1.799867112989295137e-12 5.592396662944254526e-13 3.532375780768148843e-11 1.955113049234569189e-08 8.976015262305736542e-03 2.124647982418537140e-02 3.502343970396282202e-09 3.566498868167400360e-03 2.674917050171643496e-05 3.235453050365322269e-06
1.236960858753673263e-16 7.619449342299855488e-12 3.149230447583311221e-18 3.815228311054852384e-08 7.829608250631281408e-08 4.903197986516616425e-11 1.000000000000000000e+00 2.063009069130927742e-10 3.259612130932509899e-04 1.317652584265083249e-12 2.438034244433250064e-14 1.963971669738384662e-07 4.302383160847966792e-08 7.442845628702343674e-08 5.611409505945630372e-06 1.038870504999067634e-05 1.471529685659334064e-04 7.132717083635498057e-09 1.581162223374121822e-08
1.681015882049052834e-10 8.536972906370010605e-09 3.679453186578030000e-09 9.444631934165954590e-01 1.315372033516837291e-09 6.587216666228967732e-13 9.970598816871643066e-01 1.618784008314833045e-04 3.366329792697797529e-08 2.929339215640425209e-09 3.279215007173652552e-13 1.747020167419677250e-10 3.200321998519939370e-06 3.638266935013234615e-04 9.492307435721158981e-04 2.808508838825218845e-07 9.993376135826110840e-01 1.668927751552473637e-07 1.734712151701955918e-09
3.671344984468305483e-06 1.797180993889924139e-05 7.082900992827489972e-05 8.022654652595520020e-01 4.684580926550552249e-05 1.732565948486808338e-07 9.614613652229309082e-01 8.042445406317710876e-03 5.101631177240051329e-05 4.884567169938236475e-05 6.459430323957349174e-08 4.479801646084524691e-05 1.633942127227783203e-03 3.045775229111313820e-03 1.067512389272451401e-02 9.407027973793447018e-04 9.539074897766113281e-01 2.072059141937643290e-04 7.827159606677014381e-06
1.128109055571258068e-03 2.995934889060691830e-10 5.099187576260947197e-16 1.000000000000000000e+00 4.960629940032958984e-01 9.484761562816856895e-07 2.448303159326314926e-03 4.027566891107170477e-10 1.011537964501485476e-09 4.942500527249649167e-05 3.833930787810855981e-16 2.517932094633579254e-03 2.608592524211417185e-07 1.209515734096333617e-11 5.838625838805455714e-06 3.301700344309210777e-04 1.275090617127716541e-04 1.949024719394287786e-09 1.413597615563177631e-15
1.491594302933663130e-04 1.309812176254754323e-12 6.131154207098304805e-19 1.000000000000000000e+00 4.050495922565460205e-01 5.938901495028403588e-07 1.494032563641667366e-03 4.876364069483773989e-12 2.069420884653894177e-10 5.322988840816833545e-07 5.801848952349998877e-19 9.299603698309510946e-05 7.573891736001314712e-09 7.932234513327585113e-14 1.748255613165383693e-06 2.160918302251957357e-05 3.484532135189510882e-05 8.467233858500122778e-11 1.367900638045061357e-17
1.653463114053010941e-04 1.185074434417732192e-11 9.034479058013356560e-18 1.000000000000000000e+00 3.122521340847015381e-01 1.066186769094201736e-06 1.031093299388885498e-03 4.411306736562536912e-11 7.692509129686442293e-11 9.401061834068968892e-05 2.601190618132734542e-18 1.452359254471957684e-03 7.228646126122839632e-08 3.847569777972598137e-13 2.489742200850741938e-06 7.566410204162821174e-05 3.321559051983058453e-05 6.780893624380723850e-10 1.411462450643941453e-17
5.412503263505299977e-14 1.240222168534662814e-14 3.970962502675192679e-24 1.000000000000000000e+00 8.897595334123042932e-12 2.389927061174860310e-20 1.469665206968784332e-02 1.044925430904175556e-11 1.891900535972573794e-13 2.495241933836431290e-17 2.225392144327545842e-25 2.097336994532504487e-24 2.676355773285898909e-13 1.342112110336302067e-08 1.163830629091755497e-10 5.981557785162631286e-15 7.399437949061393738e-03 2.367656323800605004e-22 3.150099561567717999e-23
1.302444161132999857e-18 5.758886051634143417e-22 5.106458802796926822e-27 1.000000000000000000e+00 1.001236221744231775e-16 5.319289083905282604e-25 4.287206102162599564e-03 2.121614244964681317e-13 1.128164495597225050e-19 7.404072660329410114e-21 5.769903599834778742e-37 1.495957738292894611e-31 1.301348491755682530e-15 3.786512336317882088e-12 2.209687571808061080e-10 1.101445915576908699e-20 9.467629194259643555e-01 4.579886996428459965e-24 8.815173196138432697e-32
1.133711661790670999e-28 1.908982805597232471e-33 4.494036011254163494e-36 1.000000000000000000e+00 5.286063807173188985e-29 0.000000000000000000e+00 2.606061343612964265e-06 1.617880310161200685e-16 1.969849007686722978e-35 1.196720656685142236e-29 0.000000000000000000e+00 0.000000000000000000e+00 3.864402130301543513e-22 9.002008083067587459e-17 3.065353367323478753e-15 4.580584983300495518e-32 1.000000000000000000e+00 1.746346004869740425e-30 0.000000000000000000e+00
7.654504384845495224e-03 4.503290710999863222e-06 7.634984200421968126e-09 4.915619492530822754e-01 8.248752355575561523e-01 4.350060771685093641e-05 2.338028550148010254e-01 1.090843397832941264e-05 7.115719654393615201e-06 1.256939172744750977e-01 1.710906261109812476e-08 9.758550524711608887e-01 2.337838232051581144e-04 3.129191554762655869e-07 6.345670499285915866e-06 3.304679989814758301e-01 2.062148880213499069e-03 2.274489495903253555e-03 2.948404542735261202e-08
4.721785429865121841e-03 2.571112872828962281e-06 8.061289413774375134e-09 1.206660643219947815e-01 8.214514255523681641e-01 2.582749948487617075e-05 3.575883507728576660e-01 1.561192220833618194e-05 9.809042239794507623e-06 9.199333190917968750e-02 2.677797361627654027e-08 9.829808473587036133e-01 2.360086509725078940e-04 3.642798560576920863e-07 2.154358071493334137e-06 4.399873912334442139e-01 2.616895595565438271e-03 6.124615203589200974e-03 7.861557094201998552e-08
4.400413949042558670e-03 5.548034550884040073e-06 9.859388860888884665e-10 1.701002474874258041e-03 8.862331509590148926e-01 4.212832936900667846e-05 9.824336767196655273e-01 7.513248334589661681e-08 3.327240645885467529e-01 1.399087864228931721e-06 5.562789738178253174e-06 6.247005462646484375e-01 8.341018656210508198e-06 2.687245910237834323e-07 2.486010453139897436e-05 4.927259311079978943e-02 8.030380704440176487e-04 2.366891858400776982e-04 6.938067381270229816e-04
1.397453047502494883e-06 1.001766516961488662e-10 2.404104762132114803e-16 1.640344620682299137e-03 7.332899570465087891e-01 1.446143724024295807e-04 9.991601705551147461e-01 1.190799032730477380e-13 1.840935498476028442e-01 1.090609547116372369e-11 1.158766008493850030e-12 1.438331906683743000e-03 6.290025167388080263e-10 2.341207228084840608e-10 1.019604223984060809e-05 8.366341353394091129e-05 1.606370346962648910e-06 2.727903620325378142e-06 3.571870195173687534e-07
1.215795278549194336e-01 4.913939908146858215e-02 1.942744944244623184e-03 9.959539175033569336e-01 4.886882379651069641e-03 4.148792009800672531e-03 7.497284561395645142e-03 1.350742131471633911e-01 1.776380668161436915e-05 1.324050724506378174e-01 1.976122803171165287e-05 4.166819271631538868e-04 7.792528718709945679e-02 4.024725556373596191e-01 4.374724999070167542e-02 4.183511249721050262e-03 2.189162001013755798e-02 2.250690013170242310e-01 8.969371265266090631e-06
2.069872990250587463e-02 7.503775954246520996e-01 2.144691767171025276e-03 5.675774812698364258e-01 4.605946887750178576e-04 3.354153595864772797e-04 9.586219489574432373e-02 5.426847338676452637e-01 2.040466642938554287e-04 2.624495653435587883e-03 2.770125574897974730e-04 1.427957613486796618e-04 2.129048854112625122e-02 9.747633934020996094e-01 7.251015864312648773e-03 7.891263812780380249e-03 3.417417034506797791e-02 5.580548942089080811e-02 2.846840470738243312e-05
1.236902298502207571e-19 2.383131913049304934e-23 2.228222422633396953e-31 3.191708554318073345e-16 2.425942113859491656e-07 2.509163328938853620e-21 8.112415671348571777e-01 1.002704603375592640e-11 2.300852957017397149e-20 9.999984502792358398e-01 2.080973621960625929e-26 9.999995231628417969e-01 4.643025200423700483e-11 5.623793630366470813e-27 4.893129659610656080e-25 9.368689060211181641e-01 1.055041942699119772e-09 1.816719084196671830e-12 2.684510818191791731e-24
6.071752557853281928e-20 2.055426982932750657e-19 6.663479755231704228e-28 7.561365181954612848e-16 5.966765276310681543e-12 1.893463240556550849e-17 8.257713317871093750e-01 1.501182254060040577e-07 4.297565918193522018e-17 1.000000000000000000e+00 2.725011424581877903e-21 9.981389045715332031e-01 1.999171939104371631e-09 1.959525755403561999e-23 8.498081382094157469e-20 2.501431703567504883e-01 1.709592396537118475e-07 1.571571518754755203e-11 3.780463876668529161e-20
9.753446248470972049e-18 6.702625108580273494e-13 7.557135000981531979e-21 2.533753331590560265e-07 2.024212619744503172e-08 2.626170172303913045e-15 1.000000000000000000e+00 1.261182824841000638e-11 1.554833147565659601e-06 3.169240687754797808e-15 1.537239597209039089e-16 3.164183937087727827e-08 2.832484025105941328e-09 8.953362495844885416e-09 2.352511046410654671e-06 6.339074047900794540e-07 1.669425750151276588e-03 1.390846205567841665e-11 1.728693299618555557e-10
1.690421437590291936e-24 5.917463225560372006e-16 6.521581635753245671e-25 1.188114016892338753e-11 5.170592686648545211e-13 2.687999979321209940e-20 1.000000000000000000e+00 7.553682505878622777e-12 1.863574425442493521e-06 4.044126050313399869e-17 4.905092027805543406e-17 6.809511288174974197e-10 4.653303298240984986e-10 2.286833777898067410e-10 1.816740002880123939e-08 2.903630331729800673e-07 3.769615897908806801e-03 7.761268841152690889e-13 5.230609348427783800e-11
4.310221864283644597e-18 6.516560836951346136e-13 4.340891666370276552e-20 6.122120055351842893e-08 2.344923366592865932e-08 1.575779437490432144e-15 1.000000000000000000e+00 3.551320071348840202e-10 4.036649841054895660e-07 2.058883445676951141e-12 8.758932126518264704e-16 1.806999989639734849e-06 1.046690698558450094e-07 2.126602005603217549e-09 1.022580633502911951e-07 4.464035737328231335e-05 1.997249666601419449e-03 4.713355053476142587e-11 1.136835903192690012e-10
4.317944472113276417e-16 6.228318642081953627e-13 5.125500718294873082e-14 9.947658777236938477e-01 1.483462163602133205e-15 2.387733352340975539e-18 9.939293861389160156e-01 1.831728332035709172e-05 5.680204028489510559e-13 6.389608460388718214e-12 1.684071165678969777e-21 3.276844563765542119e-17 1.173919983443738602e-08 1.308396604144945741e-04 3.945173011743463576e-05 5.440633707443076617e-11 9.999941587448120117e-01 5.822886617323774772e-09 1.192650341821314269e-15
2.243523145040171585e-09 5.914900125247868345e-09 1.538212196505739371e-10 1.516682968940585852e-04 4.864763468503952026e-04 6.365966642718490220e-10 9.983972907066345215e-01 2.697168965823948383e-04 4.080098392478248570e-07 1.075304765254259109e-02 1.613005284895052682e-09 6.367342472076416016e-01 6.252692546695470810e-04 1.100537403431189887e-07 1.200359974973252974e-06 3.104013502597808838e-01 8.267748355865478516e-02 8.194580732379108667e-05 5.543654069128933770e-08
5.619775038212537766e-04 1.327942482021171600e-05 1.304838264104546397e-07 2.294254116714000702e-02 7.662134170532226562e-01 4.424295548233203590e-05 9.850147366523742676e-01 1.197815890918718651e-05 6.205668300390243530e-02 3.631131767178885639e-05 3.410772478673607111e-05 6.363430619239807129e-01 1.806878572097048163e-04 1.188437909149797633e-05 2.855563361663371325e-04 2.759976089000701904e-01 1.825682818889617920e-02 8.347899653017520905e-03 4.069959977641701698e-04
5.215603596298024058e-05 3.333948446634059370e-14 6.423525168949521812e-21 1.044828895828686655e-04 9.989608526229858398e-01 6.084775949565619443e-15 9.988325238227844238e-01 3.205850828163667957e-16 1.263409927787506604e-07 2.693612714333489672e-14 2.789489930056244507e-17 9.765180945396423340e-01 3.479168342312988216e-12 3.910471199553816721e-17 1.508732266723711302e-12 1.024502329528331757e-02 2.099847006320487708e-05 6.937700414155756334e-10 2.175380508324595286e-13
2.639534432091750205e-05 2.445546820606381289e-10 7.180320316731332586e-15 9.819976687431335449e-01 1.934481970965862274e-02 7.982333954714704305e-06 4.469683021306991577e-02 1.459095688716161021e-08 2.508352900387755824e-11 9.958374500274658203e-01 7.321237164759531076e-16 5.965871810913085938e-01 1.435607009625528008e-05 5.146457262086845397e-13 1.028233441502379719e-06 1.305054058320820332e-03 1.777241595846135169e-05 5.551721642405027524e-07 4.181969373118037125e-15
9.996893405914306641e-01 7.370090112090110779e-03 3.842348661464711768e-09 5.132402852177619934e-02 7.158657908439636230e-01 4.176747125939073157e-08 2.412905842065811157e-01 9.248458809452131391e-06 2.144393074559047818e-04 1.638906326206779340e-07 5.820003025291953236e-06 2.798315286636352539e-01 5.400717418524436653e-05 2.978704515044228174e-06 1.120611045735131484e-06 4.496044130064547062e-04 1.009865431115031242e-03 1.366550037573688314e-07 1.321489344263682142e-05
5.024687647819519043e-01 5.497294750966830179e-06 3.722933419880725125e-12 9.994983673095703125e-01 9.139026999473571777e-01 8.866725131895236700e-09 3.277459442615509033e-01 1.187679075087544334e-07 8.809833161649294198e-06 2.611587035517004551e-07 4.687854371354660543e-08 5.177289992570877075e-02 1.776716430867963936e-06 1.513764402716333279e-07 1.564059311931487173e-05 7.024070713669061661e-03 4.255796596407890320e-02 1.870184718200107454e-08 4.038730683220137507e-09
2.932600646357390838e-15 1.714012196927459366e-16 1.685062976632061773e-26 3.287723302491940558e-06 1.402657572180032730e-02 1.606390869391023657e-14 1.000000000000000000e+00 2.662967568205491723e-18 1.976207568077370524e-05 5.350809077815912403e-19 8.715186566086063609e-20 2.451809814374428242e-05 4.314386575863388140e-13 2.598478378269212380e-14 1.437025431982874579e-08 9.913514986692462116e-06 1.066353547685139347e-06 1.506909072350459677e-12 6.710120740299752029e-13
6.972912524361163378e-05 3.941353783011436462e-02 1.242765119968680665e-05 9.939228892326354980e-01 1.383413928124355152e-05 1.854612605711736251e-07 5.007725358009338379e-01 1.296797692775726318e-01 6.689228757750242949e-05 9.867300832411274314e-05 3.354925183884915896e-06 2.667055696292663924e-07 1.368161290884017944e-03 8.845732212066650391e-01 1.159668783657252789e-03 2.446621074341237545e-04 3.731783926486968994e-01 1.763642649166285992e-03 2.291498276463244110e-06
1.796181895770132542e-04 3.922687377780675888e-03 9.167059147330292035e-07 1.263252366334199905e-02 5.145467366673983634e-05 4.474659817788051441e-06 6.290321797132492065e-02 2.110292017459869385e-01 2.083619847326190211e-06 9.966349005699157715e-01 1.712639459583442658e-05 3.893188536167144775e-01 1.389766577631235123e-02 7.619510870426893234e-04 5.657761721522547305e-05 2.020358443260192871e-01 2.934943698346614838e-02 1.405777130275964737e-02 1.123073843700694852e-06
5.040530813857913017e-04 4.454667866230010986e-02 3.455194746493361890e-05 8.965790271759033203e-02 1.562501565786078572e-04 1.642835741222370416e-05 1.602364629507064819e-01 4.455887377262115479e-01 3.765672954614274204e-05 9.435332417488098145e-01 9.537316509522497654e-05 1.389532238245010376e-01 3.121009655296802521e-02 7.095932960510253906e-02 8.589481003582477570e-04 1.731317192316055298e-01 1.128583326935768127e-01 3.242087736725807190e-02 1.825588151405099779e-05
1.380858538624352150e-09 2.557981014251708984e-02 7.284240382432471961e-06 1.447045151144266129e-02 4.802541697657147779e-11 9.070891954232607191e-11 9.996608495712280273e-01 8.147750981152057648e-03 1.788552253856323659e-06 4.741281811604380891e-10 6.055930423798372431e-09 1.226200022595713701e-12 3.611049237406405155e-07 9.997189640998840332e-01 1.396270545228617266e-05 6.320752277133578900e-07 1.252920087426900864e-02 1.094065009965561330e-04 5.536317626564368766e-09
2.474575921951327473e-06 9.848930835723876953e-01 9.997556805610656738e-01 3.716414570808410645e-01 5.032127839421640658e-11 2.365101517409762266e-11 1.471851393580436707e-02 6.032340973615646362e-02 1.024582224617986981e-10 1.455244952319745266e-10 1.157479871949362860e-07 3.494149956352610165e-13 6.115070618761819787e-07 9.999873638153076172e-01 2.422571924398653209e-06 1.285089410885120742e-06 1.441638232790865004e-05 4.184121280559338629e-06 1.565856645735497210e-11
1.049628117471002042e-04 9.638221859931945801e-01 6.796164810657501221e-02 6.223824620246887207e-02 9.919286014792305650e-08 9.662804222898557782e-05 8.733130246400833130e-02 4.441123828291893005e-02 1.658016458350175526e-06 9.206917184201302007e-08 6.441850928240455687e-06 3.286165339844160371e-09 1.082749804481863976e-05 9.995519518852233887e-01 2.582304114184807986e-05 4.605842605087673292e-06 2.615587254695128649e-05 5.148859418113715947e-05 2.844526214573761536e-08
2.296988153830170631e-03 1.987614436075091362e-03 1.050436139848898165e-06 2.358944714069366455e-02 1.902724951505661011e-01 8.457795483991503716e-04 9.927369952201843262e-01 1.193401985801756382e-04 1.949665248394012451e-01 6.286491407081484795e-05 4.687434120569378138e-04 9.345961362123489380e-02 9.518819861114025116e-04 9.197648032568395138e-04 1.151697244495153427e-02 2.938594855368137360e-02 1.834502071142196655e-02 1.162672997452318668e-03 7.462547160685062408e-03
5.579087883234024048e-04 3.352093975991010666e-03 7.145866220525931567e-06 6.733568906784057617e-01 2.110783010721206665e-02 1.789352972991764545e-04 9.769415259361267090e-01 1.890252926386892796e-03 2.920606732368469238e-02 4.715592658612877131e-04 9.676994523033499718e-05 5.036450456827878952e-03 2.620756626129150391e-03 9.248313494026660919e-03 1.145750749856233597e-02 1.942052878439426422e-02 5.115576833486557007e-02 3.996359591837972403e-04 6.980424514040350914e-04
3.185044974088668823e-02 1.183429956436157227e-01 7.759010768495500088e-04 9.598463773727416992e-01 2.665346488356590271e-02 3.821230202447623014e-04 4.797643721103668213e-01 6.883396208286285400e-02 1.349022146314382553e-02 1.592654176056385040e-02 3.692949656397104263e-03 7.887848652899265289e-03 2.593081071972846985e-02 1.255316287279129028e-01 7.391379680484533310e-03 4.239154234528541565e-02 1.234250441193580627e-01 1.267904764972627163e-03 1.145976129919290543e-03
2.916638553142547607e-02 1.647945493459701538e-02 1.043821976054459810e-05 9.999550580978393555e-01 5.522008519619703293e-03 3.118605673080310225e-05 5.426822230219841003e-03 1.204277947545051575e-02 2.713062940529198386e-06 5.253264680504798889e-02 1.227214170285151340e-06 1.428001123713329434e-04 1.352707669138908386e-02 6.413459777832031250e-02 5.157620180398225784e-04 5.790421739220619202e-03 1.558901835232973099e-02 1.785199856385588646e-04 3.677301663174148416e-07
1.420897548086941242e-03 1.165903522633016109e-04 1.850353315013819611e-09 7.043179869651794434e-01 2.088124863803386688e-02 3.826174179266672581e-06 1.378616876900196075e-02 4.294216632843017578e-04 2.465801962614477816e-08 9.977514147758483887e-01 3.822183458623840124e-08 8.379265069961547852e-01 1.559211406856775284e-03 7.484241564270632807e-07 2.628415359140490182e-06 1.910214871168136597e-01 4.380900354590266943e-04 3.556896408554166555e-04 9.327492112021218418e-10
2.775585016934201121e-06 4.857820840697968379e-06 9.080162399754954095e-09 5.511519908905029297e-01 7.283341838046908379e-04 2.069996156706110924e-07 9.819625020027160645e-01 3.613653534557670355e-04 2.717685310926754028e-05 3.641255898401141167e-03 3.932424608166229518e-09 3.497470868751406670e-03 1.083702780306339264e-03 4.426232408150099218e-05 3.857865522149950266e-04 8.373070508241653442e-03 6.641665101051330566e-02 2.530592064431402832e-05 2.270698331585663254e-07
8.101274033833760768e-07 3.897053488799429033e-07 1.366197571739391492e-10 1.004318193054132280e-07 1.047059968113899231e-01 9.918653368949890137e-01 7.394600659608840942e-02 1.325501415294638718e-07 3.469791496172547340e-03 1.961470544338226318e-01 7.429137860448520314e-10 6.786133348941802979e-02 7.066500256769359112e-05 4.701649070071312053e-10 1.391922381799304276e-07 2.292816899716854095e-02 2.254096898468560539e-06 1.944586801982950419e-05 4.113571048947051167e-05
6.330044561764225364e-05 4.221196192588649865e-08 2.055097194850197262e-12 1.178878150653872581e-07 7.959243655204772949e-01 6.441322511818725616e-06 9.555234313011169434e-01 1.007085703719212688e-08 5.720447748899459839e-03 2.116616233251988888e-04 5.746953135599142115e-09 9.878603816032409668e-01 6.449200736824423075e-05 6.962164351975719256e-12 1.841694158288831318e-10 1.689298748970031738e-01 7.883275429776404053e-06 1.777089437382528558e-06 5.517652880371315405e-06
4.647594687412492931e-05 3.942918738175649196e-06 8.020612507486646336e-10 1.628276663723227102e-06 1.343969837762415409e-03 3.816675744019448757e-04 2.081530690193176270e-01 5.858944496139883995e-04 4.523158349911682308e-05 9.992305040359497070e-01 4.848189973927219398e-07 7.614231705665588379e-01 5.414842162281274796e-03 3.427539640998844561e-10 4.506030037987329706e-08 1.198795214295387268e-01 3.932885738322511315e-05 3.629999628174118698e-05 3.240965497752767988e-06
9.364047731663660556e-11 7.613029140429716790e-08 7.489398257121138158e-08 3.700554225360974669e-05 6.526304474618882523e-08 2.549867816892259498e-10 9.991662502288818359e-01 2.292202226817607880e-02 6.678158533759415150e-04 4.847034233534941450e-06 1.415169208485167474e-07 1.234530736837768927e-05 7.886103412602096796e-05 2.270953729748725891e-03 2.518491237424314022e-04 2.460592426359653473e-03 9.948950409889221191e-01 5.028125047683715820e-01 1.465522200305713341e-05
8.068784040915488731e-08 1.271611472475342453e-05 1.001350142360024620e-06 4.760568845085799694e-04 1.687716689957596827e-06 1.438495758065982955e-07 9.863404035568237305e-01 2.238316833972930908e-02 8.920990861952304840e-03 1.824073842726647854e-05 3.137356998195173219e-06 2.042830419668462127e-05 4.656935925595462322e-04 6.125639751553535461e-02 1.135047175921499729e-03 2.447735052555799484e-03 8.826252222061157227e-01 9.959430098533630371e-01 7.766191265545785427e-05
7.916204957590022076e-31 4.553470774910897443e-27 7.335877018932296627e-26 5.286806845106184483e-05 3.734163025006854576e-23 2.055029346150262843e-32 1.000000000000000000e+00 2.992448086200361068e-12 4.858618195653534560e-21 9.320494462648295301e-23 3.626480715331820698e-35 2.262927372166694387e-20 9.731869003964509907e-15 3.732840994858169226e-14 1.174176977869478833e-09 6.690318109491824247e-15 1.000000000000000000e+00 1.531520271930500443e-17 6.997608204029517335e-22
1.283866453150039888e-07 1.300850783798554274e-17 3.547092549942743837e-23 1.000000000000000000e+00 4.784753024578094482e-01 2.201648694084845648e-13 9.406887292861938477e-01 1.606895616324292494e-15 5.455190812964083591e-11 2.109813551350123856e-14 1.333673742351099301e-22 3.901686341123422608e-06 3.163489652527329277e-12 4.686029786183125087e-16 1.843060317696654238e-07 2.337808609809144400e-06 2.952896524220705032e-03 1.189040050230891210e-13 1.689453121822698719e-18
1.065311207304464602e-11 1.680904357760984458e-13 8.364554030968959775e-14 9.999998807907104492e-01 8.467794174182863287e-12 1.619725683933357486e-17 6.840586066246032715e-01 6.495004072348820046e-07 6.940015375529393071e-14 8.944503124275193784e-13 8.349647637996120474e-22 3.739650197429939980e-16 6.325978851862146257e-09 3.406557311791402753e-07 2.841340210579801351e-05 1.010123668737650249e-11 9.999284744262695312e-01 2.980042428102347429e-12 4.441855251062270656e-18
3.968253677044675243e-12 6.144535818060304841e-15 6.017712486543674638e-17 1.000000000000000000e+00 7.038094499561831086e-12 3.856249582779269355e-19 3.654962638393044472e-04 2.976969426526920870e-08 8.169175378476209448e-16 9.913582135106027704e-14 1.108106011031034599e-25 4.152498424291581426e-22 2.175533225790005076e-10 2.888709360604480025e-08 1.183938138638040982e-07 1.048071558603898626e-14 9.941245913505554199e-01 6.344253058012186419e-15 1.161295075894697103e-23
5.435976321854774085e-11 2.210162608484722568e-11 1.672590750559507181e-15 9.999997615814208984e-01 6.070978741945509682e-08 2.416190728396494514e-12 9.774348735809326172e-01 2.527186460099528631e-08 2.100580864805579040e-08 4.620609884292692371e-12 1.083792221773923153e-17 7.241444585897455211e-14 1.351418532635761949e-08 6.851460625512117986e-07 3.675730476970784366e-05 1.940060112559649497e-09 1.432797163724899292e-01 2.221259417720111706e-12 4.766587786367987301e-14
1.290551780025461781e-11 2.755794881181827805e-08 2.209699911655087223e-14 9.978977441787719727e-01 3.434905337940108438e-08 8.000683449083112464e-11 9.999647140502929688e-01 4.329664093916107959e-08 9.704182048153597862e-06 9.429114390321902128e-13 2.389647148508169255e-14 6.675806825742758299e-13 7.800791124168426904e-09 2.604731125757098198e-04 2.354034368181601167e-04 5.308669503989449368e-09 5.640571005642414093e-03 4.242886944560986251e-11 1.087714293634967078e-10
1.648126612963096704e-08 5.727925511678222392e-08 4.473708958840916239e-09 4.713056143373250961e-03 5.347431297764160263e-08 6.203132495284080505e-02 9.961579442024230957e-01 8.328904186782892793e-06 6.061112508177757263e-04 2.184107561475912007e-09 3.054427153911798420e-12 7.258062900694639552e-11 1.262985051653231494e-06 5.243539065122604370e-02 8.791854381561279297e-01 1.134955796011638540e-09 4.769163578748703003e-02 5.465855792863294482e-05 6.479846206275396980e-07
5.147832382590422640e-09 1.727868152556766290e-06 1.107815439382875411e-08 4.145827460888540372e-06 1.546147473163728137e-06 2.502563711814786984e-09 9.997753500938415527e-01 4.142992570996284485e-02 3.430399738135747612e-05 1.999053731560707092e-02 7.669606247873161919e-07 4.297282546758651733e-02 3.736637765541672707e-03 1.040887491399189457e-05 4.158828960498794913e-05 4.810965061187744141e-02 6.722542047500610352e-01 3.575284790713340044e-05 2.079764090012758970e-05
3.929504291400043314e-11 1.121668028645217419e-04 4.353249705157935523e-11 9.159474074840545654e-02 4.908810771059313183e-12 8.554151310902202709e-13 9.997480511665344238e-01 1.940995571203529835e-03 1.700449274721904658e-07 1.164268681463909161e-09 1.205802558496005261e-11 1.075005969658482385e-12 8.847923140820057597e-07 9.994662404060363770e-01 5.644761586154345423e-06 3.133336008431797381e-07 4.961074888706207275e-01 4.404493570327758789e-01 3.975656956423101462e-11
1.490702450368530663e-09 2.802114750011241995e-06 3.967724637732317206e-07 9.465573821216821671e-04 2.110247407927090535e-07 9.708106540884386959e-10 9.994963407516479492e-01 1.924110017716884613e-02 3.680601075757294893e-04 6.628700248256791383e-06 6.706541739731619600e-07 7.177980478445533663e-06 2.756607136689126492e-04 3.285238519310951233e-02 1.056439243257045746e-03 2.300789812579751015e-03 9.878299236297607422e-01 8.883119374513626099e-02 2.170809784729499370e-05
5.210041755918322674e-17 2.174235590830450593e-13 1.232646152329698662e-16 1.185522531159222126e-03 2.170871989115585876e-12 2.752618966095354835e-10 1.000000000000000000e+00 3.104106527374028701e-09 2.134049736923770979e-07 1.747558989743025135e-15 2.264076830100716317e-19 2.378791023684742427e-15 1.181554853957322848e-09 1.241956342710182071e-04 1.944659277796745300e-02 7.784252409326342104e-12 4.185295701026916504e-01 1.627722734376391145e-09 1.227426840721967949e-11
7.811623811721801758e-02 2.398960787104442716e-04 2.609028115330147557e-06 1.275017261505126953e-01 8.701096773147583008e-01 6.474977271864190698e-05 8.619381785392761230e-01 6.319725071080029011e-05 1.173762325197458267e-02 1.833071437431499362e-04 8.026538125704973936e-05 7.658685445785522461e-01 2.706171653699129820e-04 3.055600245716050267e-05 3.896304406225681305e-04 2.455096691846847534e-01 5.780269950628280640e-02 7.095847744494676590e-03 2.154671092284843326e-04
2.844528171408455819e-05 1.297931066801538691e-05 1.143639294376441740e-09 2.302225084349629469e-06 2.725902711972594261e-03 2.821345697157084942e-05 9.997285008430480957e-01 1.456698015545043745e-07 7.826582789421081543e-01 8.102579727164993528e-07 3.614181650846148841e-06 4.523523524403572083e-02 3.421258270464022644e-06 8.158555715453985613e-07 4.608369272318668664e-05 7.207961170934140682e-04 6.890619988553225994e-04 3.967166412621736526e-04 6.797398626804351807e-02
1.075358828529715538e-03 1.219996134750545025e-03 5.188709474168717861e-04 8.250588774681091309e-01 3.756811784114688635e-04 6.251271115615963936e-04 2.993092536926269531e-01 1.225007995963096619e-01 2.599565777927637100e-04 2.560836821794509888e-02 4.798987447429681197e-06 3.151873825117945671e-04 1.509407721459865570e-02 7.899621129035949707e-02 2.526511251926422119e-01 1.535242539830505848e-03 8.879378437995910645e-01 1.521131545305252075e-01 3.160394771839492023e-05
2.075419994071125984e-03 5.008237203583121300e-04 5.387514192989328876e-06 9.994938373565673828e-01 1.382951013511046767e-04 2.247229389240601449e-07 1.378800719976425171e-01 1.439788378775119781e-02 6.987599135754862800e-06 1.010059932013973594e-04 2.658130142663139850e-07 4.675478635363106150e-07 1.158435479737818241e-03 2.105771005153656006e-02 1.570740155875682831e-02 3.660206857603043318e-05 9.366908669471740723e-01 1.715686084935441613e-04 8.262193773589388002e-08
5.943474207015242428e-06 1.085431975411665917e-07 3.663627978767181048e-08 8.481545373797416687e-03 2.076153308153152466e-01 1.474056006145474385e-07 9.978235960006713867e-01 4.624534994945861399e-06 1.338177826255559921e-04 1.106113631976768374e-05 7.826125525411953276e-09 3.516589701175689697e-01 2.333824959350749850e-04 6.001685619594354648e-07 5.186756607145071030e-05 7.693363726139068604e-02 4.562553018331527710e-02 1.090352088795043528e-04 1.013887299450288992e-06
1.636647652958345134e-06 2.524655258184793638e-07 1.970202001544407722e-09 9.997723698616027832e-01 4.898171937384176999e-06 2.467398785288565932e-10 8.232043385505676270e-01 2.170171792386099696e-04 1.899526154147679335e-07 9.647742444940377027e-07 9.532244785170895796e-12 3.904579060076684982e-08 5.278866956359706819e-05 2.439937670715153217e-04 1.040056347846984863e-03 5.152583071321714669e-06 9.423501491546630859e-01 1.212558942143004970e-07 3.788083458022839523e-10
1.917602971486694063e-14 4.197370026903341308e-18 1.525092544942533093e-21 2.775876782834529877e-02 1.090075448155403137e-02 3.260732532999081108e-18 9.999998807907104492e-01 1.950173285662423761e-13 8.787787164621363445e-11 9.231406871562652938e-13 9.822169583446962526e-21 3.279717639088630676e-02 3.143769689017972269e-10 1.723244824288795718e-14 1.550427425334177656e-10 1.194856595247983932e-02 6.291013676673173904e-03 9.306241999240683072e-09 1.597940678126801625e-15
2.688238397240638733e-03 2.950690221041440964e-03 2.419413067400455475e-04 9.999102354049682617e-01 1.612601772649213672e-04 2.598438295535743237e-04 2.560618799179792404e-03 7.948312163352966309e-02 3.052342947285069386e-07 8.237439324147999287e-04 1.036623142880443993e-08 5.300486805026594084e-08 3.340424736961722374e-03 8.176947832107543945e-01 1.232031062245368958e-01 7.966085104271769524e-05 1.628008671104907990e-02 8.085314631462097168e-01 2.101530682807606354e-08
2.034155599517362134e-08 5.581735074144944520e-11 1.118682977944095679e-15 6.259482376869129894e-10 5.024961069466371555e-08 2.223776718324188550e-09 1.070285143214277923e-04 1.875670022855047137e-05 1.820663194859739598e-12 1.000000000000000000e+00 9.879611235011354076e-13 7.576305270195007324e-01 2.938677425845526159e-05 8.742770340837958628e-17 1.106889645045849857e-13 2.187662385404109955e-02 1.409324923429267074e-08 1.947240662047988735e-07 1.445570483519890981e-14
1.317493059094232422e-10 1.315030644731183295e-17 1.992454239886971506e-19 1.000000000000000000e+00 3.230063327919197036e-09 1.060593319834879367e-07 5.446933641906070989e-07 8.321195295313277285e-13 1.783503086969645546e-14 7.287414080384482795e-15 7.811938382977169816e-29 3.147974559615669847e-22 4.407554182739303883e-12 2.058769387608405665e-12 9.184987902699504048e-06 4.103083712432586440e-16 1.531557354610413313e-04 9.857036926052761827e-14 1.338749967612887886e-23
3.393131775553115403e-09 3.256425619609093491e-14 2.396481450783749523e-13 1.000000000000000000e+00 1.572473162965437599e-12 4.162305344834749121e-07 1.010913486254594318e-08 4.397661967914245906e-08 1.261843775068248420e-16 7.038446214746585383e-11 7.080905329895707630e-29 9.193226428403722157e-24 2.183749181483563007e-09 1.019677256408613175e-06 1.888195611536502838e-02 1.214577748424682359e-16 1.069813060894375667e-05 1.415360020473599434e-04 8.484168270076678348e-24
2.545854860258600638e-09 2.819973057641150674e-16 5.122519429665311921e-18 1.000000000000000000e+00 1.277328909310426752e-09 3.785436274483799934e-05 2.210655303258590720e-08 3.237361333868760127e-12 4.174719448715898118e-14 1.378826658968504426e-13 2.007911245071210370e-28 4.299260126582815828e-22 3.195748873863202277e-11 4.226748812063974015e-11 1.408462849212810397e-04 7.516043095924995407e-16 5.246288878879568074e-07 6.970368726655351566e-10 1.593011196962655173e-22
2.239097379730381476e-10 1.104575062527146656e-07 5.687713754837231406e-14 2.136803914254414849e-06 6.236567423911765218e-05 2.808159038636404148e-09 9.999998807907104492e-01 2.025027434626736067e-08 2.068724781274795532e-01 2.114035474454212249e-10 8.158526298984725145e-08 2.731395361479371786e-04 4.013292311810801039e-07 2.154586127289803699e-06 1.397878077114000916e-04 4.249670309945940971e-04 1.601090072654187679e-03 5.224767392064677551e-06 1.296468981308862567e-04
9.559936523437500000e-01 4.694688916206359863e-01 9.315226227045059204e-03 6.417449098080396652e-03 1.713800802826881409e-02 2.037291997112333775e-04 8.998215198516845703e-02 2.180797308683395386e-01 1.372413989156484604e-02 2.063556015491485596e-02 2.619751961901783943e-03 1.791852265596389771e-01 8.243247270584106445e-01 3.161945380270481110e-03 6.678247154923155904e-05 2.651120908558368683e-02 5.797272082418203354e-03 6.534431129693984985e-03 1.592551916837692261e-02
7.632737397216260433e-04 2.450860664248466492e-02 3.053967020605341531e-06 9.999884366989135742e-01 2.493089959898497909e-05 4.484026305817678804e-07 1.667945907684043050e-04 6.772681325674057007e-02 8.062699952127161396e-10 1.480139599152607843e-05 9.632337150122793901e-10 6.433701349450871021e-10 2.434860070934519172e-04 9.992038607597351074e-01 5.304966471157968044e-04 6.439939170377328992e-05 8.096664096228778362e-04 9.126490354537963867e-02 1.956745182551955509e-10
6.707821142981629237e-08 4.438747980284318828e-10 3.815258525774467557e-11 5.952705396339297295e-05 1.647305041551589966e-01 6.355136417113271818e-09 9.769651889801025391e-01 2.105735347868176177e-06 7.012031915110128466e-07 4.095682874321937561e-03 1.143837247141732405e-10 9.925024509429931641e-01 9.843581210589036345e-05 3.055748765135035683e-09 7.072959551379653931e-09 7.152293920516967773e-01 3.601841628551483154e-03 2.822627138812094927e-04 5.636452637958200285e-09
2.531522103055294792e-09 3.532815151530144249e-10 8.223745306696478297e-14 2.158337701985146850e-05 1.704284697771072388e-01 2.169071855462334497e-08 9.998974800109863281e-01 4.562319411149928783e-09 5.667122895829379559e-04 2.930699167791317450e-07 4.029533651195293942e-10 6.571295261383056641e-01 4.328411705500911921e-06 1.151481576755486458e-09 9.917111043478143984e-08 1.930622309446334839e-01 3.844097373075783253e-04 8.232435902755241841e-06 1.596181533614071668e-07
2.351008054901626565e-09 9.792347555048763752e-07 1.088446381913854566e-07 1.174839562736451626e-04 1.982636064212783822e-07 3.712267382383060976e-09 9.957191348075866699e-01 1.633896306157112122e-02 3.430330893024802208e-03 3.290581162218586542e-06 5.883240419279900379e-07 4.658983925764914602e-06 1.085193725884892046e-04 1.975664682686328888e-02 3.695362247526645660e-04 1.581308781169354916e-03 9.610190987586975098e-01 9.940419793128967285e-01 1.915931534313131124e-05
8.166832765610365641e-10 4.181821395832230337e-07 2.317328409162655589e-07 3.265826308052055538e-05 1.886088938363172929e-07 2.685011379899293615e-10 9.994982481002807617e-01 3.112681582570075989e-02 1.015180954709649086e-03 8.371172953047789633e-06 1.310068000748287886e-06 4.443512807483784854e-05 1.601510448381304741e-04 1.022501732222735882e-03 3.946068463847041130e-04 3.628730308264493942e-03 9.971066117286682129e-01 1.628382317721843719e-02 1.567920699017122388e-04
2.432279377906354512e-10 1.465062666738958796e-07 5.023600735398758843e-08 1.558111762278713286e-05 8.338167845067800954e-08 4.235804068608572948e-11 9.997407793998718262e-01 2.896607853472232819e-02 7.565682608401402831e-05 1.766875357134267688e-05 2.151591473875669180e-07 9.468627104070037603e-05 1.881653879536315799e-04 2.200729504693299532e-04 2.309412084287032485e-04 4.581086337566375732e-03 9.977387189865112305e-01 5.697699380107223988e-04 5.180770313018001616e-05
4.490991705097258091e-05 8.618358969688415527e-01 9.999990463256835938e-01 1.086320430040359497e-01 2.816812916250910348e-08 2.006877775073689918e-09 4.942439496517181396e-02 8.775033801794052124e-02 8.662765615952139342e-09 1.853197595380606799e-08 2.393943987044622190e-06 9.762916863831350156e-11 1.640443406358826905e-05 9.997188448905944824e-01 1.936759508680552244e-04 4.983591134077869356e-05 2.616431738715618849e-04 4.165938298683613539e-05 1.906358093606286275e-08
6.697179283946752548e-03 1.938994973897933960e-01 9.999989271163940430e-01 1.028021946549415588e-01 2.240902977064251900e-04 1.083408619706460740e-06 2.482176274061203003e-01 4.154177904129028320e-01 5.263997081783600152e-05 2.507307217456400394e-04 2.955596573883667588e-05 1.113654161599697545e-05 2.372854389250278473e-02 8.163003921508789062e-01 1.691620610654354095e-02 1.788477599620819092e-02 2.379366457462310791e-01 2.629099413752555847e-03 7.914376910775899887e-04
4.335966892540454865e-03 6.214200053364038467e-03 2.002042951062321663e-03 9.832246303558349609e-01 7.820298196747899055e-04 2.845610259100794792e-03 8.428733050823211670e-02 1.851406097412109375e-01 7.029869448160752654e-05 3.018386848270893097e-02 2.635802729855640791e-06 4.822674964088946581e-05 2.230025827884674072e-02 2.768619656562805176e-01 4.443403780460357666e-01 9.806397138163447380e-04 3.449354767799377441e-01 7.083733081817626953e-01 5.397295353759545833e-06
1.661980491007852834e-07 9.905701875686645508e-01 9.164705669709172220e-13 2.523564100265502930e-01 3.752957349729101055e-15 8.311570087239129878e-16 6.310628056526184082e-01 6.036663800477981567e-02 5.556862969768872063e-09 7.686914256163634995e-13 1.345995848112124804e-08 1.731131378654091058e-14 7.276019786672804912e-09 9.997736811637878418e-01 2.744041972813082708e-11 9.772926912177126724e-10 4.506385885179042816e-03 1.965440503681747941e-07 2.370191648742685231e-14
2.425897156765888241e-12 9.104186901822686195e-04 7.308329288968629101e-13 1.420222073793411255e-01 1.982708803724680252e-14 2.233752428631909787e-14 9.998437166213989258e-01 1.351814484223723412e-03 5.824897897355185705e-09 3.191373814520614971e-12 2.406379403466912814e-13 5.325811241298835253e-16 1.180807362999303223e-08 9.999884366989135742e-01 1.838648415741772624e-07 3.377215840316694084e-09 4.350589960813522339e-02 2.814946230500936508e-03 2.761559969415017246e-13
5.660791415721178055e-03 3.074225387535989285e-04 1.557087969672465988e-08 5.034323334693908691e-01 1.140325457527069375e-05 8.497464295942336321e-05 2.500174450688064098e-04 3.391502657905220985e-03 1.950099193237520012e-09 9.999792575836181641e-01 7.454040229504244053e-08 5.398159846663475037e-02 9.838283061981201172e-03 1.566705009281577077e-06 1.880443232948891819e-05 1.581722870469093323e-03 1.064031821442767978e-04 5.901249242015182972e-04 9.427060243538676332e-10
6.789881808799691498e-06 4.205096502118976787e-07 1.811140890595197561e-07 9.999375343322753906e-01 4.170184411123045720e-07 2.523410103094647638e-08 4.193196073174476624e-02 2.018879400566220284e-03 1.089370105233911090e-08 9.547212357574608177e-06 1.215514125983696569e-12 3.588038754998024160e-10 6.864756142022088170e-05 1.287257648073136806e-03 2.028963342308998108e-02 1.550358490476355655e-07 9.893885254859924316e-01 4.773456021212041378e-05 1.784349577815813603e-11
1.219653896987438202e-02 4.974503070116043091e-03 5.958781343906593975e-07 9.144728779792785645e-01 3.013735413551330566e-01 6.525302305817604065e-03 8.336789608001708984e-01 1.270530920010060072e-04 1.566374450922012329e-01 4.212697676848620176e-04 3.200067731086164713e-04 1.567090675234794617e-02 7.203171844594180584e-04 1.186313922517001629e-03 2.620446262881159782e-03 2.970685437321662903e-02 4.028609022498130798e-03 3.291166212875396013e-04 1.726497663185000420e-03
6.325775384902954102e-02 3.530455380678176880e-02 1.109540903598826844e-06 9.913491606712341309e-01 2.296549379825592041e-01 1.366432057693600655e-03 5.091788172721862793e-01 5.245411302894353867e-04 6.334841996431350708e-02 7.420820184051990509e-04 9.927663486450910568e-04 8.373046293854713440e-03 1.248749787919223309e-03 5.024009384214878082e-03 7.072862936183810234e-04 3.032615967094898224e-02 3.784819273278117180e-03 5.515540397027507424e-05 1.330246450379490852e-03
9.473577141761779785e-02 3.786342963576316833e-02 3.141283002605632646e-07 9.988810420036315918e-01 2.298579216003417969e-01 1.859881595009937882e-04 3.112209439277648926e-01 3.649423306342214346e-04 2.750784344971179962e-02 3.790257615037262440e-04 8.361229556612670422e-04 4.026373382657766342e-03 7.749363430775702000e-04 5.226691253483295441e-03 1.739556755637750030e-04 3.061568737030029297e-02 2.592883771285414696e-03 1.094840263249352574e-05 4.555236664600670338e-04
8.106074528768658638e-04 9.698699712753295898e-01 1.000000000000000000e+00 9.351238608360290527e-01 3.002044763888989110e-07 2.858938863425919408e-09 8.913870988180860877e-05 8.457607775926589966e-02 1.832275303703667646e-11 2.295252166106820368e-08 3.394620762264821678e-06 1.077049671671659326e-09 1.345612254226580262e-04 9.999059438705444336e-01 1.056923938449472189e-04 3.911104577127844095e-04 6.372474672389216721e-06 1.465641398681327701e-04 2.825932821082233204e-09
9.557897597551345825e-02 2.656886279582977295e-01 9.991766810417175293e-01 1.051663085818290710e-01 1.026628073304891586e-02 7.858565077185630798e-04 5.526765063405036926e-02 3.765373229980468750e-01 1.240681594936177135e-04 2.371605634689331055e-01 1.162499072961509228e-03 2.304800972342491150e-02 1.947037130594253540e-01 5.281606316566467285e-01 1.633861847221851349e-02 1.315328478813171387e-01 2.066373080015182495e-02 2.172164805233478546e-02 1.120999688282608986e-03
9.581398335285484791e-04 3.951419494114816189e-04 3.554309273567923810e-07 6.231247447431087494e-03 3.682427480816841125e-02 9.998346567153930664e-01 2.717427909374237061e-03 2.691118424991145730e-06 2.222351729869842529e-02 7.859370089136064053e-05 5.812458425680233631e-08 4.352417454356327653e-05 8.022437395993620157e-05 1.822254707803949714e-04 6.249576108530163765e-04 8.847309072734788060e-05 1.157061997218988836e-04 3.822331549599766731e-03 1.506429398432374001e-04
7.688062032684683800e-05 6.508741353172808886e-05 4.461182978587885373e-09 1.831839617807418108e-04 6.700517237186431885e-02 9.999685287475585938e-01 1.823388040065765381e-03 3.088687350327745662e-08 2.337650768458843231e-02 3.106352960458025336e-05 3.046611629642370644e-09 5.434908962342888117e-05 5.477309969137422740e-06 6.482939625129802153e-06 1.634629370528273284e-05 7.014174479991197586e-05 4.447427727427566424e-06 5.504232831299304962e-04 8.907337178243324161e-05
5.493813296197913587e-05 9.781258413568139076e-04 1.305120531469583511e-04 2.516067819669842720e-03 4.260274872649461031e-04 2.943483414128422737e-04 9.961440563201904297e-01 3.967175260186195374e-02 4.072801768779754639e-01 3.891710366588085890e-04 2.666739979758858681e-03 2.785770455375313759e-03 5.912399850785732269e-03 3.073387406766414642e-02 6.545536220073699951e-02 4.628392867743968964e-03 6.861849427223205566e-01 3.566242009401321411e-02 5.702471360564231873e-02
2.666864311322569847e-03 9.124287404119968414e-03 7.582923397421836853e-03 1.369067234918475151e-03 3.282453119754791260e-02 9.943002462387084961e-01 2.426979877054691315e-02 4.867801035288721323e-04 2.714327871799468994e-01 5.838435608893632889e-03 9.327819134341552854e-05 5.826786626130342484e-03 3.245375584810972214e-03 3.010308835655450821e-03 3.244605287909507751e-02 4.174597095698118210e-03 3.224703017622232437e-03 1.711016148328781128e-02 2.238960564136505127e-01
4.230236411094665527e-01 6.669384310953319073e-04 4.048171931003707869e-08 1.747748865454923362e-05 1.183568747364915907e-05 7.608321972440990066e-09 4.445026206667535007e-05 1.361969276331365108e-03 1.076027156265979556e-09 9.925771355628967285e-01 1.002396743388089817e-07 4.806712269783020020e-01 9.682425856590270996e-01 8.363134629263413444e-10 6.009655967309512903e-11 1.138448528945446014e-02 5.978841244314025971e-08 1.077104359865188599e-03 5.020888949047730421e-08
5.775334670431346638e-17 4.653621712698112478e-14 1.483858363263211404e-15 9.448124170303344727e-01 1.006885732979070946e-16 1.706605435607021732e-18 1.530623994767665863e-02 6.099919119151309133e-05 2.703225606548584001e-15 3.044621846304274015e-11 2.071203018818663893e-24 5.064504621095537794e-17 1.021154938385393507e-09 2.127759216818958521e-04 7.333717803703621030e-05 4.922950068431131143e-12 1.000000000000000000e+00 1.179253160953521729e-01 2.196531298211894489e-17
3.711196627786961244e-10 1.882410288089886308e-06 1.142408650317561225e-11 9.999995231628417969e-01 7.825069585354338386e-12 1.465854995606676470e-15 7.900955528020858765e-02 6.747369654476642609e-03 6.624847198599681519e-11 5.755344645308468898e-09 6.965217570325523896e-16 8.740570040408567574e-17 8.648848961456678808e-07 5.204738974571228027e-01 1.619811337150167674e-05 4.237090955871991582e-10 9.889824986457824707e-01 2.432558358123060316e-05 2.841540581121054093e-14
1.612631382597040641e-11 1.031358470848786624e-10 1.885774175702792377e-11 9.909466505050659180e-01 3.427781392062456689e-10 2.290855222533694224e-13 9.954022169113159180e-01 4.071468720212578773e-05 3.740054099754530625e-10 8.481368496404684265e-09 1.151703816238975730e-16 4.185066182493812903e-11 2.062403154923231341e-06 3.162263965350575745e-05 4.243454604875296354e-04 6.202703417557131615e-08 9.987471103668212891e-01 1.820462003365719283e-08 1.553193229412996867e-12
5.441614121082238853e-06 6.472595259765512310e-07 9.221178820517650365e-10 1.003408397082239389e-05 2.247129529714584351e-01 9.999834299087524414e-01 1.314826076850295067e-03 1.052742226725911223e-09 5.067300051450729370e-02 6.984885112615302205e-05 2.294024414872808393e-10 3.459135768935084343e-04 1.436202751392556820e-06 5.706083427980956913e-08 2.048040187219157815e-06 3.069202939514070749e-04 2.034178805843112059e-06 2.356542827328667045e-04 1.282487501157447696e-04
2.395647925368393771e-06 1.592067633282567840e-07 1.501634816492014579e-09 3.593196652218466625e-06 2.753460109233856201e-01 9.999272823333740234e-01 5.201360210776329041e-03 1.381991632243284585e-09 8.034552633762359619e-02 1.719500287435948849e-04 1.656530052018823085e-10 1.480800565332174301e-03 2.131689143425319344e-06 1.832763985021301778e-08 1.509457206338993274e-06 7.949795690365135670e-04 2.554890670580789447e-06 1.776065328158438206e-04 1.373754639644175768e-04
3.264242550358176231e-04 1.086770211600196490e-07 2.504236603173104307e-15 2.208982110023498535e-01 8.860262632369995117e-01 1.628102808126641321e-07 9.245783686637878418e-01 1.898819990131528357e-09 7.480348722310736775e-05 1.600848736416082829e-05 7.338578356108627077e-11 7.634925842285156250e-01 1.411524749528325628e-06 3.358655853435976724e-10 1.409601768642687603e-08 6.691222637891769409e-02 3.387042670510709286e-05 8.135605611414575833e-08 4.280975574033618614e-09
9.999998807907104492e-01 8.718858957290649414e-01 1.156331051350707566e-15 9.896926283836364746e-01 1.355049945414066315e-02 2.235279085081838475e-17 8.299806358991190791e-05 3.764746725209988654e-05 6.939106622638746558e-09 9.697727646959530823e-13 1.222273451276123524e-03 3.391609352547675371e-04 2.240263256680918857e-06 1.876441501735826023e-06 2.652313605992900609e-17 6.208129548213037197e-07 5.900687369830848183e-07 4.328550965739235562e-15 1.929091782149061629e-11
9.992272853851318359e-01 9.931375980377197266e-01 4.452829216461395845e-07 2.375946845859289169e-03 3.358035974088124931e-05 2.313349956040156030e-09 6.136675365269184113e-03 6.771878004074096680e-01 7.583451224491000175e-05 2.197027015427011065e-06 3.539602039381861687e-04 1.510290545411407948e-03 2.048556357622146606e-01 2.075314056128263474e-03 3.517284241638662934e-10 2.952142676804214716e-04 1.433356956113129854e-04 6.383108848240226507e-05 5.177202524464519229e-07
1.838598698377609253e-01 5.642029643058776855e-01 5.383362621068954468e-02 1.822511851787567139e-01 3.982871398329734802e-02 3.748730421066284180e-01 4.442003369331359863e-01 3.026733100414276123e-01 1.285142600536346436e-01 7.035413384437561035e-02 4.002052173018455505e-02 5.980306118726730347e-02 1.075568795204162598e-01 4.495781660079956055e-01 8.923533558845520020e-02 5.425218865275382996e-02 8.795564621686935425e-02 1.312319040298461914e-01 3.879516944289207458e-02
4.986616224050521851e-02 2.490682601928710938e-01 9.994791150093078613e-01 1.380415111780166626e-01 8.570970967411994934e-03 2.185981953516602516e-03 5.996444821357727051e-01 5.209058523178100586e-01 4.460077360272407532e-02 1.418609078973531723e-02 2.132240217179059982e-03 4.113492555916309357e-03 9.316719323396682739e-02 3.326048254966735840e-01 7.795861363410949707e-02 8.506496250629425049e-02 4.939872026443481445e-01 1.602141000330448151e-02 4.440012201666831970e-02
7.978916983120143414e-06 5.135477980366953688e-12 7.694498681453619137e-20 5.974711392298104329e-09 9.917100071907043457e-01 8.557207893666873844e-12 9.999204874038696289e-01 8.925760030040327461e-16 5.393699742853641510e-03 6.923898710235396048e-14 1.118229789906326210e-13 8.837449550628662109e-01 1.377608999098001163e-10 1.252511854269670183e-15 4.343957919067387152e-12 2.018281957134604454e-03 4.489049558742408408e-07 1.608574246025895604e-10 1.732160548328920413e-08
