4.960494861006736755e-02 4.340495914220809937e-03 1.036203611874952912e-04 1.173329912126064301e-02 4.941089451313018799e-01 7.138870656490325928e-02 7.835256457328796387e-01 6.793480715714395046e-04 3.827564418315887451e-01 6.076753139495849609e-03 1.423342153429985046e-03 4.076341986656188965e-01 7.355245295912027359e-03 4.944780957885086536e-04 4.522841889411211014e-03 7.350911945104598999e-02 1.369506586343050003e-02 1.456591021269559860e-02 3.189253807067871094e-02
1.452512606192613021e-05 2.105411294905934483e-05 1.302695068261527922e-06 1.790849928511306643e-04 1.486984081566333771e-03 9.999973773956298828e-01 2.987759944517165422e-04 3.646489687980647432e-07 6.474360357969999313e-03 3.386285015949397348e-06 2.427204826016549077e-10 2.334516864266333869e-07 6.113431027188198641e-06 2.735786838456988335e-04 5.961182061582803726e-03 8.875871913005539682e-07 5.974104715278372169e-05 1.548466854728758335e-03 4.013087527710013092e-05
1.126228831708431244e-03 1.832332345657050610e-04 1.456115933251567185e-05 3.750174073502421379e-04 2.107339054346084595e-01 4.000401531811803579e-04 9.623774290084838867e-01 4.821722686756402254e-04 1.091072894632816315e-02 3.446197602897882462e-03 2.052885974990203977e-05 5.956053137779235840e-01 1.915549300611019135e-02 1.262496880372054875e-05 1.361485919915139675e-04 1.149606183171272278e-01 1.611482910811901093e-02 5.187203641980886459e-04 6.648897542618215084e-04
2.929154317826032639e-03 1.321639319940004498e-05 5.890381657991383690e-07 8.859201669692993164e-01 1.406542360782623291e-01 1.777209788560867310e-01 6.461980342864990234e-01 4.527650526142679155e-05 7.937881164252758026e-03 3.726216964423656464e-04 3.207374632552273397e-08 1.271258573979139328e-03 5.461202817969024181e-04 6.161492638057097793e-05 6.118377670645713806e-02 1.047608675435185432e-03 1.659582369029521942e-02 1.374200335703790188e-03 1.529682958789635450e-05
1.681574736721813679e-03 3.652698978839907795e-06 2.915944996573216486e-08 9.523693323135375977e-01 1.853732317686080933e-01 7.206685841083526611e-03 8.013475537300109863e-01 2.217816654592752457e-05 1.187039073556661606e-03 2.818480425048619509e-04 1.086672263284071960e-08 4.405137617141008377e-03 3.191497526131570339e-04 1.138052630267338827e-05 2.420653402805328369e-02 2.058248966932296753e-03 2.403139322996139526e-02 3.927149227820336819e-04 2.133574525942094624e-06
3.208058769814670086e-04 2.150948148482711986e-06 7.224798093119488840e-09 9.174943566322326660e-01 1.107923910021781921e-01 1.265223138034343719e-03 9.373062849044799805e-01 1.275344766327179968e-05 9.408533805981278419e-04 6.540517642861232162e-05 7.457621187256791018e-09 2.361087827011942863e-03 1.785453496268019080e-04 1.507449360360624269e-05 1.703138276934623718e-02 1.768049434758722782e-03 2.440979517996311188e-02 2.228009398095309734e-04 1.517580471954715904e-06
4.209836944937705994e-02 2.222868353128433228e-01 7.814121432602405548e-03 1.066589429974555969e-01 3.499205037951469421e-02 5.690617114305496216e-02 7.554217576980590820e-01 1.496366709470748901e-01 8.450703322887420654e-02 7.205608487129211426e-02 9.785469621419906616e-03 7.247570902109146118e-02 7.003119587898254395e-02 1.120222061872482300e-01 3.659753501415252686e-02 5.806343257427215576e-02 7.548191398382186890e-02 3.381408005952835083e-02 2.304271608591079712e-02
1.913899183273315430e-02 4.497083649039268494e-02 1.892648404464125633e-03 9.980708956718444824e-01 3.069829661399126053e-03 1.216901233419775963e-03 1.410444080829620361e-02 1.804079562425613403e-01 2.285191294504329562e-05 4.437749274075031281e-03 7.518713118770392612e-06 1.285215876123402268e-05 1.534977275878190994e-02 8.715776205062866211e-01 6.501397490501403809e-02 2.397296484559774399e-03 3.592134639620780945e-02 4.457473158836364746e-01 6.109403784648748115e-06
2.173870569095015526e-03 1.083856623154133558e-04 1.770701771874882979e-07 7.968069985508918762e-04 5.036402944824658334e-05 7.235763041535392404e-05 1.168021699413657188e-03 1.102177519351243973e-02 1.700181684327617404e-07 9.999555349349975586e-01 3.828327407973119989e-06 3.117217123508453369e-01 8.946926333010196686e-03 3.463543691850645700e-07 3.498688556646811776e-06 3.553862869739532471e-02 1.441223721485584974e-04 1.774435280822217464e-03 4.601543324156409653e-08
1.865197345614433289e-02 2.884905412793159485e-02 4.677253855334129184e-06 2.650497853755950928e-01 2.283450885443016887e-05 1.446077512810006738e-04 1.704590045846998692e-03 1.693400293588638306e-01 2.697832712783565512e-07 9.979428648948669434e-01 4.815313150174915791e-05 7.444362342357635498e-02 5.523743480443954468e-02 3.165410365909337997e-03 9.361073898617178202e-05 2.053225226700305939e-02 1.646010321564972401e-03 5.319088324904441833e-02 6.764771001144254114e-07
5.284983672027010471e-06 1.633679348742589355e-04 3.382856603346973134e-13 9.991554021835327148e-01 4.611443262547254562e-03 2.094084976533849840e-07 9.966599941253662109e-01 6.623366033409183729e-08 4.160543531179428101e-02 3.442531815167626519e-09 3.704807340909610502e-07 1.954954768734751269e-06 1.352587162273266586e-07 1.055592292686924338e-04 9.025849976751487702e-06 1.520649238955229521e-04 5.631493331748060882e-05 2.454262570950049849e-09 1.594851823938370217e-06
8.479010915607432253e-08 3.130285449515213259e-06 9.182536508944849629e-09 9.029846842167899013e-05 9.340726537629961967e-04 3.227373235858976841e-05 9.999434947967529297e-01 8.401019840675871819e-06 3.655422925949096680e-01 1.764336502674268559e-06 2.263693886561668478e-06 2.697026357054710388e-03 6.196097092470154166e-05 1.001153577817603946e-04 1.819698954932391644e-03 6.016956176608800888e-03 3.751708427444100380e-03 1.097856438718736172e-03 1.539376331493258476e-03
4.191089489347099573e-11 2.312521729663785663e-08 3.797894887035829781e-13 2.827611524480744265e-06 1.766855166351888329e-05 2.096766138492967002e-08 9.999997615814208984e-01 1.939641691706128768e-07 2.775195462163537741e-04 1.356012102604609026e-08 5.675239445057655985e-11 6.570643017766997218e-05 2.387828681094106287e-05 2.485381855876767077e-06 8.334776066476479173e-05 1.792055700207129121e-04 3.726428607478737831e-03 2.368294929055991815e-07 1.065594119609158952e-06
1.532027526991441846e-04 1.861107448348775506e-04 3.879180076182819903e-05 7.317296112887561321e-04 3.821248561143875122e-02 2.720859811233822256e-06 9.629777669906616211e-01 1.521444786339998245e-02 3.639325441326946020e-04 2.064447477459907532e-02 5.737215906265191734e-05 8.105978369712829590e-01 6.665415316820144653e-02 5.926876110606826842e-05 1.168487870017997921e-04 3.645491898059844971e-01 2.345655411481857300e-01 1.445713569410145283e-03 2.081748680211603642e-04
1.515251994987920625e-07 3.147946472381590866e-07 8.681927399223354769e-11 1.784550136108009610e-06 1.291928783757612109e-04 4.586839850162505172e-07 8.838939666748046875e-01 2.631059382110834122e-03 1.959632527359644882e-06 9.865055680274963379e-01 4.805141884389740881e-08 9.087520241737365723e-01 1.959742978215217590e-03 2.521960640322618019e-09 6.622418169399679755e-08 3.304097354412078857e-01 3.482745960354804993e-03 5.447741568787023425e-05 2.555935623149707681e-07
3.037775897496430844e-08 3.288354832875484135e-08 3.477909626958819445e-11 1.864200203272048384e-05 5.781814252259209752e-05 3.169203921515872935e-07 9.544210433959960938e-01 8.859796798788011074e-04 4.062067944232694572e-07 9.760971069335937500e-01 4.056850855249649612e-09 7.560338377952575684e-01 9.816356468945741653e-04 3.752718136240673630e-09 8.484946079079236370e-07 1.855109483003616333e-01 6.866036914288997650e-03 9.752289770403876901e-05 5.470891650816156471e-08
9.223651885986328125e-01 2.098840847611427307e-02 8.035049773752689362e-03 9.696053862571716309e-01 3.290160745382308960e-02 9.578851168043911457e-04 7.671786006540060043e-03 1.838057488203048706e-02 4.318458650232059881e-06 3.311217948794364929e-02 1.683979644440114498e-05 1.612019911408424377e-02 2.420409619808197021e-01 2.303440496325492859e-02 2.229056656360626221e-01 2.201351802796125412e-03 2.437453903257846832e-02 2.125572785735130310e-02 3.497517354844603688e-06
4.826700887861079536e-07 8.896856343199033290e-06 5.957662141398145650e-10 3.370888919107528636e-07 6.128285167505964637e-05 2.128966571035562083e-06 9.778498411178588867e-01 9.799151681363582611e-03 1.156302096205763519e-04 8.992395401000976562e-01 3.375220103407627903e-06 6.815106272697448730e-01 2.465911582112312317e-02 1.455215858925384964e-08 1.188154925557682873e-07 2.346873432397842407e-01 3.224220126867294312e-03 3.175669917254708707e-05 3.765712608583271503e-05
3.756351172924041748e-01 4.529188387095928192e-03 1.346963830292224884e-02 1.038288697600364685e-03 2.854061778634786606e-03 2.209043668699450791e-05 4.765623249113559723e-03 2.135328203439712524e-02 4.090249603905249387e-06 9.567202329635620117e-01 4.317411730880849063e-05 4.582633078098297119e-01 8.259566426277160645e-01 9.424761628906708211e-06 2.787458242892171256e-06 6.030144914984703064e-02 7.960678340168669820e-05 9.604719467461109161e-03 3.999772889073938131e-05
8.858905969910679801e-11 1.328372828401924721e-11 1.491713111541337344e-15 1.657620770856738091e-03 2.928035974036902189e-05 1.529308065073564649e-06 9.999945163726806641e-01 1.485069067719280156e-09 1.424903985025594011e-06 3.483591370923022623e-08 6.507171136859062131e-17 1.494770913268439472e-06 5.950251988906529732e-07 3.757016742156338296e-08 2.818633511196821928e-04 1.672557345955283381e-06 3.418963460717350245e-04 4.153794819217182521e-08 7.266082874268775527e-11
4.178669673683193714e-22 7.196762496786959437e-18 1.656512054364140438e-24 1.325422549491861446e-10 5.158380667058537483e-12 3.366003053270182760e-15 1.000000000000000000e+00 7.642708514665752517e-12 5.921271806208494581e-11 8.979121265961786946e-12 1.838354984867623099e-23 2.015009270550649489e-09 2.839912838226155145e-08 4.880383423777612251e-12 2.421792366646968730e-08 4.081868709704394860e-08 4.131307359784841537e-04 3.389049837206753457e-13 1.036165324684113279e-14
2.096865955536486581e-06 2.216522581875324249e-03 2.460880110799479326e-10 7.165730494307354093e-06 1.327072732237866148e-05 1.000000000000000000e+00 6.984668061704724096e-07 2.201132831558538783e-09 4.331375384936109185e-05 1.819850048434545897e-09 9.374254573545764968e-14 1.318578406184212071e-11 1.298927720938536368e-08 9.218960069119930267e-03 6.972295977902831510e-06 2.301957652273145527e-10 1.721898734707849599e-09 1.315625922870822251e-05 4.214638948951687780e-08
9.035288691520690918e-01 8.518180996179580688e-02 4.862598434556275606e-04 9.997286200523376465e-01 2.677728608250617981e-02 1.226404274348169565e-04 1.005062018521130085e-03 1.766793429851531982e-02 4.863156391365919262e-06 1.216827332973480225e-02 6.073404802009463310e-05 8.569594938308000565e-04 1.050413697957992554e-01 1.194860339164733887e-01 3.972150851041078568e-03 6.328465882688760757e-03 5.467663984745740891e-03 5.398728419095277786e-03 1.030382099997950718e-05
1.179720054977906329e-08 2.888100314457631157e-10 3.300714953094474602e-12 9.946181178092956543e-01 8.994125892058946192e-06 6.681264638900756836e-01 6.539669632911682129e-01 1.448596576025806826e-09 1.474825257901102304e-04 8.331633126468229733e-12 8.019604050718778950e-17 3.105675439041277741e-13 5.003383041213282922e-09 1.509128878751653247e-06 6.364496797323226929e-02 1.269509775081445468e-10 8.097779355011880398e-04 7.523328235947701614e-07 1.865380905297087111e-10
3.657850411453722472e-10 4.638721406990953255e-08 3.315384364342265772e-16 9.916397929191589355e-01 4.617946615326218307e-06 1.990052567180100596e-09 9.999876022338867188e-01 4.004448994621156999e-10 3.105814976152032614e-04 4.261501701107069107e-14 3.451091138122891477e-13 2.681145930272244016e-11 4.316771939905095223e-10 2.621327985252719373e-05 1.852859713835641742e-04 1.548436934228902828e-08 1.701940491329878569e-04 1.614579650532910193e-11 1.061640775290584315e-09
6.219220085768029094e-05 1.599992356204893440e-05 6.240431048354366794e-06 7.017348427325487137e-03 5.036023139837197959e-05 9.993684887886047363e-01 8.001477108336985111e-04 4.011231794720515609e-05 2.809575991705060005e-03 2.090062043862417340e-04 7.168970306281607918e-09 3.234041514588170685e-07 1.029362974804826081e-04 4.966374486684799194e-03 9.443043470382690430e-01 2.285016194036870729e-07 8.951904019340872765e-04 2.763000084087252617e-03 1.056038490787614137e-05
7.882377831265330315e-04 2.089125628117471933e-04 3.569176385553873843e-07 4.844057184527628124e-05 1.346410065889358521e-02 7.171970326453447342e-03 5.040405988693237305e-01 3.944462165236473083e-03 2.244155155494809151e-03 9.721114039421081543e-01 3.333000859129242599e-05 6.618895530700683594e-01 3.228290379047393799e-02 2.551956015395262511e-07 6.680797923763748258e-06 1.727716326713562012e-01 7.383250631392002106e-04 5.581335281021893024e-04 4.984710249118506908e-04
6.572535634040832520e-02 1.637257821857929230e-02 9.480759617872536182e-04 3.763345256447792053e-02 7.241365965455770493e-03 7.365950848907232285e-03 4.666481539607048035e-02 1.329674571752548218e-01 4.275857645552605391e-04 9.860278367996215820e-01 2.568696159869432449e-03 3.885632455348968506e-01 1.105645447969436646e-01 9.043446043506264687e-04 2.440662821754813194e-03 1.381358951330184937e-01 1.344759203493595123e-02 4.689205810427665710e-02 2.655223070178180933e-04
6.354776560328900814e-04 4.085209002369083464e-05 3.210869436998109450e-08 1.200891711050644517e-04 6.506377365440130234e-03 3.089527599513530731e-04 9.181948751211166382e-02 3.133231308311223984e-03 2.820068039000034332e-05 9.985117316246032715e-01 4.342328338680090383e-06 7.867198586463928223e-01 7.010543718934059143e-03 6.664932072908413829e-08 1.348167756987095345e-06 1.817595213651657104e-01 3.847399784717708826e-04 5.423847469501197338e-04 2.162243390557705425e-06
7.169264834374189377e-03 2.442144555971026421e-03 2.809966190397972241e-06 2.569423615932464600e-02 3.307004645466804504e-02 4.964224062860012054e-04 1.199833229184150696e-01 1.827521994709968567e-02 6.627777474932372570e-05 9.869677424430847168e-01 6.083137850509956479e-05 7.723878026008605957e-01 1.939753070473670959e-02 5.598947973339818418e-05 1.029900013236328959e-04 2.907099127769470215e-01 5.469256546348333359e-03 6.195481866598129272e-03 1.180311119242105633e-05
2.574870921671390533e-02 2.185967023251578212e-04 8.846253876981791109e-06 9.997577071189880371e-01 5.342025309801101685e-02 3.471123427152633667e-02 3.000916354358196259e-02 3.989741671830415726e-04 1.437233877368271351e-03 5.588862695731222630e-04 8.247903338087780867e-07 1.566985156387090683e-04 1.751641160808503628e-03 4.831414262298494577e-04 2.507344260811805725e-02 1.349293510429561138e-03 1.677273027598857880e-02 5.227203364484012127e-04 9.088800652534700930e-06
2.213892992585897446e-03 1.330539907939964905e-05 2.035084889939753339e-06 9.999328851699829102e-01 3.779931925237178802e-03 8.472505956888198853e-02 9.678545407950878143e-03 1.522840320831164718e-04 2.229118545074015856e-04 1.095232146326452494e-04 6.092702786730797015e-09 1.789296106835536193e-06 4.825249197892844677e-04 1.958650973392650485e-04 4.857884347438812256e-02 3.980780456913635135e-05 7.141155656427145004e-03 6.961789331398904324e-04 4.261535480054590153e-07
1.357568614184856415e-02 1.129705458879470825e-02 1.952299103140830994e-02 7.556658983230590820e-01 4.318866878747940063e-03 1.169965639710426331e-01 1.870844066143035889e-01 1.321767866611480713e-01 4.570368211716413498e-03 6.632956117391586304e-02 1.344855263596400619e-04 1.023374963551759720e-03 4.541309177875518799e-02 1.682936102151870728e-01 6.774276494979858398e-01 3.865885548293590546e-03 2.367405295372009277e-01 3.537753820419311523e-01 4.033981240354478359e-04
2.937277970762458557e-13 6.921886518588183513e-23 2.094720831260738960e-33 2.439657498373368205e-14 9.994130134582519531e-01 5.579337339356449377e-12 9.999984502792358398e-01 5.012889422378817355e-27 6.135993450880050659e-02 2.092972752295563211e-17 3.950900917885644710e-22 9.904444813728332520e-01 2.503088072818741779e-17 2.207212590543974966e-27 2.736200052108616286e-20 6.045834743417799473e-04 2.047623138753951189e-13 1.993259507102052019e-12 8.660830841562827676e-13
7.450477472498795792e-22 4.467158082819085310e-25 0.000000000000000000e+00 1.989166920735109205e-18 4.149048181716352701e-04 3.611841660716534619e-15 1.000000000000000000e+00 9.621886316432967320e-33 9.917024970054626465e-01 1.302384086319020130e-26 7.217128954867641745e-27 2.534509985707700253e-04 3.733237217848487197e-23 2.070648942640359284e-25 1.404968520352583650e-16 3.186780617170370533e-09 1.949973341417642015e-16 3.338039954582476543e-14 2.749133906632117430e-11
8.251296347572267820e-12 5.772787169179330834e-22 0.000000000000000000e+00 2.081602493031531803e-17 9.895663261413574219e-01 2.346521973452664870e-18 1.000000000000000000e+00 3.365818321306395427e-33 9.931337833404541016e-01 2.756558261200580316e-26 6.994778907061287863e-22 9.569307565689086914e-01 6.546613395288788837e-23 5.025329304816168322e-29 1.895070783358986403e-21 1.371153075524489395e-07 1.378635907148782758e-15 1.013189312467868046e-16 5.296550420474943621e-10
4.783933609724044800e-02 4.472686350345611572e-01 1.392130739986896515e-03 9.014624953269958496e-01 7.686784956604242325e-03 5.092715146020054817e-04 1.967306435108184814e-01 3.304533064365386963e-01 1.820210833102464676e-03 4.554755613207817078e-02 2.009399235248565674e-03 4.716844763606786728e-03 5.105817317962646484e-02 7.309338450431823730e-01 6.470803637057542801e-03 4.665761440992355347e-02 9.241027384996414185e-02 1.831593178212642670e-02 4.180338291916996241e-04
1.985695219364203012e-10 1.576274808030575514e-04 2.617556837947176973e-09 5.127406865358352661e-02 2.902170725960218078e-10 4.430251304698984427e-12 9.997412562370300293e-01 5.360038485378026962e-03 3.200880200893152505e-06 4.030621880701801274e-08 7.668897739065982933e-10 3.373737678113997163e-10 1.064074331225128844e-05 9.878944754600524902e-01 4.527957207756116986e-05 1.697416701063048095e-05 8.005790114402770996e-01 1.357360780239105225e-01 6.080246972572922459e-09
3.306440419237333117e-07 6.116573810577392578e-01 7.267063750759916729e-08 7.049602270126342773e-01 1.194866983134090788e-09 9.006523860044524099e-10 5.490701198577880859e-01 8.683016896247863770e-02 3.002906012739003927e-08 2.343082030620280420e-07 2.176360203165472740e-09 1.080042444367990129e-10 9.315031093137804419e-06 9.999154806137084961e-01 2.219226416855235584e-06 5.358762336982181296e-06 1.041505951434373856e-02 2.010582247748970985e-04 8.838450110681961291e-11
7.218043833745468874e-07 1.623118492943831370e-07 2.362922657539456850e-08 1.515270024538040161e-01 1.104498505592346191e-01 6.081769043930762564e-08 9.988382458686828613e-01 2.027422306127846241e-05 2.948199398815631866e-04 6.281623882387066260e-06 6.314047595878946595e-08 1.599342972040176392e-01 6.589184340555220842e-05 4.487946625886252150e-06 8.610502845840528607e-05 1.994002014398574829e-01 1.632518619298934937e-01 6.408920511603355408e-03 3.403596792850294150e-06
7.197122613433748484e-05 2.070955673616481363e-07 2.907087114437101327e-12 9.913229942321777344e-01 7.759336829185485840e-01 1.108660853788023815e-06 9.826487302780151367e-01 1.111437128997749824e-07 1.440551830455660820e-03 1.144552925325115211e-06 2.892772954510292038e-08 7.094578444957733154e-02 2.061455234070308506e-06 4.392255732454941608e-07 1.333168620476499200e-04 1.592525541782379150e-01 1.026928052306175232e-02 1.618467649677768350e-04 1.954168453721649712e-07
1.313601046604162548e-06 1.932712184498086572e-04 6.379845435731112957e-04 1.918468333315104246e-04 4.512107989285141230e-05 5.031266482546925545e-05 9.995850920677185059e-01 1.043002493679523468e-02 6.081992983818054199e-01 3.446125629125162959e-05 3.510516835376620293e-04 4.669308545999228954e-04 8.270110120065510273e-04 9.156690910458564758e-03 1.755818538367748260e-02 1.740277744829654694e-03 3.881033658981323242e-01 1.829608157277107239e-02 6.386515498161315918e-02
9.993937015533447266e-01 9.545638561248779297e-01 9.011397877900506614e-11 9.999955892562866211e-01 1.936423905135598034e-05 5.188305839641527140e-13 1.442232218096251017e-07 5.225659813731908798e-03 7.758323063850047774e-13 3.182700254455994582e-07 6.937151653119144612e-08 1.806603791010275017e-06 1.064214855432510376e-02 1.161924302577972412e-01 1.323857256457783294e-12 2.131175460817757994e-05 8.404912676951425965e-08 2.436368617964035366e-07 7.063404115076332701e-12
1.019786588507543001e-09 2.750232219696044922e-01 1.455535487331158923e-15 1.000000000000000000e+00 4.724300852322442512e-14 2.378268855169720365e-19 1.895814966701436788e-05 1.176966703496873379e-03 5.627277281718235193e-17 7.355340701743415255e-14 2.489451834984682607e-17 3.963643507994537307e-21 3.664883119203210526e-10 9.999998807907104492e-01 2.922290502031105186e-13 3.610280407961852234e-10 1.533309500700852368e-06 9.662823319267488387e-11 3.472750426976815416e-20
5.761312422691844404e-05 3.463008368953524041e-08 3.918912703436373476e-15 9.942881464958190918e-01 4.418601873279470738e-10 2.056282255580299534e-07 4.003734588309271203e-08 2.449399289616849273e-06 8.395048592175164895e-18 1.000000000000000000e+00 1.942705428153285695e-15 1.001678057946264744e-03 7.400125468848273158e-05 2.056677527936812133e-12 1.256783210834555575e-08 4.999741349820396863e-07 1.346684097569550431e-08 1.296824194696455379e-07 5.196321724688211880e-19
1.454730488393912117e-15 1.328843922377385967e-15 4.149690178342927218e-17 1.536999505447056436e-08 4.848264971186056621e-15 1.000000000000000000e+00 3.612873672106942102e-12 2.684696972585632994e-15 5.361841814988110855e-08 4.125055217688770957e-16 6.891126022809236577e-27 3.457937462586928135e-24 2.091196275389242687e-14 1.552844423713395372e-06 9.999401569366455078e-01 1.057351607579155704e-22 6.971020427570806532e-10 9.498809738772706623e-09 1.072880200716911422e-15
1.089774557400029160e-17 4.821942575317181984e-16 1.561994102005321514e-18 3.368373288625825523e-11 2.228832522461077909e-14 1.000000000000000000e+00 7.237988860879247116e-15 1.004670927937638775e-18 3.878895427078532521e-08 5.513632860554498907e-19 9.859772019216995530e-31 6.756605362872027988e-26 2.044217271153809666e-16 4.810377873809557059e-08 9.710783362388610840e-01 4.343318260574899008e-24 2.627918065448153762e-12 4.259717023558096116e-09 2.198034192740674735e-15
1.781572587788105011e-02 8.625356480479240417e-03 1.695586979622021317e-05 2.902220189571380615e-02 1.909407088533043861e-03 1.445307512767612934e-03 2.688141353428363800e-02 7.613920420408248901e-02 4.471035936148837209e-05 9.966013431549072266e-01 2.780258946586400270e-04 3.907057046890258789e-01 5.237484723329544067e-02 1.874539302662014961e-04 2.905107394326478243e-04 1.074875518679618835e-01 5.665382836014032364e-03 1.640669628977775574e-02 2.151855369447730482e-05
9.754262282513082027e-04 1.142894398071803153e-04 2.439163040435232688e-07 1.100559893529862165e-04 5.611270666122436523e-03 1.505355117842555046e-03 1.604155600070953369e-01 5.850562360137701035e-03 2.460845280438661575e-04 9.969645142555236816e-01 2.142937046301085502e-05 6.690167188644409180e-01 1.938859559595584869e-02 1.298327703125323751e-07 4.768539383803727105e-06 1.529816240072250366e-01 5.446255672723054886e-04 7.150800665840506554e-04 2.845385643013287336e-05
1.977487234398722649e-03 2.097254619002342224e-02 9.999650716781616211e-01 1.407224684953689575e-01 1.297185081057250500e-03 8.249734491982962936e-06 7.363122105598449707e-01 3.501496016979217529e-01 1.633808366023004055e-03 5.970268975943326950e-04 1.022786818793974817e-05 3.094780840910971165e-04 2.834665589034557343e-02 1.519574820995330811e-01 1.273135375231504440e-02 2.288874052464962006e-02 8.017289638519287109e-01 1.202392275445163250e-03 2.420834265649318695e-03
4.695743555203080177e-04 1.808724482543766499e-03 5.840061306953430176e-01 3.773529455065727234e-02 2.046383172273635864e-02 7.313304813578724861e-04 9.369514584541320801e-01 8.678751438856124878e-02 1.645640842616558075e-02 9.397693909704685211e-03 1.435628946637734771e-04 5.090023577213287354e-02 5.717302486300468445e-02 1.061120629310607910e-02 1.554226223379373550e-02 1.176459640264511108e-01 3.873831331729888916e-01 8.823860436677932739e-03 3.340859664604067802e-03
9.968734383583068848e-01 8.147333860397338867e-01 1.686894623986745501e-09 9.998100399971008301e-01 1.259753014892339706e-03 2.065659032712829912e-10 2.188546932302415371e-04 1.216261740773916245e-02 1.024558358153626614e-07 1.751367904034850653e-06 5.015864735469222069e-04 5.268467066343873739e-05 4.131868015974760056e-03 2.606861479580402374e-02 1.047273290311068195e-08 1.344402699032798409e-04 3.430726064834743738e-04 2.834358667769265594e-07 2.458354053658240446e-08
2.602947056293487549e-01 1.862368136644363403e-01 7.253628155012847856e-06 9.991636276245117188e-01 8.089959621429443359e-03 1.139493815571768209e-05 2.343327179551124573e-02 6.660784780979156494e-02 9.526662324788048863e-05 8.690651506185531616e-03 2.769346174318343401e-04 4.647459136322140694e-04 2.807063795626163483e-02 1.861642599105834961e-01 8.818666101433336735e-04 4.938845057040452957e-03 1.021206229925155640e-01 5.652875406667590141e-04 1.312884705839678645e-05
2.486194018274545670e-03 3.797098994255065918e-03 2.513460994890692746e-09 9.999970197677612305e-01 2.158823235731688328e-06 9.130792477662907913e-08 5.123647952132159844e-06 1.796033047139644623e-02 1.272123899276333958e-12 8.602913469076156616e-02 1.400966322118168961e-11 5.251820667240281182e-08 2.069921232759952545e-03 8.301846385002136230e-01 5.499517556017963216e-06 1.211087237606989220e-05 1.560768432682380080e-04 3.936805296689271927e-03 4.149104833577749174e-13
1.795904681785032153e-04 2.500721620890544727e-06 2.641436225303550600e-08 2.429083979222923517e-04 5.869718790054321289e-01 4.313754325266927481e-04 9.096057415008544922e-01 1.225108280777931213e-05 3.627893747761845589e-03 1.084408909082412720e-02 7.020932457635353785e-07 9.389116168022155762e-01 1.444356050342321396e-03 1.304951382508079405e-07 2.554079173933132552e-06 3.775950670242309570e-01 1.728775561787188053e-03 5.630156956613063812e-04 3.576287417672574520e-05
7.073546294122934341e-05 8.087427971759098000e-08 2.510374130793024960e-10 3.143399953842163086e-05 6.054795980453491211e-01 4.507561970967799425e-05 6.864941120147705078e-01 2.524537649151170626e-06 3.577989627956412733e-05 2.492947280406951904e-01 4.566593325705525785e-09 9.940506815910339355e-01 4.391905968077480793e-04 9.508213105746676774e-10 1.429284068876768288e-08 5.410309433937072754e-01 1.575682836119085550e-04 1.391135156154632568e-04 1.525907720179020544e-07
3.265673294663429260e-03 3.598520947889483068e-08 6.210595731269419328e-13 1.447074964744388126e-06 9.661507606506347656e-01 4.691814492474577492e-09 9.255189895629882812e-01 2.199970206007151319e-09 3.648299025371670723e-05 6.586443305423017591e-06 8.401821599557379727e-11 9.972850084304809570e-01 5.962959221506025642e-06 2.131191273804788899e-12 5.812170189578580448e-12 1.472084522247314453e-01 1.405607963533839211e-05 2.605442546155245509e-07 1.620344924901928607e-08
1.793756766385601331e-12 2.084113318121666447e-13 1.144544428676783106e-21 2.417465394533024892e-10 5.068633072369266301e-06 1.000000000000000000e+00 6.327550029078254923e-12 6.573371279514846920e-21 1.383669314236612990e-06 4.178684155832111322e-15 1.403482928373310383e-26 1.818447885165341875e-17 3.186843514706399864e-15 7.245371837216740829e-13 9.516136489917670360e-11 3.334983436192309400e-15 1.016512381538624277e-13 1.618272627013084275e-08 1.911253951327254730e-13
3.313704866059197229e-11 2.862893452402204275e-04 2.876045145853815821e-14 1.048432391251297169e-12 1.020155337982942001e-07 1.000000000000000000e+00 6.319294532097785577e-10 1.271895806220890821e-16 1.568618813507782761e-06 3.420388158901360720e-14 1.243752888781923838e-20 3.541967265919567214e-16 2.899757663805610508e-14 2.208967998740263283e-05 1.466032018004881365e-10 1.492433936579450754e-14 5.259688673062612365e-16 8.750559166159632696e-10 1.008063410523618586e-09
3.189348614647904458e-15 3.442132863462621373e-12 2.614755810416598270e-14 2.771556317782142287e-08 5.538371844471257077e-11 9.536980390548706055e-01 9.997543692588806152e-01 7.238138040321917543e-12 5.427462165243923664e-04 7.650845213106965102e-16 7.297911460409044918e-20 1.078012479223443634e-15 9.739905063033127419e-12 2.591887721791863441e-03 8.083710446953773499e-03 4.340236937211416901e-13 1.695885316621570382e-06 1.174590693153731991e-06 1.025842610857807813e-08
5.589434877038002014e-03 2.514625201001763344e-03 1.172409497485205065e-06 8.615002036094665527e-03 1.000800868496298790e-03 4.673137736972421408e-04 2.141281031072139740e-02 3.968457877635955811e-02 1.399594202666776255e-05 9.987963438034057617e-01 5.966299431747756898e-05 4.399672746658325195e-01 2.802626974880695343e-02 2.222480907221324742e-05 4.873637590208090842e-05 1.035232692956924438e-01 2.383233513683080673e-03 5.931693594902753830e-03 4.288126547180581838e-06
5.960376001894474030e-04 4.679058110923506320e-05 4.388504137864401855e-08 7.171397010097280145e-05 2.585369860753417015e-03 5.242709303274750710e-04 7.440900802612304688e-02 4.149334039539098740e-03 4.607129812939092517e-05 9.990862607955932617e-01 6.711642527079675347e-06 6.759791374206542969e-01 1.108788698911666870e-02 3.738524156915445928e-08 1.628037580303498544e-06 1.332437843084335327e-01 2.803149109240621328e-04 4.871454148087650537e-04 4.313178123993566260e-06
3.877112409099936485e-03 1.437477418221533298e-03 1.687831718300003558e-05 5.624144687317311764e-04 4.537440836429595947e-02 6.101927533745765686e-02 4.621430337429046631e-01 8.225851692259311676e-03 1.127391122281551361e-02 8.895787000656127930e-01 1.890262210508808494e-04 5.068132281303405762e-01 5.303486809134483337e-02 1.070465168595546857e-05 1.655439700698480010e-04 1.596072614192962646e-01 2.627654466778039932e-03 3.270155750215053558e-03 3.631742903962731361e-03
3.114029467105865479e-01 3.121899664402008057e-01 1.897002905607223511e-01 1.729400008916854858e-01 4.679296910762786865e-02 6.122025474905967712e-02 3.393756747245788574e-01 3.645509779453277588e-01 9.075579047203063965e-02 2.480484545230865479e-01 3.645206615328788757e-02 1.983954757452011108e-01 3.822780251502990723e-01 1.757812947034835815e-01 1.264109313488006592e-01 1.206144541501998901e-01 1.610228568315505981e-01 3.042342960834503174e-01 5.897082388401031494e-02
3.114029467105865479e-01 3.121899664402008057e-01 1.897002905607223511e-01 1.729400008916854858e-01 4.679296910762786865e-02 6.122025474905967712e-02 3.393756747245788574e-01 3.645509779453277588e-01 9.075579047203063965e-02 2.480484545230865479e-01 3.645206615328788757e-02 1.983954757452011108e-01 3.822780251502990723e-01 1.757812947034835815e-01 1.264109313488006592e-01 1.206144541501998901e-01 1.610228568315505981e-01 3.042342960834503174e-01 5.897082388401031494e-02
3.114029467105865479e-01 3.121899664402008057e-01 1.897002905607223511e-01 1.729400008916854858e-01 4.679296910762786865e-02 6.122025474905967712e-02 3.393756747245788574e-01 3.645509779453277588e-01 9.075579047203063965e-02 2.480484545230865479e-01 3.645206615328788757e-02 1.983954757452011108e-01 3.822780251502990723e-01 1.757812947034835815e-01 1.264109313488006592e-01 1.206144541501998901e-01 1.610228568315505981e-01 3.042342960834503174e-01 5.897082388401031494e-02
1.805166453123092651e-01 3.804460763931274414e-01 9.956617951393127441e-01 2.007683068513870239e-01 4.153706133365631104e-02 6.317991297692060471e-03 3.681989610195159912e-01 5.043408274650573730e-01 1.682156324386596680e-02 7.472196221351623535e-02 1.202080398797988892e-02 3.012223914265632629e-02 2.135335654020309448e-01 4.389161169528961182e-01 1.117098033428192139e-01 1.716204285621643066e-01 2.593844234943389893e-01 4.930866882205009460e-02 4.280269145965576172e-02
5.506255850195884705e-02 3.218713700771331787e-01 9.999973773956298828e-01 5.926559120416641235e-02 4.211720544844865799e-03 7.124093826860189438e-05 1.406028866767883301e-01 4.459528326988220215e-01 2.370622823946177959e-04 6.235072389245033264e-03 1.521935919299721718e-04 7.902797078713774681e-04 8.361850678920745850e-02 6.864339113235473633e-01 1.799445226788520813e-02 7.006605714559555054e-02 1.060284376144409180e-01 2.678379649296402931e-03 5.069905426353216171e-03
3.490641713142395020e-02 1.604838073253631592e-01 9.999650716781616211e-01 1.506525725126266479e-01 3.399930894374847412e-03 1.189954346045851707e-04 5.151336193084716797e-01 5.345401167869567871e-01 6.441260688006877899e-03 4.820334259420633316e-03 2.278227184433490038e-04 8.687964873388409615e-04 1.072937995195388794e-01 3.550815880298614502e-01 4.865337908267974854e-02 4.729533940553665161e-02 5.856334567070007324e-01 7.282169535756111145e-03 1.429024711251258850e-02
1.483230153098702431e-03 8.700357284396886826e-04 6.512957215309143066e-01 1.715867081657052040e-03 7.263871282339096069e-02 8.288970275316387415e-05 5.606112480163574219e-01 1.202916130423545837e-01 3.686093259602785110e-04 6.015349626541137695e-01 6.899315485497936606e-05 7.699772715568542480e-01 1.002716571092605591e-01 3.549298562575131655e-04 8.008823351701721549e-05 4.960093796253204346e-01 4.157471284270286560e-02 3.449008334428071976e-03 1.634187356103211641e-04
6.145533916424028575e-06 5.678847947443443900e-10 3.706849907406652799e-19 8.671261930714990740e-09 7.449036729667568579e-07 1.841528318724527935e-11 1.783918196451850235e-05 1.554968093842035159e-06 5.065784726106855457e-15 1.000000000000000000e+00 7.228128550340259806e-14 9.442355036735534668e-01 3.430504511925391853e-05 1.477744764000060582e-17 6.341515976922252554e-16 1.540603954344987869e-02 2.308127244887714369e-09 8.650335558968436089e-08 2.045215446542589656e-16
4.997385751742688953e-12 4.930286845450382316e-09 2.795264841871946716e-16 8.542583307402651371e-11 2.699875878420243680e-08 3.267212542179542822e-11 9.739601612091064453e-01 1.147700473666191101e-03 7.778193200635996618e-09 9.996805191040039062e-01 7.554838699075361319e-11 9.018334150314331055e-01 1.880025520222261548e-04 1.162726192454124896e-13 1.164802195668945828e-12 2.554164826869964600e-01 1.043621014105156064e-04 3.279422955415611796e-08 6.179175504605893821e-10
8.158254623413085938e-01 1.999532282352447510e-01 4.487130045890808105e-01 7.528788596391677856e-02 5.549345016479492188e-01 2.142431447282433510e-03 4.631011188030242920e-01 8.658468723297119141e-02 1.671072840690612793e-02 1.956837438046932220e-02 1.539160683751106262e-02 5.473346114158630371e-01 1.604251563549041748e-01 1.823891885578632355e-02 3.698524320498108864e-03 1.479333192110061646e-01 7.904991507530212402e-02 1.363540533930063248e-02 1.589412428438663483e-02
7.278695702552795410e-03 2.547160023823380470e-03 3.607426697271876037e-05 1.081240363419055939e-03 3.955928236246109009e-02 2.618648484349250793e-02 5.036349892616271973e-01 1.968729496002197266e-02 1.067055668681859970e-02 9.149653315544128418e-01 5.587898776866495609e-04 5.727326273918151855e-01 8.521829545497894287e-02 2.033355303865391761e-05 2.490441547706723213e-04 1.971002221107482910e-01 5.213889293372631073e-03 4.668573848903179169e-03 3.781250212341547012e-03
3.211849927902221680e-02 3.127916529774665833e-02 4.949418362230062485e-03 1.799101568758487701e-02 1.729277521371841431e-01 4.577591121196746826e-01 4.374971091747283936e-01 3.790730237960815430e-02 1.443334072828292847e-01 3.727245032787322998e-01 5.333186127245426178e-03 2.721737921237945557e-01 1.012335866689682007e-01 4.189984407275915146e-03 1.994910091161727905e-02 1.577923446893692017e-01 3.141415119171142578e-02 4.410902783274650574e-02 6.304096430540084839e-02
3.401151625439524651e-04 3.658439964056015015e-03 8.243695788223703858e-07 5.096556833450449631e-06 7.464161608368158340e-04 1.165695721283555031e-06 9.997051358222961426e-01 1.016329741105437279e-03 2.167380601167678833e-01 5.094994776300154626e-05 2.691024215891957283e-03 7.427668571472167969e-02 4.464523401111364365e-03 3.767425732803530991e-05 3.471258096396923065e-04 5.129376426339149475e-03 2.953334450721740723e-01 1.121445529861375690e-04 1.846752613782882690e-01
9.761224389076232910e-01 4.450012464076280594e-03 5.597852847927242692e-08 1.246436149813234806e-04 8.419219255447387695e-01 2.671892787020624382e-07 8.173041343688964844e-01 5.075550234323600307e-06 8.219855837523937225e-03 3.256037416576873511e-06 4.010604607174172997e-05 8.705933094024658203e-01 2.325202804058790207e-04 1.480147062693504267e-07 4.701096756321021530e-08 1.677227579057216644e-02 4.513280873652547598e-04 1.787261567187670153e-06 5.706955562345683575e-04
3.472239971160888672e-01 7.439194014295935631e-04 4.678444298633621656e-10 2.323666592474182835e-07 1.423355541191995144e-03 1.708106225351002649e-07 6.753323972225189209e-02 2.496472734492272139e-04 2.799636240524705499e-05 8.395478725433349609e-01 2.902862888731760904e-06 8.253807425498962402e-01 3.903830051422119141e-01 4.614385956669408984e-11 3.342198739986201872e-11 1.561848353594541550e-02 1.732807049847906455e-06 6.909993317094631493e-06 7.704707240918651223e-05
1.210109966203476989e-24 5.737715985097537535e-18 4.726992886810577964e-19 3.027287975854164870e-09 1.836839584340968403e-17 1.611591395635506708e-23 1.000000000000000000e+00 7.654453071381794871e-08 6.071022795595126809e-09 1.169692777717962440e-17 8.016301283968977221e-17 5.742665186696943591e-14 2.419641570439168277e-11 1.162666407594770135e-09 3.853153529576047731e-08 1.565658047653073481e-09 9.999985694885253906e-01 1.128765310387525034e-11 5.188660057164895534e-10
8.228060830107377065e-25 7.587390269259001226e-18 1.014320661867317542e-19 6.091041893085957781e-09 2.105979009375101997e-17 1.417376996213714486e-23 1.000000000000000000e+00 3.385156333024497144e-08 5.225140320419541240e-09 6.664479217234599106e-18 4.224278046793568788e-17 4.471317521966000630e-14 2.324293882360883856e-11 1.335123234191826214e-09 3.745940091448574094e-08 1.281743822190151150e-09 9.999958276748657227e-01 4.288553019649032905e-12 1.798897697469215018e-10
1.032308460935382755e-07 1.834825763546987787e-10 1.044354318118926177e-17 1.962884965678313165e-08 2.771504514385014772e-04 3.692501637786449464e-09 3.924621734768152237e-03 8.528495527571067214e-07 1.141001789578544034e-11 9.999994039535522461e-01 1.930054016998153377e-13 9.937174320220947266e-01 3.831026788247982040e-06 1.665186729688438935e-15 1.418233342180205692e-13 1.808316111564636230e-01 6.732046387014634092e-08 1.453012856700297561e-07 2.771537204382043540e-14
3.764660505112260580e-05 6.290780447670840658e-07 3.300439435638402585e-11 6.476895578089170158e-06 1.035136822611093521e-02 8.467683983326423913e-06 9.057088196277618408e-02 1.416595332557335496e-04 7.397738954750820994e-07 9.994052648544311523e-01 1.934839488626494131e-08 9.620758891105651855e-01 5.820536753162741661e-04 3.166124584730312108e-10 7.105017907349520101e-09 2.708857357501983643e-01 3.998704778496176004e-05 4.427882959134876728e-05 1.701348750771103369e-08
3.043531905859708786e-03 1.639919064473360777e-04 1.147093280451372266e-05 4.115165211260318756e-03 5.579094886779785156e-01 1.343206409364938736e-02 8.051431179046630859e-01 5.343229859136044979e-04 3.363187611103057861e-02 4.891281947493553162e-02 8.671321847941726446e-05 8.299856185913085938e-01 9.671289473772048950e-03 2.594884244899731129e-05 2.368822169955819845e-04 3.542970716953277588e-01 1.121096126735210419e-02 9.589020162820816040e-03 1.237811287865042686e-03
1.725810021162033081e-01 2.913152612745761871e-02 1.481187762692570686e-03 9.994978904724121094e-01 3.166752308607101440e-02 5.091893952339887619e-03 1.338971219956874847e-02 2.796982787549495697e-02 1.750872470438480377e-04 2.666036412119865417e-02 3.562328129191882908e-05 5.799054051749408245e-04 4.141347110271453857e-02 8.880153298377990723e-02 2.295811474323272705e-02 8.836209774017333984e-03 3.254158422350883484e-02 5.690343212336301804e-03 4.158039882895536721e-05
1.683340966701507568e-01 1.041566953063011169e-01 2.105990890413522720e-03 9.939780235290527344e-01 1.442562695592641830e-02 3.879671450704336166e-03 1.520536933094263077e-02 1.348050236701965332e-01 6.272227619774639606e-05 1.653176397085189819e-01 9.187895193463191390e-05 2.231568330898880959e-03 9.591064602136611938e-02 3.603202998638153076e-01 1.994758099317550659e-02 1.646456122398376465e-02 2.993172965943813324e-02 6.536381691694259644e-02 3.952889164793305099e-05
1.849792748689651489e-01 1.333457827568054199e-01 1.092227874323725700e-03 9.311801195144653320e-01 8.116078563034534454e-03 4.068240057677030563e-03 1.847799867391586304e-02 1.965786367654800415e-01 5.519697151612490416e-05 7.489060163497924805e-01 3.605857200454920530e-04 3.337908163666725159e-02 1.664480715990066528e-01 1.299042701721191406e-01 9.494211524724960327e-03 2.929680235683917999e-02 2.567113004624843597e-02 8.502687513828277588e-02 5.600864460575394332e-05
1.269704895094037056e-03 1.185569539666175842e-02 1.012610823636350688e-06 9.643858647905290127e-04 6.182794459164142609e-03 6.295179948210716248e-03 4.182450175285339355e-01 4.932427406311035156e-02 2.384911989793181419e-03 9.653220176696777344e-01 2.432590699754655361e-04 4.723151624202728271e-01 4.938929527997970581e-02 3.406416726647876203e-05 5.604904436040669680e-05 1.937155872583389282e-01 4.487851634621620178e-03 2.058879937976598740e-03 4.145315906498581171e-04
1.462898915633559227e-03 9.762492030858993530e-03 1.522697971267916728e-06 8.113458752632141113e-04 8.802933618426322937e-03 9.002955630421638489e-03 4.758788645267486572e-01 4.301957041025161743e-02 3.232080722227692604e-03 9.550445675849914551e-01 2.743453078437596560e-04 4.876289665699005127e-01 5.503030121326446533e-02 2.884080276999156922e-05 6.834923988208174706e-05 2.010782510042190552e-01 4.843894392251968384e-03 2.106512896716594696e-03 6.062082829885184765e-04
2.530786732677370310e-04 2.926709596067667007e-03 1.571691399249175447e-07 6.076069621485657990e-05 8.981476537883281708e-03 5.432479456067085266e-02 6.073728799819946289e-01 7.049705367535352707e-03 3.367833560332655907e-03 9.038599133491516113e-01 2.969807974295690656e-05 3.950220048427581787e-01 2.593014389276504517e-02 3.337867383379489183e-06 1.905306999105960131e-05 1.346015781164169312e-01 1.047550351358950138e-03 4.643409047275781631e-04 5.732376012019813061e-04
6.896464583405759186e-06 3.109521742317156168e-07 2.929359432433074895e-14 2.804935320455115288e-05 4.216353772790171206e-05 7.661711975970320054e-08 1.121740438975393772e-03 1.027419348247349262e-04 9.360190400542478528e-11 9.999989271163940430e-01 1.603467636446254119e-10 8.940063118934631348e-01 1.018369512166827917e-04 3.010551877236089524e-11 4.266016428999819254e-10 9.030894935131072998e-02 3.042394155272631906e-06 6.300612767518032342e-06 3.013186922196098294e-12
2.946739783510565758e-03 2.823127724695950747e-04 6.020775344950379804e-06 9.733035112731158733e-04 3.530108034610748291e-01 2.294052578508853912e-02 6.668161153793334961e-01 1.365392701700329781e-03 1.303596608340740204e-02 3.484884500503540039e-01 8.489753963658586144e-05 8.459119796752929688e-01 2.331949211657047272e-02 8.920100299292244017e-06 8.206522034015506506e-05 3.570613563060760498e-01 5.431472323834896088e-03 5.389130208641290665e-03 1.014084904454648495e-03
1.414672564715147018e-02 7.601987104862928391e-03 1.640324044274166226e-04 2.130111493170261383e-02 2.793391644954681396e-01 9.177061915397644043e-01 1.930026412010192871e-01 6.473695975728332996e-04 1.999383717775344849e-01 1.468432415276765823e-02 2.725378726609051228e-04 4.260269552469253540e-02 5.127444397658109665e-03 2.010184340178966522e-03 7.792561315000057220e-03 2.415559813380241394e-02 4.826589953154325485e-03 2.408517897129058838e-02 1.868910528719425201e-02
7.351884269155561924e-04 3.748726218333331417e-09 3.683595583506976689e-13 1.467618767492240295e-05 9.642505049705505371e-01 8.317828092962997744e-10 5.257371068000793457e-01 1.876033550729516719e-08 2.740933524592037429e-08 3.609519684687256813e-03 2.557502603792172202e-12 9.997597336769104004e-01 1.011653330351691693e-05 5.793310709628629596e-12 5.543492097651037120e-13 5.043131113052368164e-01 1.038192931446246803e-05 6.882168236188590527e-06 4.078049356537327697e-11
6.843732691663717560e-09 1.615338902638541185e-07 2.409663451847371407e-13 1.388112513822647998e-09 6.573955488420324400e-06 2.986872402743756538e-07 9.916011691093444824e-01 6.017421837896108627e-04 1.902008261822629720e-05 9.598514437675476074e-01 4.385123375527655298e-08 7.145149111747741699e-01 7.727654650807380676e-03 1.418094201094399764e-11 4.229581684889183180e-10 1.650345027446746826e-01 1.356800785288214684e-04 8.401440254601766355e-07 3.649450263765174896e-06
9.829958081245422363e-01 1.104928925633430481e-02 2.610379597172141075e-04 1.814025640487670898e-01 9.260747432708740234e-01 8.555508088647911791e-07 3.969475030899047852e-01 5.826492633786983788e-05 3.047817735932767391e-04 1.122993580793263391e-06 1.321107556577771902e-04 5.194717049598693848e-01 1.978768268600106239e-04 1.404328504577279091e-04 1.077205706678796560e-05 2.448439784348011017e-02 8.766093291342258453e-03 1.376079490000847727e-05 3.826270403806120157e-05
9.999498128890991211e-01 6.956635415554046631e-02 5.969350039958953857e-02 2.598334103822708130e-03 9.055580496788024902e-01 3.763570344261779610e-09 5.344832688570022583e-02 1.477472978876903653e-04 4.664508708174253115e-07 1.974533603288364247e-07 2.931313474618946202e-06 5.848740935325622559e-01 1.920310198329389095e-03 9.998436144087463617e-05 5.560785609759477666e-09 2.119635231792926788e-03 5.805638284073211253e-05 5.392687967287201900e-07 1.563501882628770545e-06
4.690521235306555070e-11 4.361163258867831183e-14 8.791773378242757763e-23 1.420507711458185440e-09 1.313282950832217466e-06 2.121861172009464891e-13 2.684595528990030289e-04 3.651057767228849116e-08 2.770422755192407176e-17 1.000000000000000000e+00 2.180251639294299607e-18 9.988369345664978027e-01 1.338321009569654052e-08 7.544843097078993987e-19 1.526900898343310311e-16 1.755163073539733887e-01 3.445027596526983871e-09 3.652428137712604439e-09 3.689735088168533166e-20
7.211229530179608105e-11 2.472793088456777533e-14 9.698464030850871178e-25 1.040740965629893822e-10 1.208818733999805772e-08 8.909185374031750038e-14 2.486398898327024654e-06 2.513418806415756990e-08 3.519039583302253556e-19 1.000000000000000000e+00 4.085974440991437624e-19 9.926901459693908691e-01 1.088283951844459807e-08 7.372197126177708481e-21 5.373639883107835381e-18 2.690863423049449921e-02 7.493358711307962494e-11 4.128129504898936375e-10 4.006540981470437950e-22
2.814929187297821045e-01 4.145650565624237061e-01 9.579873876646161079e-04 8.303706049919128418e-01 9.757616370916366577e-02 2.455394249409437180e-03 5.561940670013427734e-01 7.166408002376556396e-02 1.542312353849411011e-01 7.229967042803764343e-03 3.186544477939605713e-01 4.997500404715538025e-02 2.204172872006893158e-02 9.218113869428634644e-02 1.132482010871171951e-02 4.746597632765769958e-02 1.111356541514396667e-01 2.792570041492581367e-03 2.134890295565128326e-02
8.443976044654846191e-01 2.358357012271881104e-01 6.756892544217407703e-04 3.031258704140782356e-03 1.934090629220008850e-02 1.319928793236613274e-03 6.420913934707641602e-01 1.568644121289253235e-02 4.385399222373962402e-01 1.249058078974485397e-02 1.573369093239307404e-02 2.425913512706756592e-01 3.878437727689743042e-02 5.212844116613268852e-04 2.441187389194965363e-04 6.272404920309782028e-03 3.238032758235931396e-02 2.506772056221961975e-03 5.124208331108093262e-01
7.332200407981872559e-01 4.246284365653991699e-01 3.179125115275382996e-02 5.937472358345985413e-02 9.322477132081985474e-02 1.181877218186855316e-02 5.338549017906188965e-01 1.989442259073257446e-01 3.353964686393737793e-01 6.991960853338241577e-02 1.202694401144981384e-01 2.868385016918182373e-01 2.009128779172897339e-01 2.161571756005287170e-02 9.541875682771205902e-03 5.857819318771362305e-02 1.438824236392974854e-01 3.124865144491195679e-02 3.007667958736419678e-01
1.284658792428672314e-04 6.340649179037427530e-06 4.935101216574366845e-10 3.218579513486474752e-05 1.068006458808667958e-04 1.924850221257656813e-05 4.757429938763380051e-03 2.212997758761048317e-03 1.982679691536759492e-07 9.999833106994628906e-01 1.829261719876740244e-07 6.095647215843200684e-01 2.409030916169285774e-03 2.400113885414612014e-09 8.490291492080359603e-08 7.050213962793350220e-02 4.489330240176059306e-05 1.835829898482188582e-04 1.249226322386221000e-08
7.156299034249968827e-06 2.299117659276816994e-05 1.062182519717680407e-07 3.872074885293841362e-04 1.536767929792404175e-02 1.663313829340040684e-03 9.987157583236694336e-01 1.230792440765071660e-05 4.521440267562866211e-01 2.872000914067029953e-05 9.229417628375813365e-06 2.110264822840690613e-02 1.789970701793208718e-04 1.117549109039828181e-04 2.601431682705879211e-03 1.341635826975107193e-02 2.413120819255709648e-03 3.346855286508798599e-03 4.702269099652767181e-03
2.331653519149767817e-07 1.377166699967347085e-05 9.258408084633629187e-08 1.961175119504332542e-03 1.862027682363986969e-03 1.224616516992682591e-05 9.998656511306762695e-01 1.235750823980197310e-04 1.101443991065025330e-01 1.106478794099530205e-05 1.535265801066998392e-05 5.235651507973670959e-03 3.878362476825714111e-04 4.617183003574609756e-04 3.921672236174345016e-03 2.735641039907932281e-02 2.458140812814235687e-02 1.479505910538136959e-03 6.599221378564834595e-04
5.726582184433937073e-02 3.219132125377655029e-01 2.848368585109710693e-01 2.186882346868515015e-01 2.156809344887733459e-02 7.555736228823661804e-03 3.490005433559417725e-01 5.091489553451538086e-01 1.014368515461683273e-02 4.935360252857208252e-01 1.742680184543132782e-02 2.230742722749710083e-01 1.960521489381790161e-01 3.962083160877227783e-01 5.152663588523864746e-02 2.552032470703125000e-01 1.801875680685043335e-01 1.314162462949752808e-01 8.114743046462535858e-03
1.842689130171493161e-06 2.577550276328111067e-06 1.055814907886087894e-03 3.390190249774605036e-05 2.609153278172016144e-03 2.791033750781934941e-07 7.706975936889648438e-01 4.135975614190101624e-02 4.447130777407437563e-06 8.740315437316894531e-01 3.608481335959368153e-07 9.256842136383056641e-01 1.158100366592407227e-02 1.346747808383952361e-06 8.639912607577571180e-07 6.137064695358276367e-01 1.567385718226432800e-02 2.635132696013897657e-04 1.053738174050522503e-06
1.000791627348007751e-08 1.723702014455597009e-10 1.072523214446126361e-13 4.587162649727360986e-08 9.922953722707461566e-06 5.123761415148919696e-10 5.137914326041936874e-03 4.282609734218567610e-05 3.539975170635534241e-12 9.999996423721313477e-01 1.684805290072532991e-12 9.863373637199401855e-01 6.615123311348725110e-06 3.890808031661863176e-13 1.675010824486733441e-11 2.827084660530090332e-01 4.111666385142598301e-06 1.986287998079205863e-06 4.302001056820728420e-14
1.702624707888844569e-08 9.696622480721600774e-16 1.107479681157600190e-19 1.000000000000000000e+00 5.957059556749300100e-07 4.883689186385709036e-08 2.397682010268908925e-06 8.215267116758184773e-13 7.784886017075942632e-13 3.308994517194768781e-14 6.809624827571448632e-26 3.844660523903460015e-19 1.409502809607277030e-11 5.264486329509265872e-12 1.911422941702767275e-06 1.063902858497965676e-13 7.836955046514049172e-05 9.129767491870052071e-15 1.828077029729468888e-21
1.062719443695181454e-11 1.482911253373239008e-14 1.263212103854978539e-15 1.000000000000000000e+00 4.751635890309913179e-11 2.533046946566301638e-14 6.529306527227163315e-03 4.468807190960433218e-08 9.506216885717122533e-14 7.994863993922296519e-13 1.018832002893756830e-24 5.542267139174699785e-20 9.702572079106630554e-10 4.544647325133155391e-08 1.534364128019660711e-05 6.918960846966082379e-14 9.649375081062316895e-01 3.118324283686579879e-13 5.369001558295823776e-21
1.737234384124874964e-10 6.822949492988217984e-15 9.498662542967696251e-17 1.000000000000000000e+00 8.202835743986724992e-09 7.218629340111082371e-12 1.610593404620885849e-03 9.856925275997241442e-10 1.806915077631754407e-12 2.919410318959897443e-13 2.202657025127656553e-24 7.483730476435693457e-19 2.996237702390658342e-10 1.389344195246167146e-09 8.475140930386260152e-06 3.316616458467341877e-13 2.863145172595977783e-01 4.916076226657573045e-14 2.504880124719155821e-20
4.961077123880386353e-02 1.002263277769088745e-02 4.468231927603483200e-04 2.485841326415538788e-02 4.195530433207750320e-03 4.480065777897834778e-03 3.106964752078056335e-02 1.061111539602279663e-01 1.820745383156463504e-04 9.920584559440612793e-01 1.356007182039320469e-03 3.764095008373260498e-01 9.019092470407485962e-02 4.088606219738721848e-04 1.207572757266461849e-03 1.196025088429450989e-01 8.088785223662853241e-03 3.458547219634056091e-02 1.123861729865893722e-04
4.403456673026084900e-02 1.209444180130958557e-01 1.117724896175786853e-04 4.022476673126220703e-01 2.250386023661121726e-04 5.164694157429039478e-04 1.219486817717552185e-02 3.434944152832031250e-01 1.090840214601485059e-05 9.685471057891845703e-01 4.367438959889113903e-04 7.949870079755783081e-02 1.148737668991088867e-01 4.728430509567260742e-02 9.665824472904205322e-04 4.169172048568725586e-02 1.025794539600610733e-02 1.269626319408416748e-01 1.868676736194174737e-05
2.146317958831787109e-01 1.975377649068832397e-01 3.695339336991310120e-02 2.299299538135528564e-01 4.193734377622604370e-02 4.766869172453880310e-02 2.195501625537872314e-01 3.844423294067382812e-01 1.890766248106956482e-02 7.468839287757873535e-01 3.851115703582763672e-02 3.472231924533843994e-01 2.993451654911041260e-01 8.108489215373992920e-02 6.408969312906265259e-02 1.884008795022964478e-01 1.091675683856010437e-01 2.582079470157623291e-01 1.257140561938285828e-02
8.291990986837795730e-18 1.823011414135017327e-13 7.079556942886499605e-21 2.064359967690609921e-13 3.648327417948848961e-09 3.001293935600557461e-10 1.000000000000000000e+00 4.481332804839865958e-10 2.740631089181988500e-06 1.126370534620946273e-07 1.150703258570031588e-15 4.452263237908482552e-05 7.245705091918352991e-06 1.045071689777243851e-13 5.736423142055357971e-11 1.770067028701305389e-04 2.952549493784317747e-06 1.506706426290804757e-10 4.183306590022084492e-09
