4.124990550958412827e-13 6.780631611746912313e-11 1.823518667756414446e-17 9.971642866730690002e-04 6.570537038896873128e-07 1.893313879008928780e-07 1.000000000000000000e+00 7.330142048900256668e-11 1.074852771125733852e-04 7.628529833650019021e-14 5.184707198989293563e-16 2.819142974619381903e-10 1.387519654727498164e-09 8.765041457081679255e-06 2.344097942113876343e-03 1.465306720405123997e-08 1.271717483177781105e-04 4.317943336218377226e-09 1.516096359566176943e-09
4.686104133725166321e-03 1.966493755389819853e-06 3.573042306470597396e-07 9.994763731956481934e-01 1.061290502548217773e-01 5.784443113952875137e-03 7.439205050468444824e-02 6.141555786598473787e-06 5.239407255430705845e-05 9.743909467943012714e-04 1.993000431355085311e-09 2.232469851151108742e-03 2.643779444042593241e-04 8.834416007630352397e-07 2.285062102600932121e-03 1.332910265773534775e-03 4.698639735579490662e-03 1.708126001176424325e-05 1.533418370058825531e-08
7.303995080292224884e-03 1.745881163515150547e-04 9.049214895640034229e-06 9.999712705612182617e-01 2.748554106801748276e-03 3.616793826222419739e-02 4.457718692719936371e-03 4.199013928882777691e-04 9.520560706732794642e-05 1.095975894713774323e-04 5.419583448684761606e-09 4.518966818523040274e-07 9.377085370942950249e-04 2.131899353116750717e-03 2.282905578613281250e-02 4.546346099232323468e-05 5.246528424322605133e-03 2.624236512929201126e-04 3.534777306413161568e-07
4.095573723316192627e-02 3.127330169081687927e-02 8.386389613151550293e-01 3.598638251423835754e-02 2.306672558188438416e-02 7.278254628181457520e-01 4.517506659030914307e-01 1.025248132646083832e-02 2.720673382282257080e-01 1.058162096887826920e-02 3.240556106902658939e-04 1.174273528158664703e-02 1.442220993340015411e-02 1.976457424461841583e-02 1.290545463562011719e-01 6.792807485908269882e-03 4.958079010248184204e-02 1.823181286454200745e-02 1.381892859935760498e-01
5.097173794155196447e-09 6.824892579970764928e-07 5.598376873194865766e-08 1.088434897766887843e-09 1.970790181076154113e-04 1.000000000000000000e+00 7.003357609391969163e-07 4.465236774081615678e-12 3.153725340962409973e-02 5.945997472167618980e-08 6.915781424095268637e-14 2.196939519194529566e-08 7.013875702455152350e-09 7.709000726663362002e-08 1.142018754762830213e-05 5.567814653772984457e-08 6.168250354932069968e-09 5.436520496004959568e-06 9.786606766283512115e-03
4.689168126787990332e-04 5.908577004447579384e-04 9.820515513420104980e-01 3.142479954476584680e-06 3.675106927403248847e-05 9.704452008008956909e-03 9.603461027145385742e-01 1.749569055391475558e-04 5.151072144508361816e-01 5.019727395847439766e-04 9.134786296272068284e-07 8.248098893091082573e-04 5.097088869661092758e-04 2.829874802046106197e-06 8.675581193529069424e-05 2.491572231519967318e-04 8.742779493331909180e-03 4.790127786691300571e-05 4.864200651645660400e-01
6.079366812627995387e-06 1.886553064878171426e-07 7.639983264084992953e-12 4.628230958203527479e-12 1.206616029314488969e-09 3.478498011827468872e-02 8.511904478073120117e-01 4.877498578637062820e-12 7.566437125205993652e-01 9.749273033321514959e-08 3.542238117409945986e-12 5.158271505933953449e-06 4.988134350014661322e-10 4.328068394128525842e-13 4.018918253745340508e-10 2.117627323494630787e-10 3.078824590829754015e-07 2.406794976650417084e-07 9.987149238586425781e-01
9.999998807907104492e-01 3.919787758266402022e-11 1.720940701861463824e-27 9.962922930717468262e-01 9.999873638153076172e-01 2.800142877983038123e-23 3.403312759473919868e-03 1.208227048592291175e-18 1.387206950823987767e-17 2.332909889292492247e-19 8.082363186003593646e-21 6.366655230522155762e-01 6.318290227629421232e-15 3.518945491507575649e-19 1.170308055337094695e-18 1.363437422696733847e-05 3.603156883968949842e-08 4.211580576236696047e-18 7.714910558350408686e-24
2.344948297832161188e-04 1.174574063043110073e-04 6.921774183865636587e-05 1.683626882731914520e-02 1.281251752516254783e-04 9.958446621894836426e-01 3.839340526610612869e-03 4.345437337178736925e-04 7.941051386296749115e-03 4.089309950359165668e-04 2.104303149508268689e-07 2.137407136615365744e-06 4.475862951949238777e-04 2.317357622087001801e-02 9.495210051536560059e-01 2.491518898750655353e-06 4.972494672983884811e-03 5.957549437880516052e-03 6.397142715286463499e-05
1.541603851364925504e-04 5.579935968853533268e-04 6.374136864906176925e-05 1.180742518045008183e-03 2.818475244566798210e-03 9.999291896820068359e-01 7.355777779594063759e-04 3.427643241593614221e-05 2.055573090910911560e-02 9.442695591133087873e-05 1.071843414024442609e-07 6.969995865802047774e-06 1.804285711841657758e-04 4.774274770170450211e-03 1.248748973011970520e-01 1.476609395467676222e-05 5.999862914904952049e-04 6.012303289026021957e-03 8.458697702735662460e-04
6.813224870711565018e-03 8.300843238830566406e-01 9.999366998672485352e-01 9.837679266929626465e-01 1.430387492291629314e-04 9.107707228395156562e-06 8.805043180473148823e-04 7.066268473863601685e-02 8.058910339059366379e-08 5.609424533759010956e-06 2.752387081272900105e-04 3.940243118449870963e-07 1.515652169473469257e-03 9.978990554809570312e-01 2.030137693509459496e-03 7.957017980515956879e-03 1.603328710189089179e-04 2.731757704168558121e-03 1.942421704370644875e-06
5.217164158821105957e-01 3.810333737419568934e-08 5.573550908316180982e-16 3.634684220266137800e-10 8.931454420089721680e-01 3.019626081907718536e-15 1.501574814319610596e-01 5.935341107488056878e-10 1.034309443648240290e-10 3.857202318613417447e-05 1.808592372273907373e-14 9.999519586563110352e-01 3.513776755426079035e-05 1.089280598225436994e-16 4.572126129200354096e-21 2.226915210485458374e-02 9.728886585236296014e-10 7.889183750720007993e-11 6.128389896248309654e-13
9.683396220207214355e-01 4.861095082020483460e-09 9.509933375122098785e-18 2.706501618376933038e-05 9.995107650756835938e-01 2.822459364039138063e-16 6.803317070007324219e-01 6.634273751020269838e-13 4.810095724505636383e-11 3.177115168173649806e-11 2.320470899442152526e-15 9.988409876823425293e-01 9.767616715450344600e-10 1.186288806750079253e-15 3.147226023522972725e-17 2.456800080835819244e-02 4.419436834268708481e-07 3.124956127198430522e-10 4.660752205454688629e-15
3.213076332775344213e-11 1.139250249693191108e-09 1.703502269800871716e-11 9.999616146087646484e-01 1.229828196745719193e-12 2.172831692348609067e-08 3.316252550575882196e-04 8.851058664731681347e-04 3.712215403779348111e-14 4.137810662996344035e-07 5.326447397085875318e-21 4.363413200721887259e-16 2.922828059581661364e-07 2.514971047639846802e-02 7.104279994964599609e-01 8.320373903747402267e-12 7.424876093864440918e-01 9.902151823043823242e-01 4.397447232696748812e-18
3.839940298348665237e-03 1.362353912554681301e-03 1.359589165076613426e-03 1.837110891938209534e-02 2.033667871728539467e-03 6.712097092531621456e-04 8.330965787172317505e-02 8.953897655010223389e-02 3.803957224590703845e-05 9.957621693611145020e-01 1.198938698507845402e-04 4.926531314849853516e-01 4.595991969108581543e-02 2.298812178196385503e-04 9.087481303140521049e-04 1.796935349702835083e-01 1.727621443569660187e-02 2.318140305578708649e-02 2.187714198953472078e-05
1.268096209979771367e-18 5.510738131423822569e-24 3.383245311008091620e-27 1.000000000000000000e+00 6.463807523352394641e-15 5.432296490066103565e-26 6.102815270423889160e-01 8.521984252172001839e-14 4.017347643809045767e-21 4.633566972525776253e-19 4.917219537902493438e-37 1.806674015369585177e-23 1.739701319201231167e-14 1.152997426131846179e-14 1.386747161546963980e-09 5.458807060720785153e-17 9.981057643890380859e-01 2.577952403770909323e-21 5.986827993568434947e-31
4.325973093509674072e-01 1.621848344802856445e-02 9.999777078628540039e-01 9.959813356399536133e-01 8.156636031344532967e-04 9.040020813699811697e-06 4.416343581397086382e-04 8.950779214501380920e-03 5.905656408344839292e-09 1.289556827396154404e-02 6.914608093211427331e-06 1.466777903260663152e-04 6.408621072769165039e-01 1.775139570236206055e-01 3.162290528416633606e-02 6.757114082574844360e-03 1.263010344700887799e-04 2.173520177602767944e-01 1.820908863692238810e-07
5.135694518685340881e-03 2.511689672246575356e-05 3.321689234780933475e-08 9.994810223579406738e-01 1.557492185384035110e-02 3.368236823007464409e-03 4.355062544345855713e-01 8.309237273351754993e-06 2.877507824450731277e-03 5.866214110028522555e-07 1.314439845856441025e-08 1.601877215762215201e-06 1.320052251685410738e-05 2.398173965048044920e-04 4.116134718060493469e-02 1.555972085043322295e-05 1.549239363521337509e-02 2.772648485915851779e-06 2.732783059400389902e-06
2.799034615197371068e-10 3.444858620582635922e-08 3.237776713405082774e-11 9.204033613204956055e-01 1.611193965800339356e-06 1.399867102236385108e-07 9.999648332595825195e-01 5.864619723183750466e-08 1.220064805238507688e-04 8.508999928269478374e-12 2.252127791983055127e-13 9.452839205836838232e-11 5.804570335499192879e-08 2.079373953165486455e-04 4.595782607793807983e-03 5.999449115279276157e-08 3.509376663714647293e-03 5.205632813698457539e-09 4.520110952199729581e-09
1.000000000000000000e+00 8.958551123150471085e-10 3.710716895612328274e-24 1.000000000000000000e+00 9.949609041213989258e-01 1.879341023126624263e-21 2.605777922326524276e-07 5.847117139290902363e-16 2.743317682785693666e-20 2.952949752647338348e-17 1.825241876257879055e-20 4.254891609889455140e-05 4.732277937569140391e-12 2.245889394326527205e-14 5.569624487089183673e-14 7.446750771578081185e-08 8.380851568290381692e-08 1.100463638599501978e-19 2.636638991373680935e-23
9.166044183075428009e-03 1.337625435553491116e-04 1.602246084075886756e-05 4.267204105854034424e-01 3.056707791984081268e-03 2.539461553096771240e-01 9.040439128875732422e-02 2.174839843064546585e-03 1.417073654010891914e-04 9.663528800010681152e-01 6.417480449272261467e-07 1.494210213422775269e-02 1.509099453687667847e-02 5.174060788704082370e-05 9.031056612730026245e-02 1.109770964831113815e-03 3.920321818441152573e-03 2.381480298936367035e-03 4.696974883700022474e-06
1.248999312520027161e-02 4.034359881188720465e-04 2.432683504594024271e-05 1.568229645490646362e-01 9.040381759405136108e-03 2.392797470092773438e-01 1.361358165740966797e-01 4.140856210142374039e-03 5.592805682681500912e-04 9.505146145820617676e-01 6.228943220776272938e-06 4.537698999047279358e-02 2.750236541032791138e-02 7.361912867054343224e-05 3.750810027122497559e-02 4.433965310454368591e-03 5.252399481832981110e-03 4.393078852444887161e-03 3.729104355443269014e-05
9.352315544219891308e-08 6.431633871317732343e-12 5.121049525769194588e-06 1.000000000000000000e+00 8.798012629540608032e-08 6.639918684959411621e-02 3.073062941894022515e-07 1.564771423545607831e-09 1.223881662681947091e-09 2.151161627300668400e-12 2.400698665272662657e-21 2.954920138225470288e-18 9.633411934828473022e-08 1.012495886243414134e-06 2.733492525294423103e-03 8.507457759099334993e-12 3.521899998304434121e-07 6.449799457186600193e-06 2.080468560760619610e-16
7.011123415168185602e-08 1.099382954464211970e-12 1.394702280776982661e-06 1.000000000000000000e+00 4.026503575005335733e-08 1.192942378111183643e-03 6.158202836559212301e-08 2.790197239921354821e-10 2.553214584199992032e-11 6.862503187238244706e-13 6.278862770677487083e-22 3.763831277878133801e-19 3.039995988274313277e-08 2.410819490705762291e-07 4.867617681156843901e-04 8.155786809793674763e-12 6.738058289101900300e-08 2.851436420314712450e-07 6.064490790954467182e-18
2.290624479428515770e-06 1.140493921525376209e-09 5.275856852531433105e-01 1.000000000000000000e+00 4.399214148520513845e-08 3.455702244536951184e-05 1.632421913200232666e-07 9.861993532922497252e-08 5.830891325331322150e-12 5.998113117300363228e-11 5.559148783952958962e-18 2.596740303719137998e-17 5.556628366321092471e-06 2.591009251773357391e-04 2.759149065241217613e-03 1.255522241727646815e-09 1.629022250426714891e-07 7.301813457161188126e-05 1.084215089737950062e-15
5.365016683936119080e-02 1.005325168371200562e-01 9.999802112579345703e-01 9.623187780380249023e-01 3.292269073426723480e-03 1.978436048375442624e-04 1.570925302803516388e-02 7.767924666404724121e-02 3.948724952351767570e-06 5.439803935587406158e-03 1.715631224215030670e-03 1.439806219423189759e-04 3.009520173072814941e-01 7.160627245903015137e-01 2.407816201448440552e-01 5.153507366776466370e-02 3.812347538769245148e-03 3.554285168647766113e-01 1.733712997520342469e-04
5.877215880900621414e-04 7.121445960365235806e-04 6.292405305430293083e-04 4.137702286243438721e-02 5.810587317682802677e-04 9.107078313827514648e-01 3.559775650501251221e-01 2.859512809664011002e-03 3.470043465495109558e-02 2.184088079957291484e-04 2.986313347719260491e-06 1.784959749784320593e-05 1.373998122289776802e-03 1.091217994689941406e-01 6.440215706825256348e-01 3.482040483504533768e-05 4.051994159817695618e-02 1.382061559706926346e-02 9.881543228402733803e-04
3.681427915580570698e-04 1.613489002920687199e-04 9.935981035232543945e-01 9.706022739410400391e-01 1.409356191288679838e-04 2.100650744978338480e-04 2.010098695755004883e-01 2.820874378085136414e-02 2.000289532588794827e-05 1.031861407682299614e-03 3.985632091030311130e-08 2.322313548575039022e-06 1.972401328384876251e-02 4.379010200500488281e-02 1.730256080627441406e-01 2.066997840302065015e-04 5.767193436622619629e-01 5.273350980132818222e-03 2.266041747134295292e-06
1.269569434225559235e-02 2.125410549342632294e-02 9.989376664161682129e-01 9.976208806037902832e-01 1.027355552650988102e-03 1.453894801670685410e-04 1.027076877653598785e-02 4.806091263890266418e-02 1.508763375568378251e-06 2.662126673385500908e-03 9.522067557554692030e-05 5.255681571725290269e-06 6.529948860406875610e-02 7.205821275711059570e-01 2.422872781753540039e-01 1.774376817047595978e-02 6.395016331225633621e-03 5.121396780014038086e-01 1.246865394932683557e-05
3.070948878303170204e-05 2.520505222491919994e-05 5.709967613220214844e-01 9.999991655349731445e-01 2.729964592163014458e-07 3.812253339674498420e-07 1.895384193630889058e-04 4.177291877567768097e-03 1.314874164409784996e-11 3.706858842633664608e-05 4.192342219905276224e-12 1.718916675663706428e-12 6.218546768650412560e-04 6.919788122177124023e-01 1.816062629222869873e-01 4.310936674301046878e-06 2.063019201159477234e-03 8.934667110443115234e-01 1.845842272432673958e-12
6.715387002032002783e-08 4.179607415721875441e-08 9.325789029901443428e-09 1.000000000000000000e+00 9.334677475436592431e-11 1.794280279909798992e-08 2.516822860343381763e-05 2.752460539340972900e-03 5.775296368660262983e-15 5.949565093033015728e-06 6.483596737555484608e-20 5.621978031841975477e-17 3.110015768470475450e-06 3.499776124954223633e-01 3.262939453125000000e-01 1.138975788683715962e-10 1.119955535978078842e-02 9.919407963752746582e-01 1.198605076911921219e-18
1.000000000000000000e+00 1.296708243899047375e-03 3.381767659907565374e-16 9.399328231811523438e-01 9.804404377937316895e-01 3.689582512119608346e-19 1.122157391364453360e-05 2.457096526242708023e-09 2.434430129830594857e-16 1.397316642818072219e-13 3.450316204620107463e-12 8.067897707223892212e-02 8.305706273858959321e-07 4.923800256406707376e-10 3.804283575865771401e-16 3.579798999453487340e-07 1.706887431396353350e-08 5.331382918146755634e-15 9.460909358066286025e-17
2.241450129076838493e-04 6.584053335245698690e-05 1.195770528283901513e-05 4.724253434687852859e-03 8.713141432963311672e-04 9.995793700218200684e-01 1.893574488349258900e-03 4.221801282255910337e-05 5.009694956243038177e-03 1.281225006096065044e-03 3.188404917864318122e-08 8.711333066457882524e-06 3.420128778088837862e-04 1.717901439405977726e-03 5.583035349845886230e-01 4.320670541346771643e-06 6.522074108943343163e-04 4.686425905674695969e-03 6.153565482236444950e-05
8.175700902938842773e-03 8.493827190250158310e-04 8.803883247310295701e-05 3.226129338145256042e-02 4.324330016970634460e-02 4.820467233657836914e-01 5.136836767196655273e-01 3.746002214029431343e-03 6.280121859163045883e-03 4.600819647312164307e-01 2.175313056795857847e-05 5.234108865261077881e-02 3.180844709277153015e-02 3.574828151613473892e-04 4.145198315382003784e-02 1.150790974497795105e-02 1.082229148596525192e-02 9.340134449303150177e-03 6.469236686825752258e-04
2.046857215464115143e-02 1.197929773479700089e-02 9.542356128804385662e-04 9.994916915893554688e-01 1.043237978592514992e-03 1.602510805241763592e-03 4.052097443491220474e-03 1.049854233860969543e-01 3.505705535644665360e-06 1.069428212940692902e-02 6.348669217004498933e-07 4.325473582866834477e-06 1.951316744089126587e-02 6.384531855583190918e-01 8.164688944816589355e-02 6.440440192818641663e-04 2.266530692577362061e-02 5.469766259193420410e-01 8.947380933932436164e-07
1.741612720707053086e-07 4.333295226097106934e-01 5.656098522877073265e-08 5.369803309440612793e-01 6.314739842139260873e-10 1.811396810325049955e-09 8.023542165756225586e-01 5.984577536582946777e-02 3.884359145445159811e-08 3.743311793868997484e-08 1.226346801885824789e-09 2.158618422898328504e-11 5.654422238876577467e-06 9.999401569366455078e-01 6.736150680808350444e-06 2.080554168060189113e-06 8.241754956543445587e-03 7.718531414866447449e-04 7.842375360223030611e-11
2.819949574768543243e-02 8.718318939208984375e-01 7.996706962585449219e-01 9.993695616722106934e-01 3.624392411438748240e-05 5.860739520358038135e-07 4.281898727640509605e-04 3.384770452976226807e-02 6.203116953429343994e-08 2.737449676715186797e-06 6.318905070656910539e-05 3.266557655479118694e-07 4.800855240318924189e-04 9.948413968086242676e-01 8.768870429776143283e-06 1.839813776314258575e-03 1.843495920184068382e-05 1.058949710568413138e-04 8.129680395541072357e-08
2.744567464105784893e-04 6.537958979606628418e-04 3.420167565345764160e-01 6.620979905128479004e-01 3.511448390781879425e-03 4.247999095241539180e-05 9.111371040344238281e-01 3.517421334981918335e-02 1.022735028527677059e-03 6.818065885454416275e-04 7.561259735666681081e-06 1.462686457671225071e-03 1.906672306358814240e-02 1.229613460600376129e-02 3.719809651374816895e-02 1.436547469347715378e-02 6.688306331634521484e-01 2.138135023415088654e-03 2.239884197479113936e-04
3.610974922776222229e-02 5.629453435540199280e-02 9.842034578323364258e-01 5.869768857955932617e-01 1.654894836246967316e-02 5.954866763204336166e-03 3.552316427230834961e-01 2.879217863082885742e-01 3.774092067033052444e-03 3.960117697715759277e-02 8.585704490542411804e-04 5.608576349914073944e-03 1.894570440053939819e-01 2.825182378292083740e-01 2.622959315776824951e-01 3.456394746899604797e-02 4.795778989791870117e-01 1.561283171176910400e-01 5.944587755948305130e-03
2.051140472758561373e-05 1.156979942606994882e-05 2.619072120069176890e-06 9.999980926513671875e-01 1.659278581200851477e-07 3.433397296248585917e-06 3.618883201852440834e-04 1.745926961302757263e-02 8.943249613091452943e-11 1.474996824981644750e-04 5.388358758750405597e-14 5.150741812232073613e-12 1.431092678103595972e-04 4.754139184951782227e-01 2.810515463352203369e-01 1.475601720812846906e-07 1.803802698850631714e-02 9.696511030197143555e-01 4.079010078924388827e-13
1.000000000000000000e+00 9.100886444457501057e-08 4.259575947809157621e-29 9.140974283218383789e-01 9.999954700469970703e-01 1.271606680990717271e-28 3.404627204872667789e-05 5.848449826519398797e-18 3.382984730357011167e-21 4.392456406361115834e-23 2.080957395551317010e-19 4.950004816055297852e-01 6.735335793056022174e-15 1.218525654013729508e-18 5.929185552901395329e-25 7.508220534191423212e-08 2.528711094684776839e-11 6.129246654086800972e-23 3.965510586351597114e-25
2.328935544937849045e-03 1.180627532448852435e-05 4.822219068500999128e-08 1.361674368381500244e-01 7.302144658751785755e-04 2.850731834769248962e-02 2.660121954977512360e-02 3.892632666975259781e-04 2.912418494815938175e-06 9.991212487220764160e-01 3.329389386408365681e-08 4.057962447404861450e-02 6.202323827892541885e-03 1.806359364309173543e-07 1.392503967508673668e-03 9.802655549719929695e-04 3.198195190634578466e-04 2.572771045379340649e-04 8.245742577628334402e-08
1.866514794528484344e-02 8.573555969633162022e-04 1.205377793667139485e-05 1.150076463818550110e-01 6.039255764335393906e-03 2.527261339128017426e-02 7.635180652141571045e-02 9.363268502056598663e-03 1.240294659510254860e-04 9.934611320495605469e-01 2.256153311464004219e-05 1.968857944011688232e-01 3.857532516121864319e-02 2.101399513776414096e-05 3.755820216611027718e-03 1.772141829133033752e-02 3.462386783212423325e-03 4.125162959098815918e-03 1.749509829096496105e-05
5.676206573843955994e-02 5.380781888961791992e-01 9.998458623886108398e-01 1.980016976594924927e-01 1.110543031245470047e-03 1.205623557325452566e-04 1.501752715557813644e-02 3.295629024505615234e-01 9.409403901372570544e-06 1.283619739115238190e-02 3.668592835310846567e-04 9.167686803266406059e-04 8.138826489448547363e-02 9.296944737434387207e-01 9.817462414503097534e-03 3.424608334898948669e-02 4.924073349684476852e-03 1.169828325510025024e-02 1.438897597836330533e-04
3.516225889325141907e-02 7.093756198883056641e-01 9.989257454872131348e-01 9.841109514236450195e-01 1.311667263507843018e-03 1.976931234821677208e-04 2.851742086932063103e-03 9.121683984994888306e-02 3.742327635336550884e-06 1.573741174070164561e-04 1.671617384999990463e-03 1.588822669873479754e-05 8.688375353813171387e-03 9.854987859725952148e-01 6.360704079270362854e-03 2.730081602931022644e-02 8.691408438608050346e-04 1.272624731063842773e-02 3.462031963863410056e-05
1.431307289749383926e-03 9.240936636924743652e-01 9.999868869781494141e-01 9.793336987495422363e-01 7.975934749993029982e-06 8.007082783478836063e-07 4.024196241516619921e-04 5.323635414242744446e-02 3.738800824493182517e-09 2.055423493629859877e-07 4.326330599724315107e-05 1.116813042045805560e-08 2.420582895865663886e-04 9.996488094329833984e-01 3.380694834049791098e-04 1.297728740610182285e-03 2.573205892986152321e-05 3.413911617826670408e-04 6.734062196755985497e-08
6.774643424023452098e-08 7.431049743900075555e-05 9.999998807907104492e-01 6.459254109358880669e-06 2.434290536257321946e-06 6.919420957565307617e-01 5.648508071899414062e-01 1.785325730452314019e-05 2.995153330266475677e-02 2.252795638923998922e-07 8.451321240054987527e-12 2.361197104505663447e-08 7.341233754232234787e-07 8.693976560607552528e-04 3.009022329933941364e-04 1.895587229228112847e-05 7.228773320093750954e-04 8.573722425353480503e-07 8.476637885905802250e-04
1.543941471027210355e-04 3.950892016291618347e-02 2.630719244480133057e-01 8.082715212367475033e-04 1.744035165756940842e-03 9.983464479446411133e-01 3.791060298681259155e-02 8.317714673466980457e-04 1.470663771033287048e-02 1.301059819525107741e-04 1.100232566386694089e-06 2.409231456113047898e-05 8.731562411412596703e-05 3.775659501552581787e-01 4.512053448706865311e-03 4.684501909650862217e-04 1.858300383901223540e-04 7.535581244155764580e-04 6.122663035057485104e-04
2.244248054921627045e-03 7.830901071429252625e-03 4.801482893526554108e-03 2.282194606959819794e-02 5.381877347826957703e-02 9.828634858131408691e-01 2.037012130022048950e-01 9.324018610641360283e-04 5.900921300053596497e-02 6.391871138475835323e-04 1.022044762066798285e-05 6.190112908370792866e-04 1.453184522688388824e-03 2.623829804360866547e-02 9.831392206251621246e-03 3.610095940530300140e-03 4.260588902980089188e-03 6.896215025335550308e-03 1.030220999382436275e-03
1.036101486533880234e-03 3.470915555953979492e-02 9.999998807907104492e-01 3.084570402279496193e-03 7.037990726530551910e-04 1.813566450437065214e-05 4.037581980228424072e-01 3.540423810482025146e-01 1.350929145701229572e-03 4.937553778290748596e-03 1.536219201625499409e-06 2.916897065006196499e-04 1.883713901042938232e-02 9.120985120534896851e-02 9.341131080873310566e-04 8.183948695659637451e-02 1.133518442511558533e-01 4.614169301930814981e-05 7.821501931175589561e-04
7.342161983251571655e-02 2.161005586385726929e-01 9.999177455902099609e-01 7.864676415920257568e-02 1.055046916007995605e-02 3.402537840884178877e-04 6.192382797598838806e-02 3.025792837142944336e-01 7.805325731169432402e-05 6.021437421441078186e-02 4.830041725654155016e-04 4.994915798306465149e-03 1.606473177671432495e-01 5.496787428855895996e-01 1.361962594091892242e-02 9.156700968742370605e-02 1.958370208740234375e-02 8.471930399537086487e-03 1.115812803618609905e-03
2.233989471278619021e-05 4.476116373552940786e-05 1.540866587311029434e-02 8.558833542338106781e-06 2.383065642789006233e-03 7.127123535610735416e-05 7.290375232696533203e-01 2.380492910742759705e-02 1.184977809316478670e-04 8.012564778327941895e-01 2.977605390697135590e-06 5.847164392471313477e-01 6.494218856096267700e-02 2.807060127452132292e-06 2.657053073562565260e-06 3.387553393840789795e-01 3.650273429229855537e-03 8.925753354560583830e-05 3.286976061644963920e-05
9.633629815652966499e-05 3.862563158207876768e-09 6.978726929673939594e-09 1.000000000000000000e+00 1.488729612901806831e-04 5.210379883646965027e-02 7.993761391844600439e-05 1.053962339625513778e-08 1.936190756168798544e-06 7.624181286303155503e-10 1.355595975708755348e-15 4.118200572222896483e-12 4.437457334915961837e-07 6.997249215601186734e-07 2.712443005293607712e-03 2.812861410461664491e-08 3.057632056879810989e-05 5.156979341336409561e-07 1.581811244488751100e-11
4.900154453935101628e-05 5.723396679968573153e-05 1.536627820541980327e-07 3.822146682068705559e-04 3.475532634183764458e-03 1.690268749371170998e-03 9.796128273010253906e-01 1.842418103478848934e-03 1.055487548001110554e-03 2.626936733722686768e-01 3.390770416444865987e-06 1.477073729038238525e-01 2.535248920321464539e-02 7.632788765477016568e-06 3.300145617686212063e-04 4.059732705354690552e-02 1.048670057207345963e-02 5.254240822978317738e-04 1.698069681879132986e-04
3.809469344560056925e-04 7.447706593666225672e-05 2.051998109209307586e-07 6.530601240228861570e-05 1.472457870841026306e-02 4.402764886617660522e-02 3.924633860588073730e-01 8.925650035962462425e-04 9.377067326568067074e-04 9.783177375793457031e-01 4.747802449855953455e-06 5.151035785675048828e-01 1.282156351953744888e-02 1.173433759049657965e-07 1.205871012643910944e-05 9.488037228584289551e-02 2.634273550938814878e-04 3.046803758479654789e-04 2.035354409599676728e-04
2.978758515889690095e-12 6.243939393302255780e-12 4.986205133679366686e-13 2.272420687177145737e-07 2.735236863393719631e-11 1.000000000000000000e+00 7.326917406125232901e-10 2.748886188119747942e-12 3.319775260024471208e-06 7.385696329693935969e-13 5.107838263031028527e-21 1.846442282713065874e-18 2.650137227722115796e-11 2.173283064621500671e-05 9.974160194396972656e-01 1.863304566295112481e-17 3.890803057515768160e-08 8.407547511524171568e-07 8.526367112349220179e-12
6.464878765655157622e-08 6.826992748898419450e-09 6.770877747364068000e-10 1.770437881350517273e-02 1.198675203539778522e-08 9.999698400497436523e-01 4.543716386251617223e-06 1.402498099878357607e-07 1.793679439288098365e-05 6.424608756105953944e-08 4.269204449322810263e-15 1.689183461075355330e-13 1.196562635641384986e-07 2.724401711020618677e-04 9.855749607086181641e-01 1.990368373588902173e-12 2.777436566248070449e-05 1.505188847659155726e-04 6.772168936741707057e-10
1.101246481158280055e-12 3.764704748030617276e-13 4.293377244978142937e-14 2.208239948231494054e-06 5.214486611601620858e-13 1.000000000000000000e+00 2.814851240984239666e-09 7.634389648236705739e-12 7.229472771541622933e-07 1.892020394522742066e-12 8.224966215550894610e-22 7.332262720284723620e-20 1.300552200655946677e-11 2.678789860510732979e-05 9.999402761459350586e-01 1.106500687053249539e-18 7.286022452035467722e-08 1.807931226949222037e-07 1.730029964772117346e-13
5.700999870896339417e-02 2.150597423315048218e-02 8.020574450492858887e-01 9.995529055595397949e-01 4.413935821503400803e-03 2.238591760396957397e-02 3.206505905836820602e-03 2.488009631633758545e-02 1.728574425214901567e-04 1.204357482492923737e-03 3.350336555740796030e-05 6.745973223587498069e-06 4.371900111436843872e-02 4.063717126846313477e-01 1.149461716413497925e-01 5.635029170662164688e-03 3.010467858985066414e-03 1.056758463382720947e-01 6.112444680184125900e-05
3.333334170747548342e-04 2.296298183500766754e-02 1.000000000000000000e+00 2.656943397596478462e-03 5.203015825827606022e-05 5.244321437203325331e-05 7.164074778556823730e-01 1.654507070779800415e-01 1.362690422683954239e-02 1.312954555032774806e-04 2.790424105114652775e-07 1.116563635150669143e-05 2.833536127582192421e-03 7.032468169927597046e-02 2.004959387704730034e-03 6.943838205188512802e-03 1.941697150468826294e-01 3.538758755894377828e-05 5.737534724175930023e-03
1.312305629253387451e-01 3.391202688217163086e-01 1.000000000000000000e+00 1.193418540060520172e-02 8.499884279444813728e-04 1.413195036548131611e-06 7.055271416902542114e-02 4.766723215579986572e-01 1.920107388286851346e-05 4.455272865016013384e-04 1.537942921459034551e-06 5.164315007277764380e-05 7.860660552978515625e-02 5.210068821907043457e-01 8.796426118351519108e-04 2.886958234012126923e-02 6.676547974348068237e-02 1.411261764587834477e-04 1.494216034188866615e-03
2.589855808764696121e-03 3.433892197790555656e-05 1.040430333887343295e-06 1.591126471757888794e-01 5.729283690452575684e-01 7.752901001367717981e-05 9.570067524909973145e-01 1.161275649792514741e-04 4.047642927616834641e-03 3.443196765147149563e-04 6.561691861861618236e-06 4.578797519207000732e-01 1.124163507483899593e-03 4.558984437608160079e-05 1.931707374751567841e-03 1.495143026113510132e-01 6.464736163616180420e-02 4.248044919222593307e-03 8.558308763895183802e-05
2.252053469419479370e-02 2.653782367706298828e-01 9.999995231628417969e-01 3.735797479748725891e-02 1.755667850375175476e-03 1.497323955845786259e-05 9.824382513761520386e-02 4.104159474372863770e-01 4.779641676577739418e-05 2.437016461044549942e-03 4.257026375853456557e-05 2.154469839297235012e-04 4.113520309329032898e-02 8.124360442161560059e-01 1.218358054757118225e-02 4.457547515630722046e-02 6.914580613374710083e-02 1.013727509416639805e-03 1.905811717733740807e-03
1.333749759942293167e-02 2.462777644395828247e-01 1.000000000000000000e+00 1.800452917814254761e-02 4.499838978517800570e-04 1.066925165105203632e-06 5.637809634208679199e-02 3.982943892478942871e-01 5.522342689801007509e-06 5.861712270416319370e-04 3.199510047124931589e-06 2.755473542492836714e-05 2.741468138992786407e-02 8.505398035049438477e-01 3.671685699373483658e-03 2.680557593703269958e-02 4.809801653027534485e-02 2.091419592034071684e-04 6.805371376685798168e-04
4.312789533287286758e-03 4.709054337581619620e-05 2.076652663163258694e-06 5.147955194115638733e-02 6.556859016418457031e-01 9.258387581212446094e-05 8.206288218498229980e-01 3.778320096898823977e-04 9.464411414228379726e-04 1.215533167123794556e-02 5.193445304030319676e-06 8.821229338645935059e-01 2.656522439792752266e-03 2.410511478956323117e-05 1.262415462406352162e-04 4.127136468887329102e-01 4.104446992278099060e-02 1.717120409011840820e-02 3.394243685761466622e-05
2.416789997369050980e-03 3.059610957279801369e-03 8.063264540396630764e-04 1.865662983618676662e-03 1.331056654453277588e-01 9.962808489799499512e-01 2.385262027382850647e-02 1.539578079245984554e-04 1.956729441881179810e-01 8.739995770156383514e-03 3.203287633368745446e-05 8.948219940066337585e-03 2.272023586556315422e-03 9.059751173481345177e-04 8.392548188567161560e-03 8.866115473210811615e-03 2.097420394420623779e-03 1.565469801425933838e-02 6.483557075262069702e-02
2.132502347230911255e-01 4.584774672985076904e-01 9.919406771659851074e-01 2.468234449625015259e-01 3.120902366936206818e-02 7.774133700877428055e-03 2.441719621419906616e-01 4.675526618957519531e-01 7.085021119564771652e-03 6.518317013978958130e-02 1.511248480528593063e-02 3.127147257328033447e-02 2.175709754228591919e-01 5.962547659873962402e-01 1.071828156709671021e-01 1.297943592071533203e-01 1.245723292231559753e-01 5.452790111303329468e-02 1.658881455659866333e-02
1.044142171740531921e-01 3.548039793968200684e-01 9.996383190155029297e-01 1.379047632217407227e-01 1.798956468701362610e-02 1.421178341843187809e-03 2.394803613424301147e-01 4.671584963798522949e-01 2.681011101230978966e-03 3.029114194214344025e-02 2.644628053531050682e-03 7.847063243389129639e-03 1.428557932376861572e-01 6.091876029968261719e-01 7.143235951662063599e-02 1.164275556802749634e-01 1.598148643970489502e-01 1.794466003775596619e-02 1.645668782293796539e-02
6.321354769170284271e-03 2.690741530386731029e-05 1.557395989948417991e-06 8.412873148918151855e-01 2.606427879072725773e-04 5.899357050657272339e-02 1.508506480604410172e-02 7.959131035022437572e-04 1.976418843696592376e-06 9.985016584396362305e-01 1.905885760322689748e-08 7.694164291024208069e-03 6.006635259836912155e-03 4.094551059097284451e-06 2.970535308122634888e-02 1.862738863565027714e-04 8.058878011070191860e-04 4.604660789482295513e-04 3.573685702917828166e-08
4.426028113812208176e-03 9.615999879315495491e-04 8.188908686861395836e-04 9.488061815500259399e-02 1.635120133869349957e-03 9.506539106369018555e-01 3.444459661841392517e-02 4.503699950873851776e-03 1.366585586220026016e-02 1.777886599302291870e-02 8.758448529988527298e-06 2.356369950575754046e-04 5.349166691303253174e-03 2.795375324785709381e-02 8.784259557723999023e-01 1.126984643633477390e-04 1.779083535075187683e-02 2.450666762888431549e-02 4.580933891702443361e-04
1.512420475482940674e-01 1.828162521123886108e-01 9.999998807907104492e-01 9.518480300903320312e-01 1.717011793516576290e-03 2.443040830257814378e-05 3.355216467753052711e-03 7.606698572635650635e-02 2.202186237809655722e-07 1.613550470210611820e-03 1.174837932921946049e-03 6.499815935967490077e-05 3.915750682353973389e-01 8.357267975807189941e-01 9.605788439512252808e-02 4.065302386879920959e-02 5.771340802311897278e-04 2.202309817075729370e-01 1.120221786550246179e-04
1.411646902561187744e-01 2.221477925777435303e-01 9.999996423721313477e-01 8.208844065666198730e-01 2.648633206263184547e-03 7.988952711457386613e-05 7.315326016396284103e-03 1.286111772060394287e-01 9.937347158484044485e-07 2.527284668758511543e-03 8.754801820032298565e-04 1.468583213863894343e-04 3.102867901325225830e-01 8.154609799385070801e-01 9.062089771032333374e-02 3.493682667613029480e-02 1.960004214197397232e-03 1.385142952203750610e-01 2.985100436490029097e-04
1.071077957749366760e-01 2.115363627672195435e-01 9.999996423721313477e-01 8.005068898200988770e-01 2.113579306751489639e-03 7.580905366921797395e-05 6.409050896763801575e-03 1.292371153831481934e-01 6.482720209532999434e-07 1.775679760612547398e-03 5.753101431764662266e-04 9.624254744267091155e-05 2.636968493461608887e-01 8.378316760063171387e-01 9.096907079219818115e-02 2.967352978885173798e-02 1.935079693794250488e-03 1.161819696426391602e-01 2.588231582194566727e-04
1.282642915612086654e-04 1.479722158137519727e-07 8.781847249395013932e-09 9.999941587448120117e-01 5.629472434520721436e-04 4.140056073665618896e-01 1.210910733789205551e-03 2.375053554715123028e-06 8.135080861393362284e-05 7.530255174970079679e-07 2.216975951777055975e-12 2.899377848919471035e-09 1.414855341863585636e-05 8.713817805983126163e-06 1.895206049084663391e-02 3.916446189577982295e-07 6.557931774295866489e-04 7.266609463840723038e-05 6.036429134326226631e-09
3.351701360898573512e-09 1.159850626208935864e-06 9.999990463256835938e-01 1.076613216355326585e-07 7.957502816680062097e-07 9.942708015441894531e-01 1.981612890958786011e-01 1.808529503932732041e-07 3.808069527149200439e-01 5.919372014773216506e-08 3.671208573686329801e-13 8.679287510915401072e-09 1.299475940186312073e-07 7.075707344483816996e-07 1.466919202357530594e-04 2.697804575291229412e-06 3.600830095820128918e-04 6.811861794631113298e-07 2.237015776336193085e-02
2.981036528737490698e-09 8.379297256055906473e-09 3.015558913688209941e-10 1.820860663428902626e-03 2.144790641978033818e-06 6.510536554316104230e-09 9.988665580749511719e-01 1.171519514173269272e-03 3.177538587806338910e-07 2.224903088063001633e-03 1.954182787811120647e-10 1.841630786657333374e-03 3.517253499012440443e-04 5.329939995135646313e-06 4.539392830338329077e-04 2.156857401132583618e-03 8.226388692855834961e-01 1.840281329350546002e-04 6.477986858044459950e-08
5.091968458145856857e-03 1.580709666013717651e-01 9.995433092117309570e-01 8.127271384000778198e-02 1.449775882065296173e-03 3.386873868294060230e-04 7.473149895668029785e-01 3.854357302188873291e-01 1.236273720860481262e-02 1.639605266973376274e-03 6.737672374583780766e-04 3.816768294200301170e-04 2.428211271762847900e-02 5.112730860710144043e-01 4.763071611523628235e-02 4.196285083889961243e-02 3.802924454212188721e-01 7.610139437019824982e-03 1.576398871839046478e-02
1.148374844342470169e-02 8.460450768470764160e-01 9.999872446060180664e-01 9.108312129974365234e-01 1.835819275584071875e-04 6.498377842945046723e-06 2.054519718512892723e-03 1.388223022222518921e-01 1.364303727768856334e-07 1.678752232692204416e-05 5.621843156404793262e-04 2.030856649071210995e-06 4.107599612325429916e-03 9.958056211471557617e-01 5.599305499345064163e-03 1.197580248117446899e-02 4.502421943470835686e-04 5.503474734723567963e-03 7.195813850557897240e-06
2.026040293276309967e-02 2.767203748226165771e-01 9.999836683273315430e-01 9.987811446189880371e-01 1.143598812632262707e-03 3.982808266300708055e-05 7.636983064003288746e-04 3.938729315996170044e-02 4.910721713713428471e-07 7.866117812227457762e-05 1.112237572669982910e-03 1.054501240105309989e-06 1.681865379214286804e-02 9.796400666236877441e-01 4.681675508618354797e-02 6.954857707023620605e-02 2.588905044831335545e-04 9.121838212013244629e-02 4.261376670910976827e-05
7.275502681732177734e-01 5.082732439041137695e-02 5.294943451881408691e-01 2.334858328104019165e-01 7.096137404441833496e-01 8.564333547838032246e-04 4.485112428665161133e-01 1.742037013173103333e-02 4.461402073502540588e-03 2.473723143339157104e-03 1.715377904474735260e-03 4.362147152423858643e-01 2.748017013072967529e-02 8.877893909811973572e-03 4.946434404700994492e-03 1.436177492141723633e-01 8.434851467609405518e-02 9.183010086417198181e-03 2.452117856591939926e-03
3.715045750141143799e-04 4.838142078369855881e-03 1.000000000000000000e+00 2.356812544167041779e-02 9.357245871797204018e-04 7.886607136242673732e-07 3.248110115528106689e-01 2.583606839179992676e-01 3.776508674491196871e-05 2.491408085916191339e-04 1.951845440828492428e-08 3.574020229279994965e-05 1.336179673671722412e-02 1.617995649576187134e-01 4.451707063708454370e-04 3.298162668943405151e-02 4.992378056049346924e-01 3.683864633785560727e-05 7.710073259659111500e-05
5.224153399467468262e-03 2.188939251936972141e-04 2.584368735551834106e-02 9.978861212730407715e-01 8.242651820182800293e-03 3.982315063476562500e-01 1.703397557139396667e-02 1.370894489809870720e-03 2.463930286467075348e-03 1.262458827113732696e-04 2.066836088943091454e-07 4.936197910865303129e-06 4.884902387857437134e-03 5.835936870425939560e-03 1.151654124259948730e-01 2.278694300912320614e-04 9.744875133037567139e-03 1.134852413088083267e-02 1.065330343408277258e-05
2.289220392704010010e-01 5.746803283691406250e-01 9.947823882102966309e-01 8.030271530151367188e-01 2.011521719396114349e-02 4.930898081511259079e-03 4.133587703108787537e-02 2.568541765213012695e-01 4.432406276464462280e-04 1.382904127240180969e-02 2.722569555044174194e-02 4.972176626324653625e-03 1.501424461603164673e-01 8.292117714881896973e-01 8.629273623228073120e-02 1.333792209625244141e-01 1.840750873088836670e-02 1.204330325126647949e-01 3.476850688457489014e-03
4.663049578666687012e-01 6.242040395736694336e-01 9.685872793197631836e-01 3.355051875114440918e-01 2.353337593376636505e-02 9.792213328182697296e-03 1.081001088023185730e-01 4.266823828220367432e-01 2.044746885076165199e-03 4.795209318399429321e-02 1.886313408613204956e-02 5.152508988976478577e-02 2.986994087696075439e-01 6.415424942970275879e-01 3.412179276347160339e-02 8.876456320285797119e-02 3.791394457221031189e-02 9.560050070285797119e-02 4.986774642020463943e-03
1.300779581069946289e-01 6.107200980186462402e-01 9.921383261680603027e-01 6.613856554031372070e-01 7.097180932760238647e-03 2.288797171786427498e-03 1.751662977039813995e-02 3.134447932243347168e-01 8.345329115400090814e-05 1.871788315474987030e-02 7.446003612130880356e-03 2.873333869501948357e-03 1.179406791925430298e-01 9.207832813262939453e-01 4.461973905563354492e-02 6.782026588916778564e-02 1.035760808736085892e-02 9.272505342960357666e-02 8.532651700079441071e-04
6.168941468764899128e-10 8.034306726856232928e-12 7.710474619893048498e-11 1.000000000000000000e+00 4.684719279168803041e-11 2.035382635767746251e-07 5.560190766118466854e-05 1.442217126168543473e-05 1.940833426047547383e-13 4.641898954105272423e-08 1.662242387311320181e-22 6.260722847670421938e-18 1.013516452985641081e-07 4.993200127501040697e-05 1.734228879213333130e-01 1.910484709885876264e-13 1.732002347707748413e-01 1.378570566885173321e-03 8.312921654865107835e-19
5.294274828244018363e-15 1.487457787420921190e-14 2.278595708112268053e-14 9.999992847442626953e-01 2.180977622630712897e-16 2.874589888904666688e-19 1.997004635632038116e-02 9.375732588523533195e-06 1.772114686642164115e-16 5.271047487376279150e-12 1.380086392445224030e-25 1.107175563035516241e-19 1.506718527721773171e-09 5.513318228622665629e-06 2.123008744092658162e-05 5.808917393325743750e-14 9.999995231628417969e-01 1.068487733846268384e-07 2.082052052769757302e-20
2.854548853626155365e-19 1.214349425896102410e-18 1.922267861514270538e-18 1.000000000000000000e+00 4.763299362547436208e-21 2.300804337942086568e-24 2.524002688005566597e-03 3.673214905575150624e-07 2.197465477867855519e-21 4.775849583426444722e-15 3.030341784473315003e-33 2.702778963212060464e-25 3.376089989168273853e-12 2.577864677277830197e-07 1.590169404153130017e-06 5.170342876780065216e-18 1.000000000000000000e+00 9.207159479274196201e-09 2.585095645665300177e-26
2.595116198062896729e-01 1.940638758242130280e-03 4.634808283299207687e-05 4.995005950331687927e-02 2.369359135627746582e-02 3.743056440725922585e-03 9.655796289443969727e-01 2.767566824331879616e-03 2.031285874545574188e-02 2.974169328808784485e-04 4.475860259844921529e-05 1.100506633520126343e-02 4.352154675871133804e-03 9.609002619981765747e-03 5.682024359703063965e-01 3.856740077026188374e-04 2.132727205753326416e-01 1.220365054905414581e-03 3.192477161064743996e-03
9.632578492164611816e-01 3.258502983953803778e-04 7.279157276940395604e-09 2.308669965714216232e-03 9.351236224174499512e-01 3.262441907736501889e-07 8.802418708801269531e-01 2.051594947261037305e-07 7.334909401834011078e-03 5.881108933181167231e-08 3.831892627204069868e-06 6.644152402877807617e-01 5.714269263989990577e-06 1.877883164524973836e-07 2.821238240358070470e-06 5.825322587043046951e-03 8.637790451757609844e-04 1.445902398700127378e-06 1.979141670744866133e-04
6.377475708723068237e-02 4.126147867822282933e-09 9.551079070699893914e-20 1.482344412148672852e-12 7.986340522766113281e-01 9.145797834342328514e-12 9.987655878067016602e-01 2.289136186107900567e-15 1.337012350559234619e-01 2.574560530044234241e-11 1.016778935353235269e-11 9.936556816101074219e-01 1.454285580848591053e-09 5.819207751094730439e-18 1.754043106363595609e-16 2.166268532164394855e-04 1.431086471548326244e-09 4.042192795761234692e-12 3.190328061464242637e-05
4.442569799721240997e-03 2.107028849422931671e-02 2.042875811457633972e-02 2.875570580363273621e-02 1.241841632872819901e-02 7.770463707856833935e-04 4.654899835586547852e-01 3.320578932762145996e-01 2.137220464646816254e-03 8.690660595893859863e-01 2.788912970572710037e-03 5.573531389236450195e-01 1.069922223687171936e-01 1.121746469289064407e-02 4.866287577897310257e-03 3.814406096935272217e-01 1.191456392407417297e-01 4.006822407245635986e-02 1.369170262478291988e-03
1.748728901147842407e-01 6.499521732330322266e-01 7.866352200508117676e-01 6.049517393112182617e-01 1.913058571517467499e-02 1.066822186112403870e-02 1.177843660116195679e-01 4.100579023361206055e-01 2.444758545607328415e-03 6.015508249402046204e-02 3.361840173602104187e-02 2.000274136662483215e-02 1.476220190525054932e-01 7.980839610099792480e-01 5.440919101238250732e-02 1.127574518322944641e-01 4.877763241529464722e-02 1.158127859234809875e-01 4.119266755878925323e-03
6.222100928425788879e-03 2.751169027760624886e-03 4.193254280835390091e-03 8.466852828860282898e-03 2.798960544168949127e-03 9.390156483277678490e-04 5.318063125014305115e-02 1.173378378152847290e-01 6.862045847810804844e-05 9.958704113960266113e-01 3.246509004384279251e-04 5.105253458023071289e-01 5.009564384818077087e-02 4.735213005915284157e-04 7.181430119089782238e-04 2.447698116302490234e-01 1.285292021930217743e-02 2.418369054794311523e-02 3.491377356112934649e-05
9.938225746154785156e-01 9.446258544921875000e-01 4.156213914696671452e-11 1.000000000000000000e+00 1.459094960409856867e-07 3.037401872987149920e-14 4.999622382761970130e-10 2.617549151182174683e-03 2.258077076118861475e-16 6.681412312303791623e-09 4.985954010772175593e-11 2.104215968135036974e-10 1.880374504253268242e-03 9.487141966819763184e-01 4.735941456709968911e-13 1.493613922320946585e-06 2.059923343011860197e-09 1.691614443188882433e-06 5.319174208761505776e-15
9.950990080833435059e-01 1.276593804359436035e-01 1.791731651934469483e-09 9.999998807907104492e-01 4.418285936117172241e-02 3.549870675190192060e-10 1.960193003469612449e-05 1.152464756160043180e-04 1.056681675493109651e-08 2.792931809381116182e-06 4.158879164606332779e-06 2.996858711412642151e-05 5.002688849344849586e-04 1.646702550351619720e-02 4.006796672229029355e-09 1.270590932108461857e-03 2.459812094457447529e-05 1.008956473924627062e-08 6.794737661408589702e-09
9.822764992713928223e-01 5.762010812759399414e-02 3.106755741555389250e-08 9.999693632125854492e-01 1.095306500792503357e-01 5.979274675382839632e-08 4.300371801946312189e-04 7.533112075179815292e-04 1.421445290361589286e-07 2.231088466942310333e-03 4.469512532523367554e-06 3.358794609084725380e-03 1.300212554633617401e-02 2.653680276125669479e-03 1.299341420235577971e-06 4.950815346091985703e-03 6.600526394322514534e-04 1.869411335064796731e-06 1.790238570720248390e-07
1.706024855375289917e-01 6.163474917411804199e-01 9.359880685806274414e-01 7.798862457275390625e-01 2.913954481482505798e-02 1.019143499433994293e-02 8.728209137916564941e-02 3.348101973533630371e-01 2.208038931712508202e-03 2.019394561648368835e-02 4.091216996312141418e-02 7.315863389521837234e-03 1.049621030688285828e-01 8.340488672256469727e-01 8.805294334888458252e-02 1.155483052134513855e-01 4.201670363545417786e-02 1.210923865437507629e-01 5.111151374876499176e-03
9.693382307887077332e-03 5.279905796051025391e-01 9.999469518661499023e-01 9.991384744644165039e-01 3.886605263687670231e-04 1.199062899104319513e-05 3.092439146712422371e-04 3.677543625235557556e-02 8.574101428848734940e-08 1.128188887378200889e-05 2.357095654588192701e-04 2.098327200883431942e-07 1.951460959389805794e-03 9.960934519767761230e-01 7.570309098809957504e-03 2.135504409670829773e-02 1.606542209628969431e-04 2.034850232303142548e-02 4.256014562997734174e-06
1.686745136976242065e-02 3.228532383218407631e-03 3.357377368956804276e-03 9.999973773956298828e-01 3.097762237302958965e-04 4.908040282316505909e-04 1.970124867511913180e-04 2.324381843209266663e-02 2.073805518421067973e-07 4.425068909768015146e-04 1.891612910753792676e-08 2.638727103487781278e-08 6.040492095053195953e-03 6.241087317466735840e-01 2.077572047710418701e-02 1.556681090733036399e-04 2.295952290296554565e-03 2.716253399848937988e-01 1.055751468470589316e-07
5.665830969810485840e-01 1.475136168301105499e-02 2.089438348775729537e-04 9.962144494056701660e-01 2.461569607257843018e-01 9.010499343276023865e-04 1.375107020139694214e-01 5.879769567400217056e-03 2.733050612732768059e-03 1.102648908272385597e-03 6.797417881898581982e-04 6.855565588921308517e-03 8.835512213408946991e-03 1.034178398549556732e-02 3.942388668656349182e-02 9.733943268656730652e-03 1.987439543008804321e-01 2.893707423936575651e-04 2.428414591122418642e-04
3.556709885597229004e-01 4.090977311134338379e-01 9.850280284881591797e-01 8.903790116310119629e-01 4.780844226479530334e-02 7.965822704136371613e-03 5.057361721992492676e-02 2.396953850984573364e-01 1.235621399246156216e-03 4.010139778256416321e-02 3.803470730781555176e-02 1.121809985488653183e-02 2.946589887142181396e-01 6.608261466026306152e-01 1.318352371454238892e-01 1.878048181533813477e-01 2.074678428471088409e-02 2.408830076456069946e-01 7.295884657651185989e-03
9.923535585403442383e-01 4.026210606098175049e-01 5.892057088203728199e-04 3.132480755448341370e-02 2.547864057123661041e-02 1.858243376773316413e-05 7.634663023054599762e-03 7.650908082723617554e-02 1.505848649685503915e-05 1.028649602085351944e-02 8.971397619461640716e-05 3.184528648853302002e-01 8.282435536384582520e-01 2.223914721980690956e-03 1.280612104892497882e-05 6.653008051216602325e-03 4.008949326816946268e-04 8.613421581685543060e-03 3.675025800475850701e-05
2.292524576187133789e-01 1.853695698082447052e-02 9.889076352119445801e-01 8.895416394807398319e-04 9.284892678260803223e-02 7.964437099872156978e-05 3.822759985923767090e-01 6.564447283744812012e-02 1.132037257775664330e-03 2.131219953298568726e-01 2.810122387018054724e-04 4.408613443374633789e-01 5.252093672752380371e-01 4.047710099257528782e-04 3.478937287582084537e-05 1.435459554195404053e-01 6.608011201024055481e-03 7.416818407364189625e-04 4.448242485523223877e-03
3.885492816380065051e-08 1.904885138515055587e-09 1.705078805130564278e-15 6.330873325577357491e-11 4.944932516082189977e-05 1.345902819593902677e-05 3.777510225772857666e-01 3.087300001425319351e-06 7.103001280484022573e-07 9.999265670776367188e-01 5.543952102948779270e-11 8.748521208763122559e-01 4.556117637548595667e-04 5.813622280182915124e-16 7.905384246525981595e-13 5.576764792203903198e-02 6.536756558261913597e-08 2.861144210442034819e-08 2.144758504130095389e-08
1.577669680118560791e-01 5.441031977534294128e-02 9.182505607604980469e-01 5.535257235169410706e-02 6.070942059159278870e-02 5.319804884493350983e-03 1.484676003456115723e-01 2.584929764270782471e-01 1.275614718906581402e-03 8.459798693656921387e-01 4.482256714254617691e-03 3.741725683212280273e-01 3.502412736415863037e-01 1.981475576758384705e-02 1.004913263022899628e-02 2.581585943698883057e-01 3.960171714425086975e-02 6.392543017864227295e-02 2.653484698385000229e-03
9.988800883293151855e-01 3.752529621124267578e-01 2.466273435857146978e-04 5.608261926681734622e-05 2.499156398698687553e-03 1.986112465601763688e-07 3.280025348067283630e-02 4.178982228040695190e-02 6.748465821146965027e-03 4.337943973951041698e-04 6.566903175553306937e-05 9.120959043502807617e-02 8.141022920608520508e-01 2.060213410004507750e-05 2.118853537069753656e-08 1.612073276191949844e-03 2.486619050614535809e-04 4.325155168771743774e-05 1.330804266035556793e-02
1.454491638241961482e-08 3.699750141666902081e-12 3.472627299042373624e-22 7.139594515592762036e-08 4.170308270533187173e-15 3.421715818671677845e-12 1.406454900459985780e-11 5.437477170744386967e-07 1.277171990222315046e-22 1.000000000000000000e+00 7.407191454356161806e-18 1.560691278427839279e-02 3.111405533218203345e-07 2.859322461242410603e-19 4.584013138015817154e-16 5.084983058623038232e-06 1.752414836506122064e-12 2.302235513340633588e-09 1.309659853985867332e-23
1.813630842728564119e-12 6.075280948454915152e-18 1.613640403904845559e-30 6.022268729706514723e-14 9.959777379134980861e-20 5.264661318945811644e-18 7.123735974755903561e-15 9.647929122280629599e-10 2.470326204693726565e-30 1.000000000000000000e+00 4.563197855117604239e-24 2.067958936095237732e-02 6.327784962678606462e-10 5.563087162961418506e-28 3.841616135489724257e-24 9.891575700748944655e-07 3.195909903910903679e-17 1.539314140562575428e-12 1.536963124867162647e-32
1.073760818690061569e-02 1.301335263997316360e-02 2.070739865303039551e-03 5.903010256588459015e-03 1.964243948459625244e-01 8.643689155578613281e-01 2.419102638959884644e-01 6.277890875935554504e-03 1.844355612993240356e-01 1.775300055742263794e-01 9.217422339133918285e-04 1.330925524234771729e-01 3.424928709864616394e-02 1.652266015298664570e-03 1.349562313407659531e-02 9.394448995590209961e-02 9.999403730034828186e-03 2.224501781165599823e-02 6.398285180330276489e-02
1.499321162700653076e-01 7.750888168811798096e-02 3.127808868885040283e-02 2.312059849500656128e-01 8.585771918296813965e-02 4.000849649310112000e-02 3.079682290554046631e-01 2.363163977861404419e-01 1.289622578769922256e-02 8.065992593765258789e-01 1.329356245696544647e-02 4.465665519237518311e-01 2.275845408439636230e-01 2.037366852164268494e-02 5.063415691256523132e-02 2.172348201274871826e-01 1.151325628161430359e-01 1.161959022283554077e-01 7.085588295012712479e-03
3.958997502923011780e-02 2.141942828893661499e-02 1.486928900703787804e-03 1.326987985521554947e-02 8.218306303024291992e-02 3.890585899353027344e-02 5.255313515663146973e-01 1.031525209546089172e-01 3.481948003172874451e-02 8.136955499649047852e-01 8.211568929255008698e-03 5.504678487777709961e-01 1.805900037288665771e-01 9.027537307702004910e-04 4.441711585968732834e-03 2.683439850807189941e-01 3.972405195236206055e-02 2.939579263329505920e-02 1.646436750888824463e-02
1.311788856983184814e-01 1.156663075089454651e-01 9.998519420623779297e-01 9.390659928321838379e-01 9.654607623815536499e-03 1.043319934979081154e-03 2.288826182484626770e-02 1.075311377644538879e-01 2.597964521555695683e-05 2.761590667068958282e-02 3.744726767763495445e-03 1.645210548304021358e-03 3.923183679580688477e-01 5.423222780227661133e-01 2.258671373128890991e-01 7.293462753295898438e-02 6.591928657144308090e-03 3.058845400810241699e-01 6.852039950899779797e-04
1.896463148295879364e-02 5.631077289581298828e-01 9.999847412109375000e-01 9.005523324012756348e-01 1.833461225032806396e-03 4.147893560002557933e-05 1.261154748499393463e-02 1.683717221021652222e-01 5.966997832729248330e-06 2.070198970614001155e-04 2.337322104722261429e-03 1.370188147120643407e-05 2.130416594445705414e-02 9.570889472961425781e-01 7.948943227529525757e-02 5.465192720293998718e-02 7.916008122265338898e-03 2.986720018088817596e-02 3.554315189830958843e-04
2.012484148144721985e-02 4.525147974491119385e-01 9.999970197677612305e-01 2.681099772453308105e-01 7.541005616076290607e-04 3.599104456952773035e-05 3.640199825167655945e-02 2.222616523504257202e-01 1.133774821937549859e-05 4.288663621991872787e-04 3.169858246110379696e-04 2.391675843682605773e-05 2.735823765397071838e-02 9.511651396751403809e-01 3.620603308081626892e-02 2.200238592922687531e-02 1.396472193300724030e-02 5.921953357756137848e-03 4.769773513544350863e-04
1.935794949531555176e-02 1.049055624753236771e-02 7.820320874452590942e-02 1.230366900563240051e-01 5.068402364850044250e-02 9.726525545120239258e-01 9.075128287076950073e-02 8.706411346793174744e-03 1.222597733139991760e-01 4.956632852554321289e-03 1.247378968400880694e-04 1.911574508994817734e-03 1.371109392493963242e-02 3.525368496775627136e-02 2.251498699188232422e-01 2.993339672684669495e-03 6.790371239185333252e-02 7.065899670124053955e-02 1.359513215720653534e-02
1.413188874721527100e-04 5.213637905399082229e-06 2.021635303606217349e-08 6.599680637009441853e-05 3.493648022413253784e-02 1.212784647941589355e-01 7.269111871719360352e-01 3.380814450792968273e-05 5.530967027880251408e-04 6.040145158767700195e-01 5.190198848481486493e-08 2.505477964878082275e-01 3.834004281088709831e-03 5.068228503546379216e-08 2.389744622632861137e-05 1.981741189956665039e-02 1.803587365429848433e-04 1.430125557817518711e-04 1.874257577583193779e-05
9.999998807907104492e-01 2.958399010822176933e-03 9.238372362301103952e-15 2.380259975325316191e-04 2.223428525030612946e-02 1.979312032199601057e-14 1.960513764061033726e-04 8.778690698818536475e-07 5.700894183807703186e-12 2.894042381740291603e-06 5.408112326021896621e-12 4.594036638736724854e-01 6.464353762567043304e-03 1.503137718461555750e-11 4.764876271594765261e-15 8.345612627636000980e-07 1.897843304732305114e-08 3.184086883045722516e-10 1.153368806711130290e-11
1.038134247064590454e-01 1.250008819624781609e-03 2.452093497140594991e-07 9.387973477714695036e-06 2.069746106863021851e-01 6.579251203220337629e-05 8.839684724807739258e-01 6.169306288938969374e-05 8.743690699338912964e-02 3.153568599373102188e-03 1.076474582077935338e-04 8.514731526374816895e-01 1.104862149804830551e-02 2.733862345394300064e-07 5.909467404308088589e-07 4.457985237240791321e-02 6.175869493745267391e-04 4.188317325315438211e-05 1.194306742399930954e-02
9.989657402038574219e-01 4.474102752283215523e-04 1.967417860889252448e-18 4.362785157555233717e-14 5.465986774311204499e-09 7.902127845300921383e-13 9.823691248893737793e-01 5.132872859386905517e-12 8.467188477516174316e-01 3.400431602962328270e-10 3.128557968246070686e-10 7.790161296725273132e-03 3.520830071934710759e-09 3.326378785823177586e-17 2.731051770448965739e-18 1.184941207654777173e-11 4.481722015725608799e-08 8.289023222148028669e-13 9.906736016273498535e-01
1.756895519793033600e-02 3.913003951311111450e-03 1.623859425308182836e-04 1.024742703884840012e-02 2.050039619207382202e-01 6.212601903825998306e-03 5.090765953063964844e-01 3.182675316929817200e-02 6.646079011261463165e-03 7.599042654037475586e-01 9.980633622035384178e-04 8.156561851501464844e-01 6.496257334947586060e-02 2.448793966323137283e-04 6.568584358319640160e-04 4.038963317871093750e-01 2.859603427350521088e-02 2.045073546469211578e-02 1.487784436903893948e-03
3.091506427153944969e-03 4.609559312029887224e-07 3.479739874023835000e-08 9.998264908790588379e-01 1.060738116502761841e-01 3.267152700573205948e-03 5.603271350264549255e-02 1.333835484729206655e-06 2.159430914616677910e-05 3.114301071036607027e-04 2.473019844462243100e-10 1.131534343585371971e-03 8.825417899060994387e-05 1.990614322266992531e-07 1.257496769540011883e-03 6.467892671935260296e-04 2.925716340541839600e-03 4.433783033164218068e-06 2.694719558604674603e-09
4.633403477782849222e-06 1.224695012069787481e-08 3.726045463281479897e-07 9.999867677688598633e-01 5.471378608490340412e-05 8.431614041328430176e-01 1.334005733951926231e-03 1.148311753240705002e-06 6.827647302998229861e-05 8.398546746946067287e-09 9.935289048445313659e-15 5.494420023122170704e-12 2.849044221875374205e-06 1.674689156061504036e-05 5.032189190387725830e-02 8.286873409701911442e-09 1.165395020507276058e-03 5.155477265361696482e-05 4.813631160338616155e-10
4.342674801591783762e-04 9.881547885015606880e-05 2.633930478168622358e-07 4.116728529334068298e-02 2.813620027154684067e-03 9.994124174118041992e-01 9.388372302055358887e-03 9.669207429396919906e-06 7.047253195196390152e-03 2.851043609553016722e-05 3.185200325717119085e-09 1.453690856578759849e-06 5.924723882344551384e-05 8.942968561314046383e-04 1.659893058240413666e-02 3.663241386675508693e-06 5.059506511315703392e-04 3.028383478522300720e-03 1.893372245831415057e-05
1.191688003018498421e-03 7.684006355702877045e-03 9.874534010887145996e-01 1.000000000000000000e+00 1.058465841197175905e-06 2.792670450446621544e-08 5.439757089220620401e-09 2.859407395590096712e-04 2.928590258754332210e-13 6.455104450964199714e-09 7.919456757043974449e-11 1.620924260700012942e-14 4.531706872512586415e-05 9.992376565933227539e-01 4.262124275555834174e-05 6.865083560114726424e-05 9.097067987795526278e-08 9.021093137562274933e-03 1.732614052230019297e-11
6.229138234630227089e-04 6.929017786205804441e-07 9.382900429955043364e-07 1.000000000000000000e+00 8.526086503479746170e-09 2.096741003043689489e-09 2.098866436553437076e-12 1.022559786179044750e-06 7.390707399109205071e-18 1.362032153728875983e-10 1.717051822014771492e-20 1.963112527972581721e-20 1.623979528631025460e-06 5.283644199371337891e-01 6.485255426014191471e-07 2.229718409907377463e-09 3.969553574734163703e-09 6.989929534029215574e-05 3.560182874886393454e-18
9.266055421903729439e-04 5.860193041939965042e-08 3.390002589753748907e-08 1.000000000000000000e+00 2.121340436644914007e-08 1.560628293262311672e-09 1.826673794863564737e-12 1.435225804868878186e-08 1.940148487148431178e-17 9.268020378927488423e-12 1.353793456723031196e-21 2.468040699098569076e-20 1.742124311476800358e-07 8.906301110982894897e-03 9.149672308694789535e-08 9.852395566056770804e-10 1.410025873838094412e-09 5.858862195395886374e-08 2.962379084302802361e-19
9.621289372444152832e-02 8.211685344576835632e-03 4.100571852177381516e-03 8.905445337295532227e-01 5.062111187726259232e-03 6.161885708570480347e-02 7.096381485462188721e-02 5.746585503220558167e-02 3.050716186407953501e-04 9.459330439567565918e-01 8.685654756845906377e-05 3.134778514504432678e-02 8.320696651935577393e-02 6.491304375231266022e-03 1.603157073259353638e-01 5.784193519502878189e-03 3.184959292411804199e-02 3.878371790051460266e-02 3.648382698884233832e-05
8.830029964447021484e-01 1.848938018083572388e-01 9.999849796295166016e-01 8.616158738732337952e-03 7.972561568021774292e-02 2.371534537815023214e-05 8.280612528324127197e-02 2.021495848894119263e-01 3.982508133049122989e-05 5.302715301513671875e-02 1.141834436566568911e-04 1.258079707622528076e-01 7.130985260009765625e-01 2.153157442808151245e-02 1.247442123712971807e-04 6.497152894735336304e-02 8.024300448596477509e-03 2.314872806891798973e-03 1.622708281502127647e-03
2.348325577912610193e-15 8.859737623450117394e-14 2.374694780610702059e-21 2.056786091998219490e-03 4.172909484623232856e-07 8.743418766776756001e-10 1.000000000000000000e+00 4.738496446892066782e-14 5.738937943533528596e-06 6.572306647013937742e-17 1.214380626114832144e-20 1.190489113539472399e-11 8.575147536493687994e-12 3.429543937727430603e-08 1.111935634980909526e-04 1.171222230311741441e-09 7.799470040481537580e-06 8.366285095262604443e-12 8.356296882748581734e-13
1.352568057555458836e-09 2.066401520381400125e-12 5.413736196681030426e-20 4.936416900247486694e-11 8.551608630114060361e-07 1.942989058534294600e-07 6.217746995389461517e-03 1.075917381854196719e-07 1.966138189757327126e-11 1.000000000000000000e+00 9.059202871100190818e-15 8.829131126403808594e-01 5.332934506441233680e-06 5.263390950470689190e-20 6.408835085075590549e-15 9.104361757636070251e-03 5.880239628552885733e-10 8.514625116085028367e-10 4.005311504012322443e-14
1.062001842910831328e-06 5.560957510447606111e-12 1.147328149912578421e-15 7.739626616239547729e-02 1.955397124220326077e-07 9.240196645259857178e-02 6.453923997469246387e-04 4.615561266518852790e-09 1.097571252633988692e-11 9.999967813491821289e-01 3.704858418383143100e-18 2.819613655447028577e-05 8.458016054646577686e-06 6.498336482634037292e-14 1.442882057745009661e-04 1.593985921033436171e-08 3.885122268343366159e-08 1.831652518546889041e-08 1.633988494537813325e-15
1.354822504184838294e-12 2.234614031869345841e-17 1.128386273653762237e-30 9.163360174813117709e-13 9.859391948696671903e-13 2.007089673023505945e-15 2.498729001487731693e-09 4.610473114396995697e-10 5.816037951366574622e-24 1.000000000000000000e+00 2.668512916249135917e-23 9.215070605278015137e-01 4.096644967699347717e-10 5.757048723218623661e-27 7.316050020668362625e-22 4.632710188161581755e-04 4.178638839569433217e-14 1.207521170727698934e-12 1.191501597184440495e-27
8.160824988868997654e-13 3.932051897125745966e-19 2.574787478786894222e-29 6.704466625970240123e-13 8.576443418860435486e-03 2.506807771684494736e-15 1.998767256736755371e-03 3.560857663419125796e-13 1.837594655483622121e-19 1.000000000000000000e+00 3.754486448508063503e-24 9.999992847442626953e-01 5.209988690468847494e-11 1.421919193211028523e-25 1.354277590126896194e-23 7.031136155128479004e-01 6.746799299794936644e-13 2.685479659828016175e-12 2.471351924131116910e-24
9.546396904624998569e-05 6.156382337212562561e-02 4.429103573784232140e-04 1.773819676600396633e-04 1.097384374588727951e-03 9.999634027481079102e-01 4.402745980769395828e-03 6.572197162313386798e-05 3.717262996360659599e-03 2.250207762699574232e-05 1.490210337351527414e-07 2.453410843372694217e-06 1.603452074050437659e-05 3.434279859066009521e-01 5.221947212703526020e-04 2.985881292261183262e-05 1.146591239375993609e-05 3.515545395202934742e-04 7.083394302753731608e-05
7.647823076695203781e-05 1.467195339500904083e-03 9.999890327453613281e-01 4.093853931408375502e-04 1.711075601633638144e-04 1.136254519224166870e-01 7.976154685020446777e-01 2.787988865748047829e-03 3.149600625038146973e-01 1.822807244025170803e-04 4.390270476051227888e-07 4.335379708209075034e-05 5.971771897748112679e-04 9.103123447857797146e-04 4.547160584479570389e-03 1.520114019513130188e-03 4.877563193440437317e-02 2.025685680564492941e-04 5.374221503734588623e-02
