2.094886294798925519e-04 3.442259549046866596e-05 7.164295675465837121e-05 5.669441306963562965e-04 1.530819684267044067e-01 4.619369065039791167e-05 7.974073886871337891e-01 4.228132776916027069e-03 2.898904494941234589e-04 2.503018379211425781e-01 9.026546649693045765e-06 9.540941715240478516e-01 2.272661961615085602e-02 8.958378202805761248e-06 1.011571293929591775e-05 5.518305897712707520e-01 2.226237766444683075e-02 2.623128471896052361e-03 3.310759348096325994e-05
9.939485788345336914e-01 9.483868479728698730e-01 9.994837045669555664e-01 1.451445519924163818e-01 1.283441815758123994e-04 1.221911816173815168e-07 2.189899532822892070e-04 2.921046316623687744e-01 9.604127271245488373e-09 7.765316695440560579e-05 2.952047543658409268e-05 4.135811701416969299e-03 5.493548512458801270e-01 9.308449625968933105e-01 5.595675816039147321e-07 1.299182418733835220e-03 1.381097717967350036e-05 2.004476729780435562e-03 5.149730100129090715e-07
9.997358918190002441e-01 9.979093670845031738e-01 8.174248039722442627e-03 2.542486879974603653e-03 8.398556019528768957e-07 2.487804129369663997e-10 3.015828842762857676e-04 7.191588878631591797e-01 1.750639881947790855e-07 2.672894083843857516e-07 4.686103238782379776e-06 2.575944527052342892e-04 3.342963457107543945e-01 7.968801259994506836e-02 2.126255074785809995e-11 4.921945946989580989e-05 5.322539436747319996e-06 2.384558683843351901e-05 1.046081532507514567e-08
9.999964237213134766e-01 5.085626840591430664e-01 8.604642692811026450e-11 9.999958276748657227e-01 5.556092131882905960e-03 3.724115539061913227e-14 8.181011423857853515e-08 1.503258245065808296e-04 3.820451984284933822e-14 1.257211721394924098e-07 7.118582168175180414e-09 1.021113639581017196e-04 1.468875445425510406e-02 4.219952039420604706e-03 1.008498406313007578e-12 1.905923090816941112e-05 5.588155715940956725e-08 7.149893566094078778e-09 2.940176964741358923e-12
9.999943971633911133e-01 4.853884279727935791e-01 4.209255166642833501e-09 9.625327587127685547e-01 3.494494408369064331e-02 4.276243855544370476e-12 1.855795744631905109e-05 6.574098370037972927e-04 5.019024432173502248e-11 1.026909558277111501e-06 3.670574528769066092e-07 2.017689868807792664e-02 3.840510919690132141e-02 4.066903784405440092e-04 1.594825833894919498e-11 7.962029485497623682e-05 7.475795769096293952e-07 6.431142907104003825e-08 5.035250549845216028e-10
3.912469765054993331e-06 2.479392378518241458e-06 2.682537001419404987e-07 1.017418860271845915e-08 3.360378514116746373e-06 9.992488026618957520e-01 1.977973990142345428e-02 8.888225155878615169e-10 4.687953889369964600e-01 3.192417352693155408e-06 2.160658596483955307e-10 1.491196326242061332e-05 1.106880276324773149e-07 5.629265498185986871e-09 2.649118414410622790e-06 1.968650451544817770e-07 2.614620143503998406e-06 4.534555773716419935e-05 9.390548467636108398e-01
7.637620001332834363e-05 3.784869477385655046e-05 6.032685178070096299e-07 2.363987080752849579e-02 1.408296375302597880e-04 4.435752518475055695e-03 9.984593391418457031e-01 2.619339793454855680e-04 1.196818333119153976e-02 1.159968974207004067e-06 3.093994962455326458e-07 7.350331088673556224e-06 1.339337031822651625e-04 3.095335885882377625e-02 7.033675312995910645e-01 4.580550012178719044e-06 2.038604468107223511e-01 4.756429698318243027e-04 5.083265714347362518e-04
1.967786192835774273e-05 4.010902721063303034e-09 1.666609072970004490e-09 9.993848800659179688e-01 1.679774527474364731e-06 8.834921717643737793e-01 4.972265451215207577e-04 1.734493793037472642e-07 6.675913482467876747e-06 1.294708074084383043e-08 2.254204017967541187e-16 1.434598858977842450e-12 3.757841682272555772e-07 1.105203773477114737e-05 6.814956665039062500e-01 5.129361865807702259e-11 1.703146845102310181e-04 4.065388930030167103e-05 3.247531688010951711e-10
9.984697699546813965e-01 4.400565028190612793e-01 1.000000000000000000e+00 6.150006651878356934e-01 8.364222012460231781e-04 6.219700754428458822e-09 6.932032192707993090e-06 1.251076068729162216e-02 3.539171776825722482e-12 3.110678153461776674e-05 1.320631440648867283e-06 6.981283077038824558e-04 8.815042972564697266e-01 8.485286831855773926e-01 2.503685436749947257e-06 1.207378343679010868e-03 2.749697216586355353e-07 1.927521266043186188e-02 6.278464326214816538e-08
9.999998807907104492e-01 9.714018702507019043e-01 7.231777906417846680e-01 2.819886140059679747e-04 5.775141289632301778e-06 2.073465292352721055e-15 1.381576311132448609e-07 4.757845308631658554e-03 1.580095282114929618e-15 7.317229488990051323e-09 6.141560870975837361e-11 6.385298445820808411e-03 9.447510242462158203e-01 2.842563949525356293e-02 6.720395402415877198e-16 7.341863579313212540e-07 1.297544849343523765e-10 3.303244682228978490e-07 3.429000789909042446e-12
7.150052785873413086e-01 6.928279995918273926e-02 1.969510922208428383e-04 1.445230445824563503e-03 2.678305609151721001e-03 1.184127540909685194e-05 5.133093334734439850e-03 2.713101357221603394e-02 1.104720013245241717e-05 5.519485473632812500e-01 6.513627886306494474e-05 5.023441314697265625e-01 9.411826133728027344e-01 1.726871960272546858e-05 1.123014953918755054e-06 4.310454428195953369e-02 9.266009146813303232e-05 1.761163026094436646e-02 7.377585279755294323e-05
8.049309253692626953e-01 1.607043482363224030e-02 1.203191095555666834e-05 6.159489508718252182e-03 8.044638484716415405e-02 3.157935338094830513e-03 8.497105240821838379e-01 1.870800333563238382e-04 3.523189425468444824e-01 1.602208358235657215e-04 7.206597947515547276e-04 1.543952971696853638e-01 5.892264889553189278e-04 1.760046725394204259e-04 2.191317733377218246e-03 7.785765919834375381e-04 9.163649752736091614e-03 4.883375368081033230e-04 1.191900596022605896e-01
3.452654523774297685e-15 4.468656730089601306e-18 7.084204929372929062e-28 4.183737232522910521e-13 2.576032898105040658e-08 3.533759913707367069e-17 7.708031334914267063e-04 2.570245349886590702e-09 5.306918422149451264e-20 1.000000000000000000e+00 3.854449608685785557e-22 9.999169111251831055e-01 1.821842676719143128e-10 1.157094864890938348e-22 2.890400089220425342e-20 3.974133729934692383e-01 9.123313771119967441e-10 6.410338926343683852e-11 1.200716348594763594e-23
2.711144297343898169e-13 3.451862812666410931e-16 5.400267046745767551e-20 5.600592212218202803e-10 1.495013129897415638e-04 2.173396926568715165e-14 7.505052685737609863e-01 4.974296885507101251e-08 3.604823145715585486e-14 9.996180534362792969e-01 3.513287110828618379e-18 9.999650716781616211e-01 1.040039876443188405e-07 4.464467473877326497e-17 4.877312060288011529e-16 8.910449147224426270e-01 2.696675210245302878e-06 7.314901750987701234e-08 6.897841260978466635e-17
2.179111113775888953e-08 2.355140804599642479e-10 5.496094573377574566e-13 3.550100922584533691e-01 6.178102580634003971e-07 9.999998807907104492e-01 1.826016244876882411e-07 1.521556214356678538e-10 2.275969745824113488e-05 4.599403843896787691e-11 2.632003095950334823e-18 5.159612683256582441e-15 4.478968307353170530e-09 7.672773563172086142e-07 2.490721456706523895e-02 6.467711023867839248e-13 4.424803137226263061e-06 1.501424703747034073e-04 7.654003125745489911e-11
4.834072887897491455e-01 1.358694047667086124e-03 1.006193305758129597e-11 2.870254256492899003e-09 5.944426675341674127e-07 3.646173070137592731e-07 9.784284234046936035e-01 2.806114807185622340e-08 7.110977172851562500e-01 1.748829163261689246e-06 1.939743441425889614e-07 7.499332539737224579e-03 7.396681098725821357e-07 7.627741493987372223e-11 1.948135264218109342e-10 4.816483212266575720e-08 3.652727173175662756e-05 1.802547728857462062e-07 9.834428429603576660e-01
9.999952316284179688e-01 1.234568580985069275e-01 1.586232940553600201e-07 8.258537203073501587e-02 1.879376010037958622e-03 4.639077316737072465e-11 2.738381681410828605e-06 9.307341533713042736e-04 6.248009921938635358e-13 3.138449028483591974e-05 3.292544015209841746e-10 6.272114068269729614e-02 9.290753006935119629e-01 1.000490192382130772e-05 3.251330871201218997e-10 9.829635928326752037e-06 4.311698376113781705e-08 2.836042222043033689e-05 1.974529914572364930e-11
9.824829101562500000e-01 8.035544157028198242e-01 2.670366375241428614e-04 7.593778427690267563e-03 1.314400346018373966e-03 6.035210390109568834e-06 8.103677071630954742e-03 2.167474925518035889e-01 5.494294964591972530e-05 7.808248978108167648e-03 1.799281162675470114e-04 1.419261544942855835e-01 9.026549458503723145e-01 4.860310815274715424e-03 1.253262894351792056e-06 7.232989650219678879e-03 2.764268429018557072e-04 1.290267985314130783e-02 5.444349881145171821e-05
5.172706022858619690e-02 1.718881307169795036e-03 2.081254206132143736e-05 1.656431122682988644e-03 2.861206885427236557e-04 1.013999353745020926e-04 3.319940296933054924e-03 3.089248575270175934e-02 1.931204451466328464e-06 9.982739686965942383e-01 6.500113522633910179e-05 3.443840742111206055e-01 1.588524132966995239e-01 3.728334831976098940e-06 5.966650405753171071e-06 5.363922938704490662e-02 2.679741883184760809e-04 1.114068273454904556e-02 4.996484676667023450e-06
6.216213703155517578e-01 1.869207248091697693e-02 7.197751301646349020e-07 8.136144280433654785e-01 8.109985355986282229e-05 1.482538300479063764e-05 1.560173113830387592e-04 1.536323409527540207e-02 5.240201161882396264e-09 9.949613809585571289e-01 6.672359518233861309e-07 6.563299149274826050e-02 3.035657703876495361e-01 3.442249726504087448e-05 3.389774519746424630e-06 1.673892373219132423e-03 4.013030411442741752e-05 7.761897519230842590e-03 5.406750958059092227e-08
6.053127348423004150e-02 9.427581727504730225e-02 9.295125603675842285e-01 9.999818801879882812e-01 1.455604098737239838e-03 1.783490006346255541e-04 1.292594242841005325e-04 2.219443581998348236e-02 7.457217634510016069e-07 2.147703780792653561e-04 2.732928260229527950e-05 6.024107506164000370e-07 1.489380747079849243e-02 9.481447339057922363e-01 8.396063931286334991e-03 1.157462969422340393e-02 3.030776861123740673e-04 9.387454390525817871e-02 6.732046585966600105e-06
1.863754168152809143e-02 2.016174039454199374e-05 3.781467796670767711e-07 1.000000000000000000e+00 9.883601887850090861e-05 8.323537258547730744e-06 1.824743208089785185e-06 2.069381298497319221e-05 1.149072725858957256e-09 9.387501904711825773e-07 8.689008713924639693e-13 5.012184417507725698e-11 8.236070425482466817e-05 4.341060295701026917e-03 1.724615140119567513e-04 1.888970359686936717e-06 4.351467214291915298e-05 1.204569980473024771e-05 2.995973261143980437e-11
1.101986784487962723e-02 8.304713992401957512e-04 1.354066771455109119e-03 3.422681093215942383e-01 1.894753775559365749e-03 6.842133998870849609e-01 8.752475678920745850e-02 1.202438957989215851e-02 3.784776432439684868e-03 3.260414600372314453e-01 1.148836236097849905e-05 1.482294755987823009e-03 1.457859110087156296e-02 1.153780333697795868e-02 8.146201372146606445e-01 4.031026619486510754e-04 2.554076723754405975e-02 2.207226119935512543e-02 1.673154620220884681e-04
2.688037639018148184e-04 1.947737473528832197e-04 7.003226201049983501e-04 7.488598823547363281e-01 4.322042150306515396e-05 1.129996553063392639e-01 5.459450557827949524e-02 1.878029666841030121e-02 1.873937144409865141e-04 6.168530322611331940e-03 1.026958926786392112e-07 1.848331635301292408e-06 2.974585397168993950e-03 7.686050981283187866e-02 9.101155400276184082e-01 2.673328526725526899e-05 1.197462901473045349e-01 2.112793475389480591e-01 1.456888412576518022e-06
5.729899276047945023e-04 9.357967064715921879e-04 1.349848113022744656e-03 8.416180014610290527e-01 1.358849112875759602e-04 4.148294031620025635e-02 7.468254119157791138e-02 5.691659450531005859e-02 1.998859079321846366e-04 1.173701509833335876e-02 5.152215862835873850e-07 1.010087726172059774e-05 7.075423840433359146e-03 1.422696560621261597e-01 8.094924688339233398e-01 1.603180426172912121e-04 2.132873088121414185e-01 5.010794997215270996e-01 4.033735876873834059e-06
9.583392529748380184e-04 3.875781083479523659e-03 2.860803215298801661e-04 8.336221575736999512e-01 7.030784618109464645e-04 3.500259190332144499e-04 1.546666473150253296e-01 2.028377056121826172e-01 3.000525466632097960e-04 8.059181272983551025e-03 8.517997230228502303e-06 5.808217683807015419e-04 1.371202897280454636e-02 1.900000870227813721e-01 2.138251364231109619e-01 2.113077556714415550e-03 8.904380202293395996e-01 7.514707446098327637e-01 5.754980884375981987e-05
5.678668472952619339e-12 3.496756649425808439e-13 2.110568447441507622e-12 1.000000000000000000e+00 8.295000970826027498e-13 5.358876536964984894e-12 8.211847161874175072e-04 1.658821201999671757e-05 1.239262226095539515e-14 9.427330027733660245e-10 1.237017676414680982e-23 3.722820697083520380e-19 1.646684388845187641e-08 1.097524818760575727e-05 4.074953496456146240e-03 3.765147509092806044e-14 9.965795874595642090e-01 1.409070250701915938e-06 4.111740018473213389e-20
5.049180984428858210e-08 1.848975660079243966e-11 4.709111139228339127e-12 1.000000000000000000e+00 2.169256703155042487e-07 8.377308025956153870e-03 9.279777441406622529e-05 2.970662293932946341e-08 8.903755066569374321e-09 8.198135226233915773e-11 4.694194238482312759e-21 4.912150856280825923e-17 1.925785930723122874e-08 3.539719273248920217e-07 1.088963914662599564e-02 3.170345496544824115e-12 4.652534262277185917e-04 1.337781867505327682e-07 3.407226876263628676e-15
8.779997006058692932e-05 1.134800277213798836e-05 1.888694782792299520e-06 9.999997615814208984e-01 2.405370423730346374e-06 2.185235189244849607e-06 9.264713735319674015e-04 5.407345946878194809e-03 1.172818908656836356e-08 4.340273153502494097e-05 1.244059217621329427e-12 2.824835851344964510e-11 2.035973448073491454e-04 2.025788091123104095e-02 3.116005100309848785e-02 1.768978279415023280e-07 2.027152776718139648e-01 6.478634197264909744e-03 1.812144878599042386e-11
2.374300733208656311e-02 2.257999121013654076e-09 3.608478262289577243e-13 1.000000000000000000e+00 9.705537813715636730e-04 2.832215614034794271e-06 1.222368155140429735e-04 2.582998259725854950e-09 2.736560089644513027e-09 3.747373245044371970e-10 2.096089833541459036e-16 7.283399577895366406e-11 1.340173554353896179e-07 2.630029172223657952e-08 1.474818331189453602e-03 7.759907383331210440e-09 2.993844973389059305e-04 1.790541881430129934e-10 8.570969183951254733e-14
3.516923863244869608e-09 1.287411583589248565e-12 3.286167865601541394e-11 9.999998807907104492e-01 1.853576667154577251e-11 8.595328778028488159e-03 3.107442580585484393e-06 2.478325882293574978e-07 1.223595617189099372e-11 3.131038539549990674e-08 6.958660058545966199e-23 2.379449965686869519e-18 3.236731416222937696e-08 6.577943167940247804e-06 8.710650205612182617e-01 1.098071998183614700e-14 5.742848588852211833e-05 3.303910780232399702e-04 1.211619998708376498e-17
4.370175247458973899e-06 5.558233340252627386e-08 1.794036585955893770e-09 1.000000000000000000e+00 6.112091388565943362e-10 6.063375508347235154e-07 1.364464541353527238e-08 1.702688896330073476e-04 1.625434202924373739e-15 1.129831517232560145e-07 3.076156258907565459e-21 5.317134555078878646e-19 3.537651537044439465e-06 1.682124733924865723e-01 3.222222207114100456e-03 1.075189069721371737e-11 7.175550763349747285e-06 2.952959835529327393e-01 2.905260143355696133e-18
8.240340948104858398e-01 4.648561477661132812e-01 5.100837349891662598e-02 3.077466785907745361e-02 3.280401229858398438e-02 2.757008653134107590e-03 1.312736123800277710e-01 2.986016869544982910e-01 1.997929625213146210e-02 9.247658401727676392e-02 7.965642027556896210e-03 2.395204752683639526e-01 7.876342535018920898e-01 1.748793199658393860e-02 1.233680406585335732e-03 7.742720842361450195e-02 1.886305399239063263e-02 4.597290977835655212e-02 2.278368920087814331e-02
3.105019405484199524e-02 3.720231354236602783e-01 2.667681314051151276e-03 7.585732638835906982e-02 6.515270099043846130e-03 7.794499862939119339e-03 9.481413960456848145e-01 9.157504141330718994e-02 4.205427467823028564e-01 4.153414629399776459e-03 9.113912284374237061e-02 2.301843650639057159e-02 1.100908871740102768e-02 1.668552309274673462e-01 4.443453997373580933e-02 1.422429829835891724e-02 1.697040796279907227e-01 3.283875063061714172e-02 1.095421835780143738e-01
6.258590929064666852e-06 4.174638065790325925e-11 9.546873408394144882e-16 1.877132227434685774e-08 9.600929021835327148e-01 7.058986208063888768e-12 9.789445400238037109e-01 6.354924225737690335e-11 8.410979717154987156e-07 1.512967855887836777e-06 2.725002027411521643e-13 9.997459053993225098e-01 9.547617310090572573e-07 5.846160839093452258e-15 9.350482255067894127e-15 3.476344645023345947e-01 5.976577085675671697e-06 2.544104127366608736e-08 9.224587066425371518e-11
5.855245981365442276e-03 8.901566616259515285e-06 4.452813300304114819e-06 9.577736854553222656e-01 3.173777804477140307e-05 3.325980060253641568e-06 2.000317275524139404e-01 1.506488537415862083e-03 3.303024129763798555e-07 1.202702333102934062e-05 6.364558324811753209e-10 8.496688224113313481e-07 5.356240435503423214e-04 6.325846072286367416e-03 7.036864757537841797e-01 1.376424165755452123e-06 9.765740633010864258e-01 2.197114954469725490e-04 6.626509563290028382e-09
1.000000000000000000e+00 6.143796781543642282e-05 2.720188169765686004e-13 9.999996423721313477e-01 1.109224185347557068e-01 1.564243669311996226e-16 1.049376852080285971e-08 1.899596213661425281e-08 1.322877561134022613e-20 1.166880814196247229e-09 8.233152306377918787e-16 1.099591681850142777e-04 1.215062686242163181e-03 2.488437900183271267e-08 4.977091516700227203e-10 1.592563769747812330e-08 7.306535820816861815e-08 6.173349158256069558e-12 1.512509960563897305e-19
9.938509464263916016e-01 1.121876761317253113e-01 1.484154839999973774e-03 7.870577573776245117e-01 1.031728386878967285e-01 4.304798494558781385e-05 6.435696966946125031e-03 2.496368996798992157e-02 2.111736193910473958e-06 1.317176409065723419e-02 7.319290307350456715e-05 1.307898908853530884e-01 3.708648979663848877e-01 6.628347095102071762e-03 1.626397366635501385e-03 3.813642309978604317e-03 3.252543741837143898e-03 4.254734609276056290e-03 6.053737706679385155e-06
9.241576790809631348e-01 1.366307144053280354e-03 7.236722207809923035e-14 4.035371481414529171e-10 1.012184043247543741e-06 4.644588713631492283e-09 9.883964657783508301e-01 2.559394918222324122e-09 7.801244258880615234e-01 4.333208636353447218e-08 1.007020813403869397e-07 1.675880141556262970e-02 9.098750552993806195e-08 3.802159108390323894e-12 4.061180211567538834e-12 8.027472020444292866e-09 9.780684194993227720e-06 3.545143067995581987e-09 9.588385224342346191e-01
1.967018725679281488e-08 3.228987566217256244e-07 2.092245682261406614e-10 2.138166266263397119e-08 5.835734773427248001e-04 1.000000000000000000e+00 2.696009175906510791e-07 3.819953468126024987e-12 1.227409811690449715e-03 1.429393137186707463e-08 1.125171716188184609e-14 1.174219499411321976e-09 5.235485378562998449e-09 2.873575795092619956e-07 5.934746241109678522e-06 1.336568633547585705e-08 9.865225081284734188e-09 1.246826195711037144e-05 1.032069667417090386e-05
9.360114461287594168e-08 1.224908022234849625e-11 1.059754429935493014e-14 9.800026416778564453e-01 9.105211211135610938e-05 9.999998807907104492e-01 1.135233446802885737e-06 1.964026814446628855e-12 1.611270563444122672e-04 4.047515794747269524e-12 2.074007010454340195e-19 4.755028497143397315e-14 1.092022028359451724e-09 2.923645547880937556e-09 6.051327000022865832e-05 2.255590506039517606e-11 3.404385779504082166e-06 3.679886503960005939e-05 2.051029658611813744e-11
1.248128683073446155e-04 9.491438977420330048e-04 2.984726987779140472e-02 7.081180810928344727e-02 1.388573274016380310e-02 6.625831010751426220e-04 9.788817167282104492e-01 2.925412356853485107e-02 3.429494798183441162e-02 1.893563778139650822e-03 3.187185793649405241e-04 2.285063080489635468e-02 2.088275365531444550e-02 1.280229073017835617e-02 3.601492196321487427e-02 7.706565409898757935e-02 3.253056108951568604e-01 1.383473444730043411e-02 3.711186116561293602e-03
1.239718840224668384e-04 1.134016492869704962e-04 4.535716691123070632e-09 3.772538184421136975e-05 1.684774993918836117e-03 4.529369762167334557e-04 2.118844538927078247e-01 5.202626343816518784e-03 7.705699681537225842e-05 9.980864524841308594e-01 5.223511834628880024e-06 6.637059450149536133e-01 1.090459618717432022e-02 4.039218026719026966e-08 7.618612016813131049e-07 1.534755825996398926e-01 3.829663619399070740e-04 1.780251768650487065e-04 6.673111784039065242e-06
5.696537486638575850e-19 6.306334000236902160e-19 7.182197670131510469e-26 4.652315080165863037e-01 1.161086227163821150e-09 1.842239157667791005e-06 1.000000000000000000e+00 4.519674024946998410e-19 1.894245201583544258e-06 7.682078167475110174e-24 2.894703039810639586e-28 5.527361086042552804e-20 4.343698111827849393e-17 1.278430139528552445e-10 1.381612615659832954e-03 1.440576885482647979e-15 2.122158662132278550e-07 1.867528213236185897e-13 6.137009797975052374e-17
9.999767541885375977e-01 4.305518232285976410e-03 3.481087063050836150e-08 9.994705319404602051e-01 4.418460428714752197e-01 2.229441964374245799e-09 2.022846456384286284e-04 4.545904084807261825e-05 1.742996164066923370e-10 4.272602382116019726e-06 2.537934307156319846e-08 9.799423627555370331e-03 4.033705685287714005e-03 4.498334237723611295e-05 4.827598331758053973e-06 1.186258741654455662e-04 2.741852658800780773e-04 1.969352751984843053e-07 1.880574307389082378e-10
6.146734580397605896e-03 2.299519837833940983e-04 3.194359363988041878e-03 9.906630516052246094e-01 8.683394844410941005e-05 7.817967794835567474e-03 1.495738886296749115e-02 1.115813571959733963e-02 9.763731213752180338e-06 9.456462226808071136e-03 3.199431475309211237e-08 2.168254468415398151e-06 7.409639190882444382e-03 3.387030214071273804e-02 7.328786253929138184e-01 2.940614285762421787e-05 6.458722800016403198e-02 9.071878343820571899e-02 1.904287501020007767e-07
9.063249826431274414e-01 5.226078792475163937e-05 2.904728957364710595e-10 9.999864101409912109e-01 9.283549785614013672e-01 1.064724060029220709e-07 1.107933651655912399e-02 3.851265546472859569e-07 2.669361037987982854e-06 2.124457978425198235e-06 4.496371985851510544e-08 2.316535077989101410e-02 9.567811503075063229e-06 1.843200493567564990e-06 3.896105226885993034e-06 1.893640123307704926e-02 2.380807418376207352e-03 6.433081267687157379e-08 8.082058577940642863e-09
3.074576704342746325e-11 3.750356913911900847e-09 2.594701998340909329e-16 1.509561985731124878e-01 3.436650104049476795e-06 1.826580160013691057e-06 9.999984502792358398e-01 2.116770127236211607e-11 8.537543471902608871e-04 2.120233920073835709e-14 4.154351016839863409e-15 4.588013302608828781e-11 1.222241197140760960e-10 9.980629329220391810e-06 3.424863389227539301e-04 6.643695371622015955e-09 7.675513188587501645e-06 5.213003362314339029e-10 1.142226757622211153e-09
5.493115509125345852e-07 6.997483069426380098e-06 5.918624810874462128e-05 5.308981053531169891e-03 4.487262776819989085e-05 7.717194408178329468e-02 9.967310428619384766e-01 6.616744940401986241e-05 2.066240087151527405e-02 4.448011736712942366e-07 5.383441248341114260e-09 5.266194307296245825e-07 4.682048529502935708e-05 3.007869422435760498e-02 1.660352498292922974e-01 9.505502930551301688e-06 1.658543013036251068e-02 1.232592156156897545e-03 7.465213275281712413e-05
2.047649584710597992e-02 1.197560038417577744e-02 9.966410398483276367e-01 9.720143079757690430e-01 3.222121158614754677e-03 5.932234344072639942e-04 9.221164137125015259e-02 9.801031649112701416e-02 7.964756514411419630e-05 1.159583684056997299e-02 4.183120108791626990e-05 1.422752102371305227e-04 1.296660751104354858e-01 2.344915866851806641e-01 2.479287236928939819e-01 9.450750425457954407e-03 2.107077538967132568e-01 1.189889535307884216e-01 8.455062197754159570e-05
1.022703637553272929e-22 3.955877683564503029e-22 1.226961788776790107e-21 1.000000000000000000e+00 1.076934665399292081e-24 3.594922778599985813e-29 7.696551084518432617e-02 5.253210755284953848e-09 1.057242113685511027e-23 3.265685535410683784e-19 2.103210967052814429e-38 6.811867981800410920e-31 3.178546361119923003e-14 4.161492928034249417e-09 4.606899750569937169e-08 4.215142361024386832e-21 1.000000000000000000e+00 2.948394210933657708e-15 2.409127899919860830e-30
5.741367772316152696e-07 1.614832058294268791e-06 2.774952463369118050e-07 9.999998807907104492e-01 2.586816663097124547e-07 3.106404466990397850e-09 1.202225964516401291e-02 1.671869657002389431e-03 2.979389357449235831e-08 5.297666803016909398e-07 2.678766496816420428e-13 5.762307948506406596e-13 2.932977076852694154e-05 1.063817366957664490e-02 1.150727388449013233e-03 5.800664482080719608e-08 6.257195472717285156e-01 1.641144422137585934e-06 5.514757053792784802e-12
1.767565260824000006e-11 5.036874251018730320e-10 3.452349073285176928e-09 1.435205340385437012e-01 4.615567650301244385e-10 4.408432507929660460e-10 9.984987974166870117e-01 9.607675747247412801e-05 9.235409947905282024e-08 5.688680637661036599e-10 3.223807736063045992e-14 1.798769813654566008e-11 2.487836127329501323e-06 2.637920551933348179e-04 2.255936898291110992e-02 2.392509657056507422e-08 9.994682669639587402e-01 1.345519308415532578e-06 3.045542706914261544e-09
1.710116863250732422e-01 1.365553885698318481e-01 8.319679498672485352e-01 3.981573283672332764e-01 1.038563698530197144e-01 2.521183155477046967e-02 6.132654547691345215e-01 3.288993835449218750e-01 4.450675472617149353e-02 1.031677052378654480e-01 1.557225361466407776e-02 9.109570086002349854e-02 2.592655420303344727e-01 1.515624821186065674e-01 2.613097727298736572e-01 1.225575879216194153e-01 4.503680765628814697e-01 8.899822086095809937e-02 3.889271244406700134e-02
8.286342904971055051e-15 3.160196713689056303e-12 3.348850636088283178e-17 1.000000000000000000e+00 1.810157318583518896e-16 1.629521411363742741e-20 1.613855478353798389e-03 1.998255174839869142e-04 1.799684120150188996e-17 3.736180115287979220e-11 1.893629048546829998e-25 5.860899271977917627e-22 1.549517514298770493e-09 3.535921452566981316e-03 1.514599534857552499e-05 1.024312538543299678e-14 9.999933242797851562e-01 4.080042417626827955e-04 6.270701026425453242e-22
1.483224856803195201e-22 7.503010055205742423e-23 1.420142012851082024e-24 1.000000000000000000e+00 9.097180443825574612e-25 1.262964446670408607e-33 1.516602816991508007e-03 7.132577861668210062e-10 4.021262529641235258e-26 3.322290150962541025e-20 0.000000000000000000e+00 2.600593906782148809e-34 3.273399905762185494e-15 6.523360740473549413e-10 1.552433598339675314e-10 8.608414335965530840e-23 1.000000000000000000e+00 3.088473369846801296e-17 2.820214707629768275e-35
3.026611011591739953e-06 1.122316389228217304e-04 2.831006609693709208e-11 9.981411695480346680e-01 3.354865359142422676e-03 1.013978589980979450e-07 9.969878792762756348e-01 2.352057890675496310e-06 2.770899049937725067e-02 4.766784300613835512e-08 3.341284582347725518e-06 7.764508154650684446e-06 2.504996700736228377e-06 4.097615601494908333e-04 1.391456316923722625e-04 1.064660376869142056e-03 1.956134336069226265e-03 4.725991686882480280e-08 4.613165856426348910e-06
4.354819663246404107e-22 2.862379513991253455e-18 4.174485868461908659e-19 9.999998807907104492e-01 1.907189302450315037e-21 2.129953784435728399e-29 9.988335967063903809e-01 2.101578644442270161e-08 1.744266245113525098e-18 1.207609558265020340e-18 2.855023187921231664e-30 2.509636724368076750e-25 9.335415470171359864e-13 1.807512290952217882e-07 8.946756224759155884e-09 4.117273631881464106e-16 1.000000000000000000e+00 9.361505541843461592e-16 6.717705966034191115e-23
1.315692182426072579e-18 9.999908434293903133e-19 1.936657081859936731e-18 1.000000000000000000e+00 2.189893624868084225e-20 1.483698095446313418e-25 2.594611793756484985e-02 8.383905480968678603e-08 1.252222038875859100e-20 3.426960308714930518e-16 1.743375671704534603e-32 7.825968565954912085e-26 4.704900531671274422e-12 3.376560542278639332e-08 1.162446849889420264e-07 8.465443316664652656e-18 1.000000000000000000e+00 6.327799612418361086e-13 1.279773591734716206e-26
2.165256596242670639e-08 7.797714260959764943e-07 1.763139039212546777e-07 1.759245097637176514e-01 1.491051904167761677e-07 2.115655206580413505e-08 1.266780942678451538e-01 1.036922354251146317e-02 1.551105469843605533e-06 1.109468030335847288e-05 1.283918388272908828e-10 4.656895100652036490e-07 4.937214544042944908e-05 9.697668254375457764e-03 6.475681904703378677e-03 2.313040749868378043e-05 9.992284774780273438e-01 8.337194323539733887e-01 1.068748645138839493e-07
9.809521725401282310e-04 7.815647870302200317e-03 9.999994039535522461e-01 5.357974171638488770e-01 1.182368287118151784e-04 2.183156311730272137e-06 1.640305966138839722e-01 1.916306614875793457e-01 3.786458819377003238e-06 2.741113130468875170e-04 2.514352104299177881e-07 4.048117716592969373e-06 4.990211129188537598e-02 4.050696194171905518e-01 5.614261701703071594e-02 1.911302679218351841e-03 6.233994960784912109e-01 1.788900606334209442e-02 6.958418816793709993e-05
