1.135458145290613174e-02 1.344567746855318546e-03 1.035246714309323579e-05 5.612928420305252075e-03 4.352045070845633745e-04 5.989798228256404400e-04 5.711934994906187057e-03 3.963481634855270386e-02 5.872948349860962480e-06 9.992735981941223145e-01 8.971260831458494067e-05 3.206221461296081543e-01 3.031104803085327148e-02 1.835155489970929921e-05 8.546491153538227081e-05 6.307369470596313477e-02 1.356013701297342777e-03 8.992127142846584320e-03 2.551752004364971071e-06
3.540645120665431023e-04 8.149176210281439126e-06 1.733627241762292215e-09 1.094215258490294218e-04 1.606246200935856905e-06 3.905275207216618583e-06 8.136554970405995846e-05 2.875768113881349564e-03 9.767765485335644371e-10 9.999983310699462891e-01 1.022247175797019736e-07 2.211683541536331177e-01 2.092726761475205421e-03 6.243091377200471470e-09 8.498391679268024745e-08 1.224244665354490280e-02 1.076541229849681258e-05 3.070508537348359823e-04 2.329621218155608631e-10
4.861006885766983032e-02 6.434883922338485718e-02 4.044305905699729919e-02 5.795640945434570312e-01 2.013285644352436066e-02 1.118437200784683228e-01 3.207137584686279297e-01 2.844220399856567383e-01 1.914389431476593018e-02 1.290998756885528564e-01 2.339668106287717819e-03 1.331012789160013199e-02 1.119024530053138733e-01 2.941823303699493408e-01 5.630333423614501953e-01 2.643209509551525116e-02 3.144329786300659180e-01 4.556865394115447998e-01 4.109458997845649719e-03
8.933379431255161762e-04 7.725897431373596191e-01 5.061000410933047533e-05 8.842468857765197754e-01 4.199295744911069050e-06 1.409122660334105603e-06 1.283971872180700302e-02 4.144069552421569824e-01 2.865415353880962357e-07 2.561786277510691434e-05 5.082075631435145624e-07 9.415603585694043431e-08 7.528486894443631172e-04 9.994676709175109863e-01 2.462215779814869165e-04 3.189468407072126865e-04 3.315249690786004066e-03 6.621001288294792175e-03 1.903567792282956361e-08
9.454044699668884277e-01 3.965422511100769043e-02 1.735142063807870727e-06 1.166724323411472142e-04 2.077927887439727783e-01 1.650294325372669846e-05 7.678294181823730469e-01 2.173364628106355667e-04 1.188926398754119873e-01 4.575825587380677462e-04 1.055612345226109028e-03 7.468584179878234863e-01 5.844125989824533463e-03 3.024844772880896926e-06 1.281386175833176821e-06 1.181570347398519516e-02 1.498870435170829296e-03 4.608171366271562874e-05 6.456536799669265747e-02
9.682106319814920425e-04 8.004835690371692181e-04 1.183908722168780514e-07 8.902347763068974018e-04 1.567845582030713558e-03 4.954296746291220188e-04 8.733100444078445435e-02 2.174006216228008270e-02 6.021612352924421430e-05 9.981912970542907715e-01 3.837155963992699981e-05 5.618928074836730957e-01 2.001700550317764282e-02 1.872108782663417514e-06 1.111507663154043257e-05 1.445807963609695435e-01 1.718838699162006378e-03 1.400412293151021004e-03 1.013842847896739841e-05
5.971199274063110352e-02 5.846321582794189453e-02 4.950730362907052040e-04 6.353469099849462509e-03 4.109518975019454956e-02 2.965734805911779404e-03 5.365303754806518555e-01 1.290425062179565430e-01 1.061971578747034073e-02 6.224659085273742676e-01 6.698835641145706177e-03 6.120321154594421387e-01 2.850280106067657471e-01 5.464701680466532707e-04 5.272735725156962872e-04 2.022811472415924072e-01 3.236822783946990967e-02 1.166920084506273270e-02 8.455387316644191742e-03
2.081516647933767672e-08 8.822268682706635445e-06 1.639412801068829140e-07 3.521193139022216201e-05 7.502579251195129473e-07 2.252253672452297906e-08 9.999495744705200195e-01 8.601498790085315704e-03 2.905372083187103271e-01 8.515028753208753187e-07 1.807540247682482004e-04 2.491680606908630580e-05 1.136294013122096658e-04 1.962877344340085983e-03 1.933644525706768036e-03 2.876880753319710493e-04 9.812476038932800293e-01 4.940077662467956543e-03 1.083775423467159271e-02
7.685574144124984741e-02 6.551449298858642578e-01 8.567543700337409973e-03 9.880714416503906250e-01 1.781040453352034092e-03 1.169141032733023167e-04 9.754391387104988098e-03 1.458663344383239746e-01 1.216055534314364195e-05 2.685948507860302925e-03 3.562656638678163290e-04 1.535717601655051112e-04 1.070082746446132660e-02 9.647368788719177246e-01 4.722914018202573061e-04 1.494408864527940750e-02 1.781151397153735161e-03 5.680173169821500778e-03 1.358330609946278855e-05
2.608333826065063477e-01 4.527220427989959717e-01 6.276728212833404541e-02 2.306010425090789795e-01 2.452268265187740326e-02 1.428941451013088226e-02 3.721111118793487549e-01 5.264291763305664062e-01 4.135705530643463135e-02 1.802019774913787842e-01 3.489800915122032166e-02 1.298777759075164795e-01 2.982158064842224121e-01 2.656806111335754395e-01 6.701535731554031372e-02 1.286624670028686523e-01 2.015646547079086304e-01 2.645999193191528320e-01 1.839743927121162415e-02
5.999699831008911133e-01 1.436869949102401733e-01 2.264579088659957051e-04 2.418618462979793549e-02 1.301825745031237602e-03 1.294807298108935356e-04 7.657337933778762817e-03 1.140198484063148499e-01 3.880430449498817325e-05 8.138014674186706543e-01 3.367299214005470276e-04 3.476634323596954346e-01 8.121981024742126465e-01 5.734291626140475273e-04 3.826219472102820873e-05 4.731658101081848145e-02 6.232124287635087967e-04 9.552261978387832642e-02 2.725534432101994753e-04
1.427929103374481201e-01 4.683595001697540283e-01 3.570389002561569214e-02 1.151583641767501831e-01 5.298770964145660400e-02 7.080311179161071777e-01 3.600032627582550049e-01 1.497497111558914185e-01 1.606512814760208130e-01 5.366745591163635254e-02 2.354853600263595581e-02 4.656378552317619324e-02 6.897552311420440674e-02 3.225287497043609619e-01 8.793637156486511230e-02 3.528339043259620667e-02 5.332972481846809387e-02 9.502103179693222046e-02 5.705956742167472839e-02
9.992269277572631836e-01 7.660888433456420898e-01 9.999990463256835938e-01 5.079809925518929958e-04 2.765248937066644430e-04 5.270502700938095586e-09 2.367461565881967545e-03 2.604521214962005615e-01 1.714291073540152865e-07 1.983130459848325700e-05 4.572962950533110416e-07 3.303431672975420952e-03 7.504299879074096680e-01 5.730683729052543640e-02 2.532803300425712223e-08 4.258190165273845196e-04 1.021887073875404894e-04 3.651549923233687878e-05 2.518919245630968362e-05
5.891922861337661743e-03 9.548946022987365723e-01 1.344296742900041863e-05 1.110975909978151321e-02 7.030773758742725477e-06 5.187349021434783936e-02 7.110801339149475098e-01 2.503983676433563232e-02 2.047431096434593201e-02 8.334021003975067288e-06 2.917820238508284092e-04 1.580283242219593376e-05 4.691174399340525270e-05 8.259539604187011719e-01 4.138000440434552729e-05 2.289735311933327466e-05 4.289315547794103622e-04 2.803101087920367718e-04 5.103855073684826493e-05
9.998050332069396973e-01 6.046758890151977539e-01 2.440846991191847337e-08 1.011721792565367650e-06 3.375090091140009463e-05 6.310658107189226484e-10 7.286396026611328125e-01 7.272086077136918902e-05 7.181479334831237793e-01 1.099949784588716284e-07 5.198209692025557160e-05 2.291977405548095703e-02 4.363014886621385813e-05 3.292126393716898747e-08 7.429938608805031208e-12 2.371510987586589181e-07 2.761134237516671419e-04 5.052608997857532813e-09 1.157532706856727600e-01
1.000000000000000000e+00 3.845988810062408447e-01 9.196525758333189311e-16 3.884485922753810883e-03 1.576113887131214142e-02 2.347583814865241535e-21 4.984268642260758497e-08 1.097004428629588801e-06 9.241672085026251485e-18 7.242467124071380602e-14 5.083463489562178861e-13 2.902643382549285889e-02 8.573402650654315948e-03 6.502271165942374864e-09 8.125452611425839907e-22 3.942796755751487581e-09 3.125793244032615270e-12 2.376127181298592905e-13 6.010256611374366668e-17
7.277088165283203125e-01 6.540566086769104004e-01 2.384711289778351784e-03 3.611232340335845947e-02 9.143937379121780396e-03 3.931454557459801435e-04 1.454652547836303711e-01 4.708642065525054932e-01 7.437600288540124893e-03 7.273370772600173950e-02 8.408213034272193909e-03 2.209069132804870605e-01 5.858621597290039062e-01 2.057276479899883270e-02 5.549046909436583519e-04 5.988554283976554871e-02 4.077742993831634521e-02 5.941694602370262146e-02 2.484451280906796455e-03
9.993860721588134766e-01 9.856820702552795410e-01 1.035607510857516900e-06 1.804184517823159695e-03 7.564578845631331205e-05 5.454197538057314887e-09 5.077321548014879227e-03 5.363045334815979004e-01 5.565135143115185201e-05 5.977762612019432709e-06 1.908071571961045265e-04 3.939192276448011398e-03 4.659759402275085449e-01 1.717957784421741962e-03 4.581081902710337772e-10 4.044066881760954857e-04 9.224477253155782819e-05 1.070328071364201605e-04 9.587947715772315860e-07
9.995837807655334473e-01 1.133189722895622253e-01 7.956289209687383845e-07 2.048862865194678307e-03 7.433796525001525879e-01 7.610140073666116223e-08 9.030864387750625610e-02 6.618996267206966877e-04 1.672697180765680969e-05 2.745838719420135021e-05 2.120344106515403837e-05 7.364914417266845703e-01 7.849038578569889069e-03 6.949725502636283636e-06 5.592919904984228197e-09 7.482701446861028671e-03 1.876161259133368731e-04 4.910285042569739744e-06 7.176501640060450882e-06
5.046269893646240234e-01 9.574671387672424316e-01 5.894492496736347675e-04 1.680662184953689575e-01 2.677958982530981302e-04 5.068878454039804637e-05 8.422792702913284302e-02 8.173103928565979004e-01 2.390350215137004852e-03 1.241727033630013466e-03 5.086154676973819733e-03 2.393568865954875946e-03 5.920839682221412659e-02 3.802517652511596680e-01 2.105653838953003287e-04 1.269846688956022263e-02 3.695374727249145508e-02 2.209059894084930420e-02 4.773273758473806083e-05
7.700976133346557617e-01 9.999272823333740234e-01 8.764836773034190287e-11 3.614216810092329979e-03 8.809938889520196881e-11 1.932499977099280675e-13 1.169179449789226055e-03 9.824994802474975586e-01 2.181178473392719752e-07 1.608117750073745356e-09 1.329555516349500977e-06 6.424681942007737234e-08 2.740135823842138052e-04 1.604834944009780884e-01 3.127761504656545455e-12 4.504755906964419410e-06 3.424492606427520514e-04 7.244260814331937581e-06 1.763970913781776062e-12
1.093031023629009724e-03 2.900297939777374268e-01 2.542422953411005437e-05 6.781102856621146202e-04 5.063182907178997993e-04 9.999086856842041016e-01 8.394652046263217926e-03 1.352216931991279125e-04 6.227999925613403320e-03 2.203894837293773890e-05 1.363482056149223354e-06 7.390219252556562424e-06 4.918436025036498904e-05 2.945320904254913330e-01 5.625337362289428711e-04 1.708080526441335678e-05 2.710314038267824799e-05 9.384633740410208702e-04 1.892209838842973113e-04
4.450430870056152344e-01 9.092032909393310547e-01 1.863747201014120947e-07 2.180866431444883347e-03 7.421333430102095008e-05 2.958327513624681160e-06 9.234384298324584961e-01 2.709982357919216156e-02 4.923335909843444824e-01 1.524177150713512674e-05 3.772103786468505859e-02 4.994882270693778992e-03 1.934015454025939107e-04 2.177430316805839539e-03 5.083295945951249450e-06 8.495948713971301913e-05 2.547356486320495605e-02 4.471483407542109489e-05 5.631834734231233597e-03
2.298350445926189423e-02 8.886134624481201172e-01 9.999507665634155273e-01 5.701276659965515137e-01 5.628068902296945453e-05 8.210545274778269231e-06 9.469249285757541656e-03 2.881072461605072021e-01 9.129796012530277949e-07 7.996963540790602565e-05 2.930345945060253143e-04 1.324437926086829975e-05 9.434065781533718109e-03 9.903467297554016113e-01 3.203779226168990135e-03 5.740628112107515335e-03 1.311277505010366440e-03 3.731640754267573357e-03 6.922803095221752301e-06
2.534840703010559082e-01 3.352479776367545128e-03 3.127125864921254106e-06 7.851147092878818512e-04 4.968145117163658142e-02 1.069433619704796001e-05 4.944159463047981262e-02 7.222376298159360886e-03 1.668336881266441196e-05 8.363168835639953613e-01 2.083309664158150554e-05 8.690059185028076172e-01 1.967490762472152710e-01 8.015517209969402757e-07 1.563345364274937310e-07 1.274704784154891968e-01 2.457585942465811968e-04 1.547203748486936092e-03 1.438339586457004771e-05
9.860229993607916299e-11 1.447916844199426123e-07 3.618803479099597098e-09 6.387373805046081543e-02 1.889610690142262683e-09 1.888521700132983483e-10 9.997578263282775879e-01 5.186434718780219555e-04 7.479442956537241116e-06 7.342296548529247957e-09 1.103451080508577320e-10 5.218543930318730872e-10 9.495691301708575338e-06 7.634330075234174728e-03 3.543095896020531654e-03 1.036861476677586325e-06 9.952979683876037598e-01 2.165652949770446867e-05 2.600051232093392173e-07
3.262765631006914191e-07 1.683485720604949165e-06 4.010628984474351455e-08 1.633265055716037750e-02 3.061764800804667175e-06 1.406700977923946994e-08 9.983307719230651855e-01 1.354694366455078125e-03 1.550525485072284937e-05 4.672029263019794598e-06 1.092176660222321516e-08 3.061290772166103125e-05 3.841353172902017832e-04 4.734515678137540817e-04 8.553679101169109344e-03 1.484397798776626587e-04 9.884510040283203125e-01 3.481698513496667147e-05 9.001230864669196308e-06
8.937815204262733459e-03 5.145843699574470520e-02 2.565602517279330641e-05 4.206231096759438515e-04 8.071116753853857517e-04 7.581946647405857220e-06 9.927485585212707520e-01 5.767969414591789246e-02 3.962209522724151611e-01 2.148031198885291815e-04 9.321352839469909668e-02 3.087318874895572662e-02 5.771341267973184586e-03 1.556032220833003521e-03 5.623800680041313171e-03 6.395465228706598282e-03 8.825889229774475098e-01 1.676053390838205814e-03 4.356572031974792480e-01
6.422310434572864324e-07 5.718313623219728470e-04 9.277106194360840163e-09 3.069950253120623529e-05 9.814345958147896454e-07 3.041895346722611748e-10 9.999377727508544922e-01 4.486092366278171539e-03 2.559917233884334564e-02 3.061097118006728124e-07 2.225736388936638832e-03 1.542528771096840501e-04 7.349098450504243374e-05 2.583172754384577274e-04 4.537619242910295725e-04 4.173758497927337885e-04 9.915557503700256348e-01 5.877447983948513865e-05 2.593866363167762756e-02
9.999099969863891602e-01 9.969096779823303223e-01 1.902279223031655420e-08 4.082694067619740963e-04 4.662748324335552752e-06 2.869194812293862640e-11 1.224970445036888123e-03 6.146134138107299805e-01 5.079651145933894441e-06 1.603472981059894664e-07 2.653714000189211220e-05 6.034214165993034840e-04 3.740699887275695801e-01 4.173171473667025566e-04 1.402336905452494786e-12 5.257731390884146094e-05 9.907201274472754449e-06 9.190235687128733844e-06 2.082382266621607414e-08
5.711783654987812042e-03 2.279334664344787598e-01 7.870385423302650452e-03 9.990261793136596680e-01 4.981160163879394531e-04 3.514199124765582383e-05 2.148299012333154678e-03 1.491343677043914795e-01 7.925042382339597680e-07 1.530767476651817560e-04 4.663660092774080113e-06 5.536573439712810796e-07 2.074638847261667252e-03 9.948800802230834961e-01 2.563126152381300926e-03 2.945841755717992783e-03 3.579232608899474144e-03 4.141042754054069519e-02 6.465389219556527678e-07
8.730702400207519531e-01 5.681291818618774414e-01 6.440249271690845490e-04 1.168080419301986694e-02 1.491332612931728363e-02 1.321051968261599541e-04 8.942823112010955811e-02 2.415554970502853394e-01 2.625782974064350128e-03 7.294235378503799438e-02 3.474221564829349518e-03 3.845779597759246826e-01 7.999896407127380371e-01 2.779863309115171432e-03 6.897927232785150409e-05 5.441169440746307373e-02 8.977275341749191284e-03 2.672388218343257904e-02 1.982320798560976982e-03
1.453344244509935379e-02 3.568595973774790764e-03 1.038733404129743576e-03 4.239658117294311523e-01 1.571156084537506104e-02 1.383587159216403961e-02 5.241935253143310547e-01 9.124713391065597534e-02 1.719209365546703339e-03 7.613388299942016602e-01 2.687504747882485390e-04 1.342682391405105591e-01 7.015147060155868530e-02 7.264865096658468246e-03 1.273448169231414795e-01 5.629634112119674683e-02 2.394617944955825806e-01 8.964776247739791870e-02 4.414750728756189346e-04
1.116187497973442078e-01 3.550571799278259277e-01 9.995672106742858887e-01 1.395578831434249878e-01 2.023541554808616638e-02 1.692381571047008038e-03 2.478178441524505615e-01 4.713345170021057129e-01 3.204870736226439476e-03 3.404686227440834045e-02 2.976482734084129333e-03 9.194479323923587799e-03 1.493268311023712158e-01 5.921255350112915039e-01 7.156544923782348633e-02 1.233970150351524353e-01 1.661116182804107666e-01 1.938956975936889648e-02 1.857283711433410645e-02
3.965148702263832092e-03 2.857129147741943598e-04 7.889878474998113234e-07 1.715932507067918777e-03 8.278030145447701216e-05 1.360989990644156933e-04 1.587382284924387932e-03 1.812607422471046448e-02 4.304920082631724654e-07 9.998830556869506836e-01 1.182517189590726048e-05 2.871942520141601562e-01 1.357620954513549805e-02 1.672099642746616155e-06 1.089203033188823611e-05 3.892185539007186890e-02 3.141209599561989307e-04 3.254597540944814682e-03 1.569637646525734453e-07
4.195269430056214333e-04 7.394294738769531250e-01 1.676086895167827606e-02 9.998422861099243164e-01 2.806851398418075405e-06 4.753420057568291668e-08 1.311017782427370548e-03 4.605062678456306458e-02 4.281231014147124370e-08 8.475055892631644383e-07 8.758095759731077123e-07 1.369626745351126829e-09 8.951452764449641109e-05 9.990093708038330078e-01 1.069733571057440713e-05 3.104754723608493805e-04 3.950877289753407240e-04 9.875358227873221040e-05 1.113010750231069323e-08
5.230617006191096152e-08 2.265535243850536062e-07 1.224477763628328830e-08 3.030984953511506319e-04 2.855837237802916206e-07 2.543568911050897441e-09 9.997203946113586426e-01 2.975315146613866091e-04 6.804086297051981091e-05 2.867432158382143825e-08 5.562178273521567462e-08 2.011993274209089577e-06 2.793741987261455506e-05 8.844559488352388144e-05 3.767300024628639221e-02 5.199030510993907228e-06 9.991886019706726074e-01 5.570725988945923746e-06 6.311574252322316170e-04
3.138402849435806274e-02 1.585486531257629395e-01 3.305130302906036377e-01 1.107057631015777588e-01 3.992971777915954590e-02 5.285272840410470963e-03 8.018861413002014160e-01 3.910858333110809326e-01 6.174493208527565002e-02 1.314032673835754395e-01 2.259869314730167389e-02 1.520700454711914062e-01 2.127196937799453735e-01 1.293359696865081787e-01 8.078213781118392944e-02 2.048603594303131104e-01 3.925730586051940918e-01 4.725822433829307556e-02 4.404700919985771179e-02
2.325162931811064482e-04 1.562513560056686401e-01 1.135714410338550806e-04 3.079873919486999512e-01 2.788256460917182267e-05 2.901977495639584959e-05 8.882200717926025391e-01 1.767447590827941895e-01 5.095587112009525299e-04 2.660315949469804764e-04 3.489875962259247899e-05 1.503516887169098482e-05 3.147865645587444305e-03 9.736089706420898438e-01 5.278604105114936829e-03 1.745055895298719406e-03 1.507145911455154419e-01 1.037525534629821777e-01 1.666370008024387062e-05
2.925857974584032213e-18 2.550659090880323492e-15 5.515597972856225821e-16 9.999846220016479492e-01 6.253511280295031504e-19 9.306384580953150195e-24 9.244789481163024902e-01 3.037474471057066694e-06 2.668329013792009301e-16 1.022091533452304177e-14 3.235726858025004679e-26 6.350938656559251478e-22 1.254363141134362536e-10 1.764280750649049878e-05 7.981786325217399281e-07 3.790829548053556430e-14 9.999998807907104492e-01 3.120840252890388911e-10 8.535606301335654858e-20
1.458000950515270233e-02 1.972099021077156067e-02 1.758271269500255585e-02 6.020895838737487793e-01 5.119149573147296906e-03 1.183553412556648254e-01 2.250462472438812256e-01 1.823845058679580688e-01 7.625521160662174225e-03 6.907646358013153076e-02 2.651316754054278135e-04 2.165335230529308319e-03 5.272865667939186096e-02 2.322100847959518433e-01 6.831506490707397461e-01 6.306390278041362762e-03 2.891109585762023926e-01 4.224353134632110596e-01 8.155777468346059322e-04
3.501295168462092988e-06 9.754151105880737305e-03 3.499221463698631851e-07 9.960188269615173340e-01 9.465830430599453393e-07 7.330961171447825109e-09 6.673150658607482910e-01 6.305911391973495483e-02 1.452274500479688868e-05 2.340334503969643265e-05 9.940725220758395153e-08 1.126267967777039303e-08 2.914945362135767937e-04 8.846561908721923828e-01 3.318295639473944902e-04 3.882348028128035367e-05 4.056679606437683105e-01 1.465585373807698488e-04 1.642360984988044947e-07
9.623502492904663086e-01 3.839225471019744873e-01 1.833321439335122705e-04 7.527030538767576218e-04 1.575373229570686817e-03 2.372805738559691235e-06 4.064030479639768600e-03 4.435843601822853088e-02 1.545774466649163514e-05 2.071471139788627625e-02 1.544535189168527722e-05 3.687680959701538086e-01 9.838045239448547363e-01 1.003875222522765398e-04 3.728864612639881670e-07 1.056138612329959869e-02 8.068215538514778018e-05 8.697933517396450043e-03 5.166240953258238733e-05
3.849092138352716574e-07 3.592839129851199687e-05 4.881808308709878474e-06 7.067850092425942421e-04 5.322854121914133430e-06 3.751167696464108303e-07 9.828016161918640137e-01 3.669791668653488159e-02 1.497001852840185165e-02 4.351504685473628342e-05 1.911863182613160461e-05 5.637307549477554858e-05 9.390957420691847801e-04 5.315713211894035339e-02 2.026411937549710274e-03 4.140624310821294785e-03 8.973972797393798828e-01 9.847116470336914062e-01 2.434186899336054921e-04
1.382638401992153376e-05 3.110028785613394575e-07 6.166819984353144601e-15 6.621157081099227071e-05 5.341858205776262025e-11 5.832156979579394829e-09 4.601999847864135518e-08 3.798280959017574787e-04 5.551694281903467830e-16 1.000000000000000000e+00 2.345460978214752856e-11 3.766411915421485901e-02 1.434141886420547962e-04 1.772240687536452697e-11 2.290844423880056269e-11 4.210228507872670889e-04 2.841831125977023476e-08 1.321423860645154491e-05 6.313684591857844381e-16
6.472574472427368164e-01 3.060000203549861908e-02 1.186938825412653387e-04 4.731140434741973877e-01 3.433037782087922096e-03 7.074589375406503677e-04 5.749204661697149277e-03 4.509409517049789429e-02 5.654287633660715073e-06 9.734978675842285156e-01 7.586590072605758905e-05 1.908092945814132690e-01 3.276141881942749023e-01 2.341706422157585621e-04 2.365775144426152110e-04 1.223620306700468063e-02 1.055614207871258259e-03 2.325706928968429565e-02 1.552491994516458362e-05
8.107097148895263672e-01 9.797919392585754395e-01 2.056048288068268448e-05 5.902077555656433105e-01 7.680412090849131346e-05 1.489281316935375798e-06 8.722582831978797913e-03 7.200180888175964355e-01 6.733144982717931271e-05 1.493233721703290939e-04 1.094269216991961002e-03 2.972683869302272797e-04 4.057865962386131287e-02 2.899158895015716553e-01 3.461755113676190376e-06 2.785239135846495628e-03 2.836361294612288475e-03 2.468767110258340836e-03 2.174278051825240254e-06
9.975004792213439941e-01 9.876185655593872070e-01 4.641354962586774491e-07 5.392252001911401749e-03 1.625380682526156306e-04 2.060482451327061426e-08 5.507322773337364197e-02 6.394086480140686035e-01 3.584125079214572906e-03 3.031209416803903878e-06 1.338713429868221283e-02 2.391269197687506676e-03 2.311315201222896576e-02 2.733114408329129219e-03 9.491311736553598166e-09 3.441892040427774191e-04 2.318173414096236229e-03 3.662245944724418223e-05 1.269755011890083551e-05
1.222473074449226260e-04 9.225596785545349121e-01 3.363581299709039740e-06 7.844219207763671875e-01 4.576640577624857542e-08 2.903984253066482779e-08 3.942473325878381729e-03 4.608461856842041016e-01 4.617533910789006768e-09 8.425205919593281578e-07 1.385684900157002630e-08 7.334873819431209085e-10 1.106411291402764618e-04 9.999511241912841797e-01 1.447684917366132140e-05 2.290246084157843143e-05 5.037615192122757435e-04 1.118663465604186058e-03 1.149760564533863771e-10
1.288417447358369827e-02 2.266069352626800537e-01 2.904132416006177664e-04 9.948695898056030273e-01 1.013785367831587791e-03 8.015019557205960155e-05 1.038398686796426773e-02 2.196398228406906128e-01 4.484177679842105135e-06 1.877954346127808094e-03 8.829666512610856444e-06 9.419674825039692223e-06 9.903041645884513855e-03 9.857957363128662109e-01 3.558055032044649124e-03 5.191480740904808044e-03 1.301230676472187042e-02 6.456742435693740845e-02 2.147971827071160078e-06
2.107083946466445923e-01 2.995422668755054474e-02 1.421978959115222096e-04 3.236518800258636475e-02 7.332664099521934986e-04 4.563215770758688450e-04 7.525459863245487213e-03 1.134134680032730103e-01 1.484303720644675195e-05 9.850980043411254883e-01 4.882607609033584595e-04 3.091301023960113525e-01 3.243893384933471680e-01 3.055408305954188108e-04 8.397177589358761907e-05 5.795311555266380310e-02 1.431274577043950558e-03 5.749847367405891418e-02 7.131869642762467265e-05
1.061645161826163530e-04 1.329244969383580610e-05 4.316198065623666480e-09 9.494875484961085021e-06 1.413715654052793980e-03 1.844675134634599090e-04 1.517771184444427490e-01 2.373513532802462578e-03 4.393921335577033460e-05 9.991210103034973145e-01 2.095804347845842130e-06 7.524533271789550781e-01 7.240067701786756516e-03 4.193948299757721543e-09 2.652394641700084321e-07 1.506242752075195312e-01 1.987094728974625468e-04 1.465417735744267702e-04 3.136127361358376220e-06
9.245057299267500639e-05 5.960745038464665413e-04 1.754652010276913643e-03 1.980451779672876000e-04 3.547752276062965393e-04 2.322221547365188599e-02 9.703158140182495117e-01 1.694988692179322243e-03 6.949554085731506348e-01 5.294946604408323765e-04 2.569915086496621370e-04 2.620571991428732872e-03 9.815215598791837692e-04 1.376690575852990150e-03 9.459834545850753784e-03 1.841921824961900711e-03 5.066061764955520630e-02 5.303417891263961792e-02 4.070292711257934570e-01
7.398552406812086701e-05 2.131739847754943185e-06 1.111827782618313165e-10 1.526843880128581077e-05 2.732962093432433903e-05 6.435305294871795923e-06 1.455094781704246998e-03 1.327450736425817013e-03 2.138096810710976570e-08 9.999964237213134766e-01 3.928355596372057335e-08 5.620560050010681152e-01 1.391750294715166092e-03 4.639884865209609188e-10 2.021049105849215266e-08 4.702369123697280884e-02 1.415172482666093856e-05 9.935669368132948875e-05 1.282489781040396792e-09
5.691229598596692085e-04 9.952496290206909180e-01 9.999991655349731445e-01 8.565781116485595703e-01 1.332696064615390696e-09 2.552836275704351010e-10 8.960146078607067466e-05 1.827578693628311157e-01 7.227529338904581380e-12 3.485065125374831041e-09 3.498714420402393444e-07 1.272329186452481053e-10 4.180093310424126685e-05 9.999631643295288086e-01 2.531070776967681013e-06 1.665070521994493902e-05 3.156961383865564130e-06 2.471946390869561583e-05 3.369009585196813816e-11
9.142539501190185547e-01 4.532082974910736084e-01 1.772811822593212128e-02 8.566616103053092957e-03 1.342634018510580063e-02 4.153888148721307516e-04 6.070641055703163147e-02 2.179009020328521729e-01 5.798220634460449219e-03 3.860292211174964905e-02 1.367198769003152847e-03 1.904782652854919434e-01 8.813451528549194336e-01 4.881959874182939529e-03 1.148935843957588077e-04 3.759040683507919312e-02 4.447823856025934219e-03 1.743053272366523743e-02 7.345569320023059845e-03
9.992575049400329590e-01 4.068465828895568848e-01 4.166001963312737644e-05 3.609486384448246099e-06 5.101285569253377616e-05 4.003733344859483623e-09 6.816639797762036324e-04 2.743075042963027954e-02 8.579517270845826715e-06 1.564071280881762505e-04 6.061965507342392812e-08 3.139286860823631287e-02 9.967682361602783203e-01 2.233805389550980181e-06 7.693771314487563018e-11 3.957562439609318972e-04 1.329485940004815347e-06 2.696619048947468400e-05 2.431456414342392236e-05
9.917458891868591309e-01 1.317473351955413818e-01 3.621357564043137245e-06 1.258286926895380020e-02 5.824058651924133301e-01 2.442660161250387318e-06 1.207266598939895630e-01 4.542289767414331436e-03 1.255017123185098171e-04 1.916231936775147915e-03 1.827594969654455781e-04 7.173463106155395508e-01 3.306202217936515808e-02 4.674004958360455930e-05 2.982463058742723661e-07 2.932220511138439178e-02 1.116597559303045273e-03 9.908478386932983994e-05 5.409907680586911738e-05
5.034505128860473633e-01 7.997272610664367676e-01 8.276323910649807658e-07 9.146633557975292206e-03 7.524660322815179825e-04 4.068193391049135244e-07 8.124231100082397461e-01 1.134830340743064880e-01 1.596991568803787231e-01 9.345765647594816983e-06 7.009367942810058594e-01 9.055747650563716888e-03 1.165057648904621601e-03 6.182035431265830994e-03 1.971770325326360762e-05 1.177664846181869507e-03 2.703677117824554443e-01 1.501683727838099003e-04 2.429577521979808807e-03
5.103226900100708008e-01 6.392418146133422852e-01 1.661713793873786926e-02 9.427918493747711182e-02 2.714692056179046631e-02 7.038625888526439667e-03 5.666657686233520508e-01 4.370853304862976074e-01 2.200967222452163696e-01 5.006521567702293396e-02 1.264842748641967773e-01 1.447413265705108643e-01 1.359135210514068604e-01 6.527122855186462402e-02 1.039790641516447067e-02 5.430403351783752441e-02 1.906349360942840576e-01 3.858308866620063782e-02 5.830317735671997070e-02
6.395849183604696009e-09 1.597145455889403820e-06 4.029192837151640560e-07 4.281266592442989349e-05 7.575215477118035778e-07 4.986710155918672172e-09 9.998903274536132812e-01 1.215235516428947449e-02 6.086005363613367081e-03 6.175155704113421962e-06 1.432991757610579953e-05 6.556422158610075712e-05 2.884161076508462429e-04 6.234555039554834366e-04 1.542115584015846252e-03 1.259760232642292976e-03 9.891981482505798340e-01 5.918079405091702938e-04 1.756687765009701252e-03
5.560337399401760194e-07 8.672750517746408150e-09 1.392059600593574184e-14 1.788061467777879443e-07 8.105716915451921523e-07 1.894252399381457508e-08 3.402337024454027414e-04 1.486706751165911555e-04 3.870147258222544906e-11 1.000000000000000000e+00 5.239316619443101786e-11 7.555221915245056152e-01 7.202759297797456384e-05 2.771268728819081817e-13 3.980565876915420631e-11 4.265936836600303650e-02 1.019599494611611590e-06 5.363517630030401051e-06 7.850149566848707572e-13
4.860656876992663911e-10 1.925105266309401486e-07 4.883603542111814022e-04 1.773865224095061421e-04 9.484583785024369718e-08 1.677795923027414204e-11 9.994520545005798340e-01 4.730799794197082520e-02 8.755057933740317822e-06 8.163601887645199895e-05 1.543898342504235188e-08 1.192000854643993080e-04 5.150857614353299141e-04 2.211777464253827929e-04 9.673064778326079249e-05 4.964821971952915192e-03 9.838396906852722168e-01 9.184164809994399548e-05 5.259863428364042193e-06
6.743868589401245117e-01 6.946585327386856079e-02 2.797478518914431334e-04 9.884021878242492676e-01 5.369745194911956787e-02 7.919008843600749969e-03 4.109561070799827576e-02 1.616208255290985107e-02 5.522715859115123749e-03 7.381570059806108475e-03 7.033166475594043732e-04 2.730473177507519722e-03 2.701903134584426880e-02 3.664543479681015015e-02 2.925359457731246948e-02 4.097114782780408859e-03 2.058782055974006653e-02 2.733873436227440834e-03 2.151993336156010628e-03
9.998861551284790039e-01 9.822427819017320871e-05 3.911482596152815461e-11 9.055641889572143555e-01 3.363120257854461670e-01 1.358523071814943251e-08 2.710614539682865143e-02 7.138470436984789558e-07 1.177923039108463854e-07 7.182701722285855794e-08 6.493902082738145509e-10 1.145041454583406448e-02 2.425463208055589348e-05 7.730194511168519966e-07 9.115636203205212951e-05 6.739748641848564148e-06 1.105730887502431870e-03 1.154100992550866067e-08 2.384117347986602908e-09
9.999517202377319336e-01 3.691288828849792480e-02 1.026822360472579021e-06 8.846471309661865234e-01 8.540482074022293091e-02 2.948022448379106208e-08 5.317972390912473202e-04 8.618913707323372364e-04 7.190141371182789953e-09 9.950736421160399914e-05 3.061216773403430125e-07 5.735932290554046631e-02 7.155749946832656860e-02 1.595360517967492342e-04 5.027232873544562608e-06 1.062376322806812823e-04 1.739609870128333569e-04 1.348576461168704554e-05 1.876738409123390738e-08
2.131883047695737332e-05 6.550078094005584717e-02 8.684324711794033647e-06 5.974209308624267578e-02 4.516279659583233297e-06 9.777177183423191309e-06 9.934642910957336426e-01 4.482335597276687622e-02 3.692228579893708229e-03 1.640745540498755872e-05 5.093561412650160491e-05 4.230379090586211532e-06 4.082635568920522928e-04 9.573979377746582031e-01 2.053096890449523926e-03 4.732855304609984159e-04 9.057809412479400635e-02 2.350118383765220642e-02 6.142894562799483538e-05
2.636089548468589783e-02 2.503384649753570557e-02 5.351298023015260696e-03 1.600472256541252136e-02 2.039980590343475342e-01 5.918028950691223145e-01 3.884142637252807617e-01 2.586980350315570831e-02 1.629431694746017456e-01 3.182034492492675781e-01 3.768919501453638077e-03 2.451635152101516724e-01 8.073452860116958618e-02 3.480502404272556305e-03 2.092329226434230804e-02 1.561120450496673584e-01 2.878748625516891479e-02 4.101932793855667114e-02 6.536593288183212280e-02
9.586492180824279785e-01 7.572911679744720459e-02 7.970662324607857840e-11 1.406211026733217295e-06 5.535257150768302381e-05 1.106453950683317089e-07 9.594557285308837891e-01 2.657301365616149269e-06 7.906806468963623047e-01 5.975375074740441050e-07 6.580418266821652651e-05 2.557293698191642761e-02 2.588647930679144338e-06 2.787588293529097427e-08 3.713209073552548034e-09 6.172054440867213998e-07 3.937318979296833277e-04 3.252485498705937061e-07 5.750229358673095703e-01
9.943377375602722168e-01 3.848209381103515625e-01 8.324158191680908203e-01 7.275398820638656616e-04 1.479340437799692154e-02 6.084604592615505680e-06 1.235175132751464844e-01 9.540772438049316406e-02 1.707998663187026978e-02 1.452713389880955219e-03 2.625920751597732306e-04 8.513901382684707642e-02 5.105351209640502930e-01 8.553449879400432110e-04 1.714065433588984888e-06 5.021800287067890167e-03 4.760309588164091110e-03 1.793792616808786988e-04 9.455776959657669067e-02
4.571353201754391193e-04 5.587294101715087891e-01 2.285452040950985975e-07 8.876224160194396973e-01 3.325122293063031975e-07 3.727971531475304801e-08 1.395962201058864594e-03 5.940924286842346191e-01 1.592459608623641998e-09 9.011516347527503967e-03 2.527711728816939285e-08 1.115713189392408822e-06 3.480641404166817665e-03 9.988487958908081055e-01 1.456546397093916312e-05 8.129531634040176868e-04 1.958304550498723984e-03 1.389055978506803513e-02 3.657613101282208845e-10
7.749681826680898666e-03 2.410000413656234741e-01 9.999904632568359375e-01 4.486191272735595703e-01 7.548594148829579353e-04 9.004278581414837390e-06 1.604978889226913452e-01 3.174726665019989014e-01 4.975812407792545855e-05 5.047456943430006504e-04 1.206249144161120057e-04 1.916792280098889023e-05 4.120820388197898865e-02 8.191027045249938965e-01 6.202524527907371521e-02 2.595922537147998810e-02 2.139142453670501709e-01 1.086590066552162170e-02 9.620467317290604115e-04
9.622924029827117920e-02 3.974797576665878296e-02 2.437568502500653267e-03 8.671744912862777710e-02 9.224444627761840820e-03 1.259633712470531464e-02 5.811009556055068970e-02 2.009045332670211792e-01 9.592345450073480606e-04 9.737851619720458984e-01 5.537401419132947922e-03 3.629457354545593262e-01 1.456505507230758667e-01 4.023353103548288345e-03 6.088979076594114304e-03 1.377646178007125854e-01 2.422377467155456543e-02 7.821740955114364624e-02 6.411896320059895515e-04
4.905645921826362610e-02 2.351977676153182983e-01 1.335452347993850708e-01 1.751102656126022339e-01 1.038335729390382767e-03 8.432663744315505028e-04 1.926133595407009125e-02 4.110850095748901367e-01 3.645440301625058055e-05 9.015941619873046875e-01 1.425673253834247589e-03 1.608794927597045898e-01 1.337137222290039062e-01 3.884980380535125732e-01 2.706080907955765724e-03 1.227372214198112488e-01 1.082320045679807663e-02 1.030927672982215881e-01 7.998031651368364692e-05
6.342937350273132324e-01 3.070772625505924225e-02 5.639180926664266735e-07 1.255050574400229380e-05 7.975339540280401707e-04 8.674034324940294027e-05 8.836181163787841797e-01 9.006989421322941780e-05 5.149064064025878906e-01 1.156146987341344357e-03 2.447248552925884724e-04 1.640480309724807739e-01 1.299969037063419819e-03 8.630985348645481281e-07 1.410834443049679976e-06 2.556049730628728867e-04 1.740881707519292831e-03 6.895744445500895381e-05 7.952897548675537109e-01
6.700441241264343262e-02 6.947989016771316528e-02 1.522224629297852516e-04 2.226624488830566406e-01 3.505460172891616821e-02 2.533167041838169098e-02 9.221276640892028809e-01 7.615020498633384705e-03 2.506123483180999756e-01 8.509564213454723358e-04 5.379210226237773895e-03 9.572993032634258270e-03 3.166314680129289627e-03 5.922183394432067871e-02 1.258146315813064575e-01 3.156626597046852112e-03 5.547543987631797791e-02 6.232750602066516876e-03 3.588975220918655396e-02
1.851831766543909907e-04 2.070488990284502506e-04 3.616730973590165377e-04 1.538917103971471079e-06 1.241188692802097648e-05 9.047531522810459137e-03 9.827612042427062988e-01 8.777152288530487567e-06 7.417383790016174316e-01 6.911154923727735877e-05 3.129837750748265535e-06 1.123292022384703159e-03 1.327082736679585651e-05 4.076227469340665266e-06 1.333217078354209661e-04 2.210078491771128029e-05 3.860697615891695023e-03 1.149910502135753632e-03 9.084146618843078613e-01
4.530931413173675537e-01 6.980942189693450928e-02 9.773517958819866180e-04 3.617087006568908691e-01 8.613659441471099854e-02 1.827375032007694244e-02 7.526004910469055176e-01 2.638210915029048920e-02 1.361220628023147583e-01 3.338599577546119690e-03 1.010850165039300919e-02 3.284198418259620667e-02 1.300920173525810242e-02 5.419377610087394714e-02 2.648171186447143555e-01 5.333085544407367706e-03 1.709551960229873657e-01 8.279619738459587097e-03 2.713929116725921631e-02
2.157653167245143777e-09 7.675973279219761025e-08 3.789588642888475079e-09 4.626360896509140730e-05 8.398566109235616750e-08 5.841352290758550225e-09 9.999797344207763672e-01 2.644788182806223631e-04 8.094018558040261269e-04 2.040875202169445402e-08 5.862204943696269765e-08 8.690536787980818190e-07 2.627913454489316791e-05 1.628599566174671054e-04 1.928737945854663849e-02 5.853523362020496279e-06 9.949148893356323242e-01 6.462340934376697987e-06 6.721967947669327259e-04
5.850598216056823730e-01 2.619183957576751709e-01 2.096102917903408525e-07 1.266273466171696782e-04 1.803471939638257027e-03 1.024607740873761941e-06 9.617980122566223145e-01 3.598071867600083351e-03 5.602014660835266113e-01 8.838419489620719105e-06 1.001007631421089172e-01 3.846069052815437317e-02 8.408604771830141544e-04 4.402099875733256340e-05 2.371989285165909678e-05 4.938765778206288815e-04 2.247915118932723999e-01 4.947031629853881896e-05 4.110365509986877441e-01
1.194657897940487601e-06 4.157778312219306827e-05 1.467457340538491639e-12 8.640248239100145611e-11 1.239144786779888818e-09 6.136501723430498600e-11 9.999991655349731445e-01 5.303945727064274251e-08 9.493749737739562988e-01 9.763718306077251441e-11 8.559975867683533579e-06 1.664129376877099276e-05 1.746704447747049471e-09 4.295214850458251021e-09 1.799680973135764361e-07 7.679836322438404750e-09 8.413615077733993530e-02 1.672945131758751813e-06 9.720840454101562500e-01
2.637104876339435577e-02 1.040903329849243164e-01 2.104803024849388748e-05 4.510017037391662598e-01 4.884152440354228020e-05 1.267220504814758897e-04 4.909275565296411514e-03 3.308991789817810059e-01 1.221253000949218404e-06 9.784293174743652344e-01 1.104621333070099354e-04 4.145318269729614258e-02 8.458755165338516235e-02 4.875833541154861450e-02 2.894634380936622620e-04 2.345789596438407898e-02 4.761303309351205826e-03 1.026673242449760437e-01 2.796732360366149805e-06
1.000000000000000000e+00 2.828750386834144592e-02 9.550655807550329358e-17 9.998226761817932129e-01 9.419989585876464844e-01 2.443599127584761001e-20 8.997367899610253517e-07 1.386395975799814551e-08 9.373619171780382155e-16 2.751233316416589608e-14 6.568708355025876244e-10 4.949037916958332062e-03 4.276554648185992846e-07 3.488464983547601150e-08 1.594126656682979858e-18 1.016652618091029581e-06 4.600426262157952806e-09 1.185966960699902221e-16 4.751369907734321815e-16
9.970191717147827148e-01 9.048098325729370117e-01 1.967880025599555438e-10 2.969567503896541893e-05 1.373475879518082365e-05 6.386073003739056730e-09 8.314597010612487793e-01 6.846993928775191307e-04 7.348103523254394531e-01 1.024462648047119728e-07 1.214029034599661827e-03 3.813328919932246208e-03 6.645981102337827906e-06 8.452165616290585604e-07 4.013188670271006231e-10 3.658471996459411457e-07 1.248397747986018658e-03 5.627935806273853814e-08 1.267973333597183228e-02
5.238119363784790039e-01 4.811586812138557434e-02 2.058921381831169128e-04 4.612412769347429276e-03 2.817478403449058533e-02 4.408179665915668011e-04 8.449470251798629761e-02 4.209177196025848389e-02 9.087996440939605236e-04 7.625938057899475098e-01 1.526332809589803219e-03 5.978860259056091309e-01 5.538979172706604004e-01 6.073092299629934132e-05 3.189835115335881710e-05 1.065873876214027405e-01 1.843870850279927254e-03 1.412474364042282104e-02 2.023545093834400177e-03
1.021303702145814896e-03 4.366178065538406372e-03 3.182096988894045353e-04 1.106425840407609940e-02 6.175731308758258820e-03 5.064396536909043789e-04 6.776098608970642090e-01 3.423421978950500488e-01 2.516246167942881584e-03 8.757836818695068359e-01 1.481473329477012157e-03 6.177153587341308594e-01 5.149918422102928162e-02 2.665132516995072365e-03 5.173066165298223495e-03 3.794262111186981201e-01 2.543873190879821777e-01 3.958841785788536072e-02 9.624624508433043957e-04
9.576281309127807617e-01 7.471579313278198242e-01 7.479842315660789609e-05 9.335141777992248535e-01 6.096567376516759396e-04 4.083390649611828849e-06 2.504409349057823420e-04 1.368201375007629395e-01 1.487170777636492858e-07 2.084882557392120361e-02 2.983462218253407627e-05 8.451746776700019836e-03 5.741866230964660645e-01 1.294090896844863892e-01 5.976366082904860377e-06 3.589118365198373795e-03 1.059807254932820797e-04 2.906775474548339844e-02 1.368310904581448995e-06
1.717370178084820509e-04 1.329519413411617279e-02 5.925084406044334173e-05 7.006442639976739883e-03 2.323950466234236956e-04 4.855945007875561714e-06 9.892719984054565430e-01 1.088944151997566223e-01 3.710783645510673523e-02 5.984545568935573101e-04 1.060938369482755661e-02 3.612477565184235573e-03 7.713966537266969681e-03 2.413316816091537476e-02 1.409773249179124832e-02 1.647676713764667511e-02 9.330725669860839844e-01 1.171961612999439240e-02 2.731605432927608490e-02
9.999667406082153320e-01 3.087761104106903076e-01 1.591806908507464868e-09 2.371341906837187707e-06 1.513673851150088012e-05 2.760770128132361556e-13 1.272576469091291074e-06 6.374393124133348465e-04 7.392855858739943997e-13 3.607588587328791618e-05 8.842577711720700506e-12 3.332398235797882080e-01 9.995275735855102539e-01 1.714244568518097367e-08 5.538687879240141235e-15 2.092093563987873495e-05 5.921116374985047059e-10 2.051167939498554915e-05 1.520505422958340347e-11
9.514606595039367676e-01 1.032098010182380676e-01 1.122825324273435399e-05 5.537139251828193665e-03 1.140019274316728115e-03 1.251827029591368046e-06 5.210678209550678730e-04 1.500376407057046890e-02 1.690352036121112178e-07 2.962394356727600098e-01 5.001333647669525817e-06 3.718371689319610596e-01 9.470432400703430176e-01 1.026797781378263608e-05 1.506248707983104396e-07 6.331660784780979156e-03 7.189318239397834986e-06 1.155917905271053314e-02 3.297294142612372525e-06
1.990062743425369263e-01 6.844718009233474731e-02 1.626819575903937221e-04 4.334704577922821045e-01 1.080667250789701939e-03 8.375525940209627151e-04 9.746426716446876526e-03 1.654075682163238525e-01 1.084461200662190095e-05 9.778800606727600098e-01 3.105820796918123960e-04 2.024251073598861694e-01 2.162436842918395996e-01 3.870249260216951370e-03 8.011399186216294765e-04 3.824434801936149597e-02 5.928853992372751236e-03 7.394941896200180054e-02 2.983362355735152960e-05
9.855231046676635742e-01 4.415016770362854004e-01 5.067967623472213745e-02 2.544777095317840576e-02 3.731250390410423279e-02 5.261006663204170763e-05 1.747623458504676819e-02 1.158257648348808289e-01 4.682142389356158674e-05 1.426105760037899017e-02 3.186031244695186615e-04 3.210040628910064697e-01 8.134071826934814453e-01 1.221914868801832199e-02 3.645141259767115116e-05 1.528820954263210297e-02 1.031967462040483952e-03 1.859629526734352112e-02 2.396983036305755377e-04
9.991514682769775391e-01 3.652493655681610107e-01 9.564639925956726074e-01 4.205820005154237151e-05 2.474403008818626404e-03 3.178584950802587628e-09 3.279467811807990074e-03 2.343174256384372711e-02 1.426008822136282106e-07 1.175440731458365917e-03 5.315075100043031853e-07 3.246847093105316162e-01 9.522261619567871094e-01 1.190074690384790301e-04 8.428502340507293411e-10 2.412325469776988029e-03 1.076265198207693174e-05 3.131280027446337044e-05 1.535227602289523929e-05
2.319124003946626544e-09 2.072094957838999107e-06 7.867618842283263803e-05 2.860317636077525094e-06 7.684724891987571027e-07 1.410732420481508598e-05 9.999846220016479492e-01 1.711396907921880484e-04 5.664214491844177246e-01 2.026817469413799699e-07 6.110372510192974005e-07 5.586607130680931732e-06 1.505923501099459827e-05 1.770518720149993896e-03 6.511888001114130020e-03 5.176291233510710299e-05 6.858242303133010864e-02 1.823981525376439095e-03 2.259402349591255188e-02
3.839595317840576172e-01 1.600662469863891602e-01 8.539730515622068197e-06 9.567380696535110474e-02 1.630304723221343011e-05 1.612441155884880573e-05 7.641638512723147869e-04 1.507157236337661743e-01 2.554349407546396833e-07 9.621456265449523926e-01 1.856625931395683438e-05 1.092755571007728577e-01 5.977216362953186035e-01 2.011713571846485138e-03 5.294003130984492600e-06 1.168783102184534073e-02 1.647291355766355991e-04 1.246954351663589478e-01 5.431716090242844075e-06
2.140212655067443848e-01 1.020662933588027954e-01 3.639377653598785400e-02 4.061814844608306885e-01 3.226501047611236572e-01 2.372664213180541992e-02 4.660540819168090820e-01 1.786759793758392334e-01 3.276585042476654053e-02 3.725016117095947266e-01 1.620404236018657684e-02 5.259727835655212402e-01 1.950302124023437500e-01 4.083270579576492310e-02 4.363160580396652222e-02 3.195963203907012939e-01 1.755871772766113281e-01 1.192584633827209473e-01 1.147241331636905670e-02
1.093265236704610288e-04 3.265725821256637573e-02 2.444573283355566673e-06 9.999685287475585938e-01 6.585143182746833190e-06 1.025287588163337205e-07 2.268078271299600601e-03 7.974153757095336914e-02 1.545616257203619170e-08 1.222168612002860755e-05 1.465789600807454462e-09 4.248963403341576850e-10 2.112535439664497972e-04 9.947693943977355957e-01 5.210516974329948425e-04 3.330417894176207483e-05 1.003398932516574860e-02 1.616780832409858704e-02 7.334510221390644347e-10
3.537865281105041504e-01 2.030803561210632324e-01 9.248844981193542480e-01 7.407982349395751953e-01 7.004447281360626221e-02 3.198295459151268005e-02 1.611708551645278931e-01 2.669866681098937988e-01 4.334596451371908188e-03 2.925077378749847412e-01 2.174241840839385986e-02 7.729892432689666748e-02 4.162521362304687500e-01 2.431687265634536743e-01 2.814514040946960449e-01 1.379400789737701416e-01 8.463835716247558594e-02 2.962060570716857910e-01 8.669856935739517212e-03
2.436437061987817287e-04 2.560899702075403184e-05 1.196578693907213164e-07 3.276292045484296978e-05 1.104678609408438206e-03 1.947550044860690832e-04 8.975373953580856323e-02 6.406762171536684036e-03 3.289387313998304307e-05 9.993176460266113281e-01 5.546241482079494745e-06 6.772949099540710449e-01 1.209761109203100204e-02 2.466131121536818682e-08 1.193729758597328328e-06 1.456179469823837280e-01 3.219094651285558939e-04 4.160024400334805250e-04 3.266328576501109637e-06
9.810303449630737305e-01 1.107528880238533020e-01 1.934634535905033204e-10 7.105131226126104593e-05 4.171154444065905409e-07 6.940290703250084903e-11 1.150647904069046490e-06 2.168869134038686752e-03 1.191236345676749409e-11 4.805732667446136475e-01 1.083257261669245963e-09 2.290929853916168213e-01 9.979754090309143066e-01 1.382741032784906565e-08 6.030697859496503277e-13 4.381750186439603567e-04 9.768789110964348765e-10 3.245513187721371651e-03 3.683279903299307989e-09
9.987285733222961426e-01 6.117526888847351074e-01 8.254364161075500306e-07 2.765778917819261551e-04 9.273282252252101898e-03 2.197702713147009490e-07 1.730739325284957886e-02 2.607452869415283203e-02 2.435589121887460351e-04 7.263403385877609253e-04 5.926537050982005894e-05 4.167954921722412109e-01 6.896392703056335449e-01 2.023870001721661538e-05 4.130809916347288890e-09 2.169007202610373497e-03 7.719998393440619111e-05 1.241035206476226449e-04 1.593849156051874161e-04
9.513224363327026367e-01 9.770704507827758789e-01 1.347428587905596942e-05 1.182659901678562164e-02 1.284747122554108500e-04 4.651440121961059049e-07 9.303712099790573120e-02 7.602107524871826172e-01 5.345760378986597061e-03 7.989867299329489470e-05 1.272798608988523483e-02 4.948236979544162750e-03 4.250420257449150085e-02 2.199311181902885437e-02 1.024166181196051184e-06 2.321437001228332520e-03 2.009830996394157410e-02 1.056702458299696445e-03 2.548158772697206587e-05
4.502439310272166040e-07 2.753749015482753748e-07 3.291223896667361259e-03 6.451257377193542197e-06 2.616253186715766788e-05 7.175006544457573909e-08 8.678679168224334717e-02 2.989748679101467133e-02 1.988323639068312332e-08 9.999051094055175781e-01 1.103589042372732365e-08 8.371787667274475098e-01 1.361973118036985397e-03 1.039074319919564005e-07 3.142697266866889549e-07 4.127345383167266846e-01 9.758727392181754112e-04 1.829535322031006217e-04 4.940133191411177904e-09
3.258696943521499634e-02 7.028355030342936516e-04 9.999383687973022461e-01 6.214135792106389999e-04 9.547446854412555695e-03 3.097817625530296937e-06 1.540776062756776810e-02 5.393368378281593323e-02 1.211693074765207712e-07 9.718121886253356934e-01 1.674149984864925500e-06 2.216179966926574707e-01 3.744116723537445068e-01 9.625437814975157380e-05 9.813767974264919758e-06 1.437461525201797485e-01 6.260515656322240829e-04 1.033083419315516949e-03 1.988574013012112118e-06
4.943740367889404297e-02 8.386364579200744629e-01 9.943014383316040039e-01 4.765771329402923584e-01 2.103731385432183743e-04 1.046679681167006493e-04 2.033638022840023041e-02 3.962447047233581543e-01 1.266420895262854174e-05 2.582860412076115608e-03 9.777429513633251190e-04 3.163611982017755508e-04 3.520138189196586609e-02 9.733197689056396484e-01 5.654248874634504318e-03 1.538837235420942307e-02 4.408212844282388687e-03 1.861649006605148315e-02 3.956921136705204844e-05
1.249965466558933258e-02 9.768111258745193481e-02 9.499029517173767090e-01 3.946559876203536987e-02 2.490309253334999084e-02 4.442352801561355591e-03 5.793954730033874512e-01 3.928017318248748779e-01 1.156343426555395126e-02 1.292677968740463257e-01 2.409741748124361038e-03 6.378690153360366821e-02 1.089374795556068420e-01 1.707959771156311035e-01 1.888867281377315521e-02 2.140533775091171265e-01 1.321914494037628174e-01 1.328170858323574066e-02 1.090713683515787125e-02
2.626002469696686603e-06 4.267886652087327093e-06 1.428130502745261765e-07 2.109678462147712708e-05 4.764137338497675955e-05 3.022965415766520891e-07 2.350874841213226318e-01 5.006075277924537659e-02 6.801014933444093913e-07 9.990640282630920410e-01 8.876328934093180578e-07 8.244072198867797852e-01 3.044478362426161766e-03 2.524650426494190469e-07 1.291202124775736593e-06 3.434513509273529053e-01 9.194054640829563141e-03 6.718080840073525906e-04 1.398812798925064271e-07
4.133652055315906182e-06 1.372119440929964185e-04 2.512448918423615396e-05 9.777916073799133301e-01 2.278795363963581622e-05 3.363229694741676212e-08 9.590668678283691406e-01 9.948228485882282257e-03 2.191873500123620033e-04 1.836734554672148079e-05 8.529617616659379564e-07 3.304121719338581897e-06 1.018832437694072723e-03 1.724518649280071259e-02 4.619774408638477325e-03 4.198807873763144016e-04 8.927193880081176758e-01 6.669559661531820893e-05 1.066603090293938294e-05
9.391204714775085449e-01 4.599535465240478516e-01 9.029393084347248077e-03 4.270174074918031693e-03 8.444596081972122192e-03 7.348061626544222236e-05 2.825513295829296112e-02 1.311368942260742188e-01 5.251927650533616543e-04 3.634011372923851013e-02 2.909572503995150328e-04 3.006435632705688477e-01 9.281364083290100098e-01 1.887551276013255119e-03 1.826672996685374528e-05 2.656688913702964783e-02 1.246682484634220600e-03 1.891270466148853302e-02 1.158429891802370548e-03
1.272127684205770493e-02 3.682110400404781103e-04 2.495897206244990230e-06 8.901605615392327309e-04 7.196518708951771259e-05 5.921153206145390868e-05 1.418018247932195663e-03 1.955080777406692505e-02 2.960836980037129251e-07 9.997741580009460449e-01 1.592300759511999786e-05 2.939173281192779541e-01 4.049396887421607971e-02 8.894616030374891125e-07 2.949326926682260819e-06 3.864477947354316711e-02 1.539024815429002047e-04 4.873040132224559784e-03 3.719289622949872864e-07
1.779035776853561401e-01 6.115903258323669434e-01 9.814624786376953125e-01 3.857249021530151367e-01 1.252573169767856598e-02 5.046182777732610703e-03 1.379086077213287354e-01 4.457966983318328857e-01 2.020905492827296257e-03 3.340658172965049744e-02 1.660619303584098816e-02 1.315240189433097839e-02 1.600894629955291748e-01 7.791873812675476074e-01 7.226585596799850464e-02 8.639869838953018188e-02 5.230671539902687073e-02 7.278692722320556641e-02 4.455406684428453445e-03
1.215403247624635696e-02 2.598814899101853371e-03 2.271513494633836672e-06 9.119757451117038727e-03 1.663135335547849536e-04 1.086115153157152236e-04 6.168199703097343445e-03 6.399101763963699341e-02 1.307826096308417618e-06 9.990196228027343750e-01 5.699231041944585741e-05 3.414866924285888672e-01 4.755217954516410828e-02 3.190291681676171720e-05 3.093395935138687491e-05 7.324802875518798828e-02 2.073594601824879646e-03 1.428243797272443771e-02 2.049751856247894466e-06
2.405443787574768066e-01 8.448930978775024414e-01 6.451966166496276855e-01 4.271888434886932373e-01 1.498982892371714115e-04 1.552730391267687082e-04 1.002425421029329300e-02 5.459617972373962402e-01 1.029072973324218765e-05 2.480752021074295044e-02 4.164611455053091049e-04 4.595043603330850601e-03 1.616246849298477173e-01 9.123460650444030762e-01 1.190730952657759190e-03 1.664658449590206146e-02 4.021381493657827377e-03 7.771505415439605713e-02 1.710098331386689097e-05
9.619731281418353319e-05 6.574780127266421914e-05 4.846758411281015810e-11 1.326227560639381409e-03 2.452770104355295189e-06 2.156973096134606749e-06 4.666193854063749313e-04 4.145003389567136765e-03 1.360939583250342366e-09 9.999966621398925781e-01 4.915650464454301982e-08 2.830148339271545410e-01 1.789660891517996788e-03 4.956151045121259813e-08 7.996454343128789333e-08 2.203327231109142303e-02 4.230696140439249575e-05 2.214094274677336216e-04 3.008532589721113482e-10
1.586428904909453763e-10 9.805887657421408221e-09 2.414479449708295533e-10 5.775474905967712402e-01 5.839578265387501688e-10 7.375876992510299601e-11 2.881267480552196503e-02 3.147211624309420586e-03 3.382960134246104644e-09 3.364847316333907656e-07 8.192866890010912229e-15 8.597297318502228336e-10 2.448808345434372313e-06 4.789549391716718674e-03 3.793385112658143044e-03 2.152909104324862710e-07 9.999455213546752930e-01 8.727918267250061035e-01 1.190392090455461016e-10
1.035698346640856471e-06 3.574092488634050824e-06 2.892027979942146665e-12 3.676467810742600761e-11 9.492068242522577748e-10 3.955965510726855427e-08 9.999845027923583984e-01 1.506118119110055886e-09 9.418132305145263672e-01 2.310897917467968909e-09 3.592472808122693095e-08 1.787951441656332463e-05 6.407970820632158393e-10 4.321096813697522521e-10 2.805708021469399682e-08 3.289997385635956562e-09 5.336409667506814003e-04 1.198320933326613158e-05 9.912880063056945801e-01
7.108877762220799923e-04 4.539446439594030380e-03 2.108679609591490589e-06 9.999983310699462891e-01 1.552126377646345645e-05 9.059041872205852997e-07 6.856421532575041056e-05 3.600706905126571655e-02 2.496245710137401375e-10 1.346421413472853601e-05 6.959724463406757877e-11 9.950215651421956409e-11 2.206499048043042421e-04 9.970731735229492188e-01 1.933503663167357445e-03 1.169099596154410392e-05 6.947128567844629288e-04 3.668077290058135986e-01 3.767955045197446395e-11
2.744396962225437164e-02 4.953828174620866776e-03 9.841994324233382940e-05 1.573855057358741760e-02 1.596459303982555866e-03 2.153381006792187691e-03 1.511004380881786346e-02 7.743710279464721680e-02 4.749879735754802823e-05 9.968525767326354980e-01 5.134727107360959053e-04 3.374235928058624268e-01 5.878350883722305298e-02 1.426499948138371110e-04 4.866365634370595217e-04 8.994828909635543823e-02 4.379243589937686920e-03 2.154814824461936951e-02 2.603987013571895659e-05
6.873619556427001953e-02 1.378603279590606689e-02 7.065788959152996540e-04 2.735139802098274231e-02 4.566265735775232315e-03 4.469712264835834503e-03 3.278538584709167480e-02 1.231209710240364075e-01 2.245013456558808684e-04 9.881742000579833984e-01 2.026559552177786827e-03 3.658689856529235840e-01 1.209433004260063171e-01 5.621178424917161465e-04 1.274997019208967686e-03 1.215433627367019653e-01 9.270145557820796967e-03 4.450357332825660706e-02 1.907316764118149877e-04
6.318547129631042480e-01 4.348042979836463928e-02 8.636340498924255371e-05 1.831813482567667961e-03 1.521043595857918262e-03 1.172100382973439991e-05 3.262844868004322052e-03 2.552071399986743927e-02 6.838979970780201256e-06 7.416331171989440918e-01 7.516952609876170754e-05 4.689504504203796387e-01 9.316092133522033691e-01 1.231522674061125144e-05 1.325568860011117067e-06 4.342929273843765259e-02 6.849585042800754309e-05 2.076829224824905396e-02 6.746956933056935668e-05
1.065499032847583294e-03 7.638663798570632935e-02 2.433980807836633176e-05 9.990899562835693359e-01 8.616549166617915034e-05 1.058633529282815289e-06 1.091822758316993713e-01 1.252011060714721680e-01 4.458407420315779746e-05 2.541479188948869705e-04 4.977807748218765482e-06 4.791866672348987777e-07 3.555821022018790245e-03 7.569479346275329590e-01 2.165571553632616997e-03 3.532713453751057386e-04 2.493024319410324097e-01 2.177787944674491882e-03 2.784798425636836328e-06
8.903561159968376160e-03 1.435940265655517578e-01 3.000225115101784468e-04 8.068480491638183594e-01 1.459980616346001625e-03 2.172575477743521333e-04 1.121860519051551819e-01 4.107829928398132324e-01 1.385413779644295573e-04 5.409749150276184082e-01 3.071067621931433678e-04 1.294087339192628860e-02 6.339018046855926514e-02 4.986294507980346680e-01 8.088111877441406250e-03 4.544548317790031433e-02 1.537071764469146729e-01 5.926822125911712646e-02 6.215810572030022740e-05
2.709654509089887142e-04 1.372956484556198120e-01 1.201957202283665538e-04 7.414507865905761719e-01 4.493986125453375280e-05 1.190686361951520666e-05 7.435299754142761230e-01 1.960717588663101196e-01 3.024913894478231668e-04 3.549486282281577587e-04 2.360615872021298856e-05 8.284164323413278908e-06 3.492793999612331390e-03 9.631731510162353516e-01 4.882791545242071152e-03 1.531283021904528141e-03 2.315100133419036865e-01 4.370493069291114807e-02 1.308719583903439343e-05
9.604549404684803449e-07 2.947254142782185227e-05 1.845543096123947180e-08 1.458306087442906573e-05 8.044561400311067700e-05 1.928440042320289649e-06 8.493955135345458984e-01 5.285373702645301819e-02 3.619101335061714053e-05 9.882096052169799805e-01 4.466376140044303611e-06 7.565018534660339355e-01 5.970467813313007355e-03 4.780601443599152844e-07 2.218796907982323319e-06 3.549013137817382812e-01 1.716973073780536652e-02 2.780490031000226736e-04 7.090269718901254237e-06
5.510687232017517090e-01 1.947112567722797394e-02 1.636168001084570278e-08 3.479328734101727605e-05 5.513180978596210480e-03 2.814912477333564311e-06 1.090598478913307190e-01 4.071827046573162079e-03 1.564905105624347925e-04 6.730816364288330078e-01 7.739206193946301937e-05 7.624886631965637207e-01 3.543536961078643799e-01 3.522047009596462885e-08 9.535823686235289642e-09 3.028505668044090271e-02 9.081634198082610965e-05 1.132141987909562886e-04 3.460851439740508795e-04
6.597455125302076340e-03 2.863562405109405518e-01 8.428423825534991920e-06 7.953758239746093750e-01 1.626164885237812996e-05 7.559918230981566012e-06 4.997080191969871521e-03 5.605034828186035156e-01 1.957345148184685968e-07 5.322749614715576172e-01 1.341346160188550130e-05 9.703701944090425968e-04 3.237997367978096008e-02 8.953083753585815430e-01 2.182634780183434486e-04 1.094890385866165161e-02 6.186102982610464096e-03 8.863890171051025391e-02 2.224654451765673002e-07
2.196653634309768677e-01 6.934896707534790039e-01 9.877219796180725098e-01 9.592044949531555176e-01 4.986756015568971634e-03 6.867363117635250092e-04 6.442490033805370331e-03 1.723584085702896118e-01 2.425608909106813371e-05 2.520673442631959915e-03 5.100463982671499252e-03 6.470367661677300930e-04 6.315019726753234863e-02 9.451246857643127441e-01 8.073110133409500122e-03 5.290546640753746033e-02 3.214818192645907402e-03 4.961299523711204529e-02 1.569380547152832150e-04
8.248113772424403578e-06 1.332294486928731203e-04 6.535832881927490234e-01 1.893959233711939305e-05 1.004431163892149925e-03 9.993866682052612305e-01 2.387890219688415527e-02 3.807783969023148529e-06 3.444628715515136719e-01 4.731439548777416348e-05 3.448000640560167085e-08 4.600101237883791327e-05 2.434171074128244072e-05 4.677059405366890132e-05 5.056832451373338699e-03 1.717856503091752529e-04 7.594288326799869537e-04 5.198583239689469337e-04 1.408164650201797485e-01
8.857905268669128418e-01 2.380438446998596191e-01 3.452747250776155852e-06 6.850954145193099976e-03 1.052182074636220932e-02 1.821546538849361241e-05 2.792339026927947998e-02 4.594117403030395508e-02 1.076366752386093140e-04 3.781890273094177246e-01 2.775722241494804621e-04 5.475608706474304199e-01 6.458987593650817871e-01 3.816653043031692505e-05 1.386063672725867946e-06 2.922461181879043579e-02 4.801404720637947321e-04 5.418602842837572098e-03 3.154810983687639236e-04
6.809952259063720703e-01 6.612117290496826172e-01 4.851595964282751083e-03 8.699495345354080200e-02 4.237905144691467285e-03 1.013409346342086792e-03 6.759992986917495728e-02 4.650883078575134277e-01 2.290536882355809212e-03 1.744619905948638916e-01 4.490511491894721985e-03 1.592674851417541504e-01 6.220846772193908691e-01 5.644838884472846985e-02 1.063827075995504856e-03 5.459969490766525269e-02 1.729604229331016541e-02 1.444835364818572998e-01 1.533076167106628418e-03
4.210612736642360687e-03 4.167345105088315904e-05 1.146158083997761423e-07 2.270535081624984741e-01 4.286809707991778851e-04 9.064134210348129272e-03 1.154831983149051666e-02 1.037080190144479275e-03 1.257629378415003885e-06 9.996646642684936523e-01 1.450812590064742835e-07 6.691458821296691895e-02 8.888002485036849976e-03 3.766901386370591354e-07 9.722776012495160103e-04 1.695138169452548027e-03 3.579751064535230398e-04 4.120901867281645536e-04 6.606749280990698026e-08
5.226834416389465332e-01 2.678815042600035667e-03 9.271503686904907227e-01 5.937321693636476994e-04 8.485171012580394745e-03 4.340638952271547168e-06 4.581425338983535767e-03 1.494358293712139130e-02 6.494247486443782691e-07 9.058426022529602051e-01 1.009350035019451752e-05 4.431384801864624023e-01 9.072679877281188965e-01 2.015887366724200547e-05 2.698751586649450473e-06 6.006266176700592041e-02 6.991835107328370214e-05 4.402739461511373520e-03 2.005022179218940437e-05
4.905381426215171814e-02 6.612937152385711670e-02 7.032049894332885742e-01 8.620949462056159973e-03 9.083448909223079681e-03 1.242591515183448792e-01 7.574828267097473145e-01 3.598085790872573853e-02 4.912595748901367188e-01 3.753013163805007935e-02 4.705834202468395233e-03 3.728481754660606384e-02 2.563870884478092194e-02 7.152886595577001572e-03 2.509074285626411438e-02 1.602523773908615112e-02 1.276472806930541992e-01 2.559037320315837860e-02 5.134521126747131348e-01
1.010134816169738770e-02 4.336155834607779980e-04 5.854807341165724210e-07 8.496736176311969757e-03 3.235835756640881300e-04 2.518383262213319540e-04 6.658555939793586731e-03 1.714135892689228058e-02 7.590770678689295892e-07 9.996680021286010742e-01 9.174474143947008997e-06 3.737438619136810303e-01 2.348599024116992950e-02 1.665525132921175100e-06 2.708675674512051046e-05 4.509533941745758057e-02 9.408040205016732216e-04 4.286996554583311081e-03 5.972156031930353492e-07
1.071714311838150024e-01 4.746336638927459717e-01 1.747028343379497528e-02 4.901118874549865723e-01 6.109158508479595184e-03 4.332999233156442642e-03 1.536020189523696899e-01 5.428631901741027832e-01 2.129486761987209320e-03 3.738686442375183105e-01 8.342272602021694183e-03 5.186349153518676758e-02 1.785795390605926514e-01 6.085222959518432617e-01 2.628017403185367584e-02 9.888202697038650513e-02 9.618836641311645508e-02 1.980285644531250000e-01 1.444876776076853275e-03
9.999804496765136719e-01 3.941666707396507263e-02 1.583641551228254229e-10 5.441136181616457179e-06 6.150832176208496094e-01 1.288645579133884667e-11 1.014729961752891541e-02 2.161827251256909221e-05 2.548606303776068671e-08 3.908557573595317081e-06 1.033078245171736853e-08 9.205607771873474121e-01 7.804961875081062317e-03 1.711649710856022466e-09 1.289786894366311276e-14 9.045747574418783188e-04 3.446278924457146786e-07 1.922629699890876509e-08 1.855772424619317462e-08
