3.282081186771392822e-01 4.043411910533905029e-01 4.344497807323932648e-03 9.706453084945678711e-01 8.840046823024749756e-02 2.053774893283843994e-03 1.860597431659698486e-01 1.436578482389450073e-01 1.645330712199211121e-02 2.300710976123809814e-02 3.705287724733352661e-02 1.643741130828857422e-02 5.436920374631881714e-02 3.348976671695709229e-01 8.173659443855285645e-03 9.129153937101364136e-02 6.011106818914413452e-02 6.681147962808609009e-03 4.657381679862737656e-03
1.171821795858066736e-19 7.716260085315757022e-14 1.622721768624293778e-21 1.805091898177124676e-07 9.953390334160872044e-10 2.880179365438598291e-17 1.000000000000000000e+00 5.289856885859478552e-10 1.390861470440540870e-08 4.069671249301576310e-12 1.447300877863413930e-17 2.815162076785782119e-07 6.271606167729260051e-08 8.529140727020489976e-10 1.337310617799403190e-08 3.728830415639095008e-05 3.054051194339990616e-03 6.097937692989274794e-12 2.936147852627968291e-12
2.230282902804248124e-10 4.215054048017918831e-07 4.092602992611382717e-12 3.212098249605332967e-07 2.135004069714341313e-05 3.178558699801214971e-06 9.999955892562866211e-01 9.027812666317913681e-07 9.257572703063488007e-03 1.110978701035492122e-06 4.299919531547402585e-09 3.352066269144415855e-04 8.200569573091343045e-05 1.263898411707486957e-06 1.371118833048967645e-05 1.195436343550682068e-03 3.498045844025909901e-04 2.743588993325829506e-06 5.089477781439200044e-05
1.649715607177082433e-11 1.784466974186216248e-07 4.484791444464564236e-12 1.505794244849312236e-08 2.002122528210747987e-06 3.268942919021355920e-06 9.999986886978149414e-01 5.756521659350255504e-07 6.451551616191864014e-02 1.737894592679367634e-07 3.554649019577027502e-09 5.371721999836154282e-05 1.629152939131017774e-05 1.879810724858543836e-06 1.075053660315461457e-05 3.018529969267547131e-04 1.688831835053861141e-04 8.072160198935307562e-06 2.445016580168157816e-04
1.780226140113416733e-11 2.148741407026477646e-09 6.051689149799699408e-10 2.718032737902831286e-05 1.890072987009716599e-08 1.296898352598496729e-11 9.997383952140808105e-01 4.864819347858428955e-03 9.634180742068565451e-07 1.105605315387947485e-05 5.562681981707839896e-10 4.597601218847557902e-05 7.743901369394734502e-05 1.742031236062757671e-05 1.295177789870649576e-04 1.167365466244518757e-03 9.979853630065917969e-01 5.226074063102714717e-05 8.635587960270640906e-07
5.183969850191263794e-18 3.522333791826370852e-13 5.247843976086445043e-16 4.128279107451504615e-10 8.904279765777067812e-13 5.525321646392909172e-18 1.000000000000000000e+00 3.648209385573863983e-04 7.555668979364327242e-09 2.135963654836814385e-07 5.078511396139351319e-13 3.409788860153639689e-06 1.226389372277481016e-06 1.085760636954091751e-08 1.027950560228418908e-07 1.516504999017342925e-04 9.987874627113342285e-01 6.234726068754525841e-09 6.207268476998706319e-09
3.186676167388213798e-07 4.911103079763279311e-09 4.947324772075489818e-10 5.386090197134763002e-05 5.299209430813789368e-02 4.286361843242048053e-08 9.179574251174926758e-01 3.970642501371912658e-05 5.795267270514159463e-07 1.938790380954742432e-01 1.091786550055928728e-09 9.920424818992614746e-01 5.126831238158047199e-04 1.275786054577565665e-08 3.484661093011709454e-08 7.304775118827819824e-01 4.648413509130477905e-03 3.739009553100913763e-04 1.528337811862456874e-08
5.812457311549223959e-05 3.942459639999507104e-12 1.670121662753150697e-17 1.000000000000000000e+00 2.552744448184967041e-01 7.581453537568449974e-04 6.214274908415973186e-04 1.156515963725290863e-12 1.254268454431439750e-06 5.925737678325049274e-10 7.580132917436705983e-17 9.163522207700225408e-08 2.185132741416850877e-09 1.353497609130061008e-12 2.386114601904409938e-06 3.469568582659121603e-06 1.995867023651953787e-05 1.477652333825574260e-09 9.279773130477231291e-14
9.751876816153526306e-03 1.749755210767034441e-05 1.638728008401812986e-06 9.996107220649719238e-01 8.406877517700195312e-03 4.930584691464900970e-03 1.190056577324867249e-01 1.282544981222599745e-04 2.574056561570614576e-04 1.263828016817569733e-05 7.947596358803821204e-09 3.701894002006156370e-06 1.954466424649581313e-04 2.867080620490014553e-04 1.460534930229187012e-01 3.097360604442656040e-05 7.146485894918441772e-02 3.515416028676554561e-05 6.777589192097366322e-07
7.578727090731263161e-04 2.706185969758578835e-12 4.800994739156256341e-18 9.999864101409912109e-01 9.700495004653930664e-01 2.204030291608205516e-10 8.110526204109191895e-01 1.951793110813171417e-12 1.908534414951645886e-07 7.520446071440645142e-12 8.427758443646949510e-15 4.720468074083328247e-03 2.472401727793283044e-10 2.808165375581261891e-12 2.589897349025704898e-06 1.125628827139735222e-03 9.065461345016956329e-03 9.110220910990562970e-10 4.321592996653356167e-13
2.189251904760602940e-11 4.397242747700147447e-08 2.818809630156238200e-10 2.276882149487846618e-08 1.809266403363096742e-09 1.124067676504074409e-13 9.999964237213134766e-01 2.073727780953049660e-03 2.994437236338853836e-03 8.520201433270813141e-09 2.614063760120188817e-06 3.930982984456932172e-06 4.527146757027367130e-06 6.460018084908369929e-06 6.382627907441928983e-05 8.002593676792457700e-05 9.999171495437622070e-01 5.788263933936832473e-06 9.953944943845272064e-03
2.174907131120562553e-04 1.970293169506476261e-06 1.971437595784664154e-03 2.044249231403227895e-05 3.979543180321343243e-06 1.549412559143092949e-06 1.713929814286530018e-04 5.467625334858894348e-03 5.732575525385641413e-10 9.999984502792358398e-01 8.138631812926178100e-08 3.361316025257110596e-01 1.087729912251234055e-02 2.798097931133725069e-08 1.069066613013092137e-07 4.119110107421875000e-02 7.576901225547771901e-06 5.399238434620201588e-04 3.548794591523574127e-10
1.547296345233917236e-02 6.343124900013208389e-03 2.361506074666976929e-01 7.892284989356994629e-01 2.332658972591161728e-03 2.194944620132446289e-01 7.644443213939666748e-02 4.249529168009757996e-02 4.788508173078298569e-03 2.570833824574947357e-02 8.270431135315448046e-05 1.937171473400667310e-04 3.570190444588661194e-02 1.216586902737617493e-01 7.533342838287353516e-01 1.560147851705551147e-03 4.019591212272644043e-02 1.461225152015686035e-01 4.008589894510805607e-04
8.408375978469848633e-01 1.264218688011169434e-01 4.283921225578524172e-05 5.154901882633566856e-04 7.261787541210651398e-03 4.438920004758983850e-04 7.656493782997131348e-01 2.171580679714679718e-03 4.952655136585235596e-01 2.995896618813276291e-03 3.460324136540293694e-03 2.057945281267166138e-01 6.984523963183164597e-03 6.316610233625397086e-05 4.166752842138521373e-05 1.288466504774987698e-03 1.275111082941293716e-02 5.630954401567578316e-04 5.968688726425170898e-01
5.898857116699218750e-01 6.908225417137145996e-01 2.856431819964200258e-04 7.874765396118164062e-01 2.686110511422157288e-02 7.571656024083495140e-04 3.018897771835327148e-01 1.400986164808273315e-01 4.704243317246437073e-02 4.456933587789535522e-03 2.104176133871078491e-01 2.734572254121303558e-02 2.181071974337100983e-02 8.639403432607650757e-02 1.187957474030554295e-03 1.824125088751316071e-02 4.164158552885055542e-02 1.485527027398347855e-03 6.332344841212034225e-03
7.026054752232553457e-18 5.523556906186864041e-16 2.785423760904057003e-20 6.421668530265378649e-08 3.494269549264572561e-07 3.268654813956777103e-17 1.000000000000000000e+00 7.002456392513067840e-10 1.895406886998074469e-10 1.566210716674731884e-09 2.639503969744965678e-18 2.960348967462778091e-03 9.687987585493829101e-07 1.614809848338172316e-12 4.673529341303606088e-10 2.964136423543095589e-03 8.256364613771438599e-03 2.577839330886178004e-10 2.946244322728913678e-13
9.990659356117248535e-01 3.251753223594278097e-04 7.178860284007271275e-10 9.998254179954528809e-01 8.612202405929565430e-01 7.091533138492422950e-09 3.810589201748371124e-03 1.699518520581477787e-06 2.491548656280428986e-08 5.121167987454100512e-07 2.647266583721830102e-08 2.417693473398685455e-02 4.434247239260002971e-05 3.304131041659275070e-06 5.401481757871806622e-06 1.489642192609608173e-03 1.537548960186541080e-03 4.906770456614140130e-08 1.276649341797053694e-09
1.486710086464881897e-02 6.802306415920611471e-07 9.574965467848070566e-14 1.548060429845676822e-10 1.455631703138351440e-01 2.603777193854739380e-10 5.801675915718078613e-01 7.425929027249367209e-08 3.829748038697289303e-06 3.798010060563683510e-03 8.053309130673369509e-10 9.987247586250305176e-01 3.014206886291503906e-03 1.599212773382811814e-14 3.510209618446839342e-16 3.362366184592247009e-02 6.915801975537760882e-08 4.671393050159622362e-09 1.338247415105797700e-07
3.081203904002904892e-03 2.268043308717437867e-09 8.125473904702705898e-17 2.553316136300054495e-08 9.813278317451477051e-01 1.414386829878822027e-09 9.979701638221740723e-01 8.233051149468192942e-14 1.935694068670272827e-01 1.175334968239738487e-10 2.440625757049730282e-10 9.721563458442687988e-01 2.330106774195428443e-09 2.512903147827878769e-14 6.024986499292284137e-12 3.713436191901564598e-03 2.634955365010682726e-07 6.565116894563516325e-09 6.423758804885437712e-06
1.459633722333819605e-06 5.173244055356462923e-10 7.964002293431944515e-16 4.720138169211907098e-11 8.224153425544500351e-04 3.294790387153625488e-01 8.486148715019226074e-01 5.946654627900715365e-16 6.902084946632385254e-01 4.803197395375491396e-09 5.827493842298567261e-14 4.815971478819847107e-03 4.590157767769831310e-11 5.822769177222077500e-15 9.096551983889256121e-11 2.202598068379302276e-07 1.221994505584689250e-09 4.399952757694336469e-08 2.950925938785076141e-02
8.379415869712829590e-01 1.874679815955460072e-03 9.007613231692968014e-12 8.425227403640747070e-01 1.498779056419152766e-07 1.440938368624244958e-09 1.250041918865463231e-07 8.277280139736831188e-04 2.287870295368229015e-15 9.998528957366943359e-01 3.034551429581533455e-11 2.523851208388805389e-02 3.091126978397369385e-01 2.603183979488221667e-08 5.999543223333958508e-11 5.603862155112437904e-05 1.303504415517409143e-08 3.647826961241662502e-04 4.824424280208683413e-13
8.034444763325154781e-04 9.170870180241763592e-05 4.748423876321794523e-13 7.190862894058227539e-01 6.997062929059438829e-10 9.699486547276592319e-09 5.607556374798150500e-08 1.481670071370899677e-03 1.517702517582822635e-16 9.999998807907104492e-01 2.245918555299208919e-11 6.567829288542270660e-03 3.403953043743968010e-03 8.959140984643454431e-08 9.646309306887701496e-10 9.234713070327416062e-05 1.148182064980574069e-07 2.313738368684425950e-04 3.373587386279897765e-15
5.206415735386188318e-21 1.407459323317305574e-21 3.095614005308550119e-29 3.985108328264297048e-15 4.682396137489774901e-11 2.558359370804626426e-21 3.995482325553894043e-01 2.350794225947083760e-08 8.113749197253725811e-21 1.000000000000000000e+00 2.625767502023603866e-24 9.999736547470092773e-01 2.603785936861058303e-11 1.626488244969700295e-23 2.527646857440935752e-21 7.646213173866271973e-01 1.320915714586590184e-07 1.459633455769271393e-11 5.538134481801243088e-24
6.008289687997603323e-08 2.508407706807574966e-13 5.944091823839679073e-16 1.532010173832532018e-06 8.613743782043457031e-01 3.535430559420404961e-10 8.137731552124023438e-01 7.668942147986967939e-10 3.536147596960859119e-09 2.137856185436248779e-02 2.855654902879389313e-15 9.999518394470214844e-01 4.513204032718931558e-07 8.796191178868026372e-14 1.766474878699131335e-13 8.200921416282653809e-01 6.861236215627286583e-06 1.257933581655379385e-05 5.326306344761999600e-13
9.999998807907104492e-01 3.784396440664750116e-08 7.310522314533297951e-23 2.094127315999116945e-09 9.999456405639648438e-01 1.041980495068743245e-21 7.633289694786071777e-01 2.297707563964073048e-17 7.837456378334550777e-11 1.956311927189962360e-18 4.563251831083022219e-16 9.977910518646240234e-01 1.086991390994440643e-12 2.030255521463592568e-20 2.644304195017532462e-23 3.454963734839111567e-05 8.947617646803962543e-11 1.423417526601047852e-17 1.607583322374168261e-14
7.075364294450992020e-08 9.102478770728339441e-09 3.271101481859810950e-16 1.383052092990277870e-12 9.265753033105283976e-05 1.096448767930269241e-02 8.250257968902587891e-01 7.208541319414507598e-09 6.380973500199615955e-04 5.769714713096618652e-01 1.365766961330949769e-11 2.031088173389434814e-01 2.801078662741929293e-04 4.353122015110543527e-16 2.060855609428702273e-12 1.732658362016081810e-03 4.035157985526893754e-09 1.349890865753877733e-08 2.776043584162835032e-05
3.304878723117687933e-12 5.520739505197706787e-14 1.182237389175044502e-21 7.829327125312944557e-15 1.619666256010532379e-02 9.259397983551025391e-01 1.119710206985473633e-01 3.294071829543221419e-13 1.771177835507842246e-06 8.342422842979431152e-01 1.144494457435820813e-17 6.074115633964538574e-01 6.124012230657172040e-08 2.215554964667981237e-20 1.221585410815994796e-15 1.504710782319307327e-02 3.517054356083626487e-11 5.239078615382197768e-10 3.208595056314322846e-10
2.309423832724810666e-11 1.132677444540394415e-15 2.645821131628553307e-28 5.253966359197725922e-11 1.748750311225677478e-10 1.066775486035283910e-14 1.474108923815720118e-08 1.081351896914384270e-09 1.093824181324378470e-22 1.000000000000000000e+00 6.696294640235809995e-22 9.816904664039611816e-01 6.969996801942102138e-10 7.086896025121245524e-24 4.942838752943357475e-20 2.675337018445134163e-03 4.447283199256885089e-13 9.382277940672700822e-12 4.800206282318212758e-26
9.998410940170288086e-01 1.120682668442896102e-06 1.202370051508502266e-17 1.984106529562268406e-05 9.971128702163696289e-01 1.439537787814603766e-16 1.202773228287696838e-01 3.949672186531749674e-11 7.335356280724347755e-12 8.396860429193964137e-10 8.944510374877222281e-15 9.971507191658020020e-01 8.597879741500946693e-08 2.756426475416205724e-15 1.666620455374397496e-18 2.299795160070061684e-03 6.060855639589135535e-08 8.549262860146900067e-12 4.564838006155874303e-15
1.668036431074142456e-01 3.024731762707233429e-03 4.385324103850507527e-08 1.114884944399818778e-04 9.415514068678021431e-04 2.729233301579370163e-06 1.111746765673160553e-02 8.974556811153888702e-03 2.834839506249409169e-06 9.851943850517272949e-01 1.928228994074743241e-05 6.548715233802795410e-01 3.498870730400085449e-01 6.776426886290209950e-08 2.761577455601127440e-08 5.824118107557296753e-02 6.886465416755527258e-05 1.349421334452927113e-03 1.067351058736676350e-05
1.918422504187944355e-10 1.192894533152966119e-10 6.315967578584755215e-14 1.066470005639530427e-07 1.912204061227384955e-05 4.494667485421821596e-11 7.698800563812255859e-01 3.372394421603530645e-04 3.148900862282033586e-10 9.989068508148193359e-01 7.133699447131602867e-12 9.952306151390075684e-01 2.631549796205945313e-05 1.039193297386331594e-11 9.215530422101991803e-11 6.412670612335205078e-01 9.495156118646264076e-04 5.329005489329574630e-06 1.410546332514250878e-11
2.609528110042447224e-06 2.940816375485155731e-05 4.753632936171925394e-07 2.969425167975714430e-07 1.143151280302845407e-06 3.269029184593819082e-05 9.997075200080871582e-01 7.065066711220424622e-06 8.793385028839111328e-01 1.680522927927086130e-06 1.077777142199920490e-05 2.472547930665314198e-04 2.077350245599518530e-06 6.152289188321447000e-06 1.090607911464758217e-04 1.067622906703036278e-05 1.614110916852951050e-02 4.258129280060529709e-03 8.146710991859436035e-01
6.692246824968606234e-05 1.350626844214275479e-04 1.046460329234832898e-05 1.146981776400934905e-05 4.576463252305984497e-03 9.999020099639892578e-01 3.615898313000798225e-03 1.855574964793049730e-07 1.710607856512069702e-01 8.502133277943357825e-05 3.143406956951366737e-08 1.542624377179890871e-04 1.143462850450305268e-05 7.325571914407191798e-06 3.563830687198787928e-04 4.373408228275366127e-05 2.329546077817212790e-05 7.061050855554640293e-04 1.463246494531631470e-01
5.645424153044587001e-06 1.673003993118982180e-07 2.249015862432202084e-09 2.006518840789794922e-02 7.212025229819118977e-04 9.999995231628417969e-01 1.687875192146748304e-05 6.876732960847675713e-09 1.538871438242495060e-03 3.101492396240246308e-08 4.956810244378939689e-13 1.116343906204519953e-09 5.509090783561987337e-07 5.284378858050331473e-06 1.755881821736693382e-03 2.487825767616413941e-08 5.805904220324009657e-05 1.546924584545195103e-03 2.079894159123796271e-07
4.158673618803732097e-06 3.256624268033192493e-06 1.323243509432359133e-06 1.345981494523584843e-03 3.571438128346926533e-06 9.998974800109863281e-01 1.369074307149276137e-04 9.064606274478137493e-06 1.833040500059723854e-03 4.025730504508828744e-06 3.602294573745723483e-10 4.315325430326311107e-09 1.247864747710991651e-05 7.123921066522598267e-03 9.825007319450378418e-01 8.870598477983548946e-09 4.656638193409889936e-04 7.648946484550833702e-04 2.358083975195768289e-06
9.689294099807739258e-01 6.953838467597961426e-02 2.247778212449702551e-07 6.815020242356695235e-06 6.093998672440648079e-04 5.026331109547754750e-06 7.722807526588439941e-01 9.481249435339123011e-05 5.406067967414855957e-01 1.890793937491253018e-04 2.386873238719999790e-04 1.329226195812225342e-01 1.098168082535266876e-03 2.933649625447287690e-07 6.285306142217450542e-08 5.421765672508627176e-05 1.152724726125597954e-03 1.043227985064731911e-05 7.427781820297241211e-01
2.255299594253301620e-03 1.750805677147582173e-04 6.597446918021887541e-05 1.145160198211669922e-02 4.762059152126312256e-01 5.985501338727772236e-04 8.505350947380065918e-01 1.959913643077015877e-03 6.698428653180599213e-03 3.096116147935390472e-02 8.189285290427505970e-05 8.629788160324096680e-01 1.273480616509914398e-02 1.004255318548530340e-04 3.014713583979755640e-04 4.256524145603179932e-01 4.817358776926994324e-02 1.828959956765174866e-02 4.644664586521685123e-04
9.932342218235135078e-04 1.646465243538841605e-04 5.638263747096061707e-02 1.891337707638740540e-02 1.682066470384597778e-01 5.906431674957275391e-01 5.292462706565856934e-01 1.238658092916011810e-03 1.153417378664016724e-01 2.899480285122990608e-03 1.504502324678469449e-05 1.792644336819648743e-02 4.569088108837604523e-03 8.089442271739244461e-04 7.261354941874742508e-03 3.479040041565895081e-02 5.546551570296287537e-02 1.459529343992471695e-02 2.339168684557080269e-03
2.832336425781250000e-01 2.729638218879699707e-01 1.801004260778427124e-01 1.634092479944229126e-01 4.591250047087669373e-02 3.006344102323055267e-02 4.023446440696716309e-01 3.755845725536346436e-01 6.090876087546348572e-02 2.221404463052749634e-01 2.989488467574119568e-02 1.980758160352706909e-01 3.462287187576293945e-01 1.225690469145774841e-01 8.721055835485458374e-02 1.293661147356033325e-01 1.688571870326995850e-01 2.004685103893280029e-01 3.807877004146575928e-02
3.163004862472007517e-07 1.941453410836402327e-05 7.135128043955774046e-07 4.872228018939495087e-03 2.396865420450922102e-05 9.753917402122169733e-05 9.997012019157409668e-01 1.183232525363564491e-03 1.298602204769849777e-02 4.531785634753759950e-06 8.459318223685841076e-07 1.305382738792104647e-05 5.279605975374579430e-04 2.053327672183513641e-02 1.099495962262153625e-01 1.269160129595547915e-04 3.586399257183074951e-01 7.383264601230621338e-04 3.168589319102466106e-04
1.760291183927620295e-06 1.058350282412412469e-11 2.419314985705519477e-14 8.415374031756073236e-05 9.160855412483215332e-01 4.018935850780280816e-09 8.774693608283996582e-01 4.213303039790616822e-09 6.714285660791574628e-08 1.583893201313912868e-03 1.978731577461506630e-13 9.995155334472656250e-01 7.819667757757997606e-07 4.957341828704109332e-12 2.954930744536454768e-11 7.089887261390686035e-01 8.939791587181389332e-05 2.362027007620781660e-04 2.774333714150589714e-11
1.130620876210741699e-05 4.049351457445504732e-13 8.659574502645784646e-21 1.188194542756093597e-09 9.975799322128295898e-01 1.143186023275233332e-12 9.966542720794677734e-01 7.993708268287744861e-16 4.555225314106792212e-05 1.443787867039247885e-10 1.953943014264508497e-15 9.995343685150146484e-01 3.389617753146723089e-10 1.267694820587530010e-18 1.231555597410108750e-16 6.412949413061141968e-02 3.111309609948875732e-08 2.953129130123244295e-10 5.598710037246767968e-11
8.763068035477772355e-05 9.662135534274141936e-16 1.544692081080903406e-25 4.402775366507682975e-11 9.998497962951660156e-01 9.992129834608607599e-19 9.849287867546081543e-01 1.318857906027889585e-18 9.151124996664705691e-11 2.623216747987822117e-11 1.314807117749892879e-21 9.999977350234985352e-01 3.371392791676197653e-12 6.028006848751723546e-24 3.879522874137856927e-24 1.007577404379844666e-01 2.055648151699784876e-10 5.978894679695145875e-13 1.529879476467440257e-17
9.642810560762882233e-03 3.442112065386027098e-04 2.424878289275511634e-07 6.838560700416564941e-01 2.048267015197779983e-05 7.485421374440193176e-04 3.517023869790136814e-04 3.787857247516512871e-03 1.641663516238622833e-08 9.999729394912719727e-01 2.459555332734453259e-07 3.737770766019821167e-02 1.146201975643634796e-02 2.222036755483713932e-06 1.625214790692552924e-04 8.765974780544638634e-04 1.260659191757440567e-04 7.809574599377810955e-04 4.498977190792174952e-09
2.707094840946047250e-23 4.827003597177026428e-16 3.152100971104023366e-19 3.125623371236230241e-10 1.567613616362427062e-15 2.686175335212191601e-20 1.000000000000000000e+00 1.428318512353143888e-07 5.534703086595982313e-05 6.061860108452364788e-16 9.534271972182900567e-14 6.233027982638361664e-12 1.907232843878503559e-10 2.136156496135299676e-08 3.237695693769637728e-07 1.426408058335937312e-08 9.989658594131469727e-01 8.508861948364199179e-10 4.087594973611885507e-08
3.944711759686470032e-03 3.923967054064725346e-12 1.591467553943318697e-23 2.282307454137821878e-09 2.873859107494354248e-01 1.262744262930937111e-06 9.983643889427185059e-01 1.045066125130603956e-20 5.245444774627685547e-01 1.372940748779020461e-16 6.318841434319846968e-16 1.261271629482507706e-02 4.624164617298039126e-15 1.396605128789631502e-17 1.038685977505782176e-11 2.132438670088276922e-09 8.226392483878797179e-11 1.013615059941574970e-11 6.089916041673859581e-06
2.728092274653648452e-12 1.351656200160311627e-11 3.850459576985339584e-18 1.261275820434093475e-02 1.522413640486774966e-05 2.056148105111788027e-06 9.999983310699462891e-01 6.336236396675687388e-11 9.948717888619285077e-06 1.870489874100655925e-10 7.975793918500010435e-17 2.385574049412753084e-08 2.367555929083664523e-08 2.873224680399744102e-08 1.055892353178933263e-04 3.059833204588358058e-07 7.976347114890813828e-05 1.763200785376284330e-08 1.198258020584930250e-10
3.160507651045918465e-03 3.093223494943231344e-04 2.054516130556294229e-07 2.771491417661309242e-03 2.402843529125675559e-05 7.850029942346736789e-05 6.314137717708945274e-04 1.697460375726222992e-02 8.582003374613123015e-08 9.999505281448364258e-01 5.842631253472063690e-06 2.286594510078430176e-01 1.061315834522247314e-02 1.709409730210609268e-06 6.439879598474362865e-06 2.487603016197681427e-02 2.037231752183288336e-04 2.437931485474109650e-03 4.505506367991074512e-08
3.530833264653310266e-11 5.580345963096533524e-09 7.892635434103567604e-10 1.915168203413486481e-02 1.066574213837157004e-06 9.690176439036690681e-11 9.999800920486450195e-01 4.994585833628661931e-05 1.021506977849639952e-05 4.181090673682774650e-08 5.137167913282780773e-10 1.201798932015663013e-05 2.845491508196573704e-05 1.825709841796196997e-05 3.791780909523367882e-04 4.113493487238883972e-04 8.798660635948181152e-01 4.424954568094108254e-06 3.650386304343555821e-07
9.017822449095547199e-04 4.931699950248003006e-04 6.071106326999142766e-05 6.756906509399414062e-01 1.099331676959991455e-02 8.023003465496003628e-04 9.501566290855407715e-01 7.157784886658191681e-03 3.908911254256963730e-03 1.728926203213632107e-03 6.340371328406035900e-06 2.704601502045989037e-03 9.240413084626197815e-03 8.217127062380313873e-03 1.110238209366798401e-01 5.973298568278551102e-03 3.107486665248870850e-01 2.328376984223723412e-03 1.732536329654976726e-04
1.767019170983985532e-07 4.479730364437273238e-08 8.710473314854638716e-11 1.567699086990614887e-06 2.107372274622321129e-03 1.000000000000000000e+00 4.567782070807879791e-06 2.051589106932816264e-11 1.490783761255443096e-03 5.965831917364994297e-08 1.904197489250268605e-14 5.835918415186824859e-09 1.980322394956601784e-08 1.684075101593407453e-07 1.384364168188767508e-05 4.056945357433505706e-08 2.875949860481341602e-07 7.042585639283061028e-05 7.873597951402189210e-07
1.045175127001307658e-10 4.232184047658904547e-12 1.621211913088900503e-14 2.465652488172054291e-02 5.754705045823982346e-10 1.000000000000000000e+00 8.191125999701398541e-09 1.522083847849131644e-11 8.897517318473546766e-07 3.886612386094778770e-12 2.734153830224184572e-21 2.873254043914181833e-18 8.455178224231474360e-11 9.822839501794078387e-07 7.359400391578674316e-01 2.270549900964977065e-16 3.874999094932718435e-07 1.481279196013929322e-05 7.248993614573928657e-13
3.924766497220844030e-05 5.511504696187330410e-06 2.076223063340876251e-05 4.213722944259643555e-01 2.893559440053650178e-06 7.279331684112548828e-01 1.148706767708063126e-02 8.471740875393152237e-04 1.838434691308066249e-04 1.935333828441798687e-03 1.382945979955252369e-09 9.307257897717136075e-08 2.341438375879079103e-04 9.127939119935035706e-03 9.866966605186462402e-01 2.890890016260527773e-07 1.088450476527214050e-02 6.887220311909914017e-03 2.912829870638233842e-07
7.357759022852405906e-05 9.766917675733566284e-03 1.330661780230002478e-05 9.966436624526977539e-01 1.515833537268918008e-05 1.744218991461821133e-07 4.202379286289215088e-01 1.124572381377220154e-01 5.602509918389841914e-05 1.707032497506588697e-04 1.028042220241331961e-06 2.176445121904180269e-07 2.012447919696569443e-03 6.622272729873657227e-01 2.751481719315052032e-03 1.542552199680358171e-04 6.755783557891845703e-01 2.499372698366641998e-03 1.801052349037490785e-06
1.616832362438813675e-11 2.182296121588933602e-09 1.320177744901229744e-09 9.947003126144409180e-01 3.936660719627838034e-11 2.126260051273781704e-14 9.777372479438781738e-01 2.798326604533940554e-04 1.866990784193944819e-09 2.176405944354087296e-09 3.019199812577012809e-15 2.064042079613637171e-12 1.351405217064893804e-06 5.331709398888051510e-04 2.611905802041292191e-04 3.795977931986271869e-08 9.998400211334228516e-01 2.040971054384499439e-07 3.072548118709939047e-11
7.297370530068292283e-07 1.145154747064225376e-04 1.395470462739467621e-05 1.437944918870925903e-01 4.204240212857257575e-06 1.682193726537661860e-07 9.854513406753540039e-01 3.447743505239486694e-02 1.467150141252204776e-04 9.926133498083800077e-05 4.510910684984992258e-07 1.036668436427135020e-05 1.652052742429077625e-03 5.053455382585525513e-02 1.059369463473558426e-02 1.000314718112349510e-03 9.646363854408264160e-01 3.878132905811071396e-03 2.265058901684824377e-05
9.999872446060180664e-01 4.221831331960856915e-04 7.411975569234147999e-16 4.799247253686189651e-04 8.976185345090925694e-04 2.103534360586856167e-13 3.859196294797584414e-05 1.258794554814812727e-06 2.526683560728076872e-13 2.671952173113822937e-02 4.251923791352696380e-13 4.490911066532135010e-01 4.360046237707138062e-02 6.566543641305100376e-13 3.377179864767440066e-15 2.004543148359516636e-06 2.341293381391551520e-09 7.633367715698113898e-09 1.892745942616569366e-12
9.956521391868591309e-01 6.748996383976191282e-05 3.788561803684531437e-13 8.469559252262115479e-03 6.387761095538735390e-04 3.861796660231675560e-09 5.592941888608038425e-04 6.611490334762493148e-06 9.906887116217788503e-11 9.494084119796752930e-01 1.720452599829336293e-11 2.618968784809112549e-01 2.067587897181510925e-02 9.799889198747191443e-12 4.479519186140201725e-11 1.842620622483082116e-05 1.508120135440549348e-07 2.297973082932003308e-07 1.107873515149293553e-10
2.968093156814575195e-01 7.608839496242580935e-07 6.802121366167312999e-11 9.975557327270507812e-01 6.515827408293262124e-06 3.784743239521048963e-05 3.554618160706013441e-05 1.049420461640693247e-05 3.057691252972283280e-12 9.999760389328002930e-01 2.545359485250225928e-13 2.267899224534630775e-03 6.294920109212398529e-03 8.737083279086732546e-10 1.511986010882537812e-05 1.011341737466864288e-06 1.477549290029855911e-06 7.431542599078966305e-06 8.830821273883571187e-14
5.192936060544398047e-14 2.311121265067064834e-14 1.497402462441455029e-12 9.998672008514404297e-01 2.776221953030893943e-16 5.813383177155628800e-05 1.790888381947297603e-05 4.871757823821099009e-07 4.991109877960442712e-15 9.368934072995216411e-09 7.304849671230636053e-27 2.722101247282757931e-22 6.978111422029087407e-10 3.351021150592714548e-04 9.993649125099182129e-01 2.704336979949830647e-17 8.176176808774471283e-03 4.334678128361701965e-02 6.199488974789342065e-22
3.802275116981945757e-08 1.517461557885152468e-13 4.752652236207126021e-18 9.999996423721313477e-01 5.202872678637504578e-03 7.458976469933986664e-03 3.890188932418823242e-01 6.097271667594716948e-13 2.393282011325936764e-05 2.082392960324475073e-13 9.541500577700471276e-20 1.302540540704111294e-11 7.781761346414839409e-11 4.361120145568442297e-11 2.617597056087106466e-04 6.749296677099891895e-09 6.035155820427462459e-05 1.789293047060880326e-09 4.717280168917148409e-13
5.468705808198137674e-07 1.160383807541787854e-14 1.964740277246418297e-18 1.000000000000000000e+00 4.326727776060579345e-06 1.436473976355046034e-04 8.037754923861939460e-07 2.645700227909414393e-13 1.007194189162063935e-10 2.191723229771555537e-13 1.003607302967353391e-23 1.116849072203951313e-16 8.190789019257849191e-11 5.937542991996114239e-12 1.953573701030109078e-05 3.126729561028773752e-12 7.386854008473164868e-07 5.590522402648678835e-12 1.117418954151066659e-18
6.279281377792358398e-01 1.120988017646595836e-04 3.872438537655398250e-05 2.771031856536865234e-02 9.344074130058288574e-01 2.376057182118529454e-06 8.613473773002624512e-01 1.789843963706516661e-06 1.590405823662877083e-03 2.122423978789811372e-07 5.671276426255644765e-07 3.757188916206359863e-01 3.564781945897266269e-05 2.770729452095110901e-06 1.196063240058720112e-04 1.424404885619878769e-02 9.868877008557319641e-03 2.277685052831657231e-05 2.733264409471303225e-05
1.461166903027333319e-05 7.792935186046179297e-10 3.657353239705507519e-11 9.999971389770507812e-01 6.248660385608673096e-03 9.009345769882202148e-01 1.037663780152797699e-03 1.269805927073264229e-09 4.360688908491283655e-04 2.169484591973969145e-09 4.645257008234092086e-15 1.435967011964578433e-09 3.431501056638808222e-07 2.297166012965590198e-08 3.844300517812371254e-04 2.621640931010915665e-07 8.844828698784112930e-05 1.199485723191173747e-06 3.450911778557497200e-10
9.459326267242431641e-01 1.170545510831288993e-04 3.783037072935258038e-06 1.280606836080551147e-01 9.771742224693298340e-01 2.366949019005915034e-07 5.441976189613342285e-01 4.769099177792668343e-07 5.696981315850280225e-05 9.054483740555951954e-08 1.617273426290921634e-07 5.856422781944274902e-01 9.213817065756302327e-06 8.226347745221573859e-07 5.698862878489308059e-06 2.068262919783592224e-02 2.244261093437671661e-03 1.375977262796368450e-05 7.426671118082595058e-07
8.244181162395114448e-13 1.414065533503899852e-13 1.086282078828146314e-13 3.563677455531433225e-05 7.681384011932329559e-14 9.999997615814208984e-01 2.527963715692749247e-06 7.561686693469127363e-11 6.644901304753147997e-07 1.008327210789972117e-12 1.655824972292911042e-22 3.458168783741154075e-20 1.313229906763080379e-11 1.628601312404498458e-04 9.997361302375793457e-01 1.056136451289463051e-18 3.416282879697973840e-06 2.334672757342559635e-07 1.124852571114318134e-13
5.550826073132532172e-16 8.271653130204178941e-16 3.144430153052543491e-17 4.249200102890426933e-09 3.650919525738111765e-15 1.000000000000000000e+00 1.185103230827433407e-12 8.683644132397158252e-16 4.813452747498558892e-08 1.261843775068248420e-16 1.842015635966328477e-27 1.587785802047993822e-24 1.014625192132141696e-14 1.106089371205598582e-06 9.999208450317382812e-01 4.330994359969174274e-23 3.153113603548973742e-10 7.093318821205230051e-09 1.001355044584863793e-15
1.307421618884641035e-11 2.478515136183911949e-11 5.292101826204209658e-12 6.413552910089492798e-03 1.062616140912187035e-11 2.388205379247665405e-02 9.877154231071472168e-01 3.352838575665373355e-07 2.274357711939956062e-06 4.709820207449144647e-12 3.527723894059506371e-18 4.026793572455759744e-16 8.029616083149448968e-09 1.144785154610872269e-02 9.907852411270141602e-01 4.702195325278178684e-14 1.166592836380004883e-01 1.154546794168709312e-06 1.309761049617108597e-10
1.989795528345439379e-08 3.006876303501826442e-09 1.302491586807619228e-10 7.457620929926633835e-03 7.059454798508113527e-09 9.999959468841552734e-01 9.914317615766776726e-07 2.940334908885233745e-08 1.416176837665261701e-05 1.173626706929553620e-08 7.605509362791954778e-16 2.755938753845176697e-14 3.529384073885921680e-08 1.616433291928842664e-04 9.810771346092224121e-01 3.962442353400152939e-13 9.353773748443927616e-06 8.248827361967414618e-05 2.898895568037573867e-10
5.133366357767954469e-06 1.672968892307835631e-06 9.616070428819512017e-07 1.927835401147603989e-03 2.341668732697144151e-06 9.997538924217224121e-01 3.363638243172317743e-04 7.775956873956602067e-06 1.512831659056246281e-03 3.146045628454885446e-06 1.649288483562827423e-10 4.392705754696635267e-09 9.928738109010737389e-06 5.460333079099655151e-03 9.854414463043212891e-01 6.363542581766523654e-09 6.221297662705183029e-04 7.004290819168090820e-04 2.262278258058358915e-06
5.819042325019836426e-01 1.728726056171581149e-04 2.687466406098987237e-13 2.534720655589239868e-09 1.977998863367247395e-06 5.851937885381630622e-07 9.891475439071655273e-01 6.763417603750099261e-10 7.110396623611450195e-01 4.753945148650018382e-08 1.423309914372339335e-08 6.752807646989822388e-03 3.680900562130773324e-08 2.058837475504837755e-11 2.344357485917214490e-10 5.820377513288121918e-09 8.449994311376940459e-06 1.557699924603639374e-08 9.449171423912048340e-01
4.476817354326367848e-12 3.534294818613448186e-12 3.908031464086060558e-14 1.000000000000000000e+00 9.504204335434446316e-14 6.102482617462598956e-17 2.882012398913502693e-03 4.947003253619186580e-05 1.643966966172942610e-15 7.771530641242918591e-10 4.938439976183423729e-23 3.106062683148736073e-19 1.808101224298752641e-08 7.424313662340864539e-05 1.228277978952974081e-04 2.581801417621265582e-13 9.999606609344482422e-01 4.197443956854840508e-07 1.993601242128549919e-20
2.954344040517753456e-07 1.423187878657472538e-08 3.559883637871408268e-11 5.628412123769521713e-03 1.352549861621810123e-05 3.090774498559767380e-07 9.999916553497314453e-01 1.085840381165326107e-06 2.939781552413478494e-05 2.577200119979750070e-10 4.059522683286242994e-12 2.857212848539347760e-07 2.687068899831501767e-06 1.622614945517852902e-04 3.403238952159881592e-01 1.104863756040685985e-07 6.258668303489685059e-01 2.715097764394158730e-07 5.385554686654359102e-07
3.694172789892036235e-08 3.852220192140931587e-12 2.003439913932905572e-16 1.603754702955484390e-03 8.529413342475891113e-01 1.181944653261268741e-09 9.997996687889099121e-01 1.431467184370704970e-11 7.370209641521796584e-05 1.722414433302787984e-09 7.312149475323381775e-13 6.049041152000427246e-01 2.640242335871789692e-08 1.394990633424297855e-11 4.098626860127296823e-08 8.211588114500045776e-02 2.511324419174343348e-04 5.668930043611908332e-06 2.368846452327488805e-09
5.402676972465769722e-09 2.060009940407780960e-09 1.716331829264283737e-12 4.324355177232064307e-05 1.623773528081073891e-06 1.000000000000000000e+00 2.672995691455071210e-08 1.702989138596677776e-11 4.547057324089109898e-05 1.194652293756703898e-10 1.206537304716483164e-17 6.288392929206659820e-14 1.557823869902108527e-09 2.117701797033078037e-06 8.471486158668994904e-03 1.919485620796579362e-12 3.566509008123830426e-07 9.166350355371832848e-05 1.910937186266892240e-09
8.428563177585601807e-02 2.024030499160289764e-02 8.332834579050540924e-03 2.104337513446807861e-01 4.547957777976989746e-01 7.113855332136154175e-02 6.308590769767761230e-01 7.432036846876144409e-02 9.382032603025436401e-02 2.483493685722351074e-01 1.644232124090194702e-02 5.847647786140441895e-01 9.005660563707351685e-02 1.483900193125009537e-02 4.032432287931442261e-02 3.815391361713409424e-01 1.940134912729263306e-01 2.711737155914306641e-01 2.759645320475101471e-02
8.181721411482101303e-10 8.187396360881393775e-08 7.297193405086943585e-11 2.628388395820024925e-09 2.364984720770735294e-05 1.000000000000000000e+00 1.513753744575296878e-08 6.018057688468581023e-13 3.898213908541947603e-04 3.356997180237186740e-10 1.118793409864593958e-16 7.092225678267949363e-12 4.845707168854573865e-10 5.480379741129581816e-07 2.620128361741080880e-05 1.307307595510565079e-10 1.675722005600732700e-09 3.006264023497351445e-06 2.080192871289909817e-06
2.080410922644659877e-05 5.980746209388598800e-08 1.857467957222525001e-09 8.597868680953979492e-01 1.589910709299147129e-03 9.998358488082885742e-01 7.422959897667169571e-04 7.422828218750510132e-08 1.640299451537430286e-03 3.738888665338890860e-07 9.490550706425793237e-13 6.300739041620317948e-09 2.709817863433272578e-06 2.455695494063547812e-06 1.157731935381889343e-02 1.066510577629742329e-07 3.740531683433800936e-04 1.217795885168015957e-03 6.131585195134903188e-08
9.949621744453907013e-04 5.468426388688385487e-05 1.311014496963025522e-08 6.416175747290253639e-04 4.463948698685271665e-06 1.475062526878900826e-05 1.733663375489413738e-04 7.107012439519166946e-03 5.806251479612001276e-09 9.999926090240478516e-01 6.822731961619865615e-07 2.098131030797958374e-01 4.449378233402967453e-03 1.185979101592238294e-07 6.445308144975570031e-07 1.580648869276046753e-02 4.228990292176604271e-05 8.107781177386641502e-04 2.357811723641134449e-09
9.509145502132254277e-16 1.108691090323521422e-11 6.357904575526520671e-19 1.186826702905818820e-04 5.007958492342368118e-08 8.360646619465228468e-10 1.000000000000000000e+00 1.119599413179628300e-10 1.150645221059676260e-05 9.331338870002814367e-13 3.802078643224950051e-16 9.240493370477054214e-10 5.379972023433765571e-09 4.648074423130310606e-07 5.869835877092555165e-05 1.808986525020372937e-07 1.770659582689404488e-04 1.514087966114630035e-09 5.752608944753490050e-10
1.457996815443038940e-01 2.206642739474773407e-02 2.466751728206872940e-03 7.865517735481262207e-01 7.855461910367012024e-03 3.481585904955863953e-02 5.009680241346359253e-02 7.870568335056304932e-02 2.769615966826677322e-04 9.708159565925598145e-01 4.337910504546016455e-04 1.072665378451347351e-01 1.231741234660148621e-01 4.046180285513401031e-03 3.993253409862518311e-02 1.777038350701332092e-02 2.135044336318969727e-02 3.791788220405578613e-02 8.620361768407747149e-05
7.857967615127563477e-01 2.308781892061233521e-01 4.255166649818420410e-02 9.543426632881164551e-01 8.435928821563720703e-02 3.885111305862665176e-03 2.888016588985919952e-02 1.365564614534378052e-01 4.006771487183868885e-04 1.111458986997604370e-01 3.255634102970361710e-03 4.786153137683868408e-02 3.372361958026885986e-01 1.740316748619079590e-01 3.891136869788169861e-02 5.464674904942512512e-02 3.587752208113670349e-02 1.013804525136947632e-01 6.093151168897747993e-04
9.916732907295227051e-01 2.209241837263107300e-01 5.068153404863551259e-05 6.019079685211181641e-01 3.215355277061462402e-01 3.021987504325807095e-05 8.799598366022109985e-02 8.137111552059650421e-03 1.799452234990894794e-03 7.137994398362934589e-04 6.196409929543733597e-03 2.004034519195556641e-01 1.697833649814128876e-02 3.422952955588698387e-03 1.467315014451742172e-04 1.030923984944820404e-02 1.192970573902130127e-02 1.333084801444783807e-04 1.029342412948608398e-03
8.321858644485473633e-01 6.405529975891113281e-01 2.426999434828758240e-02 6.043919920921325684e-01 5.004459619522094727e-02 2.494781045243144035e-03 6.888367235660552979e-02 3.693605363368988037e-01 2.738391049206256866e-03 6.129918247461318970e-02 2.322715893387794495e-02 1.130268275737762451e-01 4.202546179294586182e-01 1.983191221952438354e-01 4.552564118057489395e-03 7.211337238550186157e-02 2.956389077007770538e-02 7.765615731477737427e-02 3.162190783768892288e-03
7.380275726318359375e-01 1.070088446140289307e-01 8.110415190458297729e-03 9.303873777389526367e-01 3.120398521423339844e-02 3.454143647104501724e-03 1.961907558143138885e-02 9.232088178396224976e-02 9.111125837080180645e-05 4.766253530979156494e-01 4.644770233426243067e-04 7.260536402463912964e-02 3.505195677280426025e-01 2.985766902565956116e-02 2.154471538960933685e-02 2.295225486159324646e-02 1.734451949596405029e-02 6.029592081904411316e-02 1.068030978785827756e-04
2.009226940572261810e-03 8.018597145564854145e-04 1.058441775967366993e-04 2.107727108523249626e-03 1.943663954734802246e-01 9.792507886886596680e-01 9.680239111185073853e-02 6.870256765978410840e-05 2.554059624671936035e-01 7.660917472094297409e-03 1.874187910289037973e-05 2.756001241505146027e-02 1.381298294290900230e-03 1.866792881628498435e-04 2.634363714605569839e-03 1.265783794224262238e-02 1.379655441269278526e-03 8.918633684515953064e-03 3.084763139486312866e-02
4.323688244767254218e-06 9.740016793102768133e-08 4.536153744294502133e-11 2.673331073310691863e-05 1.407741289585828781e-02 4.546502907487592893e-07 1.558512002229690552e-01 1.721076696412637830e-04 5.326837637653625279e-08 9.991253018379211426e-01 2.095645434962989384e-09 9.909358620643615723e-01 1.536842610221356153e-04 2.449357161538046057e-09 1.127848037185685826e-08 5.513246059417724609e-01 2.051519986707717180e-04 1.056775799952447414e-04 1.346752598330169803e-09
1.967769321709056385e-06 8.009918417428707471e-08 2.482601580908183614e-12 5.819226316816639155e-06 3.416238178033381701e-05 8.955979780012057745e-08 3.812575479969382286e-03 3.603757650125771761e-04 5.857236917705677115e-10 9.999974966049194336e-01 6.831105681115445805e-10 9.074235558509826660e-01 9.388304169988259673e-05 1.253442349913314047e-10 3.455985941869244016e-09 1.548803597688674927e-01 2.348613998037762940e-05 3.122512862319126725e-05 2.245061948846771571e-11
8.688773959875106812e-06 1.154970306060931762e-07 7.104638058419432411e-13 1.606652176633360796e-06 1.354516030005470384e-06 3.969923341173853260e-07 1.527166314190253615e-04 3.039359289687126875e-04 1.717614106500064963e-10 9.999998807907104492e-01 7.023471249034685115e-10 5.108925104141235352e-01 2.814557228703051805e-04 5.431630405866583189e-12 4.192690361559670009e-10 2.142936922609806061e-02 9.699931524664862081e-07 1.375342344545060769e-05 6.313493564752414855e-12
9.999996423721313477e-01 1.576775610446929932e-01 8.567377918211604992e-09 6.936607416719198227e-03 8.403003215789794922e-03 3.058111056053469667e-12 1.047675596055341884e-05 3.178719198331236839e-04 1.377709903625790044e-12 8.979735071079630870e-07 2.896005102392962272e-10 1.475826799869537354e-01 7.201743125915527344e-01 1.900621896311349701e-06 3.859390237948012725e-12 5.621919171971967444e-06 2.909262164507708803e-08 1.095279685614514165e-06 1.813347909329632301e-11
3.451439142227172852e-01 4.793278407305479050e-03 9.634708054363727570e-03 9.771044850349426270e-01 3.265213686972856522e-03 4.298399668186903000e-03 1.513039413839578629e-02 1.792048290371894836e-02 1.963384784176014364e-05 2.981102652847766876e-02 2.509642854420235381e-06 6.385935121215879917e-04 8.318077772855758667e-02 4.364750906825065613e-02 5.352826118469238281e-01 5.365333054214715958e-04 4.825319349765777588e-02 5.305794626474380493e-02 3.213830950699048117e-06
4.879771918058395386e-02 3.817674587480723858e-04 1.095651143145914830e-07 5.187509581446647644e-03 5.353919732442591339e-06 1.312059885094640777e-05 8.830898877931758761e-05 7.796650286763906479e-03 2.527845488486946124e-09 9.999495744705200195e-01 8.230483103943697643e-07 1.391709893941879272e-01 5.294872820377349854e-02 1.478383495623347699e-07 2.616417873468890321e-07 4.075458273291587830e-03 9.249331924365833402e-06 1.465147011913359165e-03 1.608115596241077583e-08
7.196382503025233746e-04 1.147991977632045746e-03 1.361563918180763721e-03 8.047488927841186523e-01 1.715489779599010944e-04 4.877647012472152710e-02 8.251597732305526733e-02 6.123124435544013977e-02 2.774984168354421854e-04 1.340448483824729919e-02 8.208942290366394445e-07 1.667080505285412073e-05 7.775733713060617447e-03 1.466047614812850952e-01 8.102874755859375000e-01 2.038792154053226113e-04 2.240054011344909668e-01 4.972101151943206787e-01 6.246956218092236668e-06
5.873569648429111112e-07 3.155371297580700229e-09 2.851140434856347383e-09 9.999438524246215820e-01 6.212243533809669316e-06 3.635188677852951855e-11 8.429940938949584961e-01 1.314551172981737182e-05 1.442790065198096272e-08 5.017833260012594110e-09 1.825697660542621725e-13 1.034022378831878086e-08 3.078899680986069143e-06 5.442838755698176101e-06 9.720794041641056538e-04 7.982059742062119767e-07 9.845291972160339355e-01 1.348452371985331411e-08 2.472792109964316865e-11
1.986455321311950684e-01 1.347662061452865601e-01 5.848915874958038330e-02 2.025327831506729126e-01 1.659893095493316650e-01 2.377201057970523834e-02 5.135106444358825684e-01 2.980812489986419678e-01 4.634250327944755554e-02 3.180556297302246094e-01 2.907944098114967346e-02 4.448099136352539062e-01 2.528515756130218506e-01 5.812312290072441101e-02 4.818875342607498169e-02 2.775753438472747803e-01 2.153502702713012695e-01 1.708015054464340210e-01 2.340840920805931091e-02
2.569429278373718262e-01 9.374665096402168274e-03 9.035221592057496309e-05 8.987816572189331055e-01 6.997532844543457031e-01 6.729845423251390457e-03 3.402014374732971191e-01 3.864431753754615784e-03 1.276666205376386642e-02 4.532826691865921021e-02 7.169033051468431950e-04 4.457994401454925537e-01 1.165232993662357330e-02 2.347969450056552887e-03 6.367898546159267426e-03 3.154323399066925049e-01 1.195982769131660461e-01 3.261140733957290649e-02 5.945464945398271084e-04
4.579213634133338928e-02 1.850467175245285034e-01 3.978155087679624557e-03 9.829685091972351074e-01 8.466436527669429779e-03 1.769655151292681694e-03 4.152887687087059021e-02 2.947659492492675781e-01 1.594367349753156304e-04 1.264819316565990448e-02 1.736732519930228591e-04 2.291533455718308687e-04 3.215041756629943848e-02 9.170389175415039062e-01 4.771753773093223572e-02 1.479951385408639908e-02 5.442097783088684082e-02 2.790103554725646973e-01 6.786175799788907170e-05
6.794351037342494237e-08 3.242413981752179097e-07 3.571118400991224462e-11 4.641527198145922739e-07 2.061081977444700897e-05 2.124598807995425886e-07 6.366962790489196777e-01 6.256739608943462372e-03 1.536787749500945210e-06 9.991067051887512207e-01 6.635011118305556010e-08 8.816341757774353027e-01 8.053192868828773499e-04 1.229229718013868933e-09 1.850950859250133362e-08 3.091982901096343994e-01 1.543935970403254032e-03 3.727735384018160403e-05 7.997353890232261620e-08
9.999834299087524414e-01 2.884867171815130860e-05 3.070479398962024965e-15 2.308198660612106323e-01 9.978759288787841797e-01 1.191201000685926381e-13 1.086842566728591919e-01 1.724316800455483190e-10 1.472731803175975074e-08 1.728361811309531149e-12 5.074975439889328754e-10 5.757999420166015625e-01 5.084365817253910791e-09 9.346524942888123633e-11 1.150029637492222534e-11 4.789060330949723721e-04 1.588457598700188100e-05 2.698842017923031023e-11 2.782823971259063001e-11
8.977217078208923340e-01 1.839431895689358498e-08 6.030206636105981844e-19 2.763689055385043503e-09 9.922789335250854492e-01 6.105871559226871970e-13 9.969876408576965332e-01 4.370795463434122910e-15 5.267434287816286087e-03 8.435642456913403087e-14 1.207146535509018292e-11 9.782580733299255371e-01 1.298500473811969869e-10 3.593767036413311917e-16 2.236621498630849553e-14 2.205930941272526979e-04 4.327525715552837937e-08 2.910177307469119512e-12 8.719567290427221451e-07
7.765334248542785645e-01 4.473669826984405518e-01 9.121500253677368164e-01 6.560875475406646729e-02 6.839194148778915405e-02 4.967969842255115509e-03 2.661525905132293701e-01 4.058437347412109375e-01 2.370570600032806396e-02 8.271080255508422852e-02 1.062739267945289612e-02 1.538142710924148560e-01 5.630007982254028320e-01 7.141075283288955688e-02 6.480617448687553406e-03 9.772164374589920044e-02 7.824381440877914429e-02 3.418238833546638489e-02 5.480343103408813477e-02
7.388243945385097050e-21 7.008936938992602352e-29 0.000000000000000000e+00 1.199646076921467852e-10 9.529030919075012207e-01 1.079210059738616093e-22 1.000000000000000000e+00 4.436703568312643721e-27 3.447897176100944705e-11 1.855931246335876717e-20 9.355436042149239982e-31 9.712284803390502930e-01 5.459553756659736771e-18 5.824041522258653125e-28 5.205522315701145692e-21 1.638686843216419220e-02 3.964867878458733230e-10 9.104240459938649221e-15 1.114475524837556909e-21
1.508571739750053098e-11 4.782444304021080887e-17 4.839842245880217862e-21 3.231242118317823042e-08 9.461262822151184082e-01 4.127989454167507732e-13 9.995293617248535156e-01 2.091527295865029668e-14 2.664017451081690524e-08 2.901409779099139996e-08 4.757277830192522552e-18 9.997283816337585449e-01 1.094083823538483102e-09 2.156184074909517969e-17 1.294985050860316192e-15 6.559191942214965820e-01 1.627415144866972696e-06 2.205643880870411522e-07 7.276362672115066488e-14
2.276327687992633849e-22 7.428521336679518016e-27 2.207533161862398129e-34 7.755855853386339760e-12 4.261842370033264160e-01 8.546544795584388314e-22 1.000000000000000000e+00 2.559470692804352821e-22 1.718586384313880444e-11 4.948169013303793922e-16 3.853424899447280774e-27 9.986641407012939453e-01 8.028672941317455125e-15 9.160489489697955388e-25 1.915991021155762097e-21 5.428828001022338867e-01 8.717629285115435778e-09 2.969075939968091049e-12 4.881397328006567117e-20
1.440917697659305219e-11 1.906958098374378352e-12 2.252429362817331970e-12 1.000000000000000000e+00 1.280920898863446844e-12 1.220546630785305803e-15 1.152509637176990509e-02 2.343810047022998333e-05 5.078867149977198125e-14 4.194521951994545361e-10 1.018378887500685123e-21 2.168871536580978818e-17 4.045115531425835798e-08 7.524602096964372322e-06 4.198674650979228318e-05 2.455963384051518261e-12 9.999321699142456055e-01 1.494241530508588767e-08 1.096864032917006767e-18
1.181215429824078456e-05 7.995682244654744864e-05 5.672386123478645459e-06 9.886532425880432129e-01 2.285372374899452552e-06 7.117086352081969380e-05 2.900219894945621490e-02 5.074953287839889526e-02 3.688016647629410727e-07 7.906336686573922634e-04 3.920103686105846919e-10 1.307613644030425348e-07 8.503423305228352547e-04 1.273187845945358276e-01 4.721435308456420898e-01 7.376010671578114852e-06 6.910260319709777832e-01 8.860556483268737793e-01 6.813282826811928317e-09
1.210190614386874586e-09 1.210089806136238622e-08 1.117573256159687389e-09 9.975497126579284668e-01 5.010533654647986168e-10 5.147954978967916873e-11 1.282448507845401764e-02 3.692440688610076904e-03 1.305605623613814714e-10 1.459196596442779992e-06 5.279670180288341310e-16 2.818458834374926170e-11 5.231951945461332798e-06 4.845770075917243958e-03 1.032787002623081207e-02 1.060997600887958470e-08 9.997883439064025879e-01 1.475391536951065063e-01 1.333105826249736392e-12
4.094788891961798072e-06 1.885536865531278750e-11 2.246223633527513752e-14 1.000000000000000000e+00 1.018095645122230053e-04 1.242826692759990692e-02 4.443551006261259317e-05 3.409348359184605215e-10 1.406248202329152264e-07 5.899765120886968361e-10 4.880694004766046834e-18 1.963888470249419704e-12 2.692121370273525827e-08 2.019618694504288214e-09 2.444720594212412834e-04 2.049389324909611787e-09 1.985853850783314556e-05 1.699785379116747208e-08 7.761427270195145334e-14
6.763463607057929039e-04 3.536909654044961826e-09 4.631171314495308167e-12 1.000000000000000000e+00 1.580381940584629774e-04 5.205105117056518793e-05 1.669474841037299484e-05 1.399411253544258216e-08 6.423233500640890270e-09 5.042086304030135580e-09 3.258212022682764651e-16 7.370389021321699374e-12 3.486224215976108098e-07 2.034331032518821303e-07 2.852129400707781315e-04 1.938392912848030392e-08 6.611049320781603456e-05 7.628345954913129390e-09 1.706131302859834054e-13
5.825776024721562862e-04 1.331744670096668415e-06 2.845519198046986276e-08 9.996931552886962891e-01 1.398136932402849197e-02 8.614743351936340332e-01 7.265528663992881775e-03 3.043827518922626041e-06 4.168654326349496841e-03 2.216601615145918913e-06 2.729661774392155849e-10 4.204523236239765538e-07 4.442407225724309683e-05 1.191456431115511805e-05 9.051738306879997253e-03 1.101697398553369567e-05 1.880957395769655704e-03 2.197364228777587414e-04 6.685958737762121018e-07
1.438284292817115784e-02 2.110370434820652008e-03 9.419143199920654297e-01 9.962357878684997559e-01 6.567126139998435974e-03 3.285092115402221680e-02 2.039889059960842133e-02 9.427441284060478210e-03 2.379363722866401076e-04 1.009809086099267006e-03 5.151575805939501151e-06 2.958760705951135606e-05 3.388920798897743225e-02 4.621127620339393616e-02 1.414123624563217163e-01 1.969543285667896271e-03 1.323557551950216293e-02 3.265817835927009583e-02 2.291780219820793718e-05
4.568465054035186768e-01 3.923603296279907227e-01 9.994289278984069824e-01 6.001886725425720215e-01 4.973313957452774048e-02 4.381300881505012512e-03 8.635326474905014038e-02 3.016056418418884277e-01 7.994575425982475281e-04 3.302560001611709595e-02 1.771908625960350037e-02 1.718486472964286804e-02 4.294288456439971924e-01 5.454551577568054199e-01 1.154102012515068054e-01 1.209941655397415161e-01 3.338807821273803711e-02 1.758523583412170410e-01 9.567715227603912354e-03
1.109318435192108154e-02 1.328313350677490234e-02 9.999657869338989258e-01 8.443354964256286621e-01 2.329731127247214317e-03 1.948382123373448849e-04 1.383558213710784912e-01 1.130676195025444031e-01 7.259974518092349172e-05 2.341802930459380150e-03 1.107380194298457354e-05 6.522006151499226689e-05 8.616460114717483521e-02 2.116959095001220703e-01 1.408068686723709106e-01 6.738520693033933640e-03 2.005313038825988770e-01 1.190252602100372314e-02 1.604128337930887938e-04
2.885141725528228562e-07 2.318168207287817209e-17 9.387818494983888939e-25 2.865559235215187073e-02 9.958285689353942871e-01 9.945969286877243132e-14 1.008035913109779358e-01 1.574067266266675983e-15 2.726132342057655672e-15 4.894489538855850697e-04 2.440279048061868604e-23 9.999943971633911133e-01 1.254584977572470450e-11 1.278831437517666987e-19 6.749449691297883767e-17 4.951744675636291504e-01 7.200121387995750410e-08 8.591450750827789307e-07 1.633154725463993055e-21
3.522802234927520371e-14 5.206952514211424145e-21 9.453397857889592499e-26 5.395883272285573184e-05 8.036684989929199219e-01 7.528427180834996308e-19 9.999938011169433594e-01 2.862655312551090885e-16 2.773935595112853036e-12 4.670209965279559228e-12 2.125107028320728200e-23 9.905133247375488281e-01 4.044467885599978274e-12 1.518036690278487933e-18 3.767688523231274220e-15 3.391681015491485596e-01 5.481222251546569169e-05 9.366846853708921117e-08 6.362129400505135259e-18
5.515126133559533628e-08 2.262515804048181867e-14 5.291500848281319733e-18 2.650767601153347641e-05 8.934866786003112793e-01 5.399107549930448613e-11 4.867952167987823486e-01 5.466252450680997299e-11 2.077147134849077759e-11 1.397658884525299072e-01 1.179766514089878232e-17 9.999777078628540039e-01 4.220310501068524900e-08 4.550529078577907408e-15 5.099173240228314918e-14 7.498916983604431152e-01 9.818164699026965536e-07 3.295392389190965332e-06 2.285497544324732906e-15
1.426229428034275770e-04 5.686365057044895366e-06 9.439564685465029470e-10 2.426196442684158683e-05 4.452439956367015839e-03 3.971168553107418120e-05 6.958326697349548340e-02 9.059159783646464348e-04 3.362019469932420179e-06 9.994600415229797363e-01 3.240787691538571380e-07 8.850013017654418945e-01 2.126487437635660172e-03 4.503931450017262250e-09 1.005464298486913322e-07 2.000828385353088379e-01 1.260927383555099368e-04 1.515802432550117373e-04 1.377072322839012486e-07
1.041598309825531032e-07 2.105976548705257301e-08 8.114404981274248030e-12 9.788943344801737112e-08 1.087741740047931671e-02 9.999997615814208984e-01 1.409379183314740658e-04 1.122633791483806931e-10 6.776706431992352009e-04 1.413314166711643338e-04 8.751776836872157683e-14 3.131748826490365900e-06 5.250608410278800875e-07 1.949258754407878769e-09 3.199623051841626875e-06 3.676691449072677642e-06 1.305293721998168621e-07 1.676120700722094625e-05 7.204083658507443033e-07
4.940382825058264871e-11 6.029434628440286104e-16 8.108258621794252287e-17 1.000000000000000000e+00 4.370381556650926314e-10 2.286730138578718652e-09 4.411302870721556246e-05 8.546059415692752737e-10 1.120661181040760734e-14 3.387146813027541725e-11 1.304207980494953730e-27 9.689834741046542964e-20 3.050477093147208052e-10 5.725898644115545721e-10 1.184571083285845816e-04 1.278544480167289124e-14 3.208638727664947510e-02 5.959770003893805068e-12 1.026095487010233609e-22
1.363918311625411661e-08 5.189298235563910566e-07 9.991641958251307187e-10 9.993267059326171875e-01 2.315941438624236071e-09 1.203125599147369940e-08 2.941267099231481552e-03 1.687529683113098145e-02 5.938270708494286509e-11 4.888055627816356719e-06 4.916111463228178824e-15 7.495774834165302991e-11 1.155082645709626377e-05 5.821983888745307922e-02 1.839602142572402954e-01 1.511255476316364366e-08 9.718361496925354004e-01 9.818885922431945801e-01 4.047884260855588723e-13
6.472049285388692397e-11 6.397669720381582437e-12 1.138219466595424834e-11 6.019804859533905983e-04 2.982897349262936260e-12 9.999790191650390625e-01 2.089657300530234352e-06 7.095186216332649565e-09 9.747280955707537942e-07 3.153163730118535568e-09 2.409187315503304003e-19 8.775448607245233518e-17 1.637662783160465096e-09 1.494353346060961485e-04 9.999526739120483398e-01 1.288323348488397933e-15 7.447342795785516500e-06 3.943407591577852145e-06 8.273306627455678797e-13
1.002097178570693359e-05 2.053826028713956475e-05 3.509593807393684983e-05 9.416183829307556152e-01 1.408111188538896386e-06 1.031012460589408875e-02 1.682870090007781982e-02 1.179927401244640350e-02 2.378882300035911612e-06 1.230811350978910923e-03 2.379028640753233503e-10 1.928013304564046848e-08 5.204820190556347370e-04 7.305200397968292236e-02 9.127817749977111816e-01 1.708482272988476325e-06 1.450366675853729248e-01 5.998663902282714844e-01 6.381530859300710290e-09
3.114029467105865479e-01 3.121899664402008057e-01 1.897002905607223511e-01 1.729400008916854858e-01 4.679296910762786865e-02 6.122025474905967712e-02 3.393756747245788574e-01 3.645509779453277588e-01 9.075579047203063965e-02 2.480484545230865479e-01 3.645206615328788757e-02 1.983954757452011108e-01 3.822780251502990723e-01 1.757812947034835815e-01 1.264109313488006592e-01 1.206144541501998901e-01 1.610228568315505981e-01 3.042342960834503174e-01 5.897082388401031494e-02
1.024237208184786141e-04 3.372735591256059706e-06 7.880314115027431399e-06 6.511925021186470985e-04 5.861111357808113098e-02 1.551441164338029921e-05 2.011093497276306152e-01 2.074697054922580719e-03 1.377550802317273337e-06 9.942027926445007324e-01 3.058823665469390107e-07 9.745475649833679199e-01 2.320558996871113777e-03 3.931493210984626785e-07 1.709696675789018627e-06 4.835449755191802979e-01 1.355153042823076248e-03 1.355952234007418156e-03 1.053080609381140675e-07
1.834317299653775990e-05 2.506270448066061363e-06 1.018323451280593872e-01 7.555689080618321896e-05 6.384544074535369873e-02 4.366586665582872229e-07 5.965173244476318359e-01 1.005034800618886948e-02 2.126186927853268571e-06 6.668963432312011719e-01 1.095880932666659646e-07 9.749909639358520508e-01 1.271071750670671463e-02 1.850206331255321857e-06 1.842086732040115749e-07 6.367829442024230957e-01 7.102562580257654190e-03 4.262956499587744474e-04 3.497890190828911727e-07
4.949557023792294785e-06 3.802779815487156156e-07 2.262198179960250854e-02 2.005431451834738255e-05 3.553553670644760132e-02 1.302596501773223281e-07 5.035977959632873535e-01 5.255918484181165695e-03 3.273842708040319849e-07 9.038490653038024902e-01 1.654842307630133291e-08 9.873098731040954590e-01 6.431874353438615799e-03 1.996867950992964325e-07 2.913804486581739184e-08 6.423270702362060547e-01 2.081402344629168510e-03 1.805679785320535302e-04 3.283203042769855529e-08
2.505383221432566643e-03 1.466552785132080317e-04 1.484783751948270947e-05 9.920707345008850098e-01 2.403631620109081268e-02 1.327349431812763214e-02 5.598905086517333984e-01 9.019828867167234421e-04 5.710037425160408020e-03 1.635398512007668614e-04 9.812848702495102771e-07 1.128278163378126919e-04 1.271594665013253689e-03 1.525057828985154629e-03 1.021054461598396301e-01 8.534135995432734489e-04 1.253721714019775391e-01 5.368757992982864380e-04 3.693333928822539747e-05
2.070257067680358887e-01 7.678075693547725677e-03 2.951059286715462804e-05 2.543338108807802200e-03 5.542744994163513184e-01 1.421918859705328941e-03 8.342800736427307129e-01 6.089177331887185574e-04 2.317050844430923462e-01 3.433526027947664261e-03 1.959717832505702972e-03 7.505918145179748535e-01 8.600337430834770203e-03 7.667934551136568189e-05 2.001055981963872910e-04 1.159236505627632141e-01 1.044951844960451126e-02 2.189047168940305710e-03 2.629790455102920532e-02
1.033911108970642090e-01 2.605748130008578300e-03 9.278529432776849717e-06 1.792001351714134216e-02 1.697314679622650146e-01 1.537776924669742584e-02 9.515109658241271973e-01 9.349342872155830264e-05 3.312223255634307861e-01 6.939685408724471927e-05 1.532096212031319737e-04 4.717888310551643372e-02 4.867998941335827112e-04 1.011632382869720459e-03 3.448649495840072632e-02 1.742738299071788788e-03 9.958293288946151733e-03 2.028756542131304741e-03 2.377735078334808350e-02
4.777434282004833221e-03 3.086115757469087839e-04 3.950187237933278084e-05 6.079569831490516663e-02 2.756783962249755859e-01 9.623392224311828613e-01 1.250627040863037109e-01 1.250375353265553713e-04 1.285206526517868042e-01 2.369594294577836990e-03 7.477474810002604499e-06 6.100667174905538559e-03 1.960719702765345573e-03 3.601067292038351297e-04 9.521396830677986145e-03 6.963611114770174026e-03 7.275664713233709335e-03 2.999922819435596466e-02 1.623943215236067772e-03
