5.514725906499888382e-27 7.318984532748686855e-21 3.662280640520471399e-19 2.676558974457066142e-10 2.291979021567065088e-20 2.650068017082291100e-25 1.000000000000000000e+00 1.583195228249678621e-07 1.263987248201203784e-09 4.593230543930393550e-19 1.173642627181449088e-19 4.327886058110530737e-17 1.935680782327864335e-12 1.364682589155563619e-09 5.109703238304064143e-08 3.307056017920473323e-11 1.000000000000000000e+00 1.222955319235552452e-07 5.065871680476341510e-11
4.032249489682726562e-05 2.069952032002220221e-08 5.170439770774137855e-11 2.202215400757268071e-04 6.753253936767578125e-01 1.203782062475511339e-06 1.438670158386230469e-01 3.100489266216754913e-06 5.048151408004741825e-08 9.734848141670227051e-01 1.482656913909252694e-10 9.990701079368591309e-01 5.963324292679317296e-05 1.245773040281505928e-09 1.761384815779365454e-09 6.424545049667358398e-01 2.368562672927509993e-05 1.090882578864693642e-04 2.475785410016584365e-10
1.685086172074079514e-03 9.266919369110837579e-05 2.453361730658798479e-06 4.000884015113115311e-03 2.238461077213287354e-01 2.568452327977865934e-04 3.664106726646423340e-01 4.297424573451280594e-03 9.962802869267761707e-05 9.290590286254882812e-01 8.125732165353838354e-06 9.535974264144897461e-01 7.578377611935138702e-03 1.169361530628520995e-05 2.405195846222341061e-05 5.206180214881896973e-01 6.400169339030981064e-03 5.657576955854892731e-03 8.932393029681406915e-06
1.465639525122242048e-05 1.634464570088312030e-04 3.938718448615041723e-11 1.188199094670494560e-09 1.798491311433281226e-08 1.623199241684858407e-09 9.999920129776000977e-01 2.439912236695818137e-07 9.222056865692138672e-01 2.447260394333738986e-09 2.142103403457440436e-05 8.580069697927683592e-05 1.773785562875218602e-08 1.967686813486579922e-08 5.843244252901058644e-07 5.903293498477069079e-08 5.525307729840278625e-02 6.729716460540657863e-06 9.627041220664978027e-01
5.088188052177429199e-01 1.469178050756454468e-01 1.037420053035020828e-02 6.964839249849319458e-02 2.860935777425765991e-02 5.012072157114744186e-03 7.596966624259948730e-02 1.828653365373611450e-01 2.344070933759212494e-03 7.353127598762512207e-01 9.933595545589923859e-03 4.311619699001312256e-01 6.098431944847106934e-01 4.106858745217323303e-03 2.274579135701060295e-03 1.354928463697433472e-01 1.114697288721799850e-02 1.249428391456604004e-01 5.648624151945114136e-03
3.042755167825816898e-07 1.070004486791731324e-06 1.186629532412553090e-07 2.156977914273738861e-02 1.071067345037590712e-06 1.674934872426092625e-03 9.951549768447875977e-01 3.532383125275373459e-04 7.019964396022260189e-04 1.832097069609517348e-07 1.019685447189999650e-09 2.173760371704247518e-08 4.273638478480279446e-05 4.218060150742530823e-02 7.150428891181945801e-01 3.283579985691176262e-07 6.181555390357971191e-01 4.583657719194889069e-04 8.519443326804321259e-06
2.637835562993058472e-16 1.122184220547772782e-10 7.510522694216537065e-13 1.983558384210937220e-08 1.035634467072554799e-09 1.257869936682753931e-11 1.000000000000000000e+00 4.014050887235498521e-07 1.151354163885116577e-01 5.011981281388688814e-12 2.704264034925074611e-10 3.309818552565957361e-08 7.867122064908471657e-08 2.111216053890530020e-05 1.124094269471243024e-04 5.680642061633989215e-06 1.664438471198081970e-02 7.351635304075898603e-06 1.503908515587681904e-05
1.110771088860929012e-03 9.614809416234493256e-03 2.208637772127985954e-03 3.542966023087501526e-02 2.220132155343890190e-03 7.436880259774625301e-04 8.683422207832336426e-01 1.953544467687606812e-01 6.834965199232101440e-02 9.262690320611000061e-03 2.990243257954716682e-03 8.894439786672592163e-03 3.726360946893692017e-02 2.152837663888931274e-01 4.781560227274894714e-02 5.076665803790092468e-02 5.747295022010803223e-01 8.806040883064270020e-01 8.633906953036785126e-03
2.762218937277793884e-04 1.379059767714352347e-06 2.975181345732380578e-08 3.718093335628509521e-01 2.338839769363403320e-01 9.967677593231201172e-01 1.744612120091915131e-02 1.557336588575708447e-07 6.443104147911071777e-02 9.222555490850936621e-06 2.874302795774497099e-09 5.660071474267169833e-05 1.489188343839487061e-05 3.459421350271441042e-06 4.609122406691312790e-04 2.343484520679339767e-04 5.973911611363291740e-04 2.903977641835808754e-03 1.655832420510705560e-05
4.311025350034469739e-07 2.615212757461904403e-08 2.641332985664490707e-10 4.896445534541271627e-05 2.330764429643750191e-03 1.000000000000000000e+00 4.800507213076343760e-06 6.840646799011196322e-11 1.737258280627429485e-03 2.875318827477713057e-08 4.220892908736624538e-14 2.913458363451582045e-09 4.371852924123231787e-08 2.349853502892074175e-07 3.827412729151546955e-05 4.199969794171920512e-08 2.640094635353307240e-06 2.121728175552561879e-04 2.992782981436903356e-07
7.322790026664733887e-01 4.625574052333831787e-01 1.746993984852451831e-05 3.849257715046405792e-03 1.730591617524623871e-02 2.609110015328042209e-05 7.543041110038757324e-01 6.632225215435028076e-02 3.125978708267211914e-01 4.805481876246631145e-04 2.186833620071411133e-01 1.098288148641586304e-01 2.485546283423900604e-02 1.249535591341555119e-03 2.433024055790156126e-04 9.110894054174423218e-03 2.455052435398101807e-01 7.388519006781280041e-04 1.624536663293838501e-01
5.497645139694213867e-01 9.856896400451660156e-01 4.087656270712614059e-05 2.442171722650527954e-01 2.545693496358580887e-05 2.377537612119340338e-06 2.206164225935935974e-02 8.367571830749511719e-01 1.834963477449491620e-04 1.149850068031810224e-04 1.061176531948149204e-03 2.170322695747017860e-04 2.543906867504119873e-02 4.456231594085693359e-01 9.143876923189964145e-06 2.985389670357108116e-03 7.988481782376766205e-03 4.233156796544790268e-03 1.555423295940272510e-06
8.168029390855662862e-22 2.658950506181332078e-16 3.286993126378681575e-20 6.454682193179905880e-07 8.962368794020658322e-16 6.741299752037639703e-15 1.000000000000000000e+00 1.670099836204030908e-09 4.293218580642133020e-08 2.957560788253953946e-17 1.171660382547519523e-20 2.168790009659805592e-16 1.535386540130190269e-10 3.117460209978162311e-06 9.331071050837635994e-04 1.702234815777192711e-12 9.687424302101135254e-01 6.799747570562786336e-11 4.035767380006216598e-12
1.334622153080999851e-03 8.492503762245178223e-01 1.019255578285083175e-04 6.915907263755798340e-01 4.576759693009080365e-06 3.073525249419617467e-06 2.108814194798469543e-02 4.760753214359283447e-01 9.257469741896784399e-07 4.164392885286360979e-05 1.860829115685191937e-06 2.681283604033524171e-07 1.258162898011505604e-03 9.990782737731933594e-01 3.212349547538906336e-04 3.934849810320883989e-04 3.921703901141881943e-03 7.047980558127164841e-03 5.625479104764963267e-08
5.478828097693622112e-04 3.065440338104963303e-03 1.130323973484337330e-03 2.208180521847680211e-04 1.889789104461669922e-02 9.989788532257080078e-01 9.360589087009429932e-03 4.562759568216279149e-05 2.177454829216003418e-01 1.609616214409470558e-03 6.589559234271291643e-06 1.442540204152464867e-03 4.796699504368007183e-04 7.864572689868509769e-04 7.977572269737720490e-03 1.196438213810324669e-03 5.226653302088379860e-04 4.578277934342622757e-03 1.610189825296401978e-01
1.039705891162157059e-02 2.820331230759620667e-02 4.152373410761356354e-03 6.407645344734191895e-01 8.897407911717891693e-03 5.305275786668062210e-03 2.808847427368164062e-01 2.901740074157714844e-01 6.475206464529037476e-03 3.799976035952568054e-02 6.325235008262097836e-04 1.100997161120176315e-02 5.514880642294883728e-02 2.571795582771301270e-01 2.588977515697479248e-01 2.029886096715927124e-02 7.592209577560424805e-01 6.982277631759643555e-01 2.049372997134923935e-03
7.115748524665832520e-02 6.839615702629089355e-01 1.073073130100965500e-02 5.030625462532043457e-01 4.023324232548475266e-03 3.149261930957436562e-03 1.878276169300079346e-01 5.652200579643249512e-01 2.713604131713509560e-03 1.769166067242622375e-02 3.148233750835061073e-03 2.763339085504412651e-03 7.317427545785903931e-02 8.910419940948486328e-01 3.130342066287994385e-02 3.170978277921676636e-02 8.879815787076950073e-02 1.358163505792617798e-01 5.663947667926549911e-04
2.797584235668182373e-01 2.929030954837799072e-01 1.725549846887588501e-01 1.798147857189178467e-01 4.620544239878654480e-02 5.729630589485168457e-02 3.673399686813354492e-01 3.680936992168426514e-01 8.893943578004837036e-02 2.340031862258911133e-01 3.414731845259666443e-02 1.898863911628723145e-01 3.592852056026458740e-01 1.904854774475097656e-01 1.352460682392120361e-01 1.207111775875091553e-01 1.728152930736541748e-01 3.089557886123657227e-01 5.569246783852577209e-02
1.201526174554601312e-05 6.894794751133304089e-06 4.204900108106812695e-07 1.000000000000000000e+00 7.094174492294769152e-08 6.735108399880118668e-07 2.069762558676302433e-05 9.401312097907066345e-03 2.246919881057629631e-12 4.430389253684552386e-06 1.209820017299514158e-15 3.039128803760011988e-14 3.107908560195937753e-05 8.662660121917724609e-01 9.105084091424942017e-02 2.070595783720818872e-08 1.436001854017376900e-03 9.753026366233825684e-01 1.306801329881103133e-14
1.154599059373140335e-02 1.455388497561216354e-03 1.101696630939841270e-03 9.964943528175354004e-01 1.749784452840685844e-03 4.772144854068756104e-01 3.615994472056627274e-03 5.800161510705947876e-03 1.343058655038475990e-03 6.848804769106209278e-04 5.111789960210444406e-07 2.643127572810044512e-06 6.990963127464056015e-03 4.001733660697937012e-02 1.952864825725555420e-01 1.453268341720104218e-04 6.137082818895578384e-03 4.249337315559387207e-02 2.648020927153993398e-05
9.999670982360839844e-01 5.769937857985496521e-02 1.289373904000967741e-04 6.962469001337012742e-07 5.507197231054306030e-02 8.723861633086471556e-10 4.439328312873840332e-01 6.285854396992363036e-06 9.395833127200603485e-03 1.709792911697149975e-07 4.596408416546182707e-06 5.984305739402770996e-01 4.554274783004075289e-04 1.423022322200040435e-08 2.236300727931350707e-11 3.600549825932830572e-05 2.683922139112837613e-05 3.587068642119106698e-09 5.652254819869995117e-02
5.240089376457035542e-04 3.120226756436750293e-05 9.672200818044984771e-09 2.190753730246797204e-04 5.236460492596961558e-05 3.050670784432440996e-05 1.587266684509813786e-03 5.120545625686645508e-03 9.657973265575492405e-08 9.999800920486450195e-01 6.923258411006827373e-07 4.223153293132781982e-01 3.869299311190843582e-03 4.622999227876789519e-08 7.147298219933873042e-07 4.500296711921691895e-02 9.144018258666619658e-05 5.960761918686330318e-04 1.399915827704489857e-08
