9.052546268151218101e-09 3.680093385582949850e-08 5.009735248168167843e-12 2.227365970611572266e-02 3.104411589447408915e-04 3.425160539336502552e-04 9.999276399612426758e-01 1.027683822485414566e-07 1.034931978210806847e-03 1.469269506060300046e-08 8.830812817106625801e-12 1.071756969395210035e-06 2.352737965338747017e-06 4.094155883649364114e-05 5.170055199414491653e-03 1.216344480781117454e-05 1.466294284909963608e-03 7.738907697785180062e-06 2.672458379038289422e-07
9.293808389543301018e-09 3.332903020236699376e-08 4.279989557209873396e-12 2.277415618300437927e-02 3.574339207261800766e-04 4.405348445288836956e-04 9.999170303344726562e-01 8.511775462238801992e-08 1.095614745281636715e-03 1.417317641028148500e-08 7.966858943386778691e-12 1.072768327503581531e-06 2.136500370397698134e-06 3.466399357421323657e-05 4.804939031600952148e-03 1.204841009894153103e-05 1.278190058656036854e-03 8.154275747074279934e-06 2.555616447352804244e-07
8.052921891212463379e-01 1.031297221779823303e-01 9.999961853027343750e-01 5.057156551629304886e-03 5.410483106970787048e-02 7.632272172486409545e-06 5.603678524494171143e-02 1.766918748617172241e-01 1.024521588988136500e-05 9.601679444313049316e-02 3.925833516404964030e-05 1.086970418691635132e-01 7.311000227928161621e-01 1.352023053914308548e-02 6.450510409194976091e-05 6.973019987344741821e-02 4.892608616501092911e-03 1.458664541132748127e-03 5.856875795871019363e-04
3.001285195350646973e-01 3.903940785676240921e-03 2.029424649663269520e-05 6.694419384002685547e-01 3.492617979645729065e-03 5.699629127775551751e-06 5.233218073844909668e-01 1.030691340565681458e-02 2.826807030942291021e-04 4.224354779580608010e-05 1.521065423730760813e-04 7.416804437525570393e-04 3.122509922832250595e-03 1.625554636120796204e-02 1.755147725343704224e-01 2.445832651574164629e-04 9.613860845565795898e-01 8.819868089631199837e-04 6.344155553961172700e-05
1.930184231806047509e-23 4.289706246536390162e-16 1.574600583662903525e-24 1.697140855717705303e-17 9.631044978186936029e-15 2.151581972853517944e-18 1.000000000000000000e+00 1.463015877334328252e-07 1.257569048895845754e-09 9.934581157722277567e-07 6.276580313603369755e-17 2.886372203647624701e-05 3.379331974429078400e-05 1.686609463473921072e-15 1.086219872728499958e-13 6.846236647106707096e-04 4.417095333337783813e-04 2.193098946803168081e-13 2.060801529424338696e-11
3.911449865370861764e-20 1.398683626873824122e-18 3.788591572421716215e-20 7.531855953857302666e-05 5.059332029114672197e-16 5.852731933755432683e-19 9.999989271163940430e-01 1.451755196058002184e-07 4.726662041366208600e-14 1.775244014290411343e-12 3.052121459417457891e-23 1.903475884941843721e-13 2.064675319601860792e-09 3.959451433388494479e-09 1.473107113270089030e-05 2.208793981051115907e-10 9.999954700469970703e-01 6.686572406877644426e-10 3.483638988984859991e-15
5.394186176020925733e-15 7.890134942969972975e-14 1.219908920855141722e-15 4.851435733144171536e-05 7.756480874254734204e-11 2.680170470867153376e-14 9.999598264694213867e-01 3.006015504070091993e-05 1.571590357851704312e-10 7.799096692906459793e-07 4.429676058789999140e-16 6.679617285954009276e-07 1.369363076264562551e-06 4.662734198745965841e-08 1.640329355723224580e-05 1.079267440218245611e-05 9.985359907150268555e-01 1.737282900649006478e-06 2.977816604410321588e-11
5.947528779506683350e-02 3.393887728452682495e-02 9.014832377433776855e-01 8.537227511405944824e-01 1.564948074519634247e-02 1.394673883914947510e-01 8.536929637193679810e-02 7.464610785245895386e-02 7.124679163098335266e-03 1.633952371776103973e-02 9.764651767909526825e-04 1.153600169345736504e-03 1.135547980666160583e-01 2.275697290897369385e-01 5.002316832542419434e-01 1.167002599686384201e-02 3.525302559137344360e-02 1.978160142898559570e-01 1.925459713675081730e-03
3.100205794908106327e-04 6.154122948646545410e-01 1.000000000000000000e+00 3.375982865691184998e-02 1.277413019806772354e-07 3.768712009133423635e-10 3.455689875409007072e-04 8.156269043684005737e-02 3.288168348714037847e-11 1.295164366865719785e-07 2.590939196522867860e-08 1.208075861569568588e-09 2.636638237163424492e-04 9.997450709342956543e-01 1.919710775837302208e-04 2.699903852771967649e-04 2.537249565648380667e-05 3.250629561080131680e-06 1.328407783773855044e-08
1.832916677813045681e-05 5.190365754970116541e-06 1.029913047206898469e-11 1.000000000000000000e+00 4.238061013239757813e-10 2.239420975047590190e-11 5.094679886297193150e-11 1.795414864318445325e-04 3.994410749372388595e-21 3.347792798535920156e-08 1.388692057324833549e-21 1.570519232193446156e-19 1.752818207023665309e-06 9.988752007484436035e-01 8.788139780335768592e-07 9.730031363952562629e-11 1.010299115478119347e-07 9.623009711503982544e-02 2.249937526544379110e-21
4.052065974424756689e-12 4.019282302814009000e-12 9.581286366513661057e-14 4.350584466010332108e-03 2.598622428351404778e-10 1.606852980330586433e-03 9.999748468399047852e-01 1.496063894990129484e-08 1.542887844152573962e-06 2.479317315687290524e-12 1.185649050375079716e-18 1.769046606252266951e-14 1.414956773970743598e-08 1.782397390343248844e-03 8.726294636726379395e-01 1.245961341912737996e-12 6.470649689435958862e-02 4.260763830643554684e-07 1.188679155106342478e-10
2.834216195068961497e-11 5.039030766951354753e-16 5.240570452991845894e-28 5.092511048271353147e-12 4.687276430084303755e-18 5.936138184464961193e-16 1.061215460125553012e-13 6.626130311104816428e-09 1.294907953682999426e-27 1.000000000000000000e+00 5.230160928260771148e-22 2.128938212990760803e-02 3.574590623500739639e-09 4.708334062181976433e-25 2.050248735362940670e-21 1.755392645463871304e-06 1.275633100872634006e-15 1.269475323473212569e-11 1.531107835866945577e-29
4.787718554943865001e-10 3.222785875515478404e-15 2.578090990309315190e-28 1.143474855780368671e-05 2.454976131576109590e-15 8.141240286085871247e-12 1.320249552044794328e-11 4.311834500558830996e-10 1.093617964209068513e-25 1.000000000000000000e+00 8.828603873957897406e-24 4.805280826985836029e-03 1.477221811541085117e-08 3.588724684215782735e-24 3.882292133934340259e-16 3.768054313013635692e-08 1.642626430654794273e-14 1.997857391675128547e-12 2.015562362887153237e-28
2.044557183448950316e-19 7.200367151373118519e-16 8.664661986530412545e-21 1.183269663688709707e-15 4.324876828193380263e-12 1.000000000000000000e+00 3.905894243788438308e-17 1.091068942617931146e-23 3.885589450192128425e-08 1.085321386628379894e-20 5.560545620160286709e-34 4.627474093763592552e-26 2.946105856714470078e-19 3.466135364837974464e-11 8.502422133460640907e-06 3.111428337816335647e-23 2.397748573956359330e-16 6.429907301042092627e-11 4.415610197904158707e-14
4.109212022740393877e-04 1.787896454334259033e-02 7.222314413191099902e-10 9.999985694885253906e-01 3.294028374511981383e-06 9.259775397367775440e-04 1.029518716677557677e-05 1.635220600292086601e-03 1.342862265829580792e-08 8.780042293210499338e-08 4.092236098596213623e-12 1.743187083395880688e-12 7.055161404423415661e-05 9.949018955230712891e-01 2.044851044047391042e-06 2.989553706811420852e-07 1.134376361733302474e-06 9.291271271649748087e-05 7.406186081082566375e-11
3.623064959157318299e-09 5.882917764044037767e-11 3.310015456170489756e-11 1.604471541941165924e-02 4.684962973122708263e-10 9.999505281448364258e-01 5.161607532500056550e-06 7.199665308377234396e-09 2.130851726178661920e-06 2.159963319314783803e-09 4.207276755509582644e-18 1.863071837375409462e-15 4.659691299480073212e-09 2.846159441105555743e-05 9.962091445922851562e-01 2.347498450239616369e-14 1.532596070319414139e-05 3.067959914915263653e-05 2.763106410341720220e-11
3.794990334426984191e-06 1.036278899846365675e-05 2.905233276173646573e-10 9.030911769514204934e-07 6.270792800933122635e-04 4.832333070226013660e-05 8.882778286933898926e-01 1.603266340680420399e-03 9.643325756769627333e-05 9.715429544448852539e-01 1.011314679999486543e-06 7.709090113639831543e-01 1.209483481943607330e-02 3.000105053274637612e-09 5.832114524650933163e-08 2.012169957160949707e-01 4.769494116771966219e-04 3.049603401450440288e-05 2.226254582637920976e-05
3.663279494503512979e-05 7.729338109493255615e-02 1.000000000000000000e+00 2.659575548022985458e-04 3.342254828453405935e-08 1.375424466432562803e-14 5.012675654143095016e-03 4.273742735385894775e-01 2.985824781864820920e-11 1.096886492746307340e-08 2.927288674046263361e-13 8.984654166488414972e-12 2.472642227075994015e-04 9.866107702255249023e-01 8.871219506545457989e-06 7.242768188007175922e-04 2.496610954403877258e-02 1.146004802166089576e-08 6.132865451036195736e-07
7.506966590881347656e-03 2.419603317975997925e-01 1.000000000000000000e+00 2.480760030448436737e-02 2.171680680476129055e-04 2.281353914668216021e-07 8.901824802160263062e-02 4.540068209171295166e-01 1.013065684674074873e-05 1.309169019805267453e-04 1.457551320527272765e-06 5.379438334784936160e-06 1.784851215779781342e-02 8.476771712303161621e-01 3.598078619688749313e-03 2.155515179038047791e-02 1.220879703760147095e-01 1.379225286655128002e-04 7.178836967796087265e-04
5.202103417869096607e-30 2.175035851941846491e-17 1.246134067530220495e-32 4.161339280191450252e-18 1.906052030082250492e-24 2.476850856250284736e-34 1.000000000000000000e+00 5.057997748934839333e-13 5.820643622428178787e-03 5.653492721963385841e-29 2.161593861261905392e-14 2.482281750717011708e-18 2.779705500103569136e-18 1.297690253865280141e-11 5.919589124436797078e-11 4.013988022480050825e-16 9.999932050704956055e-01 8.217178456132784759e-17 9.131276783591601998e-07
2.747435926402899701e-33 4.179742019643314948e-20 2.066240711683306721e-30 9.749289930590689102e-16 3.922554768131500646e-26 3.816578601328891569e-32 1.000000000000000000e+00 5.728190144438372045e-11 1.463338558096438646e-04 1.412425560365484748e-26 4.270011787526829369e-18 4.987381096069952554e-22 6.314307690469668326e-17 3.510128188111139025e-09 3.089521138921469401e-10 7.700182235306567927e-16 9.999970197677612305e-01 1.421244578189012620e-13 1.236099000934132164e-10
2.021407343601249754e-27 2.237846308272579271e-14 6.763264346679221469e-32 2.801339973927891372e-15 5.577593067622126533e-23 1.897042317652571990e-32 1.000000000000000000e+00 2.943908788619054029e-12 2.016348531469702721e-03 1.419083827591321968e-27 5.939918695796464476e-13 4.645373941794205032e-18 1.653872361364036510e-17 8.083024249927461824e-10 1.182487580075886058e-10 2.922437733297996929e-15 9.998834133148193359e-01 5.375593485191338620e-16 1.210810580687393667e-07
1.982660590609322537e-13 4.224411445652442865e-11 9.047025281705423083e-12 7.828737497329711914e-01 5.241379704389037553e-13 5.080233244714529861e-14 9.258168339729309082e-01 2.141432341886684299e-04 1.235771346363989664e-10 7.526149703451778805e-10 1.161413940557225462e-17 5.130225468074657569e-14 1.575376984419563087e-07 4.147409345023334026e-04 8.249143720604479313e-04 1.922694670142277573e-09 9.999881982803344727e-01 5.614032033918192610e-06 2.264719661804193152e-12
9.959111213684082031e-01 1.704858243465423584e-01 8.750740671530365944e-04 6.330745816230773926e-01 4.251254349946975708e-02 8.400651495321653783e-06 1.652815844863653183e-03 2.638882398605346680e-02 2.920198198808066081e-07 9.082582779228687286e-03 1.840818731579929590e-05 1.327408552169799805e-01 6.419948339462280273e-01 4.644937813282012939e-03 1.121534369303844869e-04 2.804370364174246788e-03 4.193645145278424025e-04 5.663508083671331406e-03 1.637494051465182565e-06
9.994901418685913086e-01 9.999785423278808594e-01 2.684620581394625560e-11 7.914575980976223946e-04 3.748602817044144331e-10 1.813860747799239670e-14 3.708373988047242165e-04 9.791142344474792480e-01 3.056421178371238057e-07 1.289900269929589172e-10 4.937351604894502088e-06 2.069832163442697492e-07 1.412036479450762272e-03 2.273566555231809616e-03 8.876529204596486644e-15 1.523379182799544651e-06 6.080236744310241193e-06 4.008259111287770793e-07 4.352134971852272827e-12
9.338138290128584775e-32 4.201342975385433500e-18 2.117087895322475590e-31 3.927040577488341566e-14 1.383190806626301593e-25 2.270731824842183336e-31 1.000000000000000000e+00 1.189602166773440217e-10 5.455279606394469738e-04 1.019250814078719323e-26 7.301654292414603686e-17 2.750618379679880255e-22 3.829193425181091285e-17 1.300175256346847164e-07 1.476783556553229459e-10 9.624577034601702191e-16 9.999960660934448242e-01 3.497165664695378595e-12 1.188892179149192430e-10
5.957569011385556549e-18 3.575474916139853576e-10 2.107015183852015047e-25 2.187068927721994190e-15 2.111593911373111949e-17 4.002940618819895055e-27 1.000000000000000000e+00 3.331044329257792924e-10 1.516126096248626709e-01 3.009197391862720438e-22 3.180006160619086586e-07 1.389382619371160033e-11 1.781085993751360674e-14 1.346720478190288617e-11 8.014556795998828420e-10 1.761489608689825737e-12 9.999649524688720703e-01 4.817764161788376520e-14 1.684422791004180908e-02
8.597840747592303249e-32 8.933993157200414758e-18 1.923353407707027252e-33 3.314117983911671588e-17 9.057635832722976816e-25 2.448605749217650566e-31 1.000000000000000000e+00 1.070041191070236763e-12 1.831426769495010376e-01 3.284997618050884662e-29 1.835201568204766396e-16 3.790543201679458515e-20 1.519079454838187593e-18 7.975689442218936165e-09 4.185802537914895538e-10 1.814159946305989491e-16 9.955171942710876465e-01 8.655162903655616580e-14 7.600953644271157827e-09
3.471298271051637130e-07 1.813083142042160034e-01 2.665972997917265275e-09 1.128253643400967121e-03 7.781119393257540651e-08 3.393748556845821440e-05 9.996364116668701172e-01 4.634996294043958187e-04 1.402523089200258255e-02 2.085864458933883725e-08 3.029091203643474728e-06 4.051408808436463005e-08 9.013969588522741105e-07 9.356080889701843262e-01 1.842502933868672699e-05 2.712915602387511171e-06 3.435168764553964138e-04 3.475396079011261463e-05 7.677335815969854593e-06
3.011420557363919670e-10 4.774414719577180222e-06 1.445392250332133699e-09 1.969172881217673421e-04 2.023965528508142597e-08 2.835271739609623864e-10 9.999921321868896484e-01 2.300816122442483902e-03 1.603662408888339996e-02 3.783544855195941636e-08 5.913542736379895359e-06 2.268060228516333154e-07 1.689725650066975504e-05 1.180797722190618515e-02 7.361538009718060493e-04 5.221097671892493963e-05 9.838593602180480957e-01 1.537887030281126499e-03 2.274684811709448695e-04
8.108858584598976904e-10 7.657985747755446937e-07 1.691464035502576735e-08 8.087140486168209463e-07 8.659497297003326821e-08 1.480310185542066392e-08 9.999965429306030273e-01 7.094387547113001347e-04 8.921089172363281250e-01 4.083628724060872628e-08 3.169098636135458946e-05 1.495688411523588002e-05 7.478259703930234537e-06 3.020740987267345190e-04 6.916024722158908844e-04 2.111026878992561251e-05 8.721183538436889648e-01 7.355296518653631210e-03 5.076137557625770569e-02
2.096306383609771729e-01 9.997137188911437988e-01 3.753045102342436601e-14 8.136697579175233841e-04 2.158231406090838078e-11 2.504732276265925683e-16 2.216728478670120239e-01 6.135459542274475098e-01 1.399071061314316466e-05 3.795679048845812531e-13 1.188252866268157959e-02 2.374016538908563234e-09 2.020109519662582898e-07 7.077641040086746216e-02 5.672062754376316907e-13 1.044546316109062900e-08 1.237519178539514542e-02 1.398437454724898998e-08 2.315276442788061217e-11
9.950404763221740723e-01 8.962097167968750000e-01 2.250937214398618380e-10 6.602432131767272949e-01 6.330017931759357452e-04 1.199911559002231343e-10 5.922911316156387329e-02 1.789257675409317017e-02 4.039699560962617397e-04 1.917897485270714242e-08 6.163724660873413086e-01 2.446966536808758974e-04 6.634138844674453139e-05 2.084219129756093025e-03 1.289360440637210559e-08 2.395400770183186978e-05 6.091862916946411133e-03 3.902635015151645348e-08 7.271257231877825689e-07
2.045553773641586304e-01 6.910014748573303223e-01 3.595302278114331784e-09 2.793359197676181793e-02 9.721259993966668844e-05 3.062061493253054323e-09 9.068034887313842773e-01 1.785454899072647095e-02 5.744148418307304382e-02 5.957826587632553128e-08 8.959544897079467773e-01 3.866357728838920593e-04 3.890732114086858928e-05 3.468128619715571404e-03 3.898744580510538071e-06 7.054521847749128938e-05 3.673806488513946533e-01 4.406118932820390910e-06 1.740902371238917112e-04
5.687079962513053033e-08 5.142685768078081310e-05 6.684347987174987793e-03 9.979994893074035645e-01 1.465135284206553479e-07 9.707019188454069081e-09 9.133455157279968262e-01 2.064759610220789909e-03 1.763787804520688951e-05 5.680359294046866125e-08 3.015409311135641701e-10 1.884860843792690588e-11 4.799634189112111926e-05 1.501507163047790527e-01 2.738911658525466919e-03 1.311440541940100957e-06 2.760084867477416992e-01 3.706595634866971523e-07 2.130208009987200057e-08
1.914868335006758571e-05 2.852129400707781315e-04 9.998154044151306152e-01 6.639097929000854492e-01 1.282800076296553016e-05 2.072266852337634191e-06 7.570246458053588867e-01 4.166086763143539429e-02 2.524161391193047166e-05 1.237093965755775571e-05 7.948126601320382179e-09 1.792849388948525302e-07 4.761439282447099686e-03 9.355841577053070068e-02 3.905690461397171021e-02 1.977526844711974263e-04 8.879627585411071777e-01 2.281000488437712193e-04 1.240637266164412722e-05
5.490236615275349993e-17 1.124608544310345959e-12 3.653392791748046875e-01 1.986985094845294952e-02 6.604005028650137415e-15 1.012991124129003404e-18 9.999413490295410156e-01 8.690659888088703156e-05 3.521786681726091217e-11 4.610059485847181615e-14 1.206283587743097837e-18 6.869720958269705940e-16 9.585136240275460295e-08 1.951730810105800629e-04 4.029869887745007873e-05 4.492777705422668078e-09 9.999914169311523438e-01 2.639638196910709667e-08 3.308305365767871820e-11
6.782266427762806416e-04 1.694190541456919163e-05 4.794958652354353035e-09 1.080485247075557709e-02 5.191396921873092651e-03 1.726097315549850464e-01 3.277718126773834229e-01 4.417608943185769022e-05 4.214162618154659867e-05 9.133525490760803223e-01 6.231813287627119280e-09 2.006749436259269714e-02 3.942628856748342514e-03 2.525922013774106745e-07 3.744813147932291031e-04 1.015267567709088326e-03 1.342177711194381118e-04 6.411433423636481166e-05 6.113315293987398036e-07
3.061846946366131306e-04 5.690400139428675175e-04 4.101201193407177925e-04 9.866544604301452637e-01 4.715354225481860340e-05 3.588125808164477348e-03 3.696988150477409363e-02 6.603404134511947632e-02 7.890405868238303810e-06 1.067727431654930115e-02 3.129306946902943309e-08 9.691323157312581316e-07 4.672013688832521439e-03 1.873813867568969727e-01 6.425765156745910645e-01 7.090781582519412041e-05 2.064450830221176147e-01 7.915294766426086426e-01 1.589852587358109304e-07
1.132718097096585552e-08 1.082842287558467257e-16 1.703773149802594559e-21 1.000000000000000000e+00 1.549551598145626485e-06 6.161890923976898193e-04 2.175976021590031451e-07 2.604560455995324521e-15 7.934940204901153038e-11 1.102815086226707243e-15 3.156733030981814476e-27 2.196772245584573529e-19 1.853476573610013389e-12 1.669357469098742275e-13 1.713372284939396195e-06 6.753245965912535453e-14 1.029422094234178076e-07 3.202146122045779197e-13 2.255653352655056200e-20
8.230981766246259212e-04 7.550123264081776142e-04 2.762775329756550491e-05 8.232609033584594727e-01 1.443980820477008820e-02 1.087879668921232224e-02 9.384992718696594238e-01 1.293630339205265045e-03 3.183902427554130554e-02 1.097114582080394030e-04 7.733735401416197419e-06 2.270050463266670704e-04 1.342779840342700481e-03 1.025774795562028885e-02 1.481916457414627075e-01 1.326694851741194725e-03 6.965717673301696777e-02 1.421870780177414417e-03 3.046385536435991526e-04
4.489094371836616082e-13 2.267227467168931275e-15 9.199585309942963898e-22 6.838933499370147828e-12 3.910033755105679631e-12 2.275476297525767279e-15 1.622849254090397153e-06 8.605342145528993569e-07 4.109513093167855785e-20 1.000000000000000000e+00 1.265940577303458177e-18 9.439011216163635254e-01 1.534064963948367222e-08 3.072123914980082838e-20 6.820080327698071652e-17 2.837809361517429352e-02 1.407639782513570026e-09 4.389958174755292930e-09 2.138542339278600714e-22
1.885998062789440155e-05 1.107251819121302105e-07 1.125709551616504989e-12 3.902702246705302969e-06 1.582411179867904139e-08 5.693668825301756442e-08 2.444694473524577916e-06 2.993008529301732779e-04 7.101968210569686857e-13 1.000000000000000000e+00 3.361995126738293038e-10 1.619468480348587036e-01 2.150736399926245213e-04 7.457667296206782481e-12 2.577623114952132255e-10 3.073417115956544876e-03 1.897720807164660073e-07 1.736632111715152860e-05 9.684433973072142932e-14
9.995424747467041016e-01 3.211694359779357910e-01 3.646510435828531627e-07 1.181009283754974604e-04 2.213200181722640991e-02 7.965339676729854546e-08 1.734157502651214600e-01 4.098089877516031265e-03 5.398014560341835022e-02 2.482264972059056163e-05 1.653432846069335938e-03 2.661891877651214600e-01 1.803338341414928436e-02 5.531577244255458936e-06 1.583984499120560940e-08 3.845496976282447577e-04 1.499625504948198795e-03 4.047195488965371624e-06 1.780632510781288147e-02
9.858945608139038086e-01 5.121020674705505371e-01 2.440202479192521423e-05 1.427043229341506958e-03 1.874122954905033112e-02 4.134826667723245919e-06 3.549140989780426025e-01 6.513089686632156372e-02 1.323533356189727783e-01 3.816135285887867212e-04 3.403001651167869568e-02 1.260008066892623901e-01 1.021098047494888306e-01 3.206783731002360582e-04 3.754564204427879304e-06 4.540267400443553925e-03 2.424034103751182556e-02 1.927389967022463679e-04 6.639961153268814087e-02
9.965432286262512207e-01 3.108158111572265625e-01 1.000000000000000000e+00 2.435647184029221535e-04 4.639198537915945053e-03 2.246543218120677921e-08 4.717184230685234070e-02 1.615993678569793701e-01 9.967368896468542516e-06 6.624517118325456977e-05 3.496159308724600123e-07 2.596061211079359055e-03 5.285501480102539062e-01 4.140193574130535126e-03 1.292128075647269725e-07 1.386648043990135193e-03 2.633965341374278069e-03 5.424970368039794266e-06 1.594812376424670219e-03
2.800199389457702637e-01 2.852258086204528809e-01 4.070888757705688477e-01 1.820881664752960205e-01 5.190660804510116577e-02 1.653788425028324127e-02 4.562815129756927490e-01 4.042585790157318115e-01 4.481629654765129089e-02 1.787178963422775269e-01 2.457604371011257172e-02 1.581960916519165039e-01 2.996476888656616211e-01 1.075267940759658813e-01 5.706923082470893860e-02 1.297732144594192505e-01 1.822653114795684814e-01 1.107307150959968567e-01 2.820494398474693298e-02
8.117146790027618408e-04 7.881619930267333984e-01 1.407122090313350782e-05 3.564731916412711143e-03 2.103909901052247733e-05 9.732432961463928223e-01 1.256884336471557617e-01 2.768922830000519753e-03 2.458218717947602272e-03 7.606012331962119788e-06 8.944309229264035821e-06 1.850778062362223864e-06 3.695881605381146073e-05 9.267151355743408203e-01 1.440628693671897054e-04 1.335171691607683897e-05 5.777350452262908220e-05 7.740270812064409256e-04 1.449273531761718914e-05
1.045796852849889547e-05 1.572248875163495541e-04 7.225585432024672627e-05 3.345385039210668765e-06 3.055860986933112144e-03 9.999864101409912109e-01 4.102964885532855988e-04 2.083292685028936830e-07 1.532875150442123413e-01 5.237998993834480643e-05 1.578703212601340056e-08 4.160860044066794217e-05 1.430719566997140646e-05 2.467210288159549236e-05 1.282770186662673950e-03 4.146042556385509670e-05 1.500777761975768954e-05 5.631520180031657219e-04 1.091715693473815918e-01
1.462976604010152171e-13 7.512377560845752422e-15 7.809139936681073370e-21 5.459174778899011926e-12 7.733020538580603898e-06 1.000000000000000000e+00 1.876001957945572229e-11 4.473167479255791512e-22 7.340669981203973293e-06 8.083312495645988277e-15 2.682940012780965991e-27 1.490461011556838277e-16 7.709264016687910129e-16 4.406977238105742878e-14 2.353972849977736814e-10 6.369983801367403928e-15 1.225811173486551775e-13 1.045275777045162613e-08 7.248831743189576571e-12
1.601763699454750167e-08 1.138721700044698082e-06 2.689096731955942232e-07 3.237847323589448933e-09 2.806719276122748852e-04 1.000000000000000000e+00 3.405616553209256381e-06 2.281238739576529895e-11 6.541332602500915527e-02 2.650849637575447559e-07 5.680875691735365329e-13 1.485119867083994905e-07 2.564082102196607593e-08 9.189899685679847607e-08 2.114933886332437396e-05 2.710570186081895372e-07 2.835658641231475485e-08 1.091513604478677735e-05 3.442556411027908325e-02
3.340740455314517021e-03 7.002179026603698730e-01 2.011370997934136540e-05 3.639490529894828796e-02 4.120536614209413528e-04 9.228723496198654175e-02 2.295740395784378052e-01 1.389188766479492188e-01 1.964810071513056755e-03 1.183831617236137390e-01 1.348142250208184123e-04 7.189865689724683762e-03 8.541151881217956543e-03 6.746261715888977051e-01 2.969157358165830374e-04 7.663550321012735367e-03 3.586714388802647591e-03 3.623494179919362068e-03 5.832757233292795718e-05
4.798924799209736136e-11 9.355393126853073227e-10 7.693052445079118229e-11 4.089341498911380768e-03 1.410082384190047833e-09 8.811805969344277401e-07 9.999020099639892578e-01 1.627958590688649565e-05 8.205816811823751777e-06 1.936919930001224088e-10 1.283882261572319439e-13 2.413635437348293777e-11 9.922594017552910373e-07 2.915429649874567986e-03 3.867367804050445557e-01 2.962043721410623220e-09 9.610016942024230957e-01 6.589615622942801565e-06 4.844843104478968598e-08
6.078667356632649899e-04 9.797347011044621468e-04 1.178978011012077332e-03 8.131845593452453613e-01 1.419738109689205885e-04 4.593588784337043762e-02 7.767491787672042847e-02 5.751701444387435913e-02 2.298331964993849397e-04 1.223111432045698166e-02 5.955696451565017924e-07 1.277432238566689193e-05 6.998782977461814880e-03 1.428081244230270386e-01 8.157168030738830566e-01 1.689592172624543309e-04 2.204766124486923218e-01 5.012220144271850586e-01 4.760292995342751965e-06
2.191373482673952822e-08 1.660885573073755950e-06 5.130627300786727574e-07 4.446868206997578454e-09 2.133028465323150158e-04 1.000000000000000000e+00 4.592123332258779556e-06 4.509634679572549487e-11 7.735560834407806396e-02 2.948708868188987253e-07 1.163001769541316399e-12 1.833098366432750481e-07 3.778871260351479577e-08 1.379723642003227724e-07 3.663478855742141604e-05 2.750966814346611500e-07 4.488891391929428210e-08 1.381433685310184956e-05 4.579727351665496826e-02
2.023130036832299083e-06 1.049255879479460418e-04 1.673117803875356913e-04 2.178059276047861204e-06 8.520070696249604225e-04 1.039292197674512863e-03 6.978963017463684082e-01 8.655573241412639618e-03 7.588059088448062539e-05 7.426455616950988770e-01 3.871973888180946233e-07 3.741526603698730469e-01 1.296854764223098755e-02 1.020806848828215152e-05 1.388713826599996537e-06 2.101716101169586182e-01 1.034531276673078537e-03 3.435752660152502358e-05 1.008870913210557774e-05
5.548769608139991760e-03 6.888247980896267109e-07 1.628799126010636172e-14 1.396111264789778872e-11 2.369909088884014636e-05 4.493135308258899840e-10 3.766180947422981262e-02 2.723803845583461225e-06 1.315750921548897168e-07 9.891948699951171875e-01 2.178428548660349406e-09 9.111675024032592773e-01 2.221937328577041626e-01 5.253910452524459943e-17 3.617107029274904163e-16 4.206903278827667236e-03 3.109303259307694134e-09 1.588901454852020834e-08 2.705141923797782511e-07
2.813776135444641113e-01 1.429389510303735733e-02 1.525806146673858166e-05 1.558636540721636266e-05 1.565295457839965820e-02 4.603287015925161541e-05 6.557711958885192871e-01 3.103851806372404099e-03 1.476220414042472839e-02 1.404292583465576172e-01 4.350478993728756905e-04 7.223305702209472656e-01 2.560142576694488525e-01 6.254302888919482939e-07 4.939377049595350400e-07 3.265582025051116943e-02 9.990556864067912102e-04 6.005812974763102829e-05 2.172706648707389832e-02
7.399786738915281603e-08 1.839525997638702393e-02 1.327818688334758690e-10 1.464052346022981510e-08 1.479658862990618218e-06 1.000000000000000000e+00 8.805161542113637552e-07 3.952347130131705910e-11 2.232494443887844682e-05 7.102179261364582885e-11 8.984829143166526977e-15 1.826631944659706797e-12 1.970851259969208513e-10 1.359147392213344574e-02 7.470352159089088673e-08 3.418430122303917074e-11 1.378717539440854623e-11 2.208291647320947959e-07 3.471095411100577621e-08
4.377852247383628992e-12 4.901204192719887942e-06 6.947101314352943646e-14 1.895027002343525196e-14 1.882665401353733614e-07 1.000000000000000000e+00 7.280916425322914165e-10 4.013233832284749476e-18 8.451313624391332269e-05 5.702802460946440610e-14 1.365015123006657683e-21 8.148265523140289790e-15 8.186055898082040400e-15 2.962904055436865747e-08 1.871396371200262365e-10 5.618170316988579938e-14 3.349708256947378157e-16 9.365820341500352697e-10 1.257102894669515081e-06
9.997933506965637207e-01 8.714706897735595703e-01 4.057298930420366601e-13 1.013238716041087173e-06 3.683306886159698479e-06 3.090751612977449270e-11 8.438926935195922852e-01 3.789308175328187644e-05 8.179937601089477539e-01 1.737964328007990389e-09 1.917405897984281182e-04 2.911014249548316002e-03 5.076945512882957701e-07 6.636616145527796107e-09 5.312893137585095182e-13 1.182849729275403661e-08 1.779104641173034906e-04 4.518169172129660183e-10 1.491826400160789490e-02
2.768112123012542725e-01 2.309676408767700195e-01 5.990685150027275085e-02 2.063463479280471802e-01 5.230063199996948242e-02 4.267695918679237366e-02 2.889758944511413574e-01 3.989170491695404053e-01 3.003517724573612213e-02 6.387928128242492676e-01 4.194346442818641663e-02 3.436662852764129639e-01 3.459062874317169189e-01 6.702005118131637573e-02 5.712722241878509521e-02 1.922572404146194458e-01 1.289730668067932129e-01 2.268967032432556152e-01 2.262044697999954224e-02
2.313065124326385558e-05 1.725265085697174072e-01 2.042569759164170051e-11 9.634364247322082520e-01 1.007645772377330218e-10 2.081382462215675133e-11 1.006070124276448041e-05 5.948292613029479980e-01 7.724457670179284141e-15 4.343369305133819580e-01 4.697504885076142500e-11 1.743384103747303016e-07 7.717939442954957485e-04 9.982182383537292480e-01 2.089719153275382268e-08 1.000812771962955594e-04 3.105470386799424887e-05 9.008727036416530609e-03 1.359968063320950507e-14
9.762274539096282844e-13 4.896064754575490952e-03 8.970638085517126437e-18 7.537440588128649366e-14 1.302791641927258937e-11 1.000000000000000000e+00 2.378198471486570043e-10 7.700467513356225216e-18 1.928428794428782567e-08 1.788820881242621966e-18 3.867332606569476632e-24 1.207608407966981009e-20 1.827439503859915797e-17 6.698924582451581955e-03 8.886041858932602899e-13 1.444448531636662639e-18 9.858102793932406216e-19 4.821952299255416463e-12 2.581840991000561303e-13
3.878430649638175964e-02 1.472769683985575284e-10 1.847648022532953795e-17 2.235002350062131882e-03 9.983536005020141602e-01 1.008380594194439872e-13 7.454249858856201172e-01 2.805049812218407546e-12 3.462060360615026866e-10 1.681424954824706219e-08 9.567069850230239605e-16 9.988003969192504883e-01 3.329248654537764196e-09 7.007302825826327436e-15 4.727978669379420684e-14 1.300695836544036865e-01 1.133451496571069583e-05 1.640535600699877250e-07 1.353150210425205918e-14
5.120689747855067253e-04 9.964616894721984863e-01 1.034852065151525835e-10 4.087529703974723816e-02 1.529218938978171849e-11 3.011777838842627508e-13 1.741553395986557007e-01 4.780836105346679688e-01 6.196813728820416145e-07 3.243198765101595882e-10 1.155574136646464467e-05 4.648902929282883179e-10 2.507152657926781103e-06 9.714676737785339355e-01 1.014484496408840641e-09 2.234969969094890985e-07 3.013533167541027069e-02 5.909714673180133104e-06 2.764957186818239876e-11
9.995917677879333496e-01 4.071678817272186279e-01 1.206402084790170193e-04 8.549724817276000977e-01 2.094551175832748413e-02 9.330506856031206553e-08 1.943991519510746002e-04 1.743549108505249023e-02 6.651341255548004483e-09 3.293403715360909700e-04 3.935518179787322879e-06 5.160110816359519958e-02 5.658827424049377441e-01 8.706551045179367065e-03 1.104171133192721754e-06 9.790046606212854385e-04 4.077157063875347376e-05 7.266498869284987450e-04 1.042234245574036322e-07
2.735147718340158463e-04 5.859817974851466715e-06 2.237803448405448203e-14 9.722388386726379395e-01 1.039705266325796629e-10 1.512172254081178835e-08 6.572923094694260726e-09 1.097746644518338144e-04 5.733886966042029570e-18 1.000000000000000000e+00 2.169989177496639554e-13 1.180979772470891476e-03 9.301481768488883972e-04 1.546968997345743446e-09 8.198921541691106540e-10 3.616225740188383497e-06 1.622107603793665476e-08 8.791210348135791719e-06 1.392716056421652187e-17
9.336217132727142598e-09 4.826408370184331886e-11 3.460675968014470527e-09 9.870239496231079102e-01 2.230805297431803780e-11 3.179786205291748047e-01 1.283181190956383944e-04 2.260638893858413212e-06 2.630795581382017190e-09 1.370444515487179160e-04 1.367080881378505993e-18 2.924960282118214960e-14 3.629319849096646067e-07 8.940131374401971698e-05 9.993170499801635742e-01 4.395277815750359141e-13 2.707172825466841459e-04 2.538597327657043934e-04 1.358679641504881991e-14
8.870399206828416538e-12 2.022085163156869814e-13 7.422261590062095848e-12 7.695076465606689453e-01 3.784457827411130681e-14 6.938598752021789551e-01 1.248938679054845124e-05 6.002252916914585512e-08 3.194830233699263999e-10 2.095770490484483162e-08 1.143609887250473119e-22 3.580993860218826792e-19 2.284602729218931927e-09 8.431261812802404165e-05 9.999612569808959961e-01 2.132707597246854474e-16 1.055340762832202017e-04 1.826041261665523052e-04 4.525440611189835273e-17
3.388913348317146301e-03 1.851261942647397518e-03 2.985462685956008499e-07 3.871260583400726318e-02 2.803878393024206161e-03 9.994587302207946777e-01 2.253811806440353394e-03 1.529830296931322664e-05 5.860869307070970535e-03 1.075664840755052865e-05 1.950371775194525981e-08 1.327865220446255989e-06 5.133488593855872750e-05 3.880192991346120834e-03 2.486636163666844368e-03 3.065969394810963422e-06 7.124745752662420273e-05 1.314364024437963963e-03 6.218087219167500734e-05
2.391794323921203613e-01 1.770317554473876953e-02 1.492155888627166860e-06 9.998408555984497070e-01 1.698276610113680363e-03 7.787305512465536594e-04 1.297770068049430847e-03 2.906037028878927231e-03 8.495071597280912101e-06 2.711549960076808929e-02 1.610298454579606187e-07 2.953027251351159066e-05 1.878343336284160614e-02 1.843995787203311920e-02 5.650963285006582737e-04 2.299802872585132718e-04 6.083417101763188839e-04 9.830007184064015746e-05 1.180074377771234140e-06
4.131084570260894478e-17 1.945716630280774732e-15 7.437267973039161408e-16 5.256770253181457520e-01 7.949246053048488543e-17 5.498472025453927936e-14 6.513257622718811035e-01 5.817799774376908317e-06 2.221525101462479279e-13 5.551626053399566496e-14 7.546522676104647169e-24 1.149156788580172355e-19 3.533826287149821610e-10 4.110814552404917777e-05 4.185001552104949951e-02 8.889576053083044632e-15 9.999994039535522461e-01 1.238941877090837806e-06 1.536993295909845300e-16
6.736638024449348450e-04 1.576192560605704784e-03 3.315337380627170205e-05 4.219676338834688067e-05 3.893042914569377899e-03 9.220985521096736193e-05 6.446241140365600586e-01 4.019120335578918457e-02 3.158250765409320593e-04 8.584033846855163574e-01 7.551899761892855167e-05 7.204374670982360840e-01 1.649238914251327515e-01 4.033181994600454345e-06 3.580499196687014773e-06 2.278207838535308838e-01 3.712002653628587723e-03 3.866759652737528086e-04 2.410316374152898788e-04
8.782553672790527344e-01 4.673018157482147217e-01 3.734729811549186707e-02 1.628262363374233246e-02 2.082319743931293488e-02 1.157450024038553238e-03 9.323539584875106812e-02 2.577995657920837402e-01 1.206446439027786255e-02 5.176201090216636658e-02 3.048410406336188316e-03 2.013908922672271729e-01 8.287820816040039062e-01 9.883509948849678040e-03 4.160181269980967045e-04 4.972124472260475159e-02 9.568600915372371674e-03 2.692906185984611511e-02 1.441155839711427689e-02
9.280793666839599609e-01 1.719213277101516724e-01 4.012605547904968262e-02 7.700420022010803223e-01 1.163988336920738220e-01 2.252164296805858612e-03 3.177744895219802856e-02 9.852698445320129395e-02 1.195714357891120017e-04 8.560904115438461304e-02 1.542431884445250034e-03 1.691895723342895508e-01 4.396734833717346191e-01 5.111935734748840332e-02 4.026939719915390015e-02 2.482983469963073730e-02 2.469872310757637024e-02 5.114019662141799927e-02 2.470274048391729593e-04
1.009951915875717532e-06 2.053443949989741668e-06 5.146362127561587840e-07 8.234417438507080078e-02 2.048890110017964616e-06 1.185828587040305138e-03 9.834187030792236328e-01 9.443414746783673763e-04 3.108374367002397776e-04 1.003558509182767011e-06 1.314401476548709979e-09 4.482636484226532048e-08 1.088130375137552619e-04 3.412403911352157593e-02 7.298816442489624023e-01 6.594178216801083181e-07 7.813724875450134277e-01 6.154528236947953701e-04 5.689934823749354109e-06
2.708786725997924805e-01 4.916304647922515869e-01 8.882029652595520020e-01 5.598872900009155273e-01 7.655791193246841431e-02 2.972144819796085358e-02 3.165655434131622314e-01 4.116201400756835938e-01 2.976890280842781067e-02 1.015283241868019104e-01 7.458226382732391357e-02 5.146401003003120422e-02 2.368709594011306763e-01 4.804623425006866455e-01 1.614000797271728516e-01 1.840927600860595703e-01 1.412072330713272095e-01 1.189069300889968872e-01 3.068869560956954956e-02
7.051766948151794168e-10 1.804866371912794420e-07 3.442021423438745842e-08 1.639350084587931633e-04 1.674376761684470694e-07 2.407527732728453884e-09 9.999412298202514648e-01 1.853295718319714069e-03 1.076797605492174625e-03 3.021521308710362064e-07 4.421009123234398430e-07 4.067652753292350098e-06 7.375411951215937734e-05 2.825044502969831228e-04 2.239702967926859856e-03 1.257149124285206199e-04 9.911547899246215820e-01 5.918856186326593161e-05 2.420813834760338068e-04
7.470810669474303722e-05 9.760318062035366893e-05 5.075831950307474472e-07 1.000000000000000000e+00 7.676396762690274045e-07 8.230435923906043172e-07 1.561768476676661521e-05 1.172707974910736084e-02 7.043747529689170506e-12 2.910017201429582201e-06 5.514751998700155589e-14 2.706587124562398472e-13 5.855031849932856858e-05 9.830075502395629883e-01 1.305324211716651917e-02 2.042579438921166002e-07 4.909039707854390144e-04 8.896183967590332031e-01 1.667565825008709979e-13
1.341801253147423267e-03 2.129458152921870351e-04 7.901090979576110840e-01 9.985406398773193359e-01 4.237499524606391788e-05 2.116242982447147369e-02 1.833684509620070457e-03 2.524920273572206497e-03 1.255205097550060600e-05 2.257994638057425618e-04 4.207691617352793401e-08 5.223707333357197058e-08 6.366076413542032242e-03 8.114244043827056885e-02 5.375139713287353516e-01 3.393699807929806411e-05 6.955634453333914280e-04 9.185444563627243042e-02 4.520574350408423925e-07
1.007890980690717697e-02 1.836262829601764679e-02 9.680472016334533691e-01 9.997149109840393066e-01 2.703382633626461029e-03 2.779362257570028305e-03 8.559221401810646057e-03 2.246362157166004181e-02 1.861013151938095689e-04 1.700573047855868936e-04 1.121229888667585328e-05 5.869577535122516565e-07 1.071208622306585312e-02 4.052160680294036865e-01 5.165925621986389160e-02 3.590496256947517395e-03 7.264442276209592819e-03 5.532277747988700867e-03 1.316921316174557433e-05
3.727030707523226738e-04 8.922049999237060547e-01 4.708896540250862017e-06 1.313848514109849930e-02 2.183229071306413971e-06 4.639670550823211670e-01 1.707602292299270630e-01 7.516433950513601303e-03 2.988480846397578716e-04 1.552520188852213323e-06 4.428251486388035119e-06 1.154005744297137426e-07 2.039805258391425014e-05 9.929867386817932129e-01 3.006554106832481921e-05 3.482400416032760404e-06 3.130444019916467369e-05 2.223247429355978966e-04 8.284039267891785130e-07
9.131314016030955827e-08 1.223608199506998062e-02 4.790991159353552575e-09 4.527993034571409225e-03 9.740054451867763419e-08 2.616178562675486319e-07 9.999394416809082031e-01 2.121845260262489319e-03 1.183788944035768509e-02 3.596661812821366766e-08 6.371582003339426592e-06 6.615613301619305275e-08 7.141866262827534229e-06 9.135587811470031738e-01 3.280499367974698544e-04 1.923178751894738525e-05 2.345271408557891846e-02 4.283921443857252598e-04 2.479548857081681490e-05
1.163129894621306448e-07 5.686229542334331200e-06 2.034512590398662724e-06 2.710991076071422867e-08 4.403144412208348513e-04 9.999998807907104492e-01 1.562727993587031960e-05 4.552085930420446402e-10 9.437381476163864136e-02 1.206757929139712360e-06 1.563552586014704815e-11 8.038330179260810837e-07 1.920665511079278076e-07 5.738899062635027803e-07 9.818626131163910031e-05 1.083741381080471911e-06 2.222046475708339131e-07 3.809645932051353157e-05 5.856700241565704346e-02
5.642656342175200734e-10 6.024979912764086287e-14 2.843954810309186061e-17 9.999984502792358398e-01 6.998024382198764215e-10 9.999932050704956055e-01 1.409216632275445136e-09 2.753062534888162105e-12 1.535847893308073253e-08 1.727621782340437590e-14 1.197508480236346953e-25 1.056054177514669568e-21 2.865519800610005774e-11 1.758559164954931475e-08 1.020972989499568939e-02 4.206460576399176571e-17 3.978788143399469845e-08 2.085520236505544744e-06 4.247758792708193057e-16
2.409916123724542558e-05 3.282422539996332489e-06 2.716947777869904712e-09 9.760452806949615479e-02 1.406070532539160922e-05 9.999799728393554688e-01 2.190497070841956884e-05 5.323460641193378251e-07 2.678043383639305830e-04 1.225439518748316914e-07 2.029652054064134958e-12 1.364978685636231148e-10 1.447547106181445997e-06 5.857484648004174232e-04 7.088807225227355957e-02 1.473579480659736873e-09 2.849192787834908813e-05 9.074039408005774021e-04 1.801511473331629531e-07
9.999986886978149414e-01 1.211050221172627062e-05 8.211666786275221425e-16 1.000000000000000000e+00 4.239032045006752014e-03 3.146051625576494438e-16 1.143429309569121699e-10 9.074616613702346513e-10 3.288112624864892600e-18 1.545098909927489217e-10 9.954025205480341969e-16 8.311104027214355483e-10 5.661220711772330105e-06 1.061111902345146518e-06 1.846125752269500708e-10 3.361267175705506816e-08 4.329573499717298546e-08 1.210698479404276329e-13 3.226300519616101916e-17
9.725448489189147949e-01 7.029128074645996094e-01 1.211205091777856069e-08 9.515152196399867535e-04 5.764073692262172699e-03 3.156625183464711881e-08 6.105064749717712402e-01 1.920072175562381744e-02 1.132187321782112122e-01 2.336070110686705448e-06 2.800547480583190918e-01 4.248352721333503723e-02 2.283499343320727348e-03 8.547323523089289665e-05 2.338186675387987634e-07 4.810544196516275406e-04 4.771766811609268188e-02 4.698834345617797226e-06 3.940127789974212646e-03
2.486654072999954224e-01 1.862539094872772694e-03 1.402997895638691261e-08 7.877962161728646606e-06 5.713570863008499146e-03 6.052475146134383976e-05 9.656327366828918457e-01 1.180229673991561867e-06 6.237239241600036621e-01 2.688835593289695680e-05 4.187382728559896350e-05 2.987527549266815186e-01 2.883170236600562930e-05 1.916466629836577340e-07 1.688689053480629809e-06 2.068665780825540423e-04 4.616793594323098660e-04 2.816686901496723294e-05 4.835668504238128662e-01
9.948726296424865723e-01 3.046754598617553711e-01 1.559960510348901153e-04 4.250633344054222107e-02 1.478176098316907883e-02 3.651253791758790612e-06 2.415740629658102989e-03 3.739084303379058838e-02 9.860277714324183762e-07 1.363454572856426239e-02 1.638650064705871046e-05 2.911997139453887939e-01 8.377643227577209473e-01 7.459695916622877121e-04 2.921158511526300572e-06 3.760873340070247650e-03 1.110376979340799153e-04 6.258940324187278748e-03 5.500431143445894122e-06
1.049922926377178101e-09 7.993011807982952632e-11 8.456751743324275594e-09 9.998940229415893555e-01 1.370588863756905251e-12 8.660545427119359374e-05 1.012130960589274764e-04 3.334256689413450658e-05 4.249669735036099016e-13 3.442036686465144157e-04 1.940759749064183430e-20 1.044136243530955147e-15 4.142039244925399544e-07 1.428061397746205330e-03 9.913040399551391602e-01 1.249395335453651334e-12 6.612310186028480530e-03 2.574795186519622803e-01 2.001474541069285703e-18
1.967355867579750720e-20 2.131966377243557957e-17 2.882086075881022121e-21 1.462247884624970351e-14 3.444664123169668968e-14 1.000000000000000000e+00 9.610112391927783413e-18 2.178957355838192217e-23 7.811705060589702043e-09 8.649136598070487823e-22 1.453229285007719898e-35 1.981061735345886391e-28 1.445644169513319756e-19 1.292547735509685936e-10 1.752185076475143433e-02 8.060235602902264435e-26 1.582399635247934942e-15 9.693650743214377030e-11 6.094506346426321625e-16
7.215032353997230530e-03 2.389434538781642914e-02 1.000000000000000000e+00 9.972590208053588867e-01 8.567437907913699746e-05 8.506935955665539950e-07 9.655617759563028812e-04 1.350580900907516479e-02 1.312637665229487993e-09 1.859982730820775032e-04 2.966782085422892123e-05 2.970928960621677106e-07 2.217670828104019165e-01 8.846952915191650391e-01 1.606438755989074707e-01 1.065991539508104324e-02 1.260210847249254584e-04 4.002753198146820068e-01 6.025118750585534144e-07
7.523830572608858347e-05 4.094785253982990980e-06 5.924418568611145020e-03 9.268293976783752441e-01 1.544102246953116264e-06 1.917182505130767822e-01 6.863280199468135834e-03 3.642346709966659546e-04 3.304271376691758633e-05 1.620233961148187518e-04 1.773266256055450185e-10 2.954060329685148645e-09 2.967714099213480949e-04 9.983904659748077393e-03 9.720230102539062500e-01 1.756107934625106282e-07 3.055886831134557724e-03 7.109065540134906769e-03 6.719871237237384776e-08
8.290780186653137207e-01 1.257523254025727510e-04 8.179596079571638256e-06 9.230415225028991699e-01 3.106720047071576118e-03 8.881738758645951748e-04 2.125831693410873413e-02 3.788263420574367046e-04 1.947292048498638906e-06 6.132833659648895264e-04 4.464885794419615195e-09 2.609035873319953680e-04 9.084779769182205200e-03 1.142582856118679047e-03 7.765986919403076172e-01 5.925426194153260440e-06 1.053492445498704910e-02 2.397568023297935724e-04 6.013976161511891405e-08
7.369269733317196369e-04 2.778758016575011425e-06 1.102063969596334125e-12 9.452244542629273383e-11 3.833003248132627050e-08 1.316291862167418003e-03 9.618272185325622559e-01 2.469577667363331841e-11 7.019835710525512695e-01 1.093911663474500529e-07 7.160858711552364753e-11 1.659232366364449263e-04 3.796816638867994698e-09 2.203464624303541619e-12 6.725071055591058666e-10 1.234739976929688510e-09 6.573959012712293770e-07 1.475581967724792776e-07 9.929566383361816406e-01
4.528347868472337723e-03 4.470502212643623352e-02 1.670630881562829018e-04 9.899281859397888184e-01 3.921546041965484619e-03 1.781085447873920202e-04 5.198590159416198730e-01 4.369660839438438416e-02 8.610368706285953522e-03 1.670775818638503551e-03 2.988705819007009268e-04 1.205775333801284432e-04 6.749773398041725159e-03 2.008795887231826782e-01 9.297855198383331299e-03 3.560025244951248169e-03 1.265326440334320068e-01 3.395679232198745012e-04 2.380457299295812845e-04
9.835935235023498535e-01 4.268319308757781982e-01 1.000000000000000000e+00 7.926656980998814106e-04 6.763283163309097290e-04 2.883100336248389794e-08 2.818210795521736145e-02 3.749251365661621094e-01 4.078754955116892233e-06 4.738153802463784814e-05 1.731568346485801158e-07 2.254857681691646576e-04 3.920876979827880859e-01 3.295926377177238464e-02 4.521299103998899227e-07 1.122356159612536430e-03 4.461629316210746765e-03 1.089508441509678960e-05 4.039807536173611879e-04
9.972230195999145508e-01 3.368569314479827881e-01 1.000000000000000000e+00 1.896846952149644494e-04 1.640273490920662880e-03 3.721234875797563291e-09 1.711353659629821777e-02 2.085194438695907593e-01 4.423316113388864323e-07 2.803884308377746493e-05 4.613530180108682544e-08 8.126194006763398647e-04 5.539516806602478027e-01 1.003221701830625534e-02 4.340488146681309445e-08 7.732475060038268566e-04 8.921254775486886501e-04 2.985581204484333284e-06 1.713861129246652126e-04
5.910563705135984947e-11 3.831039071083068848e-01 8.917533053133530618e-14 3.887485340237617493e-02 2.128931254376242865e-13 2.627093542706404605e-10 9.997919201850891113e-01 3.809180634561926126e-05 1.821868977458507288e-06 1.761065387484786471e-13 9.432230170525190971e-12 8.011139147551054294e-16 1.573501051677084206e-10 9.999840259552001953e-01 4.869797343154402824e-10 2.256585612814276942e-10 3.069213789785862900e-06 2.179771030341726146e-09 2.718322312036947075e-12
5.435361362382540307e-12 4.477421580197094020e-13 3.779572488316063072e-11 9.999661445617675781e-01 1.422068368552194262e-14 8.267157340924313758e-07 2.924432046711444855e-04 3.079428324781474657e-06 3.581412510306192232e-14 2.737229642946203967e-08 1.199168564055674707e-24 9.114815614586330877e-20 8.375765858659178775e-09 3.955191932618618011e-04 9.924591183662414551e-01 9.984638034985296451e-16 3.806129693984985352e-01 1.729680923745036125e-03 3.396343495301350827e-20
6.523202117358906094e-13 7.628764286948808149e-10 9.280177321047133887e-11 5.492927008968022384e-14 2.293855231982888654e-06 1.000000000000000000e+00 2.213738525824737735e-09 2.417180072249189515e-17 2.117107622325420380e-02 4.464123515290907562e-11 1.039139376041661513e-19 1.782380319725884732e-11 1.473540798928307805e-12 1.842364455439948756e-11 7.595406970040130545e-08 5.240975362030830809e-11 2.051102994046760664e-12 2.427082357314702676e-08 9.440355002880096436e-03
8.716632425785064697e-02 4.127881526947021484e-01 1.131381317973136902e-01 1.065593212842941284e-01 5.140783637762069702e-02 8.023334741592407227e-01 2.655457258224487305e-01 1.315474063158035278e-01 9.912975132465362549e-02 3.642819076776504517e-02 1.301387324929237366e-02 2.087213285267353058e-02 4.468728229403495789e-02 4.756963849067687988e-01 8.944565057754516602e-02 3.222280368208885193e-02 3.430175408720970154e-02 7.127920538187026978e-02 2.711365371942520142e-02
3.329628147184848785e-03 3.007259452715516090e-03 4.287333190441131592e-01 9.994262456893920898e-01 2.173973916796967387e-04 2.524342853575944901e-04 8.929637260735034943e-03 5.059332400560379028e-02 8.157092565852508415e-07 3.804754698649048805e-03 4.869644385507854167e-07 4.065029202138248365e-07 1.566646620631217957e-02 5.464928746223449707e-01 2.780823707580566406e-01 8.977425750344991684e-04 2.638859860599040985e-02 7.329497337341308594e-01 2.895097566124604782e-07
2.903398999478667974e-04 5.398849607445299625e-04 1.667540345806628466e-06 9.999998807907104492e-01 4.026909664389677346e-06 1.095711127163667697e-06 1.972880272660404444e-05 1.516925357282161713e-02 3.071018786493517894e-11 4.620254458131967112e-06 1.571450651896566519e-12 2.791572962373978228e-12 1.144257475971244276e-04 9.926716089248657227e-01 4.798497539013624191e-03 1.393917727909865789e-06 3.689338045660406351e-04 6.904813647270202637e-01 2.583240912845674586e-12
3.406194504350423813e-03 3.425547329243272543e-04 4.694861672760453075e-06 9.999988079071044922e-01 9.120044705923646688e-05 1.647199860599357635e-05 7.661434938199818134e-04 7.685040123760700226e-03 6.646778416552479030e-08 1.598567585460841656e-03 4.141031129112349163e-10 1.412861383442987062e-08 2.004126552492380142e-03 5.599122494459152222e-02 7.769066374748945236e-03 1.103050544770667329e-05 3.955034166574478149e-02 2.268964424729347229e-03 1.259237158990345051e-09
7.716760039329528809e-02 5.257075186818838120e-03 2.181255724281072617e-03 4.671510308980941772e-02 4.001627967227250338e-04 6.911057280376553535e-04 2.945116488263010979e-03 7.481084018945693970e-02 2.726735601754626259e-06 9.988246560096740723e-01 1.063976160367019475e-04 2.425260692834854126e-01 1.290314346551895142e-01 1.662997383391484618e-04 1.712441735435277224e-04 3.204597905278205872e-02 9.464739705435931683e-04 2.349804341793060303e-02 7.249126610986422747e-06
2.104984372572338280e-12 3.197076736682902265e-08 1.727902760109700786e-13 5.771810265287058428e-06 7.213038610842659182e-09 4.753429294623856549e-08 1.000000000000000000e+00 2.463012833686661907e-07 2.050214260816574097e-02 2.750884155883204230e-12 1.190326170963373897e-10 1.312747910375833271e-09 6.272252761618801742e-08 2.844229340553283691e-03 2.064687758684158325e-02 3.884085231220524292e-08 1.448705419898033142e-02 2.783038553388905711e-06 1.956500818778295070e-05
2.968681743368506432e-03 1.660261116921901703e-02 2.616251003928482533e-05 9.999659061431884766e-01 1.337140856776386499e-04 1.128088842961005867e-05 5.678686429746448994e-04 7.621863484382629395e-02 2.149410782692484645e-08 1.343335170531645417e-04 9.746609741512202163e-09 1.346083156050781326e-08 1.172105548903346062e-03 9.906582832336425781e-01 5.698804743587970734e-03 1.252654619747772813e-04 3.055430948734283447e-03 3.329652547836303711e-01 4.613263993036298416e-09
4.367236793041229248e-02 1.576865464448928833e-01 9.949409961700439453e-01 9.828597903251647949e-01 1.044916268438100815e-02 1.876949216239154339e-03 3.650883585214614868e-02 1.588916480541229248e-01 2.329356648260727525e-04 5.504374857991933823e-03 2.958930563181638718e-03 1.626606972422450781e-04 7.329507917165756226e-02 7.473159432411193848e-01 2.317668348550796509e-01 6.678982079029083252e-02 2.877508290112018585e-02 2.763259410858154297e-01 1.175318146124482155e-03
2.130719274282455444e-02 4.163464307785034180e-01 9.955514073371887207e-01 9.985837936401367188e-01 1.742696738801896572e-03 1.415377628291025758e-04 1.271027955226600170e-03 7.397440075874328613e-02 1.937796014317427762e-06 1.486847177147865295e-04 4.164986894465982914e-04 2.737062914093257859e-06 5.939554423093795776e-03 9.888436794281005859e-01 1.466357242316007614e-02 2.748215757310390472e-02 1.034363289363682270e-03 6.448950618505477905e-02 2.207704528700560331e-05
6.427669177355710417e-06 3.857540432363748550e-04 1.000000000000000000e+00 6.246894918149337173e-05 6.616517566726543009e-06 4.988301079720258713e-03 9.189511537551879883e-01 1.642273156903684139e-03 1.806004047393798828e-01 1.126694314734777436e-05 3.920591851169774600e-09 1.070329062713426538e-06 9.624877566238865256e-05 3.009937354363501072e-04 5.046576843596994877e-04 2.904270950239151716e-04 3.602866083383560181e-02 8.167647138179745525e-06 1.439218129962682724e-02
6.832551289071703282e-14 3.569388534740980390e-11 1.984183149272671087e-15 9.953946471214294434e-01 3.146146266685273529e-13 7.223480033525728206e-15 8.237981237471103668e-04 9.841677965596318245e-04 1.227872783917532962e-13 1.629316126461333170e-09 3.182751486311450910e-21 8.364697010130456301e-14 2.297845291820976854e-08 4.999151919037103653e-03 1.188114867545664310e-03 9.700790865041497568e-11 9.999960660934448242e-01 9.983231425285339355e-01 2.387507945624054839e-16
2.973151822516229004e-05 3.215076576452702284e-04 2.042489213636144996e-04 1.015245743474224582e-05 4.474631045013666153e-03 9.999492168426513672e-01 1.025175326503813267e-03 9.610971574147697538e-07 1.824322938919067383e-01 1.279268035432323813e-04 8.484106928108303691e-08 1.118001091526821256e-04 4.021136555820703506e-05 5.953943400527350605e-05 2.409363165497779846e-03 1.017582326312549412e-04 4.551317033474333584e-05 1.126341521739959717e-03 1.407508403062820435e-01
6.183895038702758029e-06 1.905866575668824225e-09 7.178158649048667786e-22 9.999439716339111328e-01 7.722626490826438751e-16 2.052147731260167696e-12 8.174483225736883796e-14 8.399623396826427779e-08 5.013154237746170600e-28 1.000000000000000000e+00 9.889311769144406427e-22 8.778450137469917536e-06 1.932455779751762748e-05 5.007128965058916040e-15 1.760228485051581332e-14 4.718150869997828067e-10 3.777457133983391779e-13 1.981553143792780247e-09 6.894593274488116918e-28
3.785768151283264160e-02 3.717210983467111873e-10 2.235190487575885510e-20 2.168000154401106272e-12 1.064891583116636675e-13 1.134287829328619548e-19 5.543833187654501060e-12 5.491444809990753129e-08 1.412238987365828992e-23 1.000000000000000000e+00 3.804004286603748997e-18 2.666838765144348145e-01 9.759299755096435547e-01 3.798945860265414508e-24 3.867726778177102612e-26 1.786275970516726375e-05 1.512649159551353494e-18 3.490341882184111455e-08 1.730605305598423562e-19
7.006508706552949661e-09 2.024714205194381392e-16 1.266783452683069187e-37 1.000000000000000000e+00 7.751537536580167459e-27 2.975638466404600616e-21 1.975209887921166155e-24 6.749266266313155849e-14 0.000000000000000000e+00 1.000000000000000000e+00 0.000000000000000000e+00 6.626755394423256007e-11 9.288775082438860409e-09 3.324982155367686737e-25 1.371474817025282143e-24 1.356302407804210335e-18 2.267072393199346432e-22 1.614526192038971664e-16 0.000000000000000000e+00
9.980891346931457520e-01 3.941665962338447571e-02 8.767574399826116860e-06 9.959856867790222168e-01 6.219756230711936951e-02 2.582138677098555490e-06 1.134707708843052387e-03 1.960662892088294029e-03 1.190406692330725491e-06 4.046168469358235598e-04 1.130014061345718801e-05 6.420928984880447388e-03 3.259624913334846497e-02 3.442802699282765388e-03 3.515319549478590488e-04 5.333002773113548756e-04 1.559625612571835518e-03 6.603809742955490947e-05 2.258012500533368438e-06
8.372874837903054868e-09 3.828901442865656479e-13 1.108591622710932174e-26 1.939834840595722198e-02 5.033091998729588568e-13 3.060972308954745813e-11 9.341004636453931198e-10 3.997931707910851173e-10 4.755322167571013391e-24 1.000000000000000000e+00 4.250793522307995546e-22 4.778005648404359818e-03 1.546468979540804867e-07 1.649766899194048177e-21 1.727331927665887168e-14 1.080208704706819844e-07 7.317995493437423615e-13 8.904522952324356311e-12 1.889176267700527599e-26
1.140268796007148921e-05 9.668413847307988362e-10 7.595949980121474709e-10 8.260405659675598145e-01 1.076058993021433707e-07 6.099148988723754883e-01 8.946330635808408260e-04 1.526152232145250309e-06 4.357416205635900042e-09 9.942805767059326172e-01 2.459400608176092427e-15 3.276060454027174274e-07 1.928813981066923589e-05 6.141043229490605881e-08 7.010073065757751465e-01 3.879885301927288310e-09 1.757402606017421931e-05 5.965091531834332272e-06 9.126365028283567327e-13
5.245956126600503922e-04 8.531642961315810680e-04 1.039751688949763775e-03 8.203138113021850586e-01 1.203636347781866789e-04 4.358474537730216980e-02 7.366463541984558105e-02 5.445003882050514221e-02 1.949746219906955957e-04 1.129045244306325912e-02 4.501156070091383299e-07 1.012623397400602698e-05 6.384072825312614441e-03 1.395622044801712036e-01 8.203546404838562012e-01 1.434115692973136902e-04 2.174300551414489746e-01 5.047233700752258301e-01 3.755154921236680821e-06
3.217979539522214383e-13 1.492457416332748643e-13 7.139433189334420254e-15 1.020512968352704775e-06 3.837235976016095673e-13 1.000000000000000000e+00 4.923950136515031772e-10 1.075032641031925529e-12 4.597665679284546059e-07 2.517149899974868710e-13 7.560703555281262165e-23 9.481410752959895494e-21 3.592622943929257850e-12 1.034322031046031043e-05 9.998600482940673828e-01 1.929135373453627197e-19 2.694556400228975690e-08 1.472284338888130151e-07 8.220169472406349542e-14
1.270117163658142090e-01 1.410283148288726807e-01 8.783596009016036987e-02 3.466686904430389404e-01 4.948816075921058655e-02 1.398100703954696655e-01 4.246726036071777344e-01 3.591277599334716797e-01 7.083752751350402832e-02 1.939987540245056152e-01 1.788262464106082916e-02 8.256660401821136475e-02 2.019027769565582275e-01 3.111742436885833740e-01 4.689306616783142090e-01 7.605385035276412964e-02 2.950282692909240723e-01 3.521190881729125977e-01 2.475697919726371765e-02
8.347323536872863770e-01 4.228549812523851870e-07 5.838418607230968230e-18 1.910460288231941028e-12 4.182981218348036379e-12 6.993207849547773147e-21 9.076788799744495151e-12 5.697144800365094852e-08 3.022992486502246151e-22 9.992079138755798340e-01 6.575864598982712080e-18 5.705386996269226074e-01 9.999933242797851562e-01 8.963435948323836535e-22 5.333142837255644420e-26 2.075785414490383118e-05 1.431814381755680832e-18 1.379663103762140963e-07 1.173988657511195334e-17
4.404319524765014648e-01 7.992556202225387096e-04 9.999930858612060547e-01 1.424950169166550040e-04 2.502416074275970459e-02 8.311904764468636131e-08 8.739210665225982666e-03 2.119634859263896942e-02 1.530192861309842556e-08 7.948798537254333496e-01 3.873200000725773862e-07 3.480073511600494385e-01 8.296849131584167480e-01 2.863162808353081346e-05 3.945334299260139233e-07 5.988449603319168091e-02 9.630442218622192740e-05 2.677024749573320150e-04 1.253388404620636720e-06
3.140496482956223190e-05 2.711420393097796477e-06 6.746713410166194080e-08 2.945135747722815722e-05 2.018894207367338822e-07 1.616448344066157006e-07 7.530146831413730979e-05 3.826204221695661545e-03 3.666495926313295683e-11 9.999996423721313477e-01 1.221988199517909379e-08 3.150351345539093018e-01 2.227661199867725372e-03 9.670723777333023463e-09 8.006034946106410644e-09 3.387888520956039429e-02 7.308280601137084886e-06 2.002327091759070754e-04 2.729686615632331836e-11
1.462989278333548526e-11 3.025488481966931431e-08 1.000000000000000000e+00 1.701276675092344703e-09 8.448754584833295667e-09 9.886200428009033203e-01 3.443079888820648193e-01 6.562387966368987691e-09 3.283415436744689941e-01 5.598841390508368931e-10 1.085716971797660543e-16 3.634293907484043018e-11 2.350649674909277564e-09 2.166186163776728790e-08 8.288754543173126876e-06 1.035315548847393075e-07 9.037892596097663045e-05 7.260992251900688643e-09 5.899838171899318695e-03
2.897406375268474221e-05 2.416144270682707429e-04 1.028226986527442932e-01 3.978236345574259758e-04 3.262759651988744736e-03 9.999794960021972656e-01 2.072376431897282600e-03 6.886678875162033364e-06 4.614442959427833557e-02 1.252665060746949166e-05 1.107454128401741400e-08 1.888309384412423242e-06 4.264478411641903222e-05 1.683327136561274529e-03 2.845684811472892761e-02 2.434962698316667229e-05 5.490679177455604076e-04 9.959656745195388794e-04 1.776300254277884960e-03
3.082910785451531410e-03 6.563204806298017502e-03 9.915050864219665527e-01 3.256957279518246651e-03 3.741849912330508232e-03 5.341319441795349121e-01 6.078950166702270508e-01 2.558248583227396011e-03 3.375525474548339844e-01 2.384922234341502190e-03 2.109161505359224975e-05 1.858831965364515781e-03 3.040754934772849083e-03 2.043591113761067390e-03 2.639869786798954010e-02 3.138054395094513893e-03 2.932092919945716858e-02 2.472652588039636612e-03 1.570610851049423218e-01
8.621895685791969299e-03 5.863967817276716232e-03 3.392725389517181611e-08 8.517608046531677246e-01 1.125127823797811288e-06 9.455468898522667587e-06 4.051795986015349627e-05 3.541119396686553955e-02 1.543228600464630063e-10 9.998663663864135742e-01 2.097108762200150522e-07 1.311601791530847549e-02 2.445776015520095825e-02 2.714344591367989779e-04 5.545892236114013940e-06 1.385625684633851051e-03 8.568850898882374167e-05 7.775586098432540894e-03 4.602442593704125784e-10
1.672729104757308960e-01 1.793518066406250000e-01 6.811378896236419678e-02 1.856980472803115845e-01 3.526919335126876831e-02 1.943103037774562836e-02 5.043710470199584961e-01 3.196810185909271240e-01 5.662481859326362610e-02 1.067682206630706787e-01 1.752445101737976074e-02 1.092633977532386780e-01 1.757028996944427490e-01 1.172871515154838562e-01 6.745898723602294922e-02 8.047005534172058105e-02 1.672603636980056763e-01 1.498759686946868896e-01 2.479977346956729889e-02
1.512002479285001755e-02 1.796086877584457397e-02 3.521654289215803146e-03 9.958729147911071777e-01 2.042096108198165894e-03 3.638386959210038185e-03 2.983009070158004761e-02 1.869685351848602295e-01 4.458560215425677598e-05 1.445077825337648392e-02 4.810015525436028838e-06 2.259749089716933668e-05 2.290976420044898987e-02 6.275615096092224121e-01 2.642360925674438477e-01 1.574571710079908371e-03 7.656258344650268555e-02 7.299043536186218262e-01 5.833572231495054439e-06
6.145972619719941576e-09 1.474288681586888305e-12 6.041400457745355691e-18 4.058423641595254594e-08 1.336065906798467040e-05 6.520096659660339355e-01 4.278398305177688599e-02 1.379441699755901141e-10 8.322144640082740352e-10 9.998069405555725098e-01 8.597377797186248017e-18 1.188311260193586349e-03 4.021233507955912501e-06 8.183862268037108974e-17 5.879749132020606339e-09 1.607518242963124067e-06 5.979884365459042783e-10 1.632137092144603230e-09 1.044157815766055819e-12
3.148572069733290846e-09 9.790165345080481529e-10 8.920823945540203026e-16 7.589776723770924605e-11 1.297607668675482273e-03 8.932394981384277344e-01 9.879149496555328369e-02 2.878538074568837146e-09 8.469090062135364860e-06 9.859376549720764160e-01 1.423102629662109653e-13 7.412894070148468018e-02 8.999660167319234461e-06 2.938872078298861677e-15 6.715774464316481840e-11 2.883906941860914230e-03 4.361706995581471347e-09 2.111607777521840035e-08 1.038707679867911793e-07
7.667233818328678119e-13 8.256373362769409141e-10 1.018330350599505607e-10 6.393624236815387274e-14 2.446226744723389857e-06 1.000000000000000000e+00 2.589445768919063084e-09 2.930215851564175957e-17 2.163794264197349548e-02 5.085504933832751817e-11 1.346332348182320407e-19 2.056937432881600358e-11 1.725476315647678227e-12 1.960928468214273579e-11 7.860148087956986274e-08 5.906743150152493627e-11 2.339762932013211838e-12 2.680219601813860208e-08 9.716067463159561157e-03
6.897200644016265869e-02 1.744042709469795227e-02 2.574245736468583345e-04 3.338082134723663330e-01 2.357666846364736557e-03 1.140170358121395111e-02 1.869939453899860382e-02 7.794257253408432007e-02 8.094887016341090202e-05 9.942849278450012207e-01 4.439125186763703823e-04 1.759427487850189209e-01 8.560668677091598511e-02 9.767718147486448288e-04 5.287115927785634995e-03 2.720058150589466095e-02 8.243879303336143494e-03 2.495082467794418335e-02 4.283994348952546716e-05
2.879304156522266567e-05 1.480705395806580782e-04 1.934317879204172641e-05 3.955540596507489681e-04 8.913627825677394867e-04 9.999865293502807617e-01 1.810765970731154084e-04 6.504490556835662574e-06 1.216563116759061813e-02 1.616269946680404246e-05 9.066300599158694240e-09 7.529408208029053640e-07 4.518855348578654230e-05 2.669007284566760063e-03 1.613792479038238525e-01 1.985134758797357790e-06 2.410302404314279556e-04 2.957094227895140648e-03 3.103929338976740837e-04
7.616151975753382430e-08 1.954463186848443002e-07 5.000218266104639042e-07 9.868865609169006348e-01 5.645016898370158742e-09 1.665175543166697025e-03 2.578128827735781670e-03 1.657830784097313881e-03 1.028977969497191225e-08 7.563056715298444033e-05 1.946738533179989683e-14 8.252932191810113949e-12 2.247267548227682710e-05 3.092303872108459473e-02 9.667396545410156250e-01 6.856693879342401488e-09 8.384682238101959229e-02 7.059928178787231445e-01 2.348606769134176098e-12
2.752832514621005727e-15 5.028834119957803495e-12 4.813908269289127932e-17 1.732148665223743472e-14 4.785367480053537292e-08 1.000000000000000000e+00 2.009221375430872425e-13 1.697591267193467791e-20 3.707642235895036720e-06 5.707465229090309764e-16 2.612386843349245063e-26 1.041743715426193507e-18 1.032184291007841748e-15 1.283771561277902151e-10 3.775413759399270930e-08 1.675208029426963766e-16 8.930464874545851472e-15 1.854228992570483570e-09 9.371270426328237590e-10
1.804641103220205878e-09 6.432666899147676531e-11 5.100737540675304160e-11 6.627489347010850906e-04 2.113443031692696650e-10 9.999920129776000977e-01 2.049489921773783863e-06 7.784515254627422109e-09 2.424467311357147992e-06 1.660549742155126296e-07 1.865295755465650130e-17 1.945261307719978183e-14 1.072127187029536799e-08 7.855938019929453731e-05 9.997606873512268066e-01 3.162431051078641586e-14 4.038377937831683084e-06 7.872959940868895501e-06 1.248112203866558190e-11
5.256563240241263202e-11 2.021986918177010040e-11 1.506627879434827878e-15 2.092595888236736812e-11 1.632067933678627014e-02 9.999976158142089844e-01 3.960832953453063965e-03 1.126130438899863861e-12 2.325320019735954702e-05 1.035436405800282955e-03 2.362862430145282400e-17 4.805826392839662731e-05 5.349950882305165578e-08 1.466245066984381284e-13 5.215867737717871933e-10 2.851690624083857983e-05 5.791195301085849678e-10 6.731147550453897566e-08 1.183720232944551753e-09
1.577019929754897021e-06 3.399300330784171820e-04 4.645610474085515307e-08 1.069109537638723850e-03 6.547748926095664501e-04 3.178793849656358361e-05 9.996973276138305664e-01 2.775100292637944221e-04 1.208604779094457626e-02 5.589755892287939787e-05 3.325751549709821120e-06 2.133679343387484550e-03 1.650874968618154526e-03 7.260431302711367607e-04 1.466783927753567696e-03 5.602003540843725204e-03 1.624893769621849060e-02 6.455963011831045151e-05 3.364630974829196930e-04
1.752342777719233247e-14 9.870028350178472465e-08 2.143867282796709482e-15 3.512646618020198730e-09 7.005008240135168762e-10 4.918770469056199524e-13 9.999995231628417969e-01 2.666395157575607300e-04 4.692726065513852518e-07 3.097027074545621872e-04 4.657855698364521402e-11 5.374661413952708244e-04 1.736732519930228591e-04 8.215597979699396092e-09 6.329406332383769040e-09 6.342908367514610291e-03 1.141179539263248444e-02 1.802573645903748911e-09 1.837072183263899205e-08
1.039039632111382616e-09 1.421804096679579743e-08 2.435102900572028162e-13 8.760480210185050964e-03 7.341302989516407251e-05 1.561071621836163104e-05 9.999881982803344727e-01 5.085066945298422070e-08 2.364061219850555062e-04 1.203917676662058511e-08 1.283811815536162193e-12 8.584809165768092498e-07 2.001231223403010517e-06 1.126135794038418680e-05 1.526760752312839031e-03 8.574289495300035924e-06 1.209079870022833347e-03 1.031702822729130276e-06 6.339654845533004845e-08
