2.643391489982604980e-04 1.497518314863555133e-05 1.580857679073233157e-05 1.244924060301855206e-04 2.836248540916130878e-06 7.127298886189237237e-06 1.413582358509302139e-04 9.358701296150684357e-03 3.337322862506653109e-09 9.999973773956298828e-01 4.336843062446860131e-07 2.545846700668334961e-01 5.070155486464500427e-03 1.818576293999285554e-07 5.539060907722159754e-07 3.279233351349830627e-02 3.236539487261325121e-05 7.649514009244740009e-04 1.614528843951745785e-09
1.007847487926483154e-03 6.666895205853506923e-05 5.696472362615168095e-04 3.808312758337706327e-04 2.386151027167215943e-05 2.948001929325982928e-05 7.198000675998628139e-04 2.210929244756698608e-02 5.181801299158905749e-08 9.999779462814331055e-01 3.407968506508041173e-06 3.130219876766204834e-01 1.499197259545326233e-02 2.109711431330651976e-06 4.271025773050496355e-06 6.193014979362487793e-02 1.353812840534374118e-04 2.555523533374071121e-03 2.958363864991042647e-08
1.008075079880654812e-03 9.097686415771022439e-05 2.427963336231186986e-04 5.153393722139298916e-04 1.688537122390698642e-05 2.934994154202286154e-05 5.430083256214857101e-04 2.304930426180362701e-02 4.211883464222410112e-08 9.999792575836181641e-01 3.404190920264227316e-06 2.843865156173706055e-01 1.305004116147756577e-02 3.033372422578395344e-06 4.440451903064968064e-06 5.513646453619003296e-02 1.469538547098636627e-04 2.515500877052545547e-03 2.792441478050022852e-08
7.972064614295959473e-02 9.825742244720458984e-02 9.551031142473220825e-02 5.555257573723793030e-02 1.647463887929916382e-01 7.557088136672973633e-01 2.772993743419647217e-01 6.139163672924041748e-02 3.513716161251068115e-01 1.446047276258468628e-01 2.032995969057083130e-02 1.388935297727584839e-01 1.025283485651016235e-01 4.464314877986907959e-02 1.559727042913436890e-01 9.763354808092117310e-02 7.839457690715789795e-02 1.165845617651939392e-01 2.757139205932617188e-01
2.681567706167697906e-02 2.452489174902439117e-02 3.047174075618386269e-03 4.449554905295372009e-02 4.881751909852027893e-02 1.934694871306419373e-02 5.335718393325805664e-01 1.651715487241744995e-01 3.044808469712734222e-02 7.227119803428649902e-01 1.386973168700933456e-02 4.482042193412780762e-01 1.596559733152389526e-01 4.794372711330652237e-03 1.357585936784744263e-02 2.597948908805847168e-01 9.858919680118560791e-02 8.593306690454483032e-02 1.659461855888366699e-02
6.455088441725820303e-05 1.040376882883720100e-04 3.389967023395001888e-04 9.608525633811950684e-01 2.379066281719133258e-04 1.176946511804999318e-06 8.170580267906188965e-01 1.698043756186962128e-02 1.026653408189304173e-04 2.287944516865536571e-04 4.765894061620201683e-07 7.500713400077074766e-05 3.473937511444091797e-03 5.984371062368154526e-03 1.681887358427047729e-02 1.377299660816788673e-03 9.280601739883422852e-01 4.606445145327597857e-04 1.068578239937778562e-05
3.066867124289274216e-03 1.293130480917170644e-04 1.903349038911983371e-05 1.943462938070297241e-01 5.262279510498046875e-01 4.333571123424917459e-04 8.560970425605773926e-01 3.250065259635448456e-03 2.513774903491139412e-03 2.514028921723365784e-02 6.428269261959940195e-05 7.455539703369140625e-01 4.721892997622489929e-03 3.388584009371697903e-04 2.168877283111214638e-03 4.998139739036560059e-01 1.659390628337860107e-01 3.246945440769195557e-01 2.465923025738447905e-04
6.187524857715828719e-14 2.570919692412854118e-11 8.036537546551869582e-10 5.875690374523401260e-03 5.753991727530660683e-10 6.574444425823909588e-15 9.999514818191528320e-01 7.240173727041110396e-05 4.410733112081288709e-08 6.818635100991343734e-10 3.344171998782147215e-13 4.122845709275679837e-08 1.184111397378728725e-06 3.630219907790888101e-06 3.345056393300183117e-05 1.153649282059632242e-05 9.996860027313232422e-01 5.558036377806274686e-07 2.474692628595676069e-08
9.254338961817154541e-10 7.460231737921318995e-11 4.911919829209132615e-12 1.000000000000000000e+00 3.366191769771376130e-10 3.085873799261898247e-15 1.663072407245635986e-02 2.007394687097985297e-05 4.471032051533985197e-12 9.249239707465051197e-10 1.059635218485409219e-18 7.914092465201760969e-16 1.785326588787938817e-07 1.165663979918463156e-05 1.481804611103143543e-05 1.099319038577739605e-10 9.986034035682678223e-01 9.954719271121348356e-10 4.344211956424367334e-17
6.089945600251667202e-05 2.529128551032044925e-06 1.629772896194481291e-06 2.399422973394393921e-02 2.482483105268329382e-04 9.684827327728271484e-01 4.694777727127075195e-01 3.415003448026254773e-05 1.088460092432796955e-03 5.454767378978431225e-04 1.101521318602749488e-09 4.414493105286965147e-06 3.114152641501277685e-04 1.491094706580042839e-03 5.988827347755432129e-01 2.708482043090043589e-06 3.847915679216384888e-03 2.169791841879487038e-03 6.929606115591013804e-06
8.187644416466355324e-04 5.293859794619493186e-05 1.015765804801560535e-10 3.293979489171761088e-08 1.022017211653292179e-03 1.478709018556401134e-04 7.283882498741149902e-01 9.339683310827240348e-05 2.289652125909924507e-03 8.801869153976440430e-01 2.591555130493361503e-06 7.102633118629455566e-01 1.002961620688438416e-01 7.660765077854847505e-11 3.131700010428062342e-09 3.464800491929054260e-02 8.136711585393641144e-06 6.590955308638513088e-06 1.060831826180219650e-03
3.182667423970997334e-04 2.770240037364146701e-08 5.172506303482982126e-13 1.000000000000000000e+00 2.085348591208457947e-02 8.868112466586808296e-09 5.140741541981697083e-02 1.021600084527563013e-07 1.963349404832115397e-06 1.665319615540283849e-08 1.129988897591305275e-11 1.259181914292639703e-07 4.660102490561257582e-07 2.941513344012491871e-07 2.755271270871162415e-05 1.609473110875114799e-05 5.333497747778892517e-02 1.290993145719454560e-10 2.033016116564922982e-11
3.476295387372374535e-04 8.096958103998019851e-10 3.740206592197167649e-16 1.000000000000000000e+00 1.402379274368286133e-01 8.165259579584471794e-10 3.035236150026321411e-02 6.022073950617823357e-10 4.267021722625941038e-07 3.620237443158202950e-10 2.705493164570360598e-13 1.826395958914872608e-07 1.194131815651644501e-08 3.478835441939054363e-09 2.281659362779464573e-06 1.650182639423292130e-05 1.062196958810091019e-02 1.709757660971200632e-12 5.055847233925714335e-13
1.121450914070010185e-04 5.837144954057293944e-07 1.576743835322858001e-12 1.000000000000000000e+00 1.998188527068123221e-04 1.808813376857898447e-10 2.684292383491992950e-03 5.283665700517303776e-07 1.580877722062723478e-07 2.054747927360267568e-09 1.329670661770476769e-11 2.088723985438356578e-11 4.190352740351954708e-07 2.277639396197628230e-05 8.829353532746608835e-07 4.489268405905022519e-07 1.318370085209608078e-02 1.882237421479970862e-12 3.433811178107926132e-12
1.703652613405624849e-14 2.480606831056775263e-10 2.047039447672371892e-11 1.627828893902005802e-08 2.954671576849143833e-11 2.782669673704512084e-15 9.999954700469970703e-01 1.531043206341564655e-03 1.340322196483612061e-03 6.241778205406944835e-10 2.402734722295463143e-08 4.307975487449766661e-08 3.755412478767539142e-07 1.631900522625073791e-05 6.445359758799895644e-06 3.799124533543363214e-05 9.999747276306152344e-01 1.544842496514320374e-03 1.054280655807815492e-04
3.597838138524878104e-10 2.763975999187096022e-07 1.783620717787925969e-08 1.783832090040959883e-06 3.449105534514274041e-08 2.111443311858529626e-11 9.999397993087768555e-01 6.425767205655574799e-03 3.843659535050392151e-03 2.000577126182179200e-07 5.917006546951597556e-06 1.001488635665737092e-05 3.067322541028261185e-05 1.093879400286823511e-04 2.987056504935026169e-04 4.372498078737407923e-04 9.995055198669433594e-01 2.395173505647107959e-04 3.730125026777386665e-03
2.599431780936356517e-09 1.040360871229495388e-06 8.379924310020214762e-08 7.429133347613969818e-06 1.852072699648488197e-07 1.355793394219872994e-10 9.999073743820190430e-01 7.005065213888883591e-03 2.544567687436938286e-03 6.854735374872689135e-07 1.236006664839806035e-05 3.951901817345060408e-05 8.556309330742806196e-05 1.373173145111650229e-04 7.080372888594865799e-04 7.124324329197406769e-04 9.988690018653869629e-01 8.024463750189170241e-05 5.493730306625366211e-03
3.989532415289431810e-04 4.920014742837430788e-11 6.950327260508385330e-16 8.047739267349243164e-01 9.750160574913024902e-01 1.054320275528652928e-08 3.079224824905395508e-01 2.076142036067096797e-10 3.823786176582189000e-09 2.140915748896077275e-04 5.538350336610660396e-15 9.931228756904602051e-01 7.240941357622432406e-08 1.771209264325723787e-12 1.394087734141180590e-09 2.930204570293426514e-01 2.181351301260292530e-04 2.289002732140943408e-04 1.456489551361628276e-13
1.068291440606117249e-01 4.368240386247634888e-02 4.707863088697195053e-03 6.081355363130569458e-02 2.594028040766716003e-02 1.962993107736110687e-02 1.392405331134796143e-01 1.972813457250595093e-01 4.739838652312755585e-03 9.418471455574035645e-01 1.184958033263683319e-02 4.347571432590484619e-01 1.940908282995223999e-01 4.013250116258859634e-03 8.897735737264156342e-03 2.082905769348144531e-01 4.218016564846038818e-02 1.006062105298042297e-01 3.890647785738110542e-03
4.415130615234375000e-02 7.927087694406509399e-02 9.902343750000000000e-01 1.945625841617584229e-01 6.099840626120567322e-02 3.799198893830180168e-03 5.049003362655639648e-01 3.528476953506469727e-01 1.506325230002403259e-02 5.163426697254180908e-02 1.183690736070275307e-03 3.315992280840873718e-02 1.480522751808166504e-01 1.628088951110839844e-01 4.848835617303848267e-02 1.650166958570480347e-01 3.817290067672729492e-01 2.153406292200088501e-02 1.137321349233388901e-02
9.775757789611816406e-03 6.554452180862426758e-01 9.999114274978637695e-01 9.921538233757019043e-01 5.348730483092367649e-04 1.720415275485720485e-05 1.745695481076836586e-03 7.820922881364822388e-02 5.345468139239528682e-07 2.838407090166583657e-05 6.738577503710985184e-04 9.876389412966091186e-07 3.021482378244400024e-03 9.927835464477539062e-01 1.018055062741041183e-02 2.572648599743843079e-02 9.895316325128078461e-04 1.377176307141780853e-02 1.436776801710948348e-05
2.023319939326029271e-05 7.822822567504772451e-07 2.830541312448531244e-08 7.798014283180236816e-01 7.578368240501731634e-05 9.996116757392883301e-01 2.428674051770940423e-04 2.287823235747055151e-06 7.710452191531658173e-04 6.082743198021489661e-07 1.166737366442571755e-11 1.241510561023062564e-09 6.770639174646930769e-06 1.358434528810903430e-04 1.858501583337783813e-01 1.915156033760467835e-08 7.969915168359875679e-04 2.715092618018388748e-03 2.586083951428008731e-07
5.139522162890541868e-13 3.492718701064712050e-12 2.036535079368907188e-16 1.069124788045883179e-03 7.680616363359149545e-06 9.807715750653756004e-10 9.999998807907104492e-01 2.911945962136286425e-10 2.219550196969066747e-06 8.847604940354081293e-12 3.987796043215273748e-17 1.173684367472560552e-07 5.191436258655812708e-08 1.264814386559010018e-07 1.476988254580646753e-04 1.454823859603493474e-06 1.393497688695788383e-03 3.053738595326649374e-09 6.084544673656822056e-11
1.533541653770953417e-04 1.115035032853484154e-03 7.816055440343916416e-04 6.330986070679500699e-05 9.810381568968296051e-03 9.997350573539733887e-01 3.061790717765688896e-03 9.432324077351950109e-06 2.080381661653518677e-01 5.180470761843025684e-04 1.100002805287658703e-06 4.614712670445442200e-04 2.064935397356748581e-04 2.655121497809886932e-04 6.587630603462457657e-03 3.992762649431824684e-04 2.151158987544476986e-04 3.073871601372957230e-03 1.591914147138595581e-01
3.078599087893962860e-02 5.436394363641738892e-02 5.497249215841293335e-02 1.888100802898406982e-02 7.881423830986022949e-02 9.153683781623840332e-01 1.376881897449493408e-01 1.554918754845857620e-02 3.344992995262145996e-01 4.523736611008644104e-02 4.409573506563901901e-03 4.790970683097839355e-02 3.518033772706985474e-02 2.458612062036991119e-02 1.206425130367279053e-01 2.983170561492443085e-02 3.411884605884552002e-02 7.653401792049407959e-02 2.968038320541381836e-01
2.020853459835052490e-01 2.118786275386810303e-01 2.064099162817001343e-01 1.253906935453414917e-01 7.227197289466857910e-02 1.249901354312896729e-01 5.555937886238098145e-01 2.875652015209197998e-01 2.562792003154754639e-01 1.950928568840026855e-01 6.214686855673789978e-02 1.898930668830871582e-01 2.296824902296066284e-01 1.028057113289833069e-01 1.480536609888076782e-01 1.144503727555274963e-01 2.172991633415222168e-01 1.800592094659805298e-01 1.933615356683731079e-01
1.684713757388323074e-10 2.081058880776254227e-07 1.055677989469927525e-09 4.809725796803832054e-04 1.457198050047736615e-05 1.403332472449392299e-08 9.999963045120239258e-01 7.081361400196328759e-05 7.488275412470102310e-03 2.839669832610525191e-07 3.564761072993860580e-07 1.941824157256633043e-04 7.073012966429814696e-05 1.313243701588362455e-04 7.349236402660608292e-04 4.866447299718856812e-03 1.149953231215476990e-01 7.981894304975867271e-05 3.947558798245154321e-05
2.375832549358219969e-13 6.908548400019753899e-09 1.322010903526127379e-11 5.970971983515482862e-07 5.444575634783177520e-08 3.936640180501882469e-10 1.000000000000000000e+00 4.618078492057975382e-06 1.620768308639526367e-01 4.499713657235560049e-10 2.283889344312228786e-08 1.452259311918169260e-06 1.151864353232667781e-06 7.053634908515959978e-05 3.187987895216792822e-04 6.945974746486172080e-05 4.610490798950195312e-02 4.891876596957445145e-05 8.097134559648111463e-05
3.564248505713574211e-13 2.419842548562201046e-09 6.994844287122603532e-11 2.343961932638194412e-05 1.242807101675680315e-08 9.158104830042645972e-12 9.999995231628417969e-01 1.350469683529809117e-04 4.867216921411454678e-04 5.365226041220694242e-09 1.710690966660877166e-08 1.179589503408351447e-06 5.445154329208889976e-06 2.606570888019632548e-05 1.564927515573799610e-04 7.703222945565357804e-05 9.642845988273620605e-01 3.904955065081594512e-06 1.235252602782566100e-05
9.908655229651230911e-09 1.553175543733686936e-08 8.639564619272732671e-09 9.979335069656372070e-01 1.942460414738889085e-08 1.523885601040220195e-10 8.545174598693847656e-01 6.246905541047453880e-04 1.472734645346918114e-08 6.296080528045422398e-07 7.393260672726095772e-14 9.193081296210436903e-10 2.808273347909562290e-05 3.282583202235400677e-04 2.870088443160057068e-03 5.094751145406917203e-07 9.966777563095092773e-01 1.444131612515775487e-06 7.869167123475406811e-11
2.051918208599090576e-02 1.027011079713702202e-03 2.518760629754979163e-05 4.359829425811767578e-01 2.883107634261250496e-03 8.070369251072406769e-03 6.360173225402832031e-02 1.957196183502674103e-02 2.813913488353136927e-05 9.947761297225952148e-01 2.118468364642467350e-05 1.766697764396667480e-01 3.667775169014930725e-02 7.792422547936439514e-05 7.441509049385786057e-03 1.892784796655178070e-02 1.409237738698720932e-02 1.362866722047328949e-02 6.451177341659786180e-06
2.653567818924784660e-03 7.842608029022812843e-04 8.414723197347484529e-06 3.179799998179078102e-03 2.675578696653246880e-03 1.945410185726359487e-04 8.025060594081878662e-02 5.630049481987953186e-02 3.552313864929601550e-05 9.960624575614929199e-01 1.052084262482821941e-04 6.375071406364440918e-01 2.529572322964668274e-02 2.619436236273031682e-05 1.211890266858972609e-04 2.398521900177001953e-01 1.092804688960313797e-02 1.307531353086233139e-02 1.253636673936853185e-05
2.046460956335067749e-01 1.095540821552276611e-01 1.541486568748950958e-02 9.399501234292984009e-02 6.903401017189025879e-02 2.758443914353847504e-02 2.885367274284362793e-01 2.742145657539367676e-01 2.235417626798152924e-02 7.705467343330383301e-01 3.340329602360725403e-02 4.790660142898559570e-01 3.219034671783447266e-01 1.403712574392557144e-02 1.814985275268554688e-02 2.503221631050109863e-01 9.278737008571624756e-02 1.560490131378173828e-01 2.207899838685989380e-02
1.166912764310836792e-01 2.680936083197593689e-02 7.260237180162221193e-05 2.440752141410484910e-04 8.620827575214207172e-04 5.775772966444492340e-03 8.602622151374816895e-01 9.718450601212680340e-04 5.579529404640197754e-01 4.734175279736518860e-03 8.375160396099090576e-04 4.594281315803527832e-02 1.965113217011094093e-03 6.935418059583753347e-05 2.765955869108438492e-04 6.326215225271880627e-04 1.475824508816003799e-02 3.404820105060935020e-03 8.460913300514221191e-01
7.725744247436523438e-01 6.426702439785003662e-02 4.811722785234451294e-03 7.549073100090026855e-01 1.206943914294242859e-01 2.362777292728424072e-02 1.860972493886947632e-01 4.822210595011711121e-02 8.970316499471664429e-03 2.883402258157730103e-02 1.500079873949289322e-03 4.989696666598320007e-02 9.618040919303894043e-02 4.397338628768920898e-02 2.332881987094879150e-01 1.184061076492071152e-02 9.206478297710418701e-02 2.114316076040267944e-02 3.187258029356598854e-03
5.034934878349304199e-01 3.963305149227380753e-03 2.461868575664993841e-08 1.006252477964153513e-05 5.652954336255788803e-03 2.059148528132936917e-06 1.020980700850486755e-01 1.267827465198934078e-03 1.049842394422739744e-04 7.438657283782958984e-01 2.181988566007930785e-05 7.890803813934326172e-01 3.608699440956115723e-01 6.511381211993239049e-09 3.205458565247454317e-09 2.709704264998435974e-02 2.604776636871974915e-05 7.055538299027830362e-05 2.779056085273623466e-04
6.091815885156393051e-04 4.295154009014368057e-03 3.236490542235515022e-08 1.922724023461341858e-02 6.914682307979092002e-05 4.643027932615950704e-05 1.081553008407354355e-02 3.852330520749092102e-02 1.022136643769044895e-06 9.995484948158264160e-01 8.458314368908759207e-06 2.669614255428314209e-01 1.043491344898939133e-02 3.744955756701529026e-05 8.619966138212475926e-06 6.388087570667266846e-02 1.164629356935620308e-03 2.623275620862841606e-03 2.843463562385295518e-07
3.192055523395538330e-01 1.584576517343521118e-01 2.184233069419860840e-02 1.014879569411277771e-01 6.978452205657958984e-02 2.578245662152767181e-02 2.554691731929779053e-01 2.747297585010528564e-01 2.224193140864372253e-02 7.110659480094909668e-01 3.299787268042564392e-02 4.612933099269866943e-01 4.055834710597991943e-01 1.590691320598125458e-02 1.519226562231779099e-02 2.235662937164306641e-01 7.149566709995269775e-02 1.633641868829727173e-01 2.452971599996089935e-02
7.987464070320129395e-01 3.873677253723144531e-01 9.375085234642028809e-01 6.408158540725708008e-01 2.021051347255706787e-01 7.540654391050338745e-03 1.156054511666297913e-01 1.725048571825027466e-01 3.394322702661156654e-03 3.254006057977676392e-02 3.327445313334465027e-02 1.266029179096221924e-01 3.063173890113830566e-01 3.389306962490081787e-01 4.370511695742607117e-02 1.364288777112960815e-01 4.215029627084732056e-02 7.634270936250686646e-02 1.086927764117717743e-02
1.125362352468073368e-03 2.081440994516015053e-03 7.852964997291564941e-01 3.239409029483795166e-01 5.539445206522941589e-03 2.251914265798404813e-04 9.056245088577270508e-01 8.233371376991271973e-02 1.857683178968727589e-03 1.622867421247065067e-03 2.719684380281250924e-05 3.385012038052082062e-03 4.270498082041740417e-02 2.612009644508361816e-02 8.166949450969696045e-02 1.558593008667230606e-02 7.420764565467834473e-01 5.436871200799942017e-03 1.335657085292041302e-03
2.822562528308480978e-04 5.254363641142845154e-04 9.203504305332899094e-05 6.113685667514801025e-03 2.532736689317971468e-04 1.278108393307775259e-04 3.286580741405487061e-01 5.341545864939689636e-02 5.512653733603656292e-04 8.767994642257690430e-01 2.671091933734714985e-04 1.110221967101097107e-01 1.091755833476781845e-02 1.204280648380517960e-03 7.546719862148165703e-04 9.582110494375228882e-02 3.192317113280296326e-02 4.547864198684692383e-02 2.300623164046555758e-04
9.941316246986389160e-01 9.847470521926879883e-01 1.000000000000000000e+00 8.098861575126647949e-01 3.830672312687966041e-07 8.871735811266656668e-12 5.980015771456237417e-08 4.163667559623718262e-02 1.144106989493288724e-15 4.126574992824316723e-08 9.837607706231210614e-08 2.000668018808937632e-06 3.411665558815002441e-01 9.996370077133178711e-01 2.897161177628504447e-09 1.511360169388353825e-04 8.986737465299654559e-10 2.312229771632701159e-04 2.292776558887599236e-11
9.984619617462158203e-01 9.897530078887939453e-01 1.000000000000000000e+00 8.482426404953002930e-01 1.132728328911980498e-07 6.787482902115282712e-13 8.051531885655549559e-09 2.475784905254840851e-02 3.073593714115952413e-17 9.411452950303100806e-09 1.720022169138246682e-08 1.007085757009917870e-06 4.093313217163085938e-01 9.997908473014831543e-01 1.906909213866825326e-10 5.522408537217415869e-05 7.608314672724603156e-11 9.817567479331046343e-05 1.699205121226399218e-12
9.909442663192749023e-01 9.805077910423278809e-01 1.000000000000000000e+00 9.241023063659667969e-01 3.339276304359373171e-07 8.525570006912008836e-12 2.965589906978038925e-08 2.656582929193973541e-02 4.616583672420113138e-16 3.069272835887204565e-08 9.048217464169283630e-08 7.832317692191281822e-07 3.060729503631591797e-01 9.997237324714660645e-01 4.674352460654063179e-09 2.077739045489579439e-04 5.112203993462571816e-10 3.036503621842712164e-04 1.629718408835412191e-11
5.373516160034341738e-06 1.567101571708917618e-04 4.002840432804077864e-05 5.568675114773213863e-04 7.530057919211685658e-04 1.112380996346473694e-03 9.982154369354248047e-01 4.255340434610843658e-03 1.183356791734695435e-01 6.420096615329384804e-04 7.265812746481969953e-05 5.995898041874170303e-03 4.191769286990165710e-03 3.273402573540806770e-03 8.216863498091697693e-03 8.721342310309410095e-03 5.444819480180740356e-02 1.241739280521869659e-02 1.340492628514766693e-02
7.237231329781934619e-06 7.974588697834406048e-06 3.702401727423421107e-07 8.595899998908862472e-05 5.963924527168273926e-02 5.113650786370271817e-06 9.850949048995971680e-01 3.471989766694605350e-04 6.788173923268914223e-04 7.219976279884576797e-03 3.290455651949741878e-06 8.404806852340698242e-01 1.160582620650529861e-02 1.229095232702093199e-06 5.350708761397982016e-06 3.539555668830871582e-01 1.652803085744380951e-02 2.072594652418047190e-04 4.353584154159761965e-05
3.402877701841333646e-10 1.568247682826040545e-07 2.084294542514797399e-11 1.159470670586415508e-07 8.389503847183732432e-08 2.636367036137898801e-12 9.970232844352722168e-01 3.938848376274108887e-01 3.358851330403922475e-08 7.983198761940002441e-01 2.722530645371534774e-08 7.479281425476074219e-01 1.227073720656335354e-03 2.032705879173590802e-07 2.490893393769511022e-07 3.162310123443603516e-01 8.222069740295410156e-01 9.326240615337155759e-06 7.169712290533425403e-08
8.684515884205268321e-10 1.699872242966193880e-09 4.382052942730751965e-09 9.596683382987976074e-01 1.089914647423029237e-08 4.689150543552011996e-12 9.922266006469726562e-01 9.846903412835672498e-05 7.333240681361985480e-09 7.773610199990343972e-09 3.033094879856951254e-14 1.824998041577430286e-09 6.082701474952045828e-06 6.706953718094155192e-05 1.893416745588183403e-03 4.634742367670696694e-07 9.992670416831970215e-01 1.512099316869353061e-07 3.048447050346680953e-10
1.000000000000000000e+00 4.081926454091444612e-05 8.093338651954144276e-23 3.112014042017108295e-07 9.998505115509033203e-01 1.007730757805034141e-24 1.071867649443447590e-03 5.331822697652970067e-14 6.596192976126509012e-17 2.069029761311032059e-18 3.541695222759710774e-17 9.787707924842834473e-01 1.301525553998317264e-10 1.200097207339390312e-17 1.654527280326604373e-26 5.435600201053603087e-07 3.166363005124850361e-12 5.130202076399551304e-19 3.471268351963667671e-19
6.897312687215162441e-06 1.004228096235237899e-07 4.137890388406645359e-13 3.628766307883779518e-06 6.323604679892014246e-07 2.146604742847557645e-07 9.447126649320125580e-05 2.798273344524204731e-04 4.017705265701998485e-11 1.000000000000000000e+00 3.146751470506359283e-10 5.055427551269531250e-01 1.548421860206872225e-04 7.465110127280460972e-12 8.181549882024796716e-10 1.736367680132389069e-02 1.569654159538913518e-06 1.258666816283948720e-05 1.775569166521939746e-12
9.999988079071044922e-01 3.205867856740951538e-02 5.133848164462593167e-17 1.455503570468863472e-05 3.210516646504402161e-02 3.461792156390599466e-16 3.417313200770877302e-05 3.644574235295294784e-06 3.319926256649397001e-13 1.121661898650927469e-05 4.823791973501689867e-12 8.544314503669738770e-01 2.257286198437213898e-02 2.999196594202779842e-12 1.252614464990681620e-19 2.577742270659655333e-05 4.585619106656224631e-10 2.975978907748810798e-10 9.755573085468149941e-13
9.999383687973022461e-01 1.847874559462070465e-02 9.510202175733954016e-15 7.175751961767673492e-04 2.219465747475624084e-02 2.549056614658401498e-13 1.887646794784814119e-04 3.054138142033480108e-05 2.382178655724320748e-11 1.894524553790688515e-03 4.421366606166543534e-10 7.736152410507202148e-01 2.888688817620277405e-02 1.190169490739023672e-10 1.899462490371822340e-15 2.368277782807126641e-04 4.443148071686664480e-08 2.064806103874161636e-08 7.227325682368501703e-11
9.999815225601196289e-01 2.772253938019275665e-02 8.505790506879804674e-15 1.128530688583850861e-02 1.247303211130201817e-03 2.903072611947984938e-14 3.280586042819777504e-06 3.929058220819570124e-05 8.055151868874982357e-14 3.635962493717670441e-03 1.346671732460613669e-11 4.009006917476654053e-01 1.668377071619033813e-01 4.429047684162412679e-10 5.967014652974748576e-16 2.708216015889775008e-05 2.523038444834924121e-09 5.530125690711429343e-08 2.090097626222808813e-12
5.089536681771278381e-02 1.304646283388137817e-01 3.928722441196441650e-02 1.766902655363082886e-01 3.236040845513343811e-02 1.811138167977333069e-02 6.838739514350891113e-01 4.267641603946685791e-01 1.114439815282821655e-01 1.224104389548301697e-01 3.766191378235816956e-02 1.038649603724479675e-01 1.997724622488021851e-01 3.379243016242980957e-01 1.712168902158737183e-01 1.616571992635726929e-01 3.966000676155090332e-01 6.263415813446044922e-01 3.805297985672950745e-02
3.493117392063140869e-01 1.708437800407409668e-01 2.217052690684795380e-02 1.015920192003250122e-01 7.039121538400650024e-02 2.347037754952907562e-02 2.515263855457305908e-01 2.727631926536560059e-01 2.192403003573417664e-02 6.876789927482604980e-01 3.150308877229690552e-02 4.622678458690643311e-01 4.301377832889556885e-01 1.586079038679599762e-02 1.407732628285884857e-02 2.198881506919860840e-01 6.793471425771713257e-02 1.628252118825912476e-01 2.441101707518100739e-02
1.045296201482415199e-03 9.979419246519682929e-07 1.086053202925540973e-07 6.615313142538070679e-02 1.521451175212860107e-01 4.329127989421976963e-08 9.956970214843750000e-01 2.074014446407090873e-05 2.310747731826268137e-05 7.966295356709451880e-07 1.615299716206664016e-08 1.101439744234085083e-01 1.767522189766168594e-04 9.016832336783409119e-06 2.519427100196480751e-03 6.840546615421772003e-03 7.007089853286743164e-01 3.376577660674229264e-05 2.198842366851749830e-06
6.491890047755077831e-08 2.819020572530916979e-09 4.315974932046079404e-13 6.506907753646373749e-03 3.324860334396362305e-02 1.032632790156640112e-04 9.999258518218994141e-01 7.897302811699091762e-10 5.950533319264650345e-03 7.638009114074861827e-10 4.363064163431795706e-12 6.853754166513681412e-05 2.542678316785895731e-07 5.038536414758709725e-07 1.478174584917724133e-03 9.036677511176094413e-05 1.495405158493667841e-04 4.444281785254133865e-06 1.920398347010632278e-07
4.382008644832069422e-10 1.983005093464385027e-09 3.862415216219355907e-13 7.553584873676300049e-02 9.838682308327406645e-05 1.981951811558246845e-07 9.999963045120239258e-01 1.105917490917818213e-08 1.972162281163036823e-04 7.631175552580415911e-11 3.498084254986016939e-13 3.393043357391434256e-07 2.421585065803810721e-07 8.010305464267730713e-06 3.816527547314763069e-03 7.794020348228514194e-06 2.884824527427554131e-03 1.401023723701655399e-07 1.231715796023991061e-08
5.531048397067195310e-10 1.295148988056382677e-10 3.407241529933616175e-14 9.158768057823181152e-01 1.844093058025464416e-04 1.686820572111003003e-09 9.999698400497436523e-01 5.191543195337544603e-09 4.734378308057785034e-06 1.493353773973637999e-10 1.462780668348793306e-14 7.752217356937762816e-07 2.272037136208382435e-07 2.356358947963599348e-07 6.472875247709453106e-04 1.477300884289434180e-05 1.342604961246252060e-02 1.599446441957752540e-08 2.909691931840541201e-10
2.490754239261150360e-03 5.344086718289675630e-12 4.787691900991730642e-21 1.767632397786655929e-06 9.988853335380554199e-01 3.399021298797211266e-12 9.992091059684753418e-01 3.382346487813005481e-17 5.919592455029487610e-03 2.815449425246779880e-15 6.759392714604170460e-14 8.594423532485961914e-01 1.232676829533707608e-12 4.524666303962036635e-16 7.891407145799167466e-12 1.068853889591991901e-03 4.196023155600414611e-07 2.641040441897501978e-10 9.411667889480668237e-09
1.364755723625421524e-02 2.518784312997013330e-04 1.141658685810398310e-06 2.094488881994038820e-04 3.062209188938140869e-01 2.384465460636420175e-06 4.581374824047088623e-01 1.422223635017871857e-03 9.121410403167828918e-05 1.261183172464370728e-01 9.873048838926479220e-06 9.792373180389404297e-01 3.829968720674514771e-02 9.280656172450107988e-07 8.899005621287869872e-08 3.420879542827606201e-01 2.533357357606291771e-03 5.294648581184446812e-04 1.194790274894330651e-05
4.220903664827346802e-02 2.508230390958487988e-04 1.962121984888653969e-07 8.675217395648360252e-05 5.463958950713276863e-05 2.777324880298692733e-06 7.162651745602488518e-04 5.806442815810441971e-03 7.333355966920862556e-08 9.995152950286865234e-01 2.290453949171933345e-06 4.134104847908020020e-01 2.316312491893768311e-01 1.662225557197416492e-08 2.380306263205511641e-08 3.028415516018867493e-02 9.717479770188219845e-06 2.032207325100898743e-03 3.946598496895603603e-07
2.193927173266274622e-07 6.336852570454354350e-11 1.941322130176795224e-13 9.876386262476444244e-03 9.016674160957336426e-01 3.001580373140910751e-10 9.997336268424987793e-01 5.816545578518628190e-10 1.321087329415604472e-04 2.907623919412571922e-09 1.074892397312510184e-10 7.885048389434814453e-01 5.426567284416705661e-08 4.421510380048232491e-10 1.279067163295621867e-07 2.432728707790374756e-01 4.605917725712060928e-03 2.919247781392186880e-04 2.468102699992869020e-08
2.667285203933715820e-01 8.257747140305582434e-06 6.838578592294197733e-09 9.980053305625915527e-01 2.878910303115844727e-01 4.090770089533179998e-04 1.502042710781097412e-01 4.024759618914686143e-06 3.826529791695065796e-05 3.934232154279015958e-05 1.511715974622518388e-09 2.369055524468421936e-03 1.127708092099055648e-04 2.882369244616711512e-06 1.497226208448410034e-02 4.303297610022127628e-04 1.198169589042663574e-02 4.164376150583848357e-06 7.498617549117625458e-08
4.521568715572357178e-01 5.184601992368698120e-03 3.452752821431204211e-07 1.035979366861283779e-04 2.180198393762111664e-02 1.280432334169745445e-04 9.860365986824035645e-01 2.397631396888755262e-05 4.209906458854675293e-01 2.051520095847081393e-05 1.910813589347526431e-04 1.478223651647567749e-01 2.179450966650620103e-04 1.780248931027017534e-05 2.552116930019110441e-04 3.067965444643050432e-04 4.459987860172986984e-03 5.687346492777578533e-05 1.722511500120162964e-01
3.983235995069073791e-24 2.965851950405817963e-18 4.757392296358494370e-23 3.265611392411216229e-11 3.663938591543999812e-14 2.506601791304259844e-19 1.000000000000000000e+00 5.004153758036977706e-10 7.907756047198510885e-12 1.021430010884893935e-12 2.675231045044615306e-22 1.362648660574450332e-09 8.805668727518423111e-08 1.683097237969999327e-11 7.136010449215746121e-09 1.194806600324227475e-07 7.873675972223281860e-02 1.102399828324315822e-13 2.626086400745429594e-14
1.431042250659128062e-21 8.849954392909330225e-15 8.736846823569518824e-22 9.414297813536975923e-11 3.059517049430748870e-12 2.514793174794734652e-17 1.000000000000000000e+00 3.221474420556091900e-09 3.372380152910636752e-10 3.305922480212331038e-10 2.974449717391482417e-19 1.432113094779197127e-07 6.027343033565557562e-07 3.163503486947050192e-11 1.099246249580687618e-09 7.788633411109913141e-06 3.093029139563441277e-03 4.881079264731913447e-13 8.237265036736829416e-13
2.211726480068892003e-23 1.011189123572265821e-16 2.151067651850646477e-23 4.042564547002136521e-11 2.939715799347292213e-13 7.033184842317607417e-19 1.000000000000000000e+00 5.018778170828852581e-10 2.953448596798580184e-11 1.159735068395617574e-11 2.634701315487630184e-21 1.503659063928353135e-08 1.239822040588478558e-07 1.033638365871558662e-11 1.110444514118569259e-09 1.028041310746630188e-06 8.062651380896568298e-03 7.850100777750945724e-14 5.291692309491134727e-14
1.674303473642169138e-09 1.107832250414608755e-12 1.687337983837896548e-21 2.617020142259285365e-11 3.909473189622758582e-09 1.517113795701519052e-10 7.589550477860029787e-06 4.702658600308495807e-07 6.128500637335833681e-15 1.000000000000000000e+00 1.061206286758734248e-15 7.983443737030029297e-01 1.405088823958067223e-06 1.816011865403237058e-20 1.107781385980247015e-16 6.158380303531885147e-03 1.239609942471631143e-10 3.708572782201713380e-09 1.029898096143643188e-17
4.487538518560540979e-08 8.217907604413099421e-11 2.290303263505957759e-18 2.530460285754543293e-09 1.143576611184471403e-08 1.332693511102434059e-09 7.621376880706520751e-06 6.091694103815825656e-06 4.875838095904846958e-14 1.000000000000000000e+00 9.202834756185870879e-14 6.340833306312561035e-01 8.470705324725713581e-06 3.511359862719431080e-17 2.713600320196438848e-14 7.037719246000051498e-03 2.824591227579276165e-09 8.707164056431793142e-08 3.255962885510008467e-16
1.769368318527142492e-09 7.945367454242902028e-13 5.041745098254460286e-22 1.017409975712091352e-10 2.146482123988047164e-11 5.740633662876248877e-12 4.960766375461389543e-08 5.169432029106246773e-07 2.548194810647687165e-18 1.000000000000000000e+00 8.121755562413157528e-17 4.438703358173370361e-01 5.447182616080681328e-07 2.944879626079845571e-20 4.553997532913125958e-17 1.047439989633858204e-03 2.188968103999933135e-11 3.507410806236066492e-09 1.032941951484306698e-20
5.805412683912436478e-08 2.723689703998388723e-06 3.403374293498018233e-08 1.384416967630386353e-02 1.495518790761707351e-05 1.618733076611533761e-04 9.998955726623535156e-01 5.618367868009954691e-05 4.873183090239763260e-03 1.334447290446405532e-07 7.221780062849347814e-09 5.811322125737206079e-07 4.030811396660283208e-05 1.307735592126846313e-02 1.286556124687194824e-01 1.176471232611220330e-05 6.956987082958221436e-02 1.083376046153716743e-04 2.070696245937142521e-05
2.391246380284428596e-04 2.637094894453184679e-06 7.387711331574564610e-09 9.656142592430114746e-01 1.874613314867019653e-01 1.858228445053100586e-02 9.260795116424560547e-01 2.592081727925688028e-06 1.758090965449810028e-02 2.635847977217053995e-06 2.621010430914338940e-08 3.198994381818920374e-04 3.390895290067419410e-05 2.524089359212666750e-05 2.655051276087760925e-02 1.443311222828924656e-03 8.074603974819183350e-03 3.316913498565554619e-04 9.872211194306146353e-06
1.116361971753576654e-07 1.107970248881429143e-07 3.247209445778054260e-10 2.765855460893362761e-04 1.024252735078334808e-03 6.012831330299377441e-01 9.929608702659606934e-01 1.179441078136278520e-08 4.068418592214584351e-02 1.201884813895048865e-08 2.082617411858223022e-11 1.359252109978115186e-06 3.805257620115298778e-07 6.822694558650255203e-05 3.807911416515707970e-03 3.938675490644527599e-06 7.058916526148095727e-05 1.751416712068021297e-04 8.645050002087373286e-06
3.522702911595843034e-07 6.889322012176846144e-13 1.274022653011887165e-16 4.093785173608921468e-05 8.592686653137207031e-01 8.077722934984876701e-10 1.585064828395843506e-01 6.381564165991449045e-10 1.938522953270904736e-11 9.322685003280639648e-01 1.774996848594094880e-16 9.999684095382690430e-01 2.041564783894500579e-07 2.330394313935710282e-14 2.364796726495033141e-13 6.996750235557556152e-01 3.915560853329225210e-07 2.302885832250467502e-06 4.504192564714834535e-15
1.436391414699755842e-07 9.786772087183592816e-13 8.144258550535329487e-22 6.093415431678295135e-04 3.945891857147216797e-01 2.332015006448195926e-12 6.250234437175095081e-04 4.172632031562706345e-11 7.812165020191710755e-17 9.999959468841552734e-01 4.245322255699711452e-19 9.999687671661376953e-01 9.665340527931221004e-09 1.559559709462577954e-17 6.067805750346497943e-16 4.639395475387573242e-01 8.904328385739290752e-10 6.115861594935267931e-09 4.751756800269340297e-21
6.768655866915343489e-14 3.253934142339660911e-19 2.602927814081507998e-33 1.772464723007616955e-14 1.345100599792203866e-07 4.112499145385808031e-17 3.823471161013003439e-06 2.215935768212773382e-12 6.396303207319253071e-23 1.000000000000000000e+00 1.996191196765426118e-25 9.999530315399169922e-01 1.905315662187323511e-11 2.896691321736976359e-28 5.502963019734351124e-25 7.968611270189285278e-02 1.814089107881819429e-14 1.274668711510537622e-13 1.037550750039394067e-27
3.323934834043029696e-06 6.648052663926762307e-10 4.348252733716688874e-19 8.787992596626281738e-01 3.038313144913123987e-13 4.758987870445707813e-09 9.258412786428138475e-11 1.642719809069603798e-07 6.951553368423011148e-22 1.000000000000000000e+00 3.249011590514357844e-18 2.887732407543808222e-04 6.892164492455776781e-06 9.942032277738405144e-16 2.707183435757265499e-11 2.385756125988791609e-08 2.628811578142542515e-11 5.489379617529266397e-09 6.065839907791308574e-23
1.641518809769593190e-09 4.469748478134506764e-14 1.537072747849797733e-27 7.653535576537251472e-04 8.398855897739593343e-19 4.448980517757911146e-13 7.940586597000691416e-15 1.352611800342629067e-09 1.830930892004628055e-29 1.000000000000000000e+00 3.247118329971138835e-24 9.511132520856335759e-05 2.059645609620019968e-08 2.268015239753266586e-22 6.180944999902438907e-17 6.018411324859584965e-10 1.684314215945098732e-15 7.962833517560774510e-12 9.443426026087951163e-31
3.370946899394766660e-07 3.742612122992206025e-12 3.111346927370916839e-22 9.858837723731994629e-01 1.712189646722764129e-15 5.795560142907163481e-10 1.642437054416578945e-12 3.459224018342865747e-09 7.416435124794917030e-26 1.000000000000000000e+00 2.954914169034907338e-22 2.758626033028122038e-05 4.666052859647606965e-07 7.110906215685207052e-19 1.758002380822243360e-12 2.270223453670894287e-10 2.908910634071004697e-13 7.687126629685181456e-11 1.440991280708726776e-27
4.812515899538993835e-02 1.015902087092399597e-01 9.871260523796081543e-01 2.442491501569747925e-01 5.785449221730232239e-02 3.665940370410680771e-03 6.265887022018432617e-01 3.996248245239257812e-01 3.201758489012718201e-02 4.068978875875473022e-02 2.685069805011153221e-03 3.864656016230583191e-02 1.543704867362976074e-01 1.700354218482971191e-01 7.857087254524230957e-02 1.494942605495452881e-01 5.122854113578796387e-01 2.703401818871498108e-02 2.510286495089530945e-02
4.226103797554969788e-02 9.982233494520187378e-02 9.918006062507629395e-01 2.587131857872009277e-01 4.020483791828155518e-02 2.879842650145292282e-03 5.838472843170166016e-01 4.079335331916809082e-01 2.389492280781269073e-02 3.459646925330162048e-02 1.777046243660151958e-03 2.220610715448856354e-02 1.455130875110626221e-01 2.088310569524765015e-01 8.265971392393112183e-02 1.241385191679000854e-01 4.955118894577026367e-01 2.564340084791183472e-02 2.033915370702743530e-02
3.841644152998924255e-03 1.738195866346359253e-02 9.965659976005554199e-01 2.772120237350463867e-01 7.915423251688480377e-03 1.320307783316820860e-04 7.157726883888244629e-01 2.962495088577270508e-01 4.665789194405078888e-03 4.657240584492683411e-03 1.251618232345208526e-04 3.713529556989669800e-03 5.884109064936637878e-02 1.293857842683792114e-01 3.887771442532539368e-02 5.993067100644111633e-02 6.838358640670776367e-01 1.108068972826004028e-02 3.603043267503380775e-03
2.349440835340423082e-19 9.166784446321620699e-17 8.042743005604296308e-15 9.558059573173522949e-01 1.241819783846258751e-18 1.123555023555837633e-21 8.872064352035522461e-01 2.830007133525214158e-06 4.307284033076489013e-16 1.856149375910678967e-14 2.710293726150905687e-26 2.508716013251157098e-19 1.818939998621260656e-10 1.449711817258503288e-06 6.494950866908766329e-06 5.709346298683748433e-13 1.000000000000000000e+00 1.917839043130697974e-08 7.838459437503546398e-18
1.098310591064551408e-22 1.794745924271551019e-19 1.567887102125271794e-17 9.992122650146484375e-01 9.455477348286650962e-21 1.487670102548738543e-26 9.995372295379638672e-01 2.996132408839002892e-08 1.417131925882864591e-18 5.950687282279421635e-18 1.354567185396045405e-30 3.961510276645525889e-22 4.176467765376612462e-12 2.104262186719552119e-08 1.686562995928397868e-07 9.807149057151735849e-15 1.000000000000000000e+00 1.005908342190629801e-13 3.050459941646219671e-21
2.603567577898502350e-02 5.533437361009418964e-04 2.572207449702546000e-05 1.173701882362365723e-01 5.968575477600097656e-01 1.560526550747454166e-03 3.919609785079956055e-01 2.848006086423993111e-03 6.569385295733809471e-04 4.313978850841522217e-01 3.576645758585073054e-05 9.258734583854675293e-01 1.098600029945373535e-02 1.619455433683469892e-04 3.335314686410129070e-04 4.276356697082519531e-01 1.741407625377178192e-02 2.734386920928955078e-02 5.291371780913323164e-05
9.251133799552917480e-01 4.438561499118804932e-01 9.996424913406372070e-01 1.969940774142742157e-02 3.077832795679569244e-02 1.732680102577432990e-04 1.394605636596679688e-01 3.600888252258300781e-01 1.218737568706274033e-03 1.016187947243452072e-02 5.680908216163516045e-04 3.973741829395294189e-02 5.344914197921752930e-01 6.902594864368438721e-02 4.709743661805987358e-04 2.781805209815502167e-02 2.614750713109970093e-02 4.051454365253448486e-03 1.212074048817157745e-02
1.000000000000000000e+00 4.930877126753330231e-03 8.087248068799282873e-18 6.391720846295356750e-03 9.901778101921081543e-01 2.625230541760359838e-21 3.152009230689145625e-05 1.348276823520677681e-09 4.255640963677986355e-16 1.385077486833533305e-15 1.181019041243680512e-12 4.001448154449462891e-01 3.850626910661958391e-07 1.242501934672901598e-11 1.092086738530911986e-20 1.198189920614822768e-07 3.332563114355480138e-10 3.962610709668749204e-16 4.500650008231621034e-17
9.999998807907104492e-01 2.719923619665109982e-09 4.872013785887107386e-23 1.000000000000000000e+00 9.988120794296264648e-01 8.886772905697971617e-20 1.694906313787214458e-05 2.419378301418326736e-15 3.686561017797347617e-17 2.466671380176645731e-16 3.972550194627247640e-18 1.846750848926603794e-03 5.150142465271123626e-12 3.640852539159994405e-14 1.141185670266997576e-13 2.054538981610676274e-06 5.603301360679324716e-07 5.757118747135887629e-18 6.844957535173950486e-21
5.473392084240913391e-03 2.053344022590053441e-10 6.840246991032114467e-17 1.000000000000000000e+00 8.850365877151489258e-01 1.756759161253285129e-06 1.521690981462597847e-03 3.625471667670354670e-12 5.593669243353360798e-07 2.561626688546425612e-09 8.551044089119812924e-15 2.007739203691016883e-05 3.432114148438358825e-09 1.688373746366877981e-11 4.623215943411196349e-07 2.386572887189686298e-04 5.562084334087558091e-05 5.091447818905692202e-10 5.133800828026335861e-13
3.449295181781053543e-03 1.766794349711275913e-10 6.976516063399610204e-17 1.000000000000000000e+00 8.302317261695861816e-01 3.961307356803445145e-06 1.376138650812208652e-03 3.330354655245448825e-12 9.045815545505320188e-07 1.361258883392224561e-09 5.631921642777369327e-15 6.226121968211373314e-06 2.981286773007241209e-09 2.008690783150690606e-11 5.868598123015544843e-07 1.231566566275432706e-04 4.580892345984466374e-05 3.777073931399144158e-10 8.190577664886344866e-13
4.781059760716743767e-05 2.775525920206689534e-10 2.069326054097726103e-14 1.000000000000000000e+00 3.277412429451942444e-02 1.318730711936950684e-01 7.994875777512788773e-04 1.231402063650577361e-10 5.288652391755022109e-05 1.133523608309872088e-09 1.140725210451375930e-15 4.386978780246408860e-09 4.378020079798261577e-08 1.000149962848695395e-09 5.191254604142159224e-05 5.954191237833583727e-07 4.834490391658619046e-05 6.042583322596328799e-08 4.523745961160230422e-11
2.292667031288146973e-01 7.084280368871986866e-04 6.831561449871514924e-07 9.999994039535522461e-01 7.544776890426874161e-03 2.609069997561164200e-05 2.541723661124706268e-04 3.043970209546387196e-04 6.931675500254641520e-08 9.468344971537590027e-03 7.850165850697976566e-09 1.587047881912440062e-05 4.025755915790796280e-03 1.208981499075889587e-03 7.161388639360666275e-04 3.188577538821846247e-04 1.976248109713196754e-03 1.127947871282231063e-05 4.494800531773535113e-09
1.339465528726577759e-01 1.992585457628592849e-04 1.298860183851502370e-07 1.000000000000000000e+00 3.238612553104758263e-03 1.113792222895426676e-05 8.446358697256073356e-05 9.742400288814678788e-05 1.273894145725762428e-08 1.874643960036337376e-03 4.269565256898033567e-10 1.110239509216626175e-06 1.311241299845278263e-03 7.123244577087461948e-04 3.943150513805449009e-04 6.984378705965355039e-05 9.544360218569636345e-04 3.026899548785877414e-06 4.351068949581815559e-10
2.723745107650756836e-01 1.360307505819946527e-04 1.883408451419654739e-08 1.000000000000000000e+00 2.193624153733253479e-03 1.169207280327100307e-06 1.446714577468810603e-05 1.989096926990896463e-05 4.667697339755250141e-09 2.145022517652250826e-05 1.606706850898476091e-10 3.715626561984208820e-08 2.760631323326379061e-04 1.049007754772901535e-03 9.570414840709418058e-05 2.360789039812516421e-05 2.752478758338838816e-04 5.047915578870743047e-07 3.154677907790670588e-10
9.390469789505004883e-01 1.458890140056610107e-01 8.308030664920806885e-04 3.512842059135437012e-01 2.696071006357669830e-02 2.016979997279122472e-04 1.235927361994981766e-02 6.214763969182968140e-02 1.708588752080686390e-05 2.733550071716308594e-01 1.597202208358794451e-04 2.654337286949157715e-01 5.457889437675476074e-01 2.515540458261966705e-03 3.085677453782409430e-04 1.463286299258470535e-02 1.974304905161261559e-03 2.319898828864097595e-02 5.015778515371493995e-05
9.999690055847167969e-01 1.672535901889204979e-03 1.110792230765711430e-12 8.217487561523739714e-07 9.282916784286499023e-01 4.432795276676504415e-12 4.422847926616668701e-01 1.385090353522855366e-08 2.495030821592081338e-05 2.379379138162107665e-09 3.360510802963290189e-08 9.462974667549133301e-01 6.943438620510278270e-06 1.625499561341836596e-11 4.332782234123949694e-14 5.333534209057688713e-04 7.892204507697897498e-07 1.520645276364973597e-10 1.556371671540546231e-06
8.227937817573547363e-01 5.380088623496703804e-05 1.518773551367758046e-09 4.131930880248546600e-03 9.259606599807739258e-01 5.340418738342123106e-07 9.355034232139587402e-01 2.296533665457900497e-07 3.435093909502029419e-03 7.311777494578564074e-08 2.645134600243181922e-07 4.563714861869812012e-01 7.619007647008402273e-06 1.661558854948452790e-07 1.086087195290019736e-05 4.182275850325822830e-03 2.754266140982508659e-03 2.079337946270243265e-06 3.085985736106522381e-05
1.552846282720565796e-01 7.979501783847808838e-02 1.216119714081287384e-02 8.474801480770111084e-02 5.161231011152267456e-02 3.183851391077041626e-02 2.346006482839584351e-01 2.508371472358703613e-01 1.534523535519838333e-02 8.604241609573364258e-01 2.566711232066154480e-02 4.643776118755340576e-01 2.709594368934631348e-01 1.024490687996149063e-02 1.746818795800209045e-02 2.433630675077438354e-01 7.443301379680633545e-02 1.436252146959304810e-01 1.447762083262205124e-02
4.750215776283539526e-10 7.907991578050263862e-17 8.657100392508941469e-20 3.480875534478400368e-07 8.845971226692199707e-01 5.297714307170298120e-13 8.909732699394226074e-01 7.402765032915592514e-12 9.054828935262104750e-12 5.104131530970335007e-03 3.868109543305689812e-19 9.999942779541015625e-01 7.188851736117385371e-09 2.271649985005223587e-16 4.408688170543813680e-16 8.992264270782470703e-01 1.734385932650184259e-06 5.694244919141056016e-06 3.407979094460349698e-16
5.492155175090829289e-09 1.892641762424318586e-06 4.320581581396254478e-08 2.282469040437717922e-06 2.721939438288245583e-07 6.779131422884887570e-11 9.999325275421142578e-01 9.066695347428321838e-03 1.260636374354362488e-03 1.526235223536787089e-06 1.369331221212632954e-05 1.868903200374916196e-04 1.577963557792827487e-04 6.377018144121393561e-05 4.064372624270617962e-04 1.200342085212469101e-03 9.987922310829162598e-01 1.898778828035574406e-05 6.704469211399555206e-03
5.049064755439758301e-02 3.968443349003791809e-02 7.420891430228948593e-03 7.598739862442016602e-02 4.779304936528205872e-02 2.527081593871116638e-02 3.924936354160308838e-01 2.195363342761993408e-01 2.650733850896358490e-02 7.959267497062683105e-01 2.290689386427402496e-02 4.317549765110015869e-01 1.745102107524871826e-01 1.003152597695589066e-02 2.113298699259757996e-02 2.546162009239196777e-01 1.120669469237327576e-01 1.316223144531250000e-01 1.659933477640151978e-02
8.780527710914611816e-01 4.589319527149200439e-01 3.559584915637969971e-02 1.653576642274856567e-02 2.120979689061641693e-02 1.082346076145768166e-03 8.923417329788208008e-02 2.582374215126037598e-01 1.042236015200614929e-02 5.835760757327079773e-02 3.350474173203110695e-03 2.071647942066192627e-01 8.399641513824462891e-01 9.862723760306835175e-03 3.971371916122734547e-04 5.366122722625732422e-02 9.279412217438220978e-03 2.791071496903896332e-02 1.319634355604648590e-02
9.922994971275329590e-01 4.269597530364990234e-01 5.861790268681943417e-04 1.471087743993848562e-04 7.233613869175314903e-04 8.863259495228703599e-07 4.565532784909009933e-03 6.704325973987579346e-02 8.379267092095687985e-05 2.553245518356561661e-03 4.860462013311916962e-06 9.708893299102783203e-02 9.862620234489440918e-01 8.603691094322130084e-05 5.514610279533371795e-08 3.786380169913172722e-03 4.445009108167141676e-05 9.117128793150186539e-04 1.634576910873875022e-04
2.613715641200542450e-02 2.407588064670562744e-02 2.876881277188658714e-03 4.248997941613197327e-02 4.909711703658103943e-02 1.937503367662429810e-02 5.409905910491943359e-01 1.622987687587738037e-01 3.071496635675430298e-02 7.209637165069580078e-01 1.358314137905836105e-02 4.507526755332946777e-01 1.596014499664306641e-01 4.521343857049942017e-03 1.302780862897634506e-02 2.606709301471710205e-01 9.721297025680541992e-02 8.281497657299041748e-02 1.670876890420913696e-02
9.994950294494628906e-01 5.688613164238631725e-04 8.519900757120169033e-11 5.278341770172119141e-01 9.785399436950683594e-01 2.232811158187075762e-10 2.497915923595428467e-01 5.271586474009382073e-07 1.147253442468354478e-06 2.208024652006201904e-09 7.857485684326093178e-07 4.345162808895111084e-01 1.994102149183163419e-06 3.438524345256155357e-07 2.832410643804905703e-07 2.422709483653306961e-03 5.032917484641075134e-03 2.810480204118448455e-08 8.569224441146161553e-09
1.374648325145244598e-02 1.094513223506510258e-03 1.414483180269598961e-03 9.733254313468933105e-01 5.725499708205461502e-03 4.181373417377471924e-01 5.952064320445060730e-02 9.920182637870311737e-03 5.989442113786935806e-03 3.586368402466177940e-03 2.945509777418919839e-06 7.540472142864018679e-05 8.334820158779621124e-03 1.422822941094636917e-02 4.485504627227783203e-01 3.867760242428630590e-04 3.959601372480392456e-02 3.368013352155685425e-02 1.526866253698244691e-04
1.127819623798131943e-02 1.421518065035343170e-02 9.537071920931339264e-03 4.418022185564041138e-02 2.486545965075492859e-02 9.774885177612304688e-01 3.977547585964202881e-02 1.014107093214988708e-02 9.973038733005523682e-02 1.079729758203029633e-02 3.135117876809090376e-04 2.288343152031302452e-03 1.629134826362133026e-02 6.612741202116012573e-02 5.148334503173828125e-01 2.074623946100473404e-03 3.183819726109504700e-02 6.167623773217201233e-02 1.511483360081911087e-02
1.508174932496331166e-06 1.616971140316891820e-11 1.371972934227443618e-15 1.000000000000000000e+00 2.799142482471511650e-13 6.298482568833918549e-12 1.139233691310379513e-15 8.665458572920670122e-09 4.590519165101415610e-25 1.558902746473522782e-13 1.347104330288451703e-32 6.135096857619572701e-30 3.199777554030447391e-09 1.083126943558454514e-02 4.981113477242615772e-08 6.268397181239505163e-17 1.097789428805562295e-10 4.943325620843097568e-06 8.475966648104698728e-28
7.373155863632518958e-09 3.775138025536445285e-13 3.609829711101884640e-23 1.000000000000000000e+00 1.774872609994204709e-11 1.338784707663807336e-17 1.558098788878581331e-11 5.177216728241562649e-12 4.522478227808070695e-22 1.964156071674379861e-14 5.589730132686930126e-32 2.647609598323159904e-27 2.166600059083645391e-11 2.486517018951417413e-07 7.563645022801157580e-12 1.029148471985323133e-16 1.458370064710834413e-07 1.829362398931129536e-19 1.567106174866527310e-29
8.734236359596252441e-01 3.939500153064727783e-01 9.999855756759643555e-01 1.187448576092720032e-02 8.978387340903282166e-03 3.124195791315287352e-05 2.166959792375564575e-01 4.575408995151519775e-01 2.368235494941473007e-03 2.527534728869795799e-03 9.947604849003255367e-05 4.377156961709260941e-03 3.204961717128753662e-01 5.431699007749557495e-02 1.768469519447535276e-04 1.364860311150550842e-02 6.873209774494171143e-02 6.200454663485288620e-04 1.977389864623546600e-02
1.366780837997794151e-03 2.427613026156905107e-07 4.532259116618586603e-12 1.364497705935718841e-07 8.752365112304687500e-01 1.380011980245399172e-07 9.381931424140930176e-01 1.593532950039389107e-08 1.751682721078395844e-03 5.470538599183782935e-05 6.222619752804803284e-09 9.949230551719665527e-01 6.729395681759342551e-05 9.514425705625662033e-12 2.164353245237560230e-11 1.434919685125350952e-01 1.013650489767314866e-05 4.480162374420615379e-07 2.247986913062050007e-06
9.886885285377502441e-01 3.455542922019958496e-01 9.999972581863403320e-01 3.939388785511255264e-03 3.698923811316490173e-02 2.718271161938901059e-06 5.058464407920837402e-02 1.567866057157516479e-01 2.299523293913807720e-05 3.536044096108525991e-04 2.044908251264132559e-05 1.707540825009346008e-02 3.288986086845397949e-01 5.777201056480407715e-02 9.492539902566932142e-06 5.428078118711709976e-03 4.509876016527414322e-03 2.497658424545079470e-04 1.106358482502400875e-03
1.254781428724527359e-02 4.264081828296184540e-03 2.008910290896892548e-02 8.077691197395324707e-01 1.305175246670842171e-03 5.892790481448173523e-02 1.000247001647949219e-01 6.379409879446029663e-02 9.264886029995977879e-04 4.498606175184249878e-02 1.746156158333178610e-05 2.337691112188622355e-04 3.280662372708320618e-02 1.124494075775146484e-01 7.407930493354797363e-01 1.064354204572737217e-03 1.743931621313095093e-01 1.952205747365951538e-01 6.225213292054831982e-05
5.856164442263889214e-10 5.874342895798023712e-14 3.805995515744922080e-24 4.575946566109934111e-10 3.373796425876207650e-05 5.579654034811032393e-13 1.462848886149004102e-04 2.921739072903051238e-09 3.547644967469682192e-17 1.000000000000000000e+00 1.017763025685245251e-18 9.995850920677185059e-01 1.408158745164200809e-08 2.309602815375846256e-20 2.293223211068269947e-18 1.757117062807083130e-01 1.230516938344194955e-10 5.570538474941599816e-10 1.281463035088322017e-20
9.994868040084838867e-01 2.452589797030668706e-06 2.260155165575831494e-15 7.484565867343917489e-05 9.974478483200073242e-01 1.460767609846348736e-14 3.592693805694580078e-01 1.200154142733111939e-10 8.333994605536076961e-10 4.046778745436796498e-10 8.561529306685966567e-13 9.910316467285156250e-01 9.772656994755379856e-08 1.036069084800646245e-13 1.581138509068591696e-15 3.664511255919933319e-03 1.141580241892370395e-06 1.678446548414314066e-10 8.727193230237406674e-13
1.810558751458302140e-04 2.818183384079020470e-05 7.008910179138183594e-01 9.284250381824676879e-07 7.074942550389096141e-05 5.756221711635589600e-02 9.654305577278137207e-01 1.509301483793024090e-07 4.412749111652374268e-01 1.502338250247703400e-06 2.236187901516473175e-09 2.864660054910928011e-04 2.137539695468149148e-06 5.004096692573511973e-07 2.648692861839663237e-05 4.694185008702334017e-06 1.583640259923413396e-04 5.863753813173389062e-06 2.204677164554595947e-01
9.632940636947751045e-04 5.829398651258088648e-05 7.294678944163024426e-04 9.459138512611389160e-01 1.456222683191299438e-02 9.358354210853576660e-01 6.212470307946205139e-02 6.374185613822191954e-05 2.180981636047363281e-02 3.258180640841601416e-06 1.275396677158369130e-08 1.057450958796835039e-06 1.964675611816346645e-04 1.256433082744479179e-03 4.760487377643585205e-02 4.342571264714933932e-05 1.298321783542633057e-02 2.392194001004099846e-03 1.675925705058034509e-05
1.291025429964065552e-02 7.685723248869180679e-03 1.287208795547485352e-01 1.378836631774902344e-01 9.277292340993881226e-02 5.644096136093139648e-01 6.503385305404663086e-01 7.185156457126140594e-03 1.453034281730651855e-01 2.388923661783337593e-03 1.037922411342151463e-04 5.195160862058401108e-03 9.324302896857261658e-03 3.015872649848461151e-02 8.469854295253753662e-02 1.156668458133935928e-02 5.900296941399574280e-02 2.359572984278202057e-02 6.839902605861425400e-03
4.450821961654582992e-06 1.503719158790772781e-05 1.034117862582206726e-02 9.999940395355224609e-01 3.998809177119255764e-07 1.238172142592475211e-08 4.977221135050058365e-03 1.358176022768020630e-02 7.165552595722601836e-09 1.060343583958456293e-05 1.302537504938028334e-12 9.770624413707462708e-12 2.590954827610403299e-04 7.990283519029617310e-02 2.353469282388687134e-02 3.886542572217877023e-07 9.001446366310119629e-01 1.098920684307813644e-02 4.696062289033520187e-11
9.999282360076904297e-01 9.442983269691467285e-01 1.081421214621514082e-04 9.866541028022766113e-01 2.192325191572308540e-04 1.377509217803662978e-10 1.343584358437510673e-06 1.469767373055219650e-02 1.911901192919174264e-11 2.262580210299347527e-06 3.215834567527053878e-07 9.104589698836207390e-04 4.141108095645904541e-01 2.073789536952972412e-01 1.398193366641820035e-10 1.171953772427514195e-04 1.874630015663569793e-07 3.976470179622992873e-05 1.150581518949422843e-09
8.487111699650995433e-06 1.905966055346652865e-04 9.982134103775024414e-01 7.274560048244893551e-04 1.889088707685004920e-05 1.647454872727394104e-02 9.875824451446533203e-01 1.841312623582780361e-03 2.663569152355194092e-01 1.677687941992189735e-05 3.326070441289630253e-07 7.876182280597276986e-06 1.828741951612755656e-04 6.126586347818374634e-03 3.788867965340614319e-02 1.190756956930272281e-04 8.739215135574340820e-02 1.073819119483232498e-03 3.103479556739330292e-02
7.896316237747669220e-03 2.328906339243985713e-05 1.153940224624117050e-12 6.838104687631130219e-03 5.699617444676619016e-10 7.634517018573205860e-09 6.770742544404129148e-08 1.051999046467244625e-03 2.014976185037153922e-15 9.999998807907104492e-01 1.063622454000601181e-10 2.291073650121688843e-02 1.075881160795688629e-02 4.890759464082350405e-10 5.278857906354517127e-11 1.159946405095979571e-04 1.459839005235608056e-08 1.297832059208303690e-04 1.419304940502436052e-13
9.911189787089824677e-03 2.476783120073378086e-04 3.633973330585682504e-12 9.999996423721313477e-01 1.202208608219734742e-07 1.814489181128919881e-08 3.782434276899948600e-08 3.918182046618312597e-04 3.481192651954071165e-16 9.984905719757080078e-01 8.428164172428684320e-14 2.619811539261718281e-06 4.019409418106079102e-03 8.143961313180625439e-04 6.836729937731433893e-08 1.648117631702916697e-06 1.947438931892975233e-06 5.456887447508051991e-05 3.055591947881083383e-16
9.996521472930908203e-01 1.051967032253742218e-03 7.639920597199423291e-13 1.000000000000000000e+00 1.009940635412931442e-02 1.565186104638890963e-13 6.229888160902419258e-09 2.141104999964227318e-07 5.209801164150588970e-14 2.645737318118790427e-08 1.080785808071915710e-11 1.753357636857799662e-08 5.269482062431052327e-05 5.240626051090657711e-04 2.119477926498802844e-10 1.859796429926063865e-05 2.855292393633135362e-07 5.161650620810753765e-11 2.787368588979405315e-13
4.442065656185150146e-01 2.926750108599662781e-02 9.386853889736812562e-06 9.999989271163940430e-01 9.145250543951988220e-03 4.992086178390309215e-05 1.506093249190598726e-04 2.867736853659152985e-03 1.541228925816540141e-06 4.154094203840941191e-04 1.607729814168123994e-06 6.468568699347088113e-06 9.547659195959568024e-03 2.573492527008056641e-01 2.878820232581347227e-04 2.077929675579071045e-03 5.612171371467411518e-04 3.526832733768969774e-04 1.393331672261410858e-06
7.120831869542598724e-04 1.903592346934601665e-04 2.238177876279223710e-05 9.999994039535522461e-01 8.285601325042080134e-06 3.512534021865576506e-05 1.054376189131289721e-04 2.141445130109786987e-02 2.345660332636612111e-09 6.798165122745558619e-05 1.182974291441540871e-11 7.256042294789821767e-11 6.443192833103239536e-04 7.417660951614379883e-01 5.277342721819877625e-02 1.941701157193165272e-06 2.833625068888068199e-03 7.925096154212951660e-01 7.338003815693383558e-11
1.370056904852390289e-02 1.269566109840525314e-05 1.232317714539021836e-07 1.000000000000000000e+00 2.360925864195451140e-04 4.531119338935241103e-05 2.366363332839682698e-05 4.439828262547962368e-05 1.694945517272117286e-08 5.119989964441629127e-06 3.366579367711231008e-12 6.013178843744526603e-10 1.211077033076435328e-04 1.063393312506377697e-03 9.470657096244394779e-04 1.682415131654124707e-06 3.637798945419490337e-04 2.515162668714765459e-05 1.731838283891562469e-10
5.401575937867164612e-03 1.817108481191098690e-03 2.379441366162637905e-10 9.986683130264282227e-01 7.102975274619893753e-08 1.927848387595076929e-07 6.813219783907698002e-07 7.312418427318334579e-03 4.374067297599482096e-14 9.998950958251953125e-01 2.287444400561611246e-10 4.391908005345612764e-04 1.153600309044122696e-02 3.041240270249545574e-04 2.148806572677131044e-07 5.079984111944213510e-05 7.373830158030614257e-06 1.227540662512183189e-03 1.421594368914910755e-13
6.395556556526571512e-05 2.364760293858125806e-04 2.376769892009633622e-10 7.192927002906799316e-01 1.821402122459403472e-07 2.389956250681279926e-07 2.390836161794140935e-04 1.527744717895984650e-02 1.972869784205855126e-11 9.999867677688598633e-01 6.965707566308765308e-09 2.373165823519229889e-02 1.974472310394048691e-03 3.105899668298661709e-05 3.251097723477869295e-06 3.148763440549373627e-03 5.102058639749884605e-04 1.132389297708868980e-03 1.283092902759630505e-11
6.221563580766087398e-06 1.884457788037252612e-06 3.427269579248104492e-11 9.706662893295288086e-01 6.059155111870495602e-06 1.701909440043891664e-07 2.096410840749740601e-02 6.256048218347132206e-04 4.546558685092350061e-10 9.993641972541809082e-01 2.980123786633370742e-11 1.204908452928066254e-02 6.842006696388125420e-04 1.304219040321186185e-06 3.175263918819837272e-05 1.329716993495821953e-03 6.153176072984933853e-03 4.680517304223030806e-05 8.111976368407880500e-12
2.762624248862266541e-02 2.461885660886764526e-02 2.995530376210808754e-03 4.449966549873352051e-02 4.927558451890945435e-02 1.956225931644439697e-02 5.218319296836853027e-01 1.662845611572265625e-01 2.956080809235572815e-02 7.370254993438720703e-01 1.380360033363103867e-02 4.541999399662017822e-01 1.606356501579284668e-01 4.639088641852140427e-03 1.317298598587512970e-02 2.622128129005432129e-01 9.740146249532699585e-02 8.552425354719161987e-02 1.611326634883880615e-02
1.673706574365496635e-04 5.618109977234553298e-09 1.392132530130332779e-16 1.000000000000000000e+00 5.136834846375393226e-10 4.187419508361323039e-12 1.606881945212523810e-13 5.258814272934841938e-09 1.331828312703861475e-22 1.387298098620703968e-08 4.567911012447924060e-27 2.571686147123715012e-21 5.611793199022940826e-07 2.045701112365350127e-04 1.031008833862756546e-09 6.563525764557986975e-13 8.707554677300777257e-10 6.345549086184121279e-11 2.354664506499343217e-25
1.469205290760555727e-08 4.379974996027158340e-07 2.433025088066642638e-07 1.888891603130105068e-07 8.248606900451704860e-05 6.778844152677265811e-08 9.949660897254943848e-01 3.033078974112868309e-03 9.833815965976100415e-06 1.851899772882461548e-01 8.146039931489212904e-08 5.956729054450988770e-01 3.523509949445724487e-02 1.430039375804881274e-08 7.378336874808155699e-08 2.638255953788757324e-01 7.611237931996583939e-03 2.578378826001426205e-06 2.556901563366409391e-06
6.610968112945556641e-01 8.831828832626342773e-02 5.414923653006553650e-03 9.983464479446411133e-01 2.423017658293247223e-02 2.085736021399497986e-03 4.437525756657123566e-03 4.733654484152793884e-02 5.609091022051870823e-05 6.612563133239746094e-02 1.547235297039151192e-04 1.835057046264410019e-03 1.629345417022705078e-01 1.713221520185470581e-01 2.772565558552742004e-02 1.339351572096347809e-02 1.362644229084253311e-02 4.578528180718421936e-02 6.736078648827970028e-05
8.808258920907974243e-02 4.838849902153015137e-01 1.946005970239639282e-02 7.314091920852661133e-01 1.778124645352363586e-02 9.136379696428775787e-03 2.286540120840072632e-01 4.414300322532653809e-01 6.309925578534603119e-03 3.549204394221305847e-02 5.907536484301090240e-03 5.869246553629636765e-03 8.589689433574676514e-02 8.399723172187805176e-01 6.051324307918548584e-02 5.230119451880455017e-02 1.233219951391220093e-01 1.409980356693267822e-01 2.317042322829365730e-03
9.846305251121520996e-01 9.947926402091979980e-01 4.375692697067279369e-06 1.450007781386375427e-02 1.359690031677018851e-05 5.356792343036431703e-08 1.645306870341300964e-02 8.689069151878356934e-01 2.478878595866262913e-04 1.035238801705418155e-05 1.060396432876586914e-03 4.900974454358220100e-04 5.418301373720169067e-02 2.197401598095893860e-02 3.809759618889074773e-08 8.916227961890399456e-04 1.328195678070187569e-03 5.447779549285769463e-04 1.041393261402845383e-06
6.400434071629490518e-10 2.493986572815742875e-09 4.584779500493851856e-10 3.058350458741188049e-02 2.172428681390670135e-09 1.216324653796618804e-05 9.952178001403808594e-01 5.512937423191033304e-05 3.719999313034350052e-06 1.387188697243857405e-09 1.004263471969697730e-13 1.114959687076311212e-11 1.608126808605447877e-06 6.151679903268814087e-03 7.559448480606079102e-01 1.112587799667608124e-09 9.764252305030822754e-01 2.862576002371497452e-05 1.969650753608220839e-08
9.515557289123535156e-01 2.475822475389577448e-05 1.771523119379808867e-20 3.760805279392001599e-14 3.077573040854986175e-08 5.523596987785928114e-13 9.991717338562011719e-01 2.400373126719250461e-14 8.918296694755554199e-01 3.531242138976598000e-12 1.460778997763867437e-10 1.503838226199150085e-02 1.036748117910768485e-11 1.747930407072951245e-17 6.101854621941548698e-17 1.312944458015108395e-11 3.261408565435885976e-08 4.325287415556100523e-13 9.818724989891052246e-01
2.928646214428454186e-09 2.356431494376920455e-09 1.323293696842142708e-09 4.091301262378692627e-01 8.145986107876979077e-10 2.065776993909196335e-10 6.386696696281433105e-01 6.902118329890072346e-04 4.124708130603949030e-09 3.545185123243754788e-08 5.351649367255940926e-14 1.699294316370725255e-10 4.858464762946823612e-06 7.825146894901990891e-04 6.655917316675186157e-02 4.137932307912706165e-08 9.999731779098510742e-01 2.787587582133710384e-04 1.122167692102493675e-09
1.094501021725591272e-05 9.238508937414735556e-05 3.543774597346782684e-03 8.311888575553894043e-01 4.572863872454036027e-06 7.416639618895715103e-06 1.277801096439361572e-01 7.234093546867370605e-02 5.178380888537503779e-06 3.875570255331695080e-04 5.347582821002561104e-09 1.002472799882525578e-06 2.012681448832154274e-03 9.998476505279541016e-02 1.584307700395584106e-01 4.306350456317886710e-05 9.773115515708923340e-01 2.220648974180221558e-01 7.084863113959727343e-07
2.059174701571464539e-03 7.394874934107065201e-03 1.000000000000000000e+00 9.993581175804138184e-01 1.321234958595596254e-05 8.942733842332017957e-08 3.300419484730809927e-04 4.787277430295944214e-03 4.220143332012149529e-11 4.906584217678755522e-05 2.237670969407190569e-06 1.347878963997573010e-08 1.774255782365798950e-01 9.053725600242614746e-01 1.416682302951812744e-01 3.804974956437945366e-03 2.966705687867943197e-05 4.380443394184112549e-01 2.561149514690441720e-08
1.089785151009436959e-09 5.654292181134223938e-07 2.440321077301632613e-05 7.213769777081324719e-07 6.362947260640794411e-06 3.618913524405797943e-06 9.999512434005737305e-01 4.315455153118818998e-04 8.027766831219196320e-03 3.814171941485255957e-05 8.773010762297417386e-08 5.390915903262794018e-04 2.182798460125923157e-03 1.871064341685269028e-05 1.612128107808530331e-04 2.916462486609816551e-03 2.170659601688385010e-02 2.671875699888914824e-05 3.520371683407574892e-04
9.999945163726806641e-01 2.244248986244201660e-01 7.190894146649263238e-17 2.831288814508781115e-10 2.271294943057000637e-05 8.170945338522792034e-14 8.065583109855651855e-01 4.942020126463830820e-08 4.144500494003295898e-01 2.767993834140725085e-09 3.464779467776679667e-07 1.959888637065887451e-01 1.408061507390812039e-06 1.129815235508327409e-13 1.451641259973602177e-17 1.054008613721180154e-08 3.636717167410097318e-07 1.614172229040533590e-12 3.658337146043777466e-02
2.365686214034212753e-06 7.834372013348911423e-07 2.613757647818015784e-11 2.893164641193379794e-08 4.310979507863521576e-03 7.019075006246566772e-02 3.983560800552368164e-01 6.658338861598167568e-06 4.005057271569967270e-04 9.704962968826293945e-01 7.224480569334446045e-09 4.461081027984619141e-01 1.177937374450266361e-03 2.169176123445470949e-11 9.218405594424439187e-09 4.279064387083053589e-02 2.617239260871428996e-06 4.731724402518011630e-06 3.787006789934821427e-05
9.257309436798095703e-01 2.128816704498603940e-04 7.412550018237595850e-10 1.016523805446922779e-03 1.961159110069274902e-01 5.942603820585645735e-05 9.417283535003662109e-01 4.990147317585069686e-08 1.957759708166122437e-01 3.049409613709030964e-08 8.969447549134201836e-07 6.315532326698303223e-02 8.052439284256251995e-07 4.184630029158142861e-07 8.791642903815954924e-05 1.760441955411806703e-05 2.846997231245040894e-04 1.478751869399275165e-06 5.541798658668994904e-03
2.551792375743389130e-02 2.290936000645160675e-02 2.667790511623024940e-03 4.180574789643287659e-02 4.805267974734306335e-02 1.887209340929985046e-02 5.284196734428405762e-01 1.611972302198410034e-01 2.877390198409557343e-02 7.396335601806640625e-01 1.279218681156635284e-02 4.554939568042755127e-01 1.565396338701248169e-01 4.196074325591325760e-03 1.223523356020450592e-02 2.623373866081237793e-01 9.458921104669570923e-02 8.147676289081573486e-02 1.540113426744937897e-02
2.045485749840736389e-02 2.716607647016644478e-03 1.655390519772481639e-06 9.713156223297119141e-01 3.688958240672945976e-04 2.014677447732537985e-04 8.089554030448198318e-04 8.462470956146717072e-03 1.646166047919450648e-08 9.996944665908813477e-01 6.302357746790221427e-07 1.107360124588012695e-01 2.249195799231529236e-02 7.469905540347099304e-05 1.138383813668042421e-04 1.065179798752069473e-02 6.686322158202528954e-04 1.308673527091741562e-03 9.528987376938857778e-09
9.558718375046737492e-06 1.939654430316295475e-05 1.322491298196837306e-04 9.559922218322753906e-01 1.137580852628161665e-06 8.599726483225822449e-03 1.502293907105922699e-02 1.056250184774398804e-02 1.799569190552574582e-06 1.177761238068342209e-03 1.804712490560689275e-10 1.088211298849728337e-08 6.074152770452201366e-04 7.134473323822021484e-02 9.030396342277526855e-01 1.927035555127076805e-06 1.110686361789703369e-01 5.830370187759399414e-01 4.325956037831701906e-09
1.443799934349954128e-03 4.115659976378083229e-06 6.334844471211908967e-08 9.410073161125183105e-01 2.688391506671905518e-01 9.701125621795654297e-01 3.342824429273605347e-02 7.686799108341801912e-07 5.968214944005012512e-02 1.354241976514458656e-05 1.314336905977597780e-08 9.774960926733911037e-05 4.674731462728232145e-05 6.580033186764921993e-06 1.570781576447188854e-03 4.578513617161661386e-04 1.883469056338071823e-03 2.552038524299860001e-03 2.325961031601764262e-05
1.537621869829308707e-06 7.159619170313616388e-14 1.647850150462526619e-19 9.999976158142089844e-01 1.603647348247250193e-07 1.234740352629160043e-06 2.590777057775994763e-06 5.370605696275454477e-11 3.546288205149457402e-19 1.000000000000000000e+00 6.962320688690553782e-24 2.510551130399107933e-04 2.723149350458697882e-07 7.274769599017650201e-17 6.340941922644560691e-07 9.551387236683694937e-09 8.989947453130753274e-09 1.215237077634157004e-10 8.238644878265114228e-25
1.590942488860491721e-08 1.626747917144247269e-13 2.617348660113949445e-23 1.717001032375264913e-05 4.049077392820343846e-11 3.255777158983619302e-08 1.147354637964781432e-07 3.891113209419927443e-09 5.308157060493264067e-19 1.000000000000000000e+00 5.170929283210879957e-20 1.928808726370334625e-02 5.329134182829875499e-07 5.847525946554533760e-21 9.372382427444425623e-13 7.249806230902322568e-07 6.459356487187317697e-12 9.082162105711333311e-11 5.515391322136577334e-22
9.995576739311218262e-01 9.069237709045410156e-01 1.106060835809330456e-06 1.999334199354052544e-03 4.090500995516777039e-03 1.381439318492994062e-07 3.827035799622535706e-02 1.514206081628799438e-01 5.637191701680421829e-03 1.473583506594877690e-05 3.507526125758886337e-03 3.922326490283012390e-02 1.394164264202117920e-01 3.945030330214649439e-04 7.330471785138570340e-09 4.706473846454173326e-04 5.451108445413410664e-04 2.535423118388280272e-05 2.211273531429469585e-04
9.938185811042785645e-01 3.081838190555572510e-01 2.929084235802292824e-03 2.213121188106015325e-04 8.351330645382404327e-03 6.059542101866099983e-06 8.012744784355163574e-02 4.440945386886596680e-02 3.623446449637413025e-02 3.275005379691720009e-03 3.130963305011391640e-04 1.542591154575347900e-01 6.430222988128662109e-01 7.533752796007320285e-05 7.470599712178227492e-07 4.704026039689779282e-03 1.431658281944692135e-03 2.002193359658122063e-04 1.058593690395355225e-01
9.843342900276184082e-01 3.010248765349388123e-03 1.753674516800224348e-13 2.258782050290619736e-10 6.699848427160759456e-07 2.402554821756552883e-09 9.610285758972167969e-01 6.494686122238135795e-09 7.506628036499023438e-01 1.550618691226191004e-07 1.050546885039693734e-07 2.120188437402248383e-02 5.698459517589071766e-07 1.273177418527338123e-12 3.690072065184318850e-13 1.001522953458788834e-08 5.340039479051483795e-06 2.385022401796277336e-09 9.672074913978576660e-01
4.712347072199918330e-05 6.981748447287827730e-05 3.308314955319247019e-09 1.187357156595680863e-05 6.220712326467037201e-03 3.214394301176071167e-02 4.832628071308135986e-01 6.333574419841170311e-04 3.332152264192700386e-04 9.844104051589965820e-01 7.919195468275574967e-07 4.794834554195404053e-01 7.485482841730117798e-03 3.033202133906343079e-08 1.616542363080952782e-06 8.534654974937438965e-02 1.104528637370094657e-04 6.848089833511039615e-05 3.505559652694500983e-05
6.109221462047287332e-11 1.374153568711733442e-09 9.303972946483581377e-16 3.070864360779523849e-03 1.482355946791358292e-05 4.826047117489906668e-08 9.999985694885253906e-01 1.335632604515524235e-09 1.617919951968360692e-05 1.007577132838832767e-09 3.552808122974119784e-15 4.072995807291590609e-07 2.169900170656546834e-07 5.160551381777622737e-07 4.087605702807195485e-05 2.647163682922837324e-06 9.903970931190997362e-05 1.995872578319790591e-09 5.285348825267988104e-10
5.560732763143505508e-09 3.332879111583864074e-11 5.504047517465628565e-20 2.642407181951966777e-09 1.869663313058822496e-09 3.606878337669705559e-11 5.014878297515679151e-06 5.384740688896272331e-06 1.586140556259483560e-15 1.000000000000000000e+00 1.097468995428464364e-14 7.504101395606994629e-01 2.068466073978925124e-06 2.650108838788201769e-17 9.390874715223609948e-15 9.439704939723014832e-03 5.822365256591410798e-09 6.063017821134053520e-08 1.180518255830566423e-17
3.233243894840143184e-09 5.042718953518487979e-07 8.164994236281586382e-10 5.154701909759751288e-08 2.671412039489950985e-05 3.602215292630717158e-05 9.999417066574096680e-01 1.913951928145252168e-05 4.469138383865356445e-02 1.164473578683100641e-04 1.054918072895816294e-07 3.216994693502783775e-03 1.102424692362546921e-03 4.675501088513556169e-07 9.768732525117229670e-06 3.941855859011411667e-03 9.125698707066476345e-04 3.861884033540263772e-05 1.001273514702916145e-03
7.000409671701571940e-15 4.541856474249428288e-12 1.402147530061312406e-15 2.950866019091336057e-06 7.094079990110913059e-08 8.839743713906500489e-06 1.000000000000000000e+00 7.158700715548249605e-11 2.544060989748686552e-04 8.092310865457849611e-14 2.327623047125420826e-17 6.790415452151421505e-11 2.407160248907302957e-09 1.673471160756889731e-05 1.498366007581353188e-03 1.130447557784464152e-08 3.639590795501135290e-05 5.457572882505701273e-08 1.765481427717929819e-09
3.265128833973562905e-09 3.921914876192644783e-13 1.073146867864530757e-14 1.000000000000000000e+00 1.424710944775142707e-06 1.530635752715170383e-03 1.691504754126071930e-02 1.664571813719817328e-10 1.701445171420346014e-07 6.904239549868074199e-13 2.587687124046179378e-21 4.469735687937003224e-16 4.261673236527485642e-10 4.021696309308708805e-09 2.378271892666816711e-03 5.597404484358747823e-12 1.282317563891410828e-03 3.304794216063555723e-10 8.645901614816927511e-15
2.904125904024112970e-05 8.411214947700500488e-01 3.739690782822435722e-06 2.629577219486236572e-01 8.333175571806350490e-08 6.253288802327006124e-07 7.622541189193725586e-01 1.084069535136222839e-01 1.545024315419141203e-05 2.154132062059943564e-06 2.876649432437261567e-06 3.356135991339215252e-08 5.976463580736890435e-05 9.984704852104187012e-01 1.718075327516999096e-05 3.696206113090738654e-05 7.087862584739923477e-03 3.452732635196298361e-04 8.334192358461223193e-08
6.617019418627023697e-03 9.939439892768859863e-01 5.339079507393762469e-07 1.716704368591308594e-01 1.170818553219987734e-08 2.305364121824027279e-09 4.007390514016151428e-02 7.067785859107971191e-01 3.773222260861075483e-06 2.793027817915572086e-07 2.238307934021577239e-05 1.415216388522821944e-07 2.301794738741591573e-04 9.614229798316955566e-01 2.242164498511556303e-07 3.795239172177389264e-05 1.276659034192562103e-02 1.907311234390363097e-04 2.622354111636582275e-09
1.747297119436552748e-06 9.438978433609008789e-01 3.904748080429953916e-09 2.740603089332580566e-01 1.356214272829614487e-11 5.378404319134055811e-12 6.374574303627014160e-01 1.312507241964340210e-01 1.488170937591348775e-07 2.635672347039985652e-09 1.669486380251328228e-07 5.333885416680672620e-11 1.269767608391703106e-06 9.992488026618957520e-01 2.825670009087843937e-08 4.706363938566937577e-07 1.813404820859432220e-02 3.558006210369057953e-05 3.196401129890169557e-11
2.678077220916748047e-01 2.173239551484584808e-02 1.633226056583225727e-04 9.372104406356811523e-01 6.701728701591491699e-01 6.301781628280878067e-03 4.583094418048858643e-01 5.591465160250663757e-03 5.615913122892379761e-02 1.463942974805831909e-02 8.457062765955924988e-03 2.710648775100708008e-01 1.020844746381044388e-02 6.371517200022935867e-03 1.782039925456047058e-02 2.554150819778442383e-01 1.243534907698631287e-01 9.080050513148307800e-03 2.637832658365368843e-03
2.861185669898986816e-01 4.300069063901901245e-02 1.966493437066674232e-04 9.648181796073913574e-01 6.033230423927307129e-01 5.070694256573915482e-03 4.394592940807342529e-01 7.801646366715431213e-03 9.013491123914718628e-02 1.251965854316949844e-02 2.374077960848808289e-02 1.778853088617324829e-01 1.132941897958517075e-02 1.181902736425399780e-02 1.695818267762660980e-02 2.122336775064468384e-01 1.142131164669990540e-01 3.983444999903440475e-03 4.474820569157600403e-03
