8.517706678867753567e-11 1.695718232497256395e-08 5.043079235461656040e-12 4.955321783199906349e-04 1.562368925078772008e-05 1.864874121793036466e-08 9.999979734420776367e-01 1.854564629866217729e-06 4.713969246950000525e-05 1.043435631231659499e-07 4.779696430312618816e-11 3.345088043715804815e-05 3.582940553314983845e-05 1.451337175240041688e-05 4.301771696191281080e-04 3.070596430916339159e-04 2.398673444986343384e-02 9.520512662675173488e-07 2.146363300425946363e-07
5.301733381202211604e-06 2.465390878114703810e-07 1.676163765076954526e-12 6.356800440698862076e-05 2.322406321763992310e-01 1.138654079113621265e-05 9.999071359634399414e-01 1.842763275305969728e-09 4.086752831935882568e-01 4.392186170321110694e-09 5.153680859848464024e-08 4.036143049597740173e-02 5.658968689203902613e-07 3.318270387353550177e-07 1.723449677228927612e-04 1.572927809320390224e-03 1.001640484901145101e-04 1.960679219337180257e-05 2.240657340735197067e-04
4.457856062799692154e-03 6.571859216819575522e-07 1.085728035254973634e-11 4.338896815170301124e-06 9.488379359245300293e-01 1.401222675667668227e-07 9.798418283462524414e-01 4.121727403827435410e-09 1.937658153474330902e-02 4.652545158023713157e-07 4.778535966920571809e-08 9.653431773185729980e-01 4.925298071611905470e-06 2.205830240686879051e-10 3.903824818962675636e-09 7.681360840797424316e-02 7.093987369444221258e-05 1.639157972022076137e-06 1.413509380654431880e-05
1.267675459384918213e-01 5.134005546569824219e-01 2.434653416275978088e-02 6.003682613372802734e-01 3.025098890066146851e-02 3.015778027474880219e-02 3.658781945705413818e-01 4.270362555980682373e-01 2.494003809988498688e-02 6.087547913193702698e-02 1.614382676780223846e-02 1.863427273929119110e-02 1.213743686676025391e-01 7.347119450569152832e-01 7.423831522464752197e-02 6.679763644933700562e-02 1.394007802009582520e-01 1.271291226148605347e-01 7.658388465642929077e-03
1.424561246743394349e-09 2.293789158613890322e-09 3.641671963983128535e-10 7.951229235914070159e-06 6.415507236567918881e-09 1.000000000000000000e+00 1.179187449906748952e-07 1.572625474288713576e-09 5.634641638607718050e-05 5.418278048452407347e-10 2.667861028088651301e-16 2.628276150320671412e-14 7.819725311719594174e-09 2.478084643371403217e-04 9.911728501319885254e-01 1.315018108511215034e-13 2.024990862992126495e-06 1.843765130615793169e-05 2.615645477987982304e-09
1.441561731096996368e-10 8.543586282883097738e-09 1.528618204238441081e-11 8.624400749113192433e-09 7.394663725790451281e-07 1.000000000000000000e+00 8.604552625968153734e-09 8.525955007103458438e-13 8.767990948399528861e-05 2.372488490387514304e-11 1.091650520311238172e-18 6.060537000637106209e-14 1.202544036571495667e-10 2.518024075470748357e-06 7.990896119736135006e-04 1.074397190138631775e-12 3.962979722160753226e-09 2.766583975244429894e-06 4.665322705932339886e-08
1.224564094570723682e-08 6.354584456857992336e-06 2.717903271332033910e-07 2.945424785139039159e-05 1.247075942956143990e-05 1.222766741193481721e-06 9.999829530715942383e-01 4.310301737859845161e-04 4.827821254730224609e-01 7.088100915098038968e-07 1.687466465227771550e-05 1.632681232877075672e-04 7.949436258058995008e-05 1.466428395360708237e-03 4.488080274313688278e-03 9.096000576391816139e-04 1.199683845043182373e-01 3.969229757785797119e-03 7.231295108795166016e-03
1.299254259734539119e-09 7.887671635634085909e-13 3.495231448019664455e-12 9.989144802093505859e-01 3.996079840362654068e-07 4.973320915518681523e-15 9.978883862495422363e-01 8.693954356431277120e-08 4.443683962462863235e-11 1.882434746275363224e-12 9.121921147746949669e-18 3.492824474093936260e-09 4.931399288921056723e-08 5.421301096930619678e-08 2.687122905626893044e-04 8.019747355092476937e-08 9.985954165458679199e-01 1.474810551460592478e-10 3.533551218553449003e-13
8.870092278812080622e-05 4.876537541831371669e-13 7.034231225792486997e-19 9.989535808563232422e-01 9.598265886306762695e-01 7.159800638652236149e-13 9.931152462959289551e-01 2.538233024370478708e-13 1.052592679684494215e-07 6.678515298294898650e-14 1.075971045117266045e-14 9.404380805790424347e-03 6.874221331054641837e-11 9.997020572471981836e-13 1.578941692059743218e-06 4.329765797592699528e-04 1.785742491483688354e-02 1.048123532410016878e-10 6.466835530613557204e-13
1.521334499120712280e-01 1.031691767607034738e-12 9.689093549669691300e-28 1.000000000000000000e+00 7.920755743980407715e-01 1.769679896018750763e-19 3.975624713348224759e-05 2.716444257139646803e-17 1.061797134591091485e-12 7.999403969287988993e-18 1.711567712781242659e-17 1.486454154209226886e-10 5.644935033462510771e-15 6.406210468785228374e-14 9.060594071894079171e-13 6.115316608656939934e-08 7.015324808889999986e-05 5.939986932238520881e-24 1.063785367795521023e-20
1.082422818043937696e-09 2.286808742368862113e-09 1.258550486049614392e-09 9.978843331336975098e-01 3.815850135868714688e-10 2.349338258655908618e-11 4.308114945888519287e-01 8.355129975825548172e-04 5.448269058128119013e-10 4.286934824904164998e-07 1.469488661071279012e-15 1.848679369309547127e-11 7.946817277115769684e-06 4.498515336308628321e-04 3.579198615625500679e-03 3.224931077738801832e-08 9.996292591094970703e-01 9.370781299367081374e-06 2.412727569817141315e-12
4.316959977149963379e-01 4.407843574881553650e-02 1.198124955408275127e-04 2.119347006082534790e-01 4.961572587490081787e-02 1.755265984684228897e-03 1.506902575492858887e-01 4.978124424815177917e-02 7.044005906209349632e-04 7.971426844596862793e-01 6.527611985802650452e-04 4.394220709800720215e-01 1.911912560462951660e-01 4.745732585433870554e-04 9.899876313284039497e-04 6.052889674901962280e-02 1.888865791261196136e-02 9.075503796339035034e-03 3.192373842466622591e-04
1.012647480820305645e-04 2.453906972732511349e-06 1.936283666736926534e-07 4.084651172161102295e-02 4.777786433696746826e-01 5.614696419797837734e-06 9.714511632919311523e-01 1.393954153172671795e-04 4.344975459389388561e-04 1.015912508592009544e-03 7.231631116155767813e-07 7.828754186630249023e-01 9.472029050812125206e-04 1.616359259060118347e-05 1.019480114337056875e-04 4.168039560317993164e-01 7.221483439207077026e-02 2.005208842456340790e-02 1.382213849865365773e-05
1.774035990820266306e-05 4.712819936685264111e-04 8.099953265627846122e-05 1.754340046318247914e-04 1.054411332006566226e-04 2.175168337998911738e-04 9.983471632003784180e-01 6.100617349147796631e-03 7.694280147552490234e-01 1.026244281092658639e-04 1.228684093803167343e-03 2.098266966640949249e-03 7.012535934336483479e-04 4.565845243632793427e-03 1.005642116069793701e-02 1.428005052730441093e-03 2.975978851318359375e-01 7.598923891782760620e-02 2.697959840297698975e-01
2.083909348584711552e-04 4.887957475148141384e-04 1.428976393071934581e-04 4.853731021285057068e-03 4.742309392895549536e-04 9.983206391334533691e-01 2.246381156146526337e-02 2.513456274755299091e-04 2.026739902794361115e-02 5.947099270997568965e-05 1.425145512712333584e-07 4.185250872978940606e-06 2.806280390359461308e-04 3.811899572610855103e-02 3.231884837150573730e-01 6.715547442581737414e-06 3.418497508391737938e-03 8.437401615083217621e-03 4.013790749013423920e-04
1.010809924650857283e-07 1.056200176208221819e-06 5.839527972284486168e-08 1.141007821559014701e-08 1.290158024858101271e-07 9.971633699024096131e-05 9.996966123580932617e-01 2.258145030964442412e-07 9.195451736450195312e-01 2.174700171053700615e-07 1.547758472497662297e-07 3.184868546668440104e-05 1.733526318048461690e-07 2.894443014156422578e-07 1.299501491303090006e-05 1.372083374917565379e-06 1.841330202296376228e-03 1.695535960607230663e-03 8.788750767707824707e-01
1.782803451533254702e-07 8.882662996256840415e-07 9.447643378734937869e-08 1.806029351428151131e-03 1.341892173513770103e-03 4.175965884201104927e-08 9.982831478118896484e-01 2.281899796798825264e-03 3.436709448578767478e-05 1.825062907300889492e-03 3.024903207915485837e-07 2.385500818490982056e-01 3.210425144061446190e-03 2.352976480324286968e-05 1.492856390541419387e-04 1.456338465213775635e-01 3.845657408237457275e-01 6.729162996634840965e-04 1.200836504722246900e-05
6.923568435013294220e-06 3.159292916166123177e-08 5.797018975961520937e-10 9.903894364833831787e-02 4.676699042320251465e-01 7.843688365483103553e-08 9.956136941909790039e-01 2.508606712581240572e-06 4.990167872165329754e-05 1.754801633069291711e-05 4.067853165423684914e-09 5.772498250007629395e-01 4.616431760950945318e-05 4.437660834355483530e-07 1.993705882341600955e-05 2.510005235671997070e-01 4.969872906804084778e-02 2.319928957149386406e-03 3.423489545184565941e-07
5.060379892896094134e-10 5.225552927650908841e-15 1.903014695089700660e-17 2.234704652437358163e-06 8.502200841903686523e-01 3.278708413708558700e-13 9.965632557868957520e-01 2.701287978024158321e-11 2.381226993364293776e-09 1.455151277696131729e-06 1.475852604892457782e-16 9.996871948242187500e-01 2.664210541070133331e-08 2.909724869902541311e-14 7.450295128009695733e-14 7.502373456954956055e-01 8.795063331490382552e-05 1.092334150598617271e-05 2.292092026161957063e-13
9.927232861518859863e-01 9.182911890093237162e-05 1.057831600093095403e-11 9.997034668922424316e-01 9.423342943191528320e-01 4.195010172569624274e-10 5.512509029358625412e-03 3.827626642305403948e-07 7.178137639840542761e-09 5.805202363262651488e-06 2.654880315589025486e-09 1.709949523210525513e-01 3.125438524875789881e-05 1.340332005383970682e-07 6.935523799711518222e-08 7.080027833580970764e-03 9.900969453155994415e-04 1.331593946218845304e-08 7.019650138939681483e-11
1.054278870151262315e-14 7.684568042662376364e-13 3.347554438509758867e-13 3.886306949425488710e-04 1.795346510347073377e-10 2.885373053833806441e-15 9.999951124191284180e-01 7.964669748616870493e-06 1.118517833909038472e-09 7.241902078014561539e-10 1.287949806958658787e-15 4.507474571369129990e-08 9.337464916825410910e-07 1.859991840547081665e-07 2.705335464270319790e-05 2.206943008786765859e-06 9.995471835136413574e-01 2.588819825177779421e-08 6.273442876292278925e-10
4.210942890495061874e-03 5.469168536365032196e-03 2.556296298280358315e-03 1.661754101514816284e-01 9.065543301403522491e-03 2.525620395317673683e-03 8.649165034294128418e-01 1.394041478633880615e-01 1.083214301615953445e-02 3.651723265647888184e-02 7.551551680080592632e-04 2.738227881491184235e-02 6.880448758602142334e-02 4.015428572893142700e-02 1.688925474882125854e-01 3.965546190738677979e-02 7.113981842994689941e-01 4.672690108418464661e-02 4.994807299226522446e-03
1.564065576530992985e-03 1.247009728103876114e-03 4.077627963852137327e-04 1.838971227407455444e-01 5.013655871152877808e-03 1.229374320246279240e-03 8.128443956375122070e-01 1.054462194442749023e-01 2.030073897913098335e-03 1.444085389375686646e-01 1.312185922870412469e-04 4.415316879749298096e-02 4.479711130261421204e-02 1.370502170175313950e-02 1.038350909948348999e-01 4.582537338137626648e-02 6.380903124809265137e-01 7.607308775186538696e-02 8.513906504958868027e-04
9.943048357963562012e-01 1.155439838767051697e-01 2.693850728974211961e-05 7.929772138595581055e-01 7.032733559608459473e-01 7.304148311959579587e-06 7.832268625497817993e-02 4.913025069981813431e-03 1.243860897375270724e-04 3.038733557332307100e-04 1.881291274912655354e-03 2.880150079727172852e-01 9.365808218717575073e-03 1.971092540770769119e-03 9.235514153260737658e-05 2.117396332323551178e-02 1.664936356246471405e-02 7.812578405719250441e-05 4.306761184125207365e-05
6.263865088840248063e-07 5.179194704396650195e-05 5.299119493429316208e-06 1.133527955971658230e-03 7.962626114021986723e-06 8.625668783679429907e-07 9.780886769294738770e-01 3.734477236866950989e-02 1.465847529470920563e-02 7.028275285847485065e-05 1.551043169456534088e-05 7.853578426875174046e-05 1.192929339595139027e-03 7.445424050092697144e-02 2.577372593805193901e-03 4.826056305319070816e-03 8.500434756278991699e-01 9.902210235595703125e-01 2.357605699216946959e-04
1.437576967189269084e-11 2.487971606512928702e-09 1.008444629885252297e-12 9.763704538345336914e-01 6.416601971981350516e-11 2.657455202073610856e-12 3.753227647393941879e-03 3.000594675540924072e-03 4.138289017019403104e-11 5.670551672665169463e-08 2.329106181963728404e-17 2.908902285714276559e-11 5.276791625874466263e-07 1.043471228331327438e-02 3.233159193769097328e-03 8.901920089954273863e-09 9.999645948410034180e-01 9.944825172424316406e-01 2.612045508273291849e-13
2.333457302938768407e-07 1.842021333686716389e-06 1.942014023370575160e-06 1.525515466928482056e-01 6.941717174413497560e-07 6.450700880122894887e-07 5.506380796432495117e-01 1.493580080568790436e-02 1.671509198786225170e-05 1.704411079117562622e-05 6.263378704574051881e-09 7.727195452389423735e-07 2.580403524916619062e-04 8.721807971596717834e-03 3.840776905417442322e-02 4.011186319985426962e-05 9.979308843612670898e-01 3.197565674781799316e-02 3.839896635327022523e-06
3.105120327528965163e-12 2.448887540021747209e-22 5.173394498014105204e-28 4.430750268511474133e-04 9.974601864814758301e-01 2.986033154024065812e-20 9.999861717224121094e-01 3.191849584476610574e-19 2.774496561316897036e-12 7.851579527870262282e-15 7.404424964031960007e-25 9.964132905006408691e-01 4.874747456281962321e-15 9.318441632002744008e-21 1.374633623533446985e-16 3.856974542140960693e-01 2.128480446117464453e-05 4.588628712554054800e-07 2.448919643757581573e-19
6.939027574759393246e-09 1.261016811804349658e-11 1.101988292284694637e-12 4.585805833339691162e-01 1.708705537021160126e-02 2.436674126360394155e-12 9.999504089355468750e-01 7.525580159040146100e-09 3.277072835317085264e-07 1.561702711594392667e-10 1.895899344635243455e-13 3.500546561554074287e-03 2.033151815794553841e-07 3.430359996059451078e-09 1.437542778148781508e-05 2.067502820864319801e-03 3.234350979328155518e-01 6.041781830390391406e-07 4.720383528500349257e-10
6.450796341539444256e-09 6.643660555027963710e-08 6.305911881554493448e-08 9.848552346229553223e-01 5.080413956193297054e-08 5.622587395670564092e-10 9.777398705482482910e-01 5.653201369568705559e-04 2.018541920278948965e-07 9.783659749018625007e-08 1.962600221228072428e-12 1.651770054067469573e-09 2.938318539236206561e-05 5.639502196572721004e-04 3.869006875902414322e-03 9.654773975853458978e-07 9.936969876289367676e-01 9.207432185576180927e-07 2.228498052758709491e-09
1.139200478792190552e-02 3.109696262981742620e-04 4.598578470904612914e-06 9.229839444160461426e-01 4.573013484477996826e-01 4.010107740759849548e-02 7.753245830535888672e-01 2.768214035313576460e-04 5.729643628001213074e-02 5.382215604186058044e-04 2.537162254157010466e-05 2.009145542979240417e-02 1.491752336733043194e-03 5.439282977022230625e-04 4.777840897440910339e-02 3.226269409060478210e-02 4.410608857870101929e-02 6.577609106898307800e-03 4.967642016708850861e-04
2.601238691113394452e-08 1.451896537218999583e-06 6.918663757460308261e-07 1.175178098492324352e-03 5.187332135392352939e-06 3.218047162079074042e-09 9.996095299720764160e-01 2.917662262916564941e-03 2.902823325712233782e-04 2.854434569599106908e-06 1.701029759715311229e-06 2.652942785061895847e-04 3.089103265665471554e-04 2.283901412738487124e-04 1.664096140302717686e-03 1.751560252159833908e-03 9.886575341224670410e-01 6.412925722543150187e-05 4.871988494414836168e-04
4.498237893280077060e-10 5.169200676391483285e-07 1.929210680096105079e-10 9.303767569690535311e-07 9.031928698277624790e-07 7.600253759676434129e-10 9.999788999557495117e-01 3.106908872723579407e-03 2.762337862804997712e-05 7.146971765905618668e-04 1.159076106205247925e-07 9.507722221314907074e-03 4.697012249380350113e-03 2.153826017092796974e-06 1.123055608331924304e-05 1.575651019811630249e-02 3.145114779472351074e-01 2.608296654216246679e-06 9.110721293836832047e-06
6.241016592412051978e-10 1.882663696051167790e-07 1.271084903997632409e-10 3.407629662888211897e-07 3.554530167093616910e-06 3.791005731557106628e-09 9.997288584709167480e-01 4.372915718704462051e-03 1.173159307654714212e-05 6.696976721286773682e-02 1.275684269330668030e-07 2.110314518213272095e-01 7.663745898753404617e-03 7.393410328404570464e-08 6.709759077239141334e-07 1.513585001230239868e-01 5.305425077676773071e-02 5.502881322172470391e-06 3.628562126323231496e-06
2.651898145522579853e-10 2.834758845438045682e-07 1.343457116387281047e-11 1.122935131547819765e-07 4.003151730103127193e-07 1.925524184542837247e-09 9.958931207656860352e-01 1.967307925224304199e-02 9.495188351138494909e-07 9.665459394454956055e-01 2.799101572747986211e-08 5.979406237602233887e-01 1.583200297318398952e-03 4.113370977165686782e-09 2.803017729036128003e-08 2.792302370071411133e-01 1.278454158455133438e-02 4.083565727341920137e-06 2.140306776254874421e-07
2.832945683595156083e-11 7.313132738273608879e-11 3.175613594243349713e-14 6.925305115146329626e-06 5.028949453844688833e-05 2.021263032978264790e-14 9.999996423721313477e-01 1.076245794706665038e-07 9.097692554860259406e-08 9.743315043664324548e-10 1.290496897711490565e-12 1.267993543297052383e-02 8.832159437588416040e-06 6.176998468276906351e-09 1.089073975890642032e-06 1.259901677258312702e-03 4.792031347751617432e-01 8.624335912088554323e-09 6.282354636510945056e-09
1.123221636589732952e-06 1.898886466733529232e-06 8.279606333871925017e-09 1.479284837841987610e-03 2.090547000989317894e-03 7.214624275775349815e-08 9.991405010223388672e-01 2.767482947092503309e-04 2.874596066249068826e-05 2.948409819509834051e-04 4.444250123469828395e-08 8.789729326963424683e-02 3.062731120735406876e-03 7.454199931089533493e-06 1.840067416196689010e-04 2.770417742431163788e-02 1.821616441011428833e-01 4.023104338557459414e-05 2.784054913718136959e-06
9.933990240097045898e-01 4.102087318897247314e-01 1.794459603843279183e-05 2.587307477369904518e-03 8.668241649866104126e-02 5.058260740042896941e-06 2.984983623027801514e-01 3.227046504616737366e-02 8.421913534402847290e-02 2.342378429602831602e-04 3.487116843461990356e-02 2.471085041761398315e-01 5.477742105722427368e-02 3.128316893707960844e-04 3.098348997809807770e-06 5.739948246628046036e-03 1.550015434622764587e-02 1.185034343507140875e-04 2.709012106060981750e-02
1.139690772311574563e-10 1.075627031887904650e-09 2.827658083810052903e-13 2.110340210492722690e-05 2.992954396177083254e-04 1.078351452576953307e-08 9.999971389770507812e-01 6.759439230563657475e-08 3.063706026296131313e-05 7.993099870873265900e-08 2.150776085008132554e-12 9.853082010522484779e-04 1.894707202154677361e-05 7.805810042782468372e-08 1.377213993691839278e-05 1.157142920419573784e-03 2.594536868855357170e-03 3.135709789603424724e-07 3.471850362757322728e-08
8.683849573135375977e-01 7.569795707240700722e-05 5.828953856049090554e-13 1.000000000000000000e+00 4.799740314483642578e-01 3.355960231932186844e-10 1.181252628157380968e-05 1.944705729783891002e-07 1.203278171546529052e-10 4.347654976299963892e-05 2.584297012497849266e-11 1.606586738489568233e-04 6.163743091747164726e-05 7.686354365432634950e-06 1.626450973901683028e-08 2.796008950099349022e-03 3.693894177558831871e-05 7.925173850509281692e-10 2.765409429228427030e-12
5.393791635555089670e-09 2.186622083399925032e-08 7.365625470656667062e-12 3.829100634902715683e-03 2.353165764361619949e-03 3.138623250187322355e-10 9.999805688858032227e-01 9.321965421804634389e-07 3.484518674667924643e-05 1.367549913311449927e-07 5.204796593716309872e-10 1.178348809480667114e-02 2.908682654378935695e-05 7.265171007020398974e-07 3.198763806722126901e-05 1.388281490653753281e-02 4.304132983088493347e-02 1.336843524768482894e-06 1.607556470162307960e-07
9.994831634685397148e-04 7.753618061542510986e-03 4.828032106161117554e-02 4.080973193049430847e-02 3.446788294240832329e-03 2.436181384837254882e-04 9.436405897140502930e-01 2.468629628419876099e-01 2.835998311638832092e-02 2.070656791329383850e-02 2.898837905377149582e-03 2.671973407268524170e-02 5.925249680876731873e-02 4.492848366498947144e-02 5.104672536253929138e-02 7.505456358194351196e-02 7.463875412940979004e-01 3.184777498245239258e-02 1.612910442054271698e-02
8.385094929508341011e-07 1.398430299559549894e-06 1.243257315763912629e-06 1.847107410430908203e-01 1.486312504857778549e-02 1.419979298589169048e-07 9.968045949935913086e-01 7.230381597764790058e-04 3.407273907214403152e-04 9.289720765082165599e-05 4.903042167825333308e-07 5.873492732644081116e-02 3.843611630145460367e-04 9.525900532025843859e-05 4.366907523944973946e-04 1.425978541374206543e-01 4.178908169269561768e-01 1.638648472726345062e-02 1.825732761062681675e-05
2.346662768104579300e-06 2.879880776163190603e-05 7.728380296612158418e-05 6.360772252082824707e-02 4.375089192762970924e-04 3.644841513050778303e-07 9.944485425949096680e-01 1.608800515532493591e-02 7.209871546365320683e-04 3.037586284335702658e-04 7.656205525563564152e-06 6.527834571897983551e-03 3.005567006766796112e-03 2.123035723343491554e-03 4.070852883160114288e-03 2.609591372311115265e-02 8.545211553573608398e-01 4.012307152152061462e-03 2.916143275797367096e-04
2.088710971293039620e-06 9.082500973534024524e-09 6.894774329377004185e-14 1.431008102372288704e-03 4.523499906063079834e-01 9.947545528411865234e-01 4.793007671833038330e-02 1.162359184597727690e-11 7.013207674026489258e-02 2.368254286011506338e-07 7.920239117331639989e-12 1.629084290470927954e-04 2.667281506774088484e-08 2.022571665705186206e-09 2.417120583686482860e-07 1.122165485867299139e-04 5.188892941987433005e-07 5.545332533074542880e-05 1.426509584234736394e-06
8.021022193133831024e-03 2.393678296357393265e-03 1.161543623311445117e-04 2.976701827719807625e-03 2.499305158853530884e-01 1.656976044178009033e-01 5.406117439270019531e-01 7.504526991397142410e-03 3.907942771911621094e-02 5.113226175308227539e-01 6.330186733976006508e-04 6.271941065788269043e-01 4.785695672035217285e-02 1.161111722467467189e-04 1.028151134960353374e-03 2.741752266883850098e-01 1.280005369335412979e-02 1.363088469952344894e-02 6.938267033547163010e-03
4.916241596220061183e-05 1.860617345958437419e-12 1.088445542853452462e-16 9.718999266624450684e-01 9.408503770828247070e-01 1.431848318134143483e-06 8.837912678718566895e-01 2.207456873543067744e-12 1.290830368816386908e-06 6.565345245235221228e-08 1.958471596507664809e-16 1.210556998848915100e-01 1.296675211648334880e-08 3.420089732253384085e-13 2.891708390961866826e-06 1.556462026201188564e-03 9.673128806753084064e-05 6.072420433156366926e-07 4.004276944746809619e-12
2.109490360169274936e-08 3.652328141529395666e-14 1.637986357699955614e-18 1.023113782139262185e-06 9.588806033134460449e-01 1.494447860750369728e-05 9.959922432899475098e-01 2.272718654711038816e-14 2.125287574017420411e-04 9.209094997686406714e-08 7.005294404829269083e-16 7.758181095123291016e-01 4.707941592130282515e-09 5.373071973986480974e-16 6.886635706138122259e-11 1.576771773397922516e-02 1.981798618544416968e-07 2.094270854513524682e-07 4.287813160086528796e-10
1.825959050627545821e-09 7.304794416995719075e-05 1.724199165664686006e-07 2.692733192816376686e-03 4.767929695503880794e-08 1.293134627156078409e-10 9.995986819267272949e-01 3.509198501706123352e-02 5.492340642376802862e-05 9.952684195013716817e-06 1.942112817232555244e-07 2.665217380126705393e-06 2.412205940345302224e-04 6.010709702968597412e-02 2.988229971379041672e-04 1.619131653569638729e-03 9.704557657241821289e-01 1.196524943225085735e-03 4.214437012706184760e-06
1.869790502713030572e-14 1.180533726330423860e-10 4.322351396073009777e-13 1.506118962879554601e-08 1.050326978169202619e-10 4.363682080743081296e-15 9.999436140060424805e-01 1.539352685213088989e-01 1.693312823292103531e-09 4.671083390712738037e-01 1.833488395830418227e-11 6.978048384189605713e-02 1.487300687585957348e-05 2.593569270459283871e-08 4.239512207959705847e-08 9.414651989936828613e-02 9.166677594184875488e-01 4.147532308707013726e-06 1.111639669204578240e-09
2.104228364326694769e-17 4.064541400932569770e-13 5.221007854735060672e-16 3.877634324744860805e-10 2.196553702815684517e-12 2.133105404947043476e-17 9.999382495880126953e-01 1.296432316303253174e-01 5.140014715937502032e-12 9.888216257095336914e-01 2.811362152463098979e-14 4.115767776966094971e-01 9.669525979916215874e-07 9.332540990003579395e-11 2.860022496609104792e-10 1.776435822248458862e-01 5.875790119171142578e-01 4.764081040775636211e-07 1.343740873779863954e-12
3.083201879569563708e-12 9.769492853584083036e-11 6.715878566137419139e-18 1.000000000000000000e+00 3.962674914766151080e-14 1.612924025910517705e-18 1.515750909675261937e-06 1.614621578482910991e-05 3.267942446013246435e-18 2.471198592979284570e-11 1.271122930722110946e-26 1.731570764337432287e-25 1.915706704380681913e-09 8.032799698412418365e-03 2.069415927508089226e-07 3.140453426009413157e-15 1.892718225717544556e-01 1.402405969130882113e-09 9.276146359164670981e-25
1.245637331157922745e-02 7.557472586631774902e-01 9.999158382415771484e-01 5.478997826576232910e-01 4.280919092707335949e-04 2.552137448219582438e-05 3.092963434755802155e-02 2.274540215730667114e-01 8.536327186448033899e-06 1.318043505307286978e-04 1.390426885336637497e-03 1.107891512219794095e-05 7.849792018532752991e-03 9.828897118568420410e-01 1.460239477455615997e-02 1.560210809111595154e-02 4.936919081956148148e-03 5.901634227484464645e-03 6.816419045208021998e-05
2.213796251453459263e-04 1.955051906406879425e-03 5.234238505363464355e-01 1.599504351615905762e-01 2.069389447569847107e-03 7.119760994100943208e-05 9.455087184906005859e-01 1.219996511936187744e-01 5.590707529336214066e-03 1.795399584807455540e-03 1.036923204082995653e-04 4.154815338551998138e-03 2.879314497113227844e-02 2.823855355381965637e-02 3.535241261124610901e-02 3.181262686848640442e-02 7.146605253219604492e-01 8.245564065873622894e-03 2.131159184500575066e-03
7.484964444302022457e-04 1.539780787425115705e-04 7.458733080056845210e-07 1.997265731915831566e-03 9.490324184298515320e-03 2.483495511114597321e-03 3.949454128742218018e-01 8.247525431215763092e-03 3.599064366426318884e-04 9.846941828727722168e-01 1.705907379800919443e-05 6.051719188690185547e-01 2.294305898249149323e-02 2.261382860524463467e-06 8.150673238560557365e-05 1.668059229850769043e-01 4.020465072244405746e-03 2.759796101599931717e-03 5.893184788874350488e-05
8.244823157532721325e-10 2.875428606330387993e-08 7.624431684963295375e-13 3.758181701414287090e-04 1.376424334011971951e-04 1.049048705681343563e-06 9.999721050262451172e-01 6.755899448762647808e-07 6.958418816793709993e-05 4.986131898476742208e-06 8.068126028382138770e-11 3.415214014239609241e-04 5.033512206864543259e-05 7.586145898130780552e-07 6.525932258227840066e-05 1.002151984721422195e-03 2.444279612973332405e-03 2.367509750911267474e-06 2.525729314584168606e-07
8.193777958648978954e-14 1.108534618265988314e-11 2.667643536624630940e-11 1.445194803231960017e-15 5.889401410996697450e-09 1.000000000000000000e+00 1.111623191718535963e-06 5.928777335804423314e-18 1.797913610935211182e-01 2.672541441622877656e-12 8.684218668786182857e-21 1.929654873389363701e-11 6.078445310021135528e-14 1.794036246600613782e-13 3.355264066584595639e-09 5.164780061961415925e-12 2.510601318853056263e-12 3.272574744528355950e-08 5.702260732650756836e-01
3.358597783025517314e-14 9.773695524781245147e-13 8.060662380626748558e-12 2.113552524185893788e-13 3.796845504666634952e-09 7.074812650680541992e-01 9.936857819557189941e-01 4.078066551983783317e-14 9.092665910720825195e-01 7.988328748487205644e-12 3.802571510521133647e-16 5.281894921438379242e-09 6.734074235736908776e-12 1.492948820125405973e-11 5.467396846370320418e-08 2.810387922380641612e-09 4.137545772664452670e-08 1.603380405867937952e-05 3.045706748962402344e-01
2.594346932717332167e-15 1.291428335797872862e-11 9.559569932524047964e-13 1.355274685523949951e-16 2.053571961369016208e-07 1.000000000000000000e+00 3.869047790483470806e-11 1.138613870841172511e-20 1.047775894403457642e-02 4.180155299595561535e-13 1.885615326155051828e-23 1.314534147766471817e-13 6.729300683306835285e-15 1.601203571859402541e-13 2.838470791743930022e-09 5.518826498226991895e-13 1.015794690522415708e-14 8.324573808060620195e-10 4.044324625283479691e-03
7.185026770599456380e-13 8.921257403926574625e-07 1.725233844673823569e-11 1.255459268577396870e-03 4.630199869348761155e-12 6.417118897893148155e-14 9.999831914901733398e-01 5.134950042702257633e-04 3.038975364688667469e-06 4.648229023906935709e-10 1.257932386727889096e-11 1.339164282937455042e-11 1.863485749709070660e-06 9.819018244743347168e-01 1.026705649564974010e-05 2.460660880387877114e-06 8.893463015556335449e-01 9.890800118446350098e-01 3.875726406477042474e-10
1.404732179102058387e-13 1.890350631583714858e-08 1.384974513546355368e-11 5.742158828070387244e-05 1.489623528694306032e-11 6.629147507623486812e-14 9.999692440032958984e-01 6.573516293428838253e-04 2.621015482873190194e-05 5.446076367654484329e-10 4.316135643334106931e-11 1.756830791954655524e-10 2.563403313615708612e-06 5.057010650634765625e-01 1.308727041759993881e-05 1.188917394756572321e-05 9.817101359367370605e-01 9.989707469940185547e-01 4.165185973903362537e-09
1.304972080916344535e-12 1.621235696802614257e-07 7.844066368667412803e-11 2.552370133344084024e-04 4.883514426179402790e-11 4.047814600866006529e-13 9.999530315399169922e-01 9.296205244027078152e-04 2.575629150669556111e-05 1.689599460341639769e-09 9.872311301784009174e-11 3.368407219817015630e-10 5.710063760488992557e-06 7.609499096870422363e-01 2.658544872247148305e-05 1.456143581890501082e-05 9.583436250686645508e-01 9.974863529205322266e-01 5.700968142008377981e-09
4.670039925258606672e-05 5.625082849292084575e-06 1.101419329074815323e-07 4.233301151543855667e-04 3.311743214726448059e-02 9.999932050704956055e-01 4.183300479780882597e-04 6.786930129010215751e-08 1.631183177232742310e-02 1.801513644750230014e-05 9.536728073911149295e-10 7.656110938114579767e-06 9.329255590273533016e-06 9.022321137308608741e-06 3.199646598659455776e-04 2.587524977570865303e-05 7.553210889454931021e-05 1.890179002657532692e-03 5.155925100552849472e-05
1.928507673649645926e-14 1.044254105187715377e-18 7.492837189393346442e-28 1.390240988996538363e-08 5.941329598426818848e-01 1.610161892706685194e-09 1.000000000000000000e+00 1.987555876632237078e-21 3.643254516646265984e-03 2.019814582815658295e-17 1.816462129537452935e-20 8.381742518395185471e-04 3.374824901415836298e-14 6.271503492593825547e-18 2.864345219344421878e-11 3.660458241938613355e-05 5.554083859493630371e-10 7.061858042778368372e-11 2.987931083109351960e-12
4.252867213949684810e-08 1.406808870785258847e-11 5.419666370814696722e-20 1.934266293801556458e-07 8.213102701120078564e-04 3.770667666991300848e-10 9.868522174656391144e-04 2.908196883311120473e-08 6.186013750937927047e-14 9.999998807907104492e-01 9.375764282719303670e-16 9.981360435485839844e-01 2.557118250479106791e-07 4.284421356515564366e-17 1.215204626921033426e-14 1.622720509767532349e-01 4.720763779886283373e-09 1.246306080560088958e-08 3.641457836845036209e-17
9.365802258253097534e-02 9.194334596395492554e-02 4.909126437269151211e-04 9.835289716720581055e-01 1.069153379648923874e-02 9.673674404621124268e-02 1.804640889167785645e-02 5.549958720803260803e-02 6.303645204752683640e-04 8.452875912189483643e-02 3.945703065255656838e-05 7.496285252273082733e-04 6.167683377861976624e-02 2.670617997646331787e-01 1.103552617132663727e-02 4.194269888103008270e-03 6.448805797845125198e-03 1.352654770016670227e-02 8.752294525038450956e-05
3.436718683073880509e-13 6.166076763763905788e-12 2.196691044125884118e-13 5.689688026905059814e-03 6.397315403111614174e-12 6.263716159082832746e-07 9.999303817749023438e-01 8.557051387469982728e-07 2.504327767383074388e-07 7.109314222389362392e-13 1.189450565675220293e-17 4.442370170993584916e-15 1.848699859863245365e-08 1.751949661411345005e-03 7.216594219207763672e-01 2.247370041799645612e-12 9.742426276206970215e-01 5.027976612836937420e-07 2.583416258694626322e-10
1.244321451432384151e-10 1.367849301707468879e-12 3.895563667836324801e-19 1.358425177899746927e-11 8.086105226539075375e-04 1.289601186726940796e-06 9.725482463836669922e-01 2.056684822449028616e-09 2.189326231416544033e-08 9.010897874832153320e-01 6.446742774080535879e-15 9.868430495262145996e-01 3.523729537846520543e-05 6.447002680846444941e-18 3.049027908407983545e-14 1.577430665493011475e-01 9.326254257757682353e-08 3.194557951502474680e-09 6.126386203897382643e-11
5.030614192946814001e-05 1.092277932912111282e-03 8.209879887033366686e-09 1.601599251443985850e-06 9.146398951997980475e-05 1.249125469726664051e-09 9.774733781814575195e-01 2.919409275054931641e-01 2.605099689390044659e-05 2.774101309478282928e-02 4.515710679697804153e-05 8.046692609786987305e-01 9.982398897409439087e-02 4.146289938944391906e-06 1.377598096041765530e-06 2.368373125791549683e-01 8.025919198989868164e-01 1.678027183515951037e-05 1.442723878426477313e-04
1.944977208040654659e-03 9.991575498133897781e-04 5.542566650547087193e-04 8.623904585838317871e-01 2.838176151271909475e-04 4.199996474198997021e-04 2.150355726480484009e-01 7.304503768682479858e-02 1.322011084994301200e-04 4.351302981376647949e-03 1.677199179539456964e-06 6.607224349863827229e-05 9.880350902676582336e-03 8.911138772964477539e-02 4.192619323730468750e-01 3.774043580051511526e-04 9.044262766838073730e-01 8.746062964200973511e-02 1.123372749134432524e-05
1.191476282761251469e-24 2.095828689326278292e-21 3.533395840870460691e-32 1.994700182805786426e-09 2.307440070126176579e-07 7.191581022687694675e-24 1.000000000000000000e+00 2.960810284572307259e-18 2.836158530250543208e-10 1.467905538501682402e-19 1.826338621685798776e-24 8.698083547642454505e-06 5.635172233356411375e-13 5.675308682038984320e-17 8.335111030197128734e-13 5.822637467645108700e-05 7.689140147704165429e-06 1.895539457276614048e-15 3.102584409352465906e-17
9.217848628759384155e-02 4.756083339452743530e-02 6.422681941842256492e-09 1.000000000000000000e+00 7.256326352944597602e-05 1.273549177227550899e-08 5.907816102990182117e-07 7.820957107469439507e-04 2.020175172978699862e-11 6.211356549101765268e-07 1.070212252152202836e-09 3.588319641423254325e-10 3.095178981311619282e-04 9.815977811813354492e-01 2.037367607954365667e-07 4.770557279698550701e-05 3.262294058004044928e-06 2.265676630486268550e-05 9.574141479617992445e-11
2.219365723431110382e-02 9.699222573544830084e-05 2.628745399135823391e-08 1.000000000000000000e+00 4.477763468457851559e-06 1.731006875616003526e-07 1.060297627475392801e-08 7.855922740418463945e-05 3.133844637785709875e-13 3.068711578180227662e-07 1.475361648714361429e-14 9.303876300024299661e-14 1.201275445055216551e-04 5.129327774047851562e-01 1.320630235568387434e-05 2.287098368469742127e-07 1.924480784509796649e-06 3.167746763210743666e-04 2.817133733321736111e-13
6.688823457807302475e-03 1.557335053803399205e-06 4.027186136651428328e-12 1.000000000000000000e+00 4.206653159144480014e-07 5.069956010572695959e-09 3.079731469846080927e-10 2.523933062548167072e-07 4.378187943481284816e-15 1.253390391475761589e-09 1.149604551785504966e-18 6.335685346220488773e-17 4.484648343350272626e-06 6.407323293387889862e-03 1.278553725114761619e-07 1.469621979666158040e-09 5.181554385558229114e-08 1.795228499190670846e-08 1.469723262727888852e-16
3.289308733656071126e-05 1.206961576826870441e-03 1.083934648704598658e-06 1.080597415566444397e-01 1.699962012935429811e-04 5.544324871152639389e-03 9.936379790306091309e-01 6.017977721057832241e-04 2.004162967205047607e-02 3.954890416935086250e-06 1.290368913942074869e-06 3.928284968424122781e-06 1.333958352915942669e-04 9.308559447526931763e-02 7.585848122835159302e-02 4.710087159764952958e-05 2.420835383236408234e-02 3.608402039390057325e-04 1.976006024051457644e-04
6.329321302473545074e-03 1.143808290362358093e-02 4.140101082157343626e-04 9.333294034004211426e-01 6.138144526630640030e-03 4.671261832118034363e-02 4.761882722377777100e-01 1.667821966111660004e-02 2.018403634428977966e-02 1.194792101159691811e-03 3.429228672757744789e-05 7.450611883541569114e-05 4.793010186403989792e-03 8.664153516292572021e-02 1.367041766643524170e-01 8.382952073588967323e-04 8.517573773860931396e-02 3.686554962769150734e-03 4.200799448881298304e-04
4.522123344941064715e-05 2.129168482497334480e-03 5.165518857097595173e-08 4.505657777190208435e-02 3.400094865355640650e-04 2.733367681503295898e-01 9.447147846221923828e-01 2.841209970938507468e-05 1.678081601858139038e-02 8.962452966443379410e-07 6.763384874375333311e-08 7.419012035825289786e-07 1.172283646155847237e-05 3.299749270081520081e-02 8.200109004974365234e-03 8.680226528667844832e-06 4.822595801670104265e-04 5.548723856918513775e-05 4.347535286797210574e-05
4.479362443089485168e-02 3.499218146316707134e-04 3.956623917389379130e-11 1.000000000000000000e+00 1.503275125287473202e-03 4.175167767073162395e-09 6.670068250969052315e-05 6.961280178074957803e-06 8.445858412642337498e-08 2.069421896067069611e-07 3.836527096012787297e-09 3.120698810477051666e-09 2.155969923478551209e-05 2.069617854431271553e-03 3.728466140273667406e-07 2.327605398022569716e-05 3.565684310160577297e-04 2.792257536299302956e-10 4.076301796107628661e-10
1.323700260513760441e-09 2.646585926413536072e-03 1.724130171965043701e-09 9.290723204612731934e-01 1.652153552855750718e-10 3.309048130992198189e-12 9.971436858177185059e-01 7.489589974284172058e-03 2.022130729528726079e-06 3.922648428300590240e-09 1.229156998405755985e-09 2.620854921975279694e-12 1.355944277747767046e-06 9.973374009132385254e-01 5.922431682847673073e-06 4.402253352964180522e-07 2.326603531837463379e-01 6.375474185915663838e-05 2.248655484038408758e-09
5.146207116316862257e-15 5.052236318588256836e-01 8.286325730219996613e-19 9.560986757278442383e-01 4.972779266073053225e-19 2.947141331745021615e-18 9.995607733726501465e-01 1.023784170683939010e-05 2.300161450197180102e-11 3.484191446372371907e-18 2.712655571410806923e-16 2.808904913829508946e-23 4.022131206652540536e-14 1.000000000000000000e+00 8.167902287956486235e-15 5.443531096802761704e-14 4.273631759588170098e-07 1.885876573176972770e-13 5.903249404727694620e-19
1.364967514017045858e-11 7.535286608376334967e-21 5.692256588029548273e-27 1.115053782996255904e-05 9.886316657066345215e-01 2.805132204952836654e-18 9.998377561569213867e-01 2.135123146615244076e-18 3.632386492286032720e-12 4.696114157265451894e-12 2.273669494954746814e-24 9.993745684623718262e-01 5.217003586945045956e-13 1.612884761488609145e-21 8.348076148474606155e-17 1.853484213352203369e-01 1.533224690319912042e-06 9.647008747393215344e-10 6.851312641035573222e-19
6.207012757658958435e-02 5.152507685124874115e-03 2.569586504250764847e-04 2.150792628526687622e-03 3.692013621330261230e-01 3.390633355593308806e-05 7.198950052261352539e-01 7.490901276469230652e-03 1.745853456668555737e-03 1.987904496490955353e-02 3.193143929820507765e-04 8.711165189743041992e-01 7.553183287382125854e-02 5.011651956010609865e-05 2.316689824510831386e-05 2.645015120506286621e-01 4.796320945024490356e-02 1.320946845225989819e-03 4.219095571897923946e-04
8.705561294266050090e-25 3.626544411506069527e-23 7.668403225272838606e-32 9.999364614486694336e-01 1.774640682886477472e-13 2.238779675952541382e-23 1.000000000000000000e+00 9.778252981451131072e-19 5.135384237536615160e-14 1.084884509779269980e-24 1.269818933309270874e-34 2.129825125877675825e-20 3.727657799083595189e-16 2.176438689644941138e-13 3.422577776746038580e-08 1.105072810195966218e-14 7.562461541965603828e-04 2.607803405295451751e-21 7.736246879253921392e-24
1.688476040726527572e-04 9.419640631738723791e-13 1.046633971664690061e-20 4.804088348464574665e-06 9.987508058547973633e-01 8.746603837256686220e-14 9.800113439559936523e-01 1.056759152027412357e-14 6.555347908943076618e-08 1.137452354527113130e-09 3.192658290010182229e-16 9.995167255401611328e-01 1.850783137857803240e-10 1.718482942702185970e-17 8.748813788567720053e-16 1.639707982540130615e-01 7.102140671122469939e-07 1.660581006035499740e-08 1.862413082911670847e-13
7.858765125274658203e-01 7.209784284182498906e-19 2.103219851285078248e-37 4.505966220480316916e-21 9.988449811935424805e-01 2.465960716129944645e-35 5.855527706444263458e-04 2.489616491667180466e-22 2.172926607895010077e-27 7.821231662319405586e-09 1.354930722314647308e-35 1.000000000000000000e+00 2.549618502434292111e-11 5.821790318852412339e-38 0.000000000000000000e+00 5.875177448615431786e-04 1.245161529301384411e-22 4.519820208319582809e-23 2.552456972305594578e-32
3.011309504508972168e-01 2.189334434229972537e-12 7.860046740762877592e-26 2.792711266234870759e-13 9.888000488281250000e-01 1.200629889439551371e-22 1.124479696154594421e-01 1.537498312834866074e-15 1.039716531491300614e-15 4.833969668993631785e-08 2.981522889130118990e-22 9.999994039535522461e-01 2.020875733421689802e-08 3.214039962404831097e-25 1.956128300220312353e-30 5.177310202270746231e-03 2.890030066388799002e-13 4.981881983395699143e-16 6.294865787278707989e-20
6.450325299930947942e-14 2.518215080904440129e-10 1.331770091992265778e-18 1.086579437536983050e-11 8.086941671869851689e-10 2.776888148679074186e-13 9.283152222633361816e-01 7.702623261138796806e-04 1.173695030054489052e-10 9.999865293502807617e-01 1.437282801455830317e-12 9.341203570365905762e-01 1.185473320219898596e-05 3.708964999547554459e-15 4.172148195501212964e-14 2.824383974075317383e-01 4.973715476808138192e-05 8.289878117295756965e-09 3.045764595394073737e-12
4.053877179622512731e-22 1.161123350357229356e-06 1.081800951108374197e-25 7.646309541087248363e-07 1.333206635721012594e-21 7.816918180937199448e-21 1.000000000000000000e+00 3.334491349704649110e-09 2.877058022932033055e-06 3.133583654111648808e-23 3.099935975554418124e-16 9.779687871222549566e-23 3.868794399222046966e-16 9.997668862342834473e-01 6.647821182426127962e-11 1.697580234206758770e-14 7.254188676597550511e-05 7.767585186169156941e-11 8.231433655352116130e-14
1.578377050370435852e-13 8.690671446376363463e-12 2.384256800238432339e-14 1.000000000000000000e+00 8.579118318530198906e-13 6.809018799380508884e-21 8.437387347221374512e-01 1.838160756051365752e-06 4.877089183896732294e-12 2.958949003786098819e-13 8.297998799626768370e-19 5.392532274708240257e-18 3.905969769846251438e-09 6.623866283916868269e-06 6.968515009475595434e-08 3.084826491472902887e-11 9.976244568824768066e-01 5.737530134157509121e-14 7.367601101314271306e-17
2.391368570178742381e-12 1.487220457896398784e-09 2.387454688427496224e-15 1.411591510986909270e-04 5.443986083264462650e-06 1.687001649486319366e-08 9.999995231628417969e-01 3.566474404692598910e-08 1.559283191454596817e-05 2.622715555844479240e-08 9.274628591168787572e-13 5.860566943738376722e-06 2.289381654918543063e-06 5.962083946542406920e-07 3.635137181845493615e-05 7.678918336750939488e-05 1.128547010011970997e-03 8.356254710406574304e-08 1.706138874624230084e-08
2.017420952515891486e-12 1.137873351098050989e-09 1.636152875476284876e-15 8.408443682128563523e-05 5.570008852373575792e-06 1.605709698537793884e-08 9.999994039535522461e-01 3.028663897453043319e-08 1.301905467698816210e-05 4.249169904824157129e-08 7.468110873633249103e-13 9.232869160769041628e-06 2.799988351398496889e-06 2.627079425110423472e-07 2.069624315481632948e-05 9.955964924301952124e-05 9.032763191498816013e-04 7.258903877982447739e-08 1.546934491614138096e-08
5.860784015894850499e-16 4.768932471144182728e-11 9.162294404077564458e-13 7.133828603400615975e-07 1.637291647746397238e-12 9.008058809986739350e-16 9.999608993530273438e-01 4.144762642681598663e-04 4.087387787876650691e-05 6.998700924354395170e-11 1.779737121565538871e-11 2.130872145400530826e-10 1.386645180900814012e-07 1.908078906126320362e-03 2.006417389566195197e-06 6.920545274624601007e-06 9.996126294136047363e-01 9.948269724845886230e-01 1.396196136482785732e-08
4.680009851876221205e-12 3.876793108759102324e-09 9.466230831969499326e-14 9.999997615814208984e-01 2.237946590197270602e-12 2.798582828745019421e-16 6.683108210563659668e-01 9.808172762859612703e-05 1.284969491921472695e-10 9.917153209748619247e-11 1.141511975019199616e-17 9.747494683963653015e-18 5.790780832626296615e-08 4.493876360356807709e-03 7.161802386690396816e-06 6.077226222256371102e-11 9.865573048591613770e-01 3.672916137897885847e-10 2.668279356485476518e-15
8.196040653274394572e-06 9.307990489482165231e-11 5.977451792950816065e-15 1.000000000000000000e+00 4.152345312036231917e-08 7.083465902724128682e-08 1.553145279054035655e-09 5.878299513817353272e-10 9.664977965086890555e-15 3.392893604958757692e-12 3.229773842463270754e-24 2.989327013072646110e-20 7.463768270099535584e-09 6.056613983673742041e-07 1.336332275059248786e-06 7.507830078121169315e-13 1.579607413759731571e-07 9.250452487341576102e-11 5.898092450596309338e-20
1.729621779134049575e-08 3.509759096687048441e-07 1.647104284074885072e-07 3.200499421041058667e-08 4.300833040815632557e-07 6.283778348006308079e-04 9.995017051696777344e-01 4.862247919845685828e-07 9.143428206443786621e-01 1.739255992561083985e-07 1.023552442802611040e-07 1.734379475237801671e-05 4.526540919869148638e-07 1.416236159457184840e-06 5.792714364361017942e-05 5.252584287518402562e-06 1.846597995609045029e-03 4.646629095077514648e-03 6.158332228660583496e-01
8.142277598381042480e-03 3.158180043101310730e-02 5.329772193363169208e-06 7.630550680914893746e-05 8.689993992447853088e-03 1.683918526396155357e-05 9.779790043830871582e-01 4.793258011341094971e-02 1.787226647138595581e-02 1.509282365441322327e-02 6.138793192803859711e-03 5.152497291564941406e-01 2.206597030162811279e-01 9.815339581109583378e-05 1.801351609174162149e-04 1.041436567902565002e-01 2.634859085083007812e-01 4.608348826877772808e-04 2.701046504080295563e-02
2.567146420478820801e-01 3.208913141861557961e-03 1.252109110838617312e-10 4.318355006915908234e-09 1.099512679502367973e-03 3.080538846234048833e-08 9.900992512702941895e-01 5.899218649574322626e-06 4.129142314195632935e-02 1.612134219612926245e-04 2.440484058752190322e-05 6.583229303359985352e-01 6.913269869983196259e-03 4.410392329123880018e-10 7.937926427281638553e-10 8.434078190475702286e-04 1.955541956704109907e-04 1.723630305150436470e-07 1.402603089809417725e-01
4.902104069892665450e-11 1.366721458229136488e-10 2.526958420290270624e-09 9.685876369476318359e-01 6.677313280079033575e-08 9.500507206026270746e-14 9.990608096122741699e-01 1.099545625038444996e-05 7.138733160161336855e-09 1.021143170021332480e-09 1.489254852521815914e-14 4.032628808658955677e-08 1.897331344480335247e-06 2.175093186451704241e-06 8.971115312306210399e-05 4.632078344002366066e-06 9.960398674011230469e-01 4.345508131109454553e-08 2.009508115463631839e-10
1.629552389204036444e-05 5.043689910166904156e-10 2.358686336523252436e-11 9.999998807907104492e-01 9.857852710410952568e-04 3.305665963182491396e-09 2.196424752473831177e-01 2.173112108039276791e-07 4.283419841044633358e-08 1.705220520342720647e-09 4.049434466674335653e-14 1.864600029932717007e-08 4.796763732883846387e-07 1.278637853374675615e-07 3.011309599969536066e-04 1.000892780211870559e-06 5.553844571113586426e-01 9.586753613177734223e-10 2.513681970905956575e-12
4.173883644398301840e-05 1.526210491320512119e-09 1.058965523777211093e-12 9.947324991226196289e-01 8.288145661354064941e-01 6.165694799165066797e-07 9.421489834785461426e-01 1.965372575796209276e-08 2.453339402563869953e-05 9.177442166219407227e-07 1.143991585489390062e-11 5.579841509461402893e-02 6.592084105250251014e-07 5.671003666662954856e-09 2.236046566395089030e-05 5.706236511468887329e-02 1.976175792515277863e-02 3.591166168916970491e-04 1.490352619093471276e-09
7.697332650423049927e-03 2.089464105665683746e-03 9.414438391104340553e-04 1.470974236726760864e-01 4.247494414448738098e-02 9.970153570175170898e-01 1.598764210939407349e-02 4.565347335301339626e-04 5.421622097492218018e-02 3.430219076108187437e-04 4.165107384324073792e-06 1.381793554173782468e-04 1.847484032623469830e-03 8.005141280591487885e-03 3.759673982858657837e-02 5.265345098450779915e-04 1.028163637965917587e-02 3.328994289040565491e-02 9.872269583866000175e-04
2.188064900110475719e-05 5.786133442597929388e-06 1.364691524941008538e-05 7.636974914930760860e-04 1.714866049587726593e-02 9.999935626983642578e-01 8.128207991831004620e-04 2.183053453563843505e-07 1.799969933927059174e-02 4.770682153321104124e-06 4.868413450154207567e-10 1.500993562331132125e-06 8.868909390002954751e-06 5.219638842390850186e-05 1.046935678459703922e-03 1.380648700433084741e-05 2.207574289059266448e-04 1.791713177226483822e-03 4.233048821333795786e-05
1.189313115901313722e-05 4.247924607625463977e-06 3.142593777738511562e-05 3.792109782807528973e-04 1.414738502353429794e-02 9.999957084655761719e-01 6.489265360869467258e-04 1.739589237104155472e-07 1.891931518912315369e-02 5.692696959158638492e-06 4.260242991716012284e-10 1.400534983986290172e-06 7.974740583449602127e-06 4.400122634251601994e-05 1.332222484052181244e-03 1.272623194381594658e-05 2.347879053559154272e-04 1.461593550629913807e-03 5.947524914517998695e-05
9.994660019874572754e-01 1.137097366154193878e-03 2.561094447628420312e-09 9.696115851402282715e-01 8.164346218109130859e-01 7.395084544725705200e-09 3.777943924069404602e-02 1.566970786370802671e-05 2.247709716129975277e-07 9.077843401428253856e-07 5.447068360808771104e-07 1.142480820417404175e-01 1.237912802025675774e-04 7.278220891748787835e-06 1.972767313418444246e-05 9.086939971894025803e-04 1.156648714095354080e-02 1.779063438789307838e-07 7.915388344770235562e-09
8.659843047098547686e-07 3.717603782697482661e-16 1.133806428791365726e-21 5.366849363781511784e-04 9.989029169082641602e-01 7.563729992064228448e-16 9.979731440544128418e-01 1.119387285839737629e-15 1.534658178314884935e-09 5.395645302080920303e-12 1.505746544134751616e-18 9.986648559570312500e-01 1.912593130745654513e-12 2.152420072250156672e-17 3.278275003890107619e-14 3.085975646972656250e-01 6.007559932186268270e-05 1.346221438325301278e-06 1.605339510921067938e-15
3.640893223392187973e-22 1.124561810114514150e-15 1.807664469186886213e-18 1.734928867236362748e-11 1.221962287537963756e-16 2.658740646194777341e-21 1.000000000000000000e+00 1.111349661186977755e-06 7.378217997029423714e-04 8.814668879681067794e-17 3.256485142308362946e-12 8.243771333973914928e-13 4.604161149557306487e-11 1.936375149114155647e-08 1.886020442043445655e-07 1.478749012129298990e-09 9.999967813491821289e-01 1.913560332411634590e-08 2.370333731960272416e-06
1.761542449685293832e-07 9.565004110336303711e-01 4.591493407701818796e-09 5.677249282598495483e-03 7.773721250048382103e-11 1.821108185140474234e-06 9.734230041503906250e-01 4.611095413565635681e-03 4.562605226965388283e-06 7.642497190651909023e-10 1.933511484253358503e-08 5.854996609072626867e-12 1.198316681438882370e-07 9.999526739120483398e-01 9.834005965103642666e-08 4.657045948874838359e-08 2.147290251741651446e-05 2.383751507295528427e-06 3.902214662510061771e-10
2.625587803777307272e-04 5.541814473986050871e-08 1.906006255603109878e-11 7.543021347373723984e-04 8.276582956314086914e-01 3.840863428195007145e-06 4.370612204074859619e-01 5.912843903388420586e-07 2.114600192726356909e-06 2.782217860221862793e-01 2.290356376777324954e-10 9.971990585327148438e-01 8.315475861309096217e-05 8.724028166540165330e-10 4.754306281995468453e-09 4.990836977958679199e-01 5.636716014123521745e-05 7.811624527676030993e-05 3.660329817023466603e-09
4.311248630983754992e-05 2.487267011019866914e-05 1.055946352579439917e-08 3.995963925262913108e-05 1.700905710458755493e-01 9.999443292617797852e-01 3.378063207492232323e-03 2.873673921044428425e-08 4.359756782650947571e-02 2.409408625680953264e-04 7.586774763979065028e-09 5.396802444010972977e-04 1.005892681860132143e-05 1.544362930872011930e-06 1.106819672713754699e-05 4.632608615793287754e-04 5.361021067074034363e-06 6.087175570428371429e-04 3.296862996648997068e-04
9.303117046160160508e-17 2.685575200168147895e-17 7.432398749547949634e-21 3.991174325346946716e-02 1.386531948283087345e-14 3.320304778732866002e-14 1.000000000000000000e+00 4.404925382783808629e-11 5.670000059743163234e-12 6.961219224296699029e-20 1.844774029869877652e-25 3.365778008444780052e-19 4.037638712955926579e-12 3.075508629990508780e-07 3.331819474697113037e-01 7.888528349109136142e-17 9.996436834335327148e-01 1.362710806826136767e-13 1.919808645281344262e-15
4.538927456110286585e-09 8.006264096138693276e-09 3.830156638287007809e-04 6.911234813742339611e-04 2.327082445845007896e-03 1.913909031259208859e-10 9.976510405540466309e-01 2.644977357704192400e-04 9.298685199610190466e-07 4.742109013022854924e-05 1.258653042901514141e-10 1.222127526998519897e-01 7.311169174499809742e-04 1.358061467726656701e-06 7.161367534536111634e-07 2.344329655170440674e-01 2.000508606433868408e-01 5.291704655974172056e-05 5.714524675681786903e-08
1.127325433003534272e-08 2.843699462573567871e-07 4.385901775094680488e-07 1.001233016495461925e-07 9.857711802396806888e-07 1.420908793807029724e-02 9.969918727874755859e-01 6.383493200701195747e-07 8.561213016510009766e-01 1.176033919136898476e-07 2.673112931006471626e-08 5.244751264399383217e-06 7.233610404000501148e-07 8.234045708377379924e-06 2.047316811513155699e-04 5.439450433186721057e-06 9.237019112333655357e-04 7.903278805315494537e-03 3.952341377735137939e-01
3.793868726235863109e-21 1.184388964788947061e-16 3.171838517077255510e-24 1.029083366915414799e-13 1.066383960302008660e-12 2.565156066390025742e-17 1.000000000000000000e+00 1.637153559386206325e-07 2.830071246795462514e-12 1.649264711886644363e-03 2.218720707656843850e-18 2.962028840556740761e-03 8.255818102043122053e-06 2.723812848210718177e-16 6.685044228252334797e-13 1.751263509504497051e-03 8.956412784755229950e-04 2.510036232680756818e-12 1.404745596103942895e-13
1.053025557483796093e-20 2.767875576573142011e-18 4.379344174964698396e-21 6.098232115618884563e-04 2.309402974030264760e-14 2.768856561080841617e-19 1.000000000000000000e+00 4.516687024391785599e-10 1.881019754020052392e-13 2.118090376145866614e-15 4.094887472593336273e-25 1.231982723302882388e-13 1.141198802123710720e-09 1.640047875284267320e-09 6.692863735224818811e-06 6.495632504099901894e-11 9.973061084747314453e-01 2.992760390636145518e-13 1.438752826500515444e-16
1.049659427742645219e-15 8.876716722783228875e-11 2.208453824545722477e-13 1.547410949376271105e-10 4.146156074719131723e-12 2.251023938646193323e-13 1.000000000000000000e+00 6.771742846467532218e-06 9.749172329902648926e-01 8.778931357908414945e-13 4.679161946796739358e-08 1.362524493231376255e-08 4.930174046791080400e-09 2.940853391919517890e-06 9.113215128309093416e-06 3.685101290784587036e-08 9.701676368713378906e-01 4.291235818527638912e-04 1.004423946142196655e-02
2.120989495146829995e-11 1.937990035116854415e-08 3.282187632791533360e-09 2.378572716565940937e-08 1.431687746134002737e-08 9.878641549221356399e-07 9.999972581863403320e-01 2.275127599205006845e-06 9.087650179862976074e-01 9.645628740173606275e-10 3.369824597143633582e-08 4.465608469672588399e-07 1.344379967349595972e-07 4.399132740218192339e-05 2.205125492764636874e-04 1.429704752808902413e-06 1.960428617894649506e-02 7.681549526751041412e-03 7.129481434822082520e-02
7.785796185544313630e-08 1.566947757964953780e-04 7.650548528026490658e-10 2.461114308971446007e-05 3.875508809869643301e-06 6.980685611779335886e-06 9.999858140945434570e-01 2.702996425796300173e-05 5.577633976936340332e-01 3.739358334087228286e-08 1.035211153066484258e-05 1.879706178442575037e-05 3.414706043258775026e-06 4.002735484391450882e-03 1.912241568788886070e-03 2.950198177131824195e-05 8.066701702773571014e-03 2.272007521241903305e-03 1.517614535987377167e-02
7.828426957130432129e-01 1.418303996324539185e-01 9.587724343873560429e-05 6.522033363580703735e-04 9.455496445298194885e-03 7.735865656286478043e-04 7.434924840927124023e-01 3.814240684732794762e-03 4.508419036865234375e-01 9.445800445973873138e-03 5.114216823130846024e-03 2.694791257381439209e-01 1.782928965985774994e-02 8.872646867530420423e-05 6.808149191783741117e-05 3.428504103794693947e-03 1.389594189822673798e-02 1.094806124456226826e-03 5.885659456253051758e-01
7.832782845061824338e-25 4.518816548844510627e-17 2.705581283188369731e-20 9.836083947334373079e-09 9.211929978921294822e-18 8.609889032541750999e-24 1.000000000000000000e+00 2.310414259909521206e-08 1.344946376491407136e-08 3.817450521051104738e-18 6.601353259659859820e-17 8.501605317087421176e-15 2.059516619745682675e-11 5.804878355775144883e-09 4.465697145406011259e-08 5.130617042325980037e-10 9.999872446060180664e-01 3.484780389598207684e-12 9.633251835117206952e-11
2.855719912658091081e-15 7.486887498853178613e-11 1.632850864068113861e-12 1.437426107031569700e-07 4.811579953911682139e-12 2.110699378406362403e-14 9.998861551284790039e-01 4.878859326709061861e-04 2.554032544139772654e-04 3.369017564924803310e-10 2.865443472777062794e-11 5.664870794674925492e-10 2.153798419612940052e-07 3.220457118004560471e-03 1.265804257855052128e-06 1.397453434037743136e-05 9.956701993942260742e-01 9.999755620956420898e-01 2.398572718220748357e-08
1.359079335838612104e-17 1.531159097081791209e-12 1.240250544138395833e-14 9.526443633944836620e-09 4.256508340239051336e-13 5.487598901738040898e-17 1.000000000000000000e+00 1.780763523129280657e-05 5.422635003924369812e-04 3.354591723760819155e-13 3.269533255245704595e-10 4.016083576807716327e-10 9.680598545003249455e-09 6.769618039470515214e-07 5.562964815908344463e-06 1.538289069458187441e-07 9.999374151229858398e-01 2.445143820750672603e-07 1.358142617391422391e-05
1.789549787645228207e-05 1.655924165788746905e-06 3.712176877002093534e-08 4.466824233531951904e-02 2.495542913675308228e-01 1.848416218308557291e-06 9.930467009544372559e-01 6.714511255268007517e-05 5.410907324403524399e-04 2.188590733567252755e-04 4.629582406323606847e-07 4.983380436897277832e-01 6.623422377742826939e-04 1.396419793309178203e-05 1.347621582681313157e-04 3.319365978240966797e-01 5.345938354730606079e-02 3.364504547789692879e-03 9.759020940691698343e-06
3.553273901343345642e-02 1.915430329972878098e-04 6.793029427853980451e-08 9.613323211669921875e-01 8.235555291175842285e-01 5.795109318569302559e-04 5.824731588363647461e-01 4.504171738517470658e-05 6.547962781041860580e-03 1.857751398347318172e-03 1.773421899997629225e-05 3.390030860900878906e-01 2.648833324201405048e-04 6.667073466815054417e-05 8.795022731646895409e-04 3.180083632469177246e-01 4.759896919131278992e-02 1.050385925918817520e-02 3.102616756223142147e-05
3.475225763395428658e-03 1.437833299860358238e-03 3.354990596449169971e-08 9.993875026702880859e-01 1.333393454551696777e-01 6.903156645421404392e-06 7.700349092483520508e-01 1.373131090076640248e-04 3.520448878407478333e-02 2.782784395094495267e-05 6.415909738279879093e-04 1.800207886844873428e-03 1.605941943125799298e-04 9.394899243488907814e-04 7.487739785574376583e-04 2.979980222880840302e-02 3.294759988784790039e-02 3.699024318848387338e-06 5.529991904040798545e-05
1.985115668503567576e-04 6.471922824047293687e-12 5.256356260159656736e-17 9.999723434448242188e-01 9.369612932205200195e-01 8.493081986671313643e-05 2.294707447290420532e-01 3.073970982273022123e-12 1.289982901653274894e-05 1.871333843439515476e-08 2.806538426883427827e-15 3.038280177861452103e-03 9.113580112796171306e-09 1.253649094257180963e-12 3.639267561084125191e-06 1.076087006367743015e-03 1.489277638029307127e-04 8.130554647323151585e-07 4.839347238910773896e-12
3.143325205190295157e-18 5.462547189756528088e-13 3.983554261034101822e-17 2.864727205453831971e-11 1.031841387506837737e-12 3.273419622439266308e-18 1.000000000000000000e+00 6.834885425632819533e-06 2.342262064303213265e-07 4.617662918704468211e-10 1.133005364875594445e-12 9.990427543016267009e-07 2.377689497734536417e-06 4.831285149720088157e-09 1.697736706773866899e-07 8.619315849500708282e-06 9.881515502929687500e-01 1.187228926280425867e-10 6.172795963266253239e-08
5.972959479549899697e-05 4.886588430963456631e-04 1.178900583909125999e-05 8.906717300415039062e-01 5.932598651270382106e-05 1.991442877624649554e-05 8.362511545419692993e-02 1.220748573541641235e-01 2.352415503992233425e-05 1.287178602069616318e-03 1.295055653827148490e-07 4.228308534948155284e-05 2.817548112943768501e-03 1.366870105266571045e-01 1.216813325881958008e-01 2.906004665419459343e-04 9.640578627586364746e-01 8.808476328849792480e-01 2.664409294084180146e-06
6.974954605102539062e-01 4.564061462879180908e-01 9.721305966377258301e-01 1.137743368744850159e-01 7.820553332567214966e-02 6.645052693784236908e-03 3.265549540519714355e-01 4.456474781036376953e-01 2.269576862454414368e-02 7.657994329929351807e-02 1.662298291921615601e-02 1.250604838132858276e-01 4.396807849407196045e-01 1.295908093452453613e-01 1.716220937669277191e-02 1.041639894247055054e-01 1.190376505255699158e-01 3.993991762399673462e-02 4.633503407239913940e-02
4.092308809049427509e-04 4.533010069280862808e-03 8.499303832650184631e-03 6.479602307081222534e-02 4.217678215354681015e-03 1.123249065130949020e-02 9.809108972549438477e-01 3.083184547722339630e-02 6.772767007350921631e-02 1.657290966250002384e-03 2.442258410155773163e-04 2.153524663299322128e-03 1.850075274705886841e-02 1.075262427330017090e-01 1.894209086894989014e-01 8.514723740518093109e-03 2.051289528608322144e-01 1.632916368544101715e-02 6.932894699275493622e-03
3.521303005982190371e-04 1.138752922997809947e-04 9.522819937046733685e-07 4.696617368608713150e-03 2.359825372695922852e-01 2.604713663458824158e-04 9.718431234359741211e-01 4.092074523214250803e-04 9.589138440787792206e-03 3.451892407611012459e-03 3.156271486659534276e-05 5.884962677955627441e-01 8.278540335595607758e-03 3.978389577241614461e-05 3.896428679581731558e-04 2.257892191410064697e-01 2.774251252412796021e-02 1.651435624808073044e-03 4.283274756744503975e-04
7.377114525297656655e-05 5.610074731521308422e-05 3.581560577003983781e-07 4.497105255722999573e-03 1.218819767236709595e-01 1.726655464153736830e-04 9.909911155700683594e-01 2.432968612993136048e-04 1.041479874402284622e-02 1.081772963516414165e-03 1.519530087534803897e-05 3.414669930934906006e-01 4.935291595757007599e-03 5.308256731950677931e-05 7.049273699522018433e-04 1.528998017311096191e-01 2.715145982801914215e-02 1.246462226845324039e-03 3.413261147215962410e-04
7.269647994689876214e-07 1.032160401592818744e-08 1.031413496277444608e-10 9.333575516939163208e-02 9.482500900048762560e-07 9.999911785125732422e-01 1.580530442879535258e-05 1.007646766026937257e-08 9.932352986652404070e-05 1.607216248977749729e-09 2.154229460356944965e-15 6.423404017887046624e-13 3.460492692397565406e-08 2.413992115180008113e-05 4.007870554924011230e-01 6.469330279812446349e-12 2.911937917815521359e-05 2.528546028770506382e-04 6.733789081891927708e-09
2.082353085279464722e-01 9.754745406098663807e-04 3.723311589598488069e-11 5.086810084264925536e-09 4.501696935221843887e-07 1.794417585188057274e-06 9.796885848045349121e-01 4.468918390898579673e-08 7.104465961456298828e-01 3.413185822864761576e-06 2.250910000611838768e-07 4.789297468960285187e-03 8.191674396584858187e-07 2.216268002452892460e-10 1.002210425760097223e-09 6.541396402326427051e-08 5.374253305490128696e-05 6.621224315495055635e-07 9.871820211410522461e-01
2.733129100818132429e-08 7.995951278871871182e-08 7.386996396518963337e-12 2.236616611480712891e-02 5.415538325905799866e-04 9.640185453463345766e-06 9.999080896377563477e-01 8.091777203844685573e-07 1.524201506981626153e-04 1.285655685023812111e-06 4.129214331571873231e-11 6.466018385253846645e-05 2.669051536940969527e-05 9.565959771862253547e-06 1.574462396092712879e-03 1.735416444716975093e-04 5.561735015362501144e-03 5.586420684267068282e-06 1.695878921736948541e-07
3.717682162118762790e-08 7.092794618301923038e-08 3.162944073320517191e-10 1.284627693109996471e-08 2.163978479802608490e-02 1.000000000000000000e+00 1.225748655997449532e-05 4.520561008858337004e-12 1.682535558938980103e-02 2.788864776448463090e-06 1.366435312339167596e-13 2.144629206668469124e-06 3.261538950027897954e-08 2.550438304993463134e-09 3.262009613536065444e-07 5.577785941568436101e-06 1.753665479498067725e-08 1.387443808198440820e-05 3.024983161594718695e-04
2.291151108082829096e-14 6.745339009572859368e-11 4.180789032706038258e-15 2.476504050719086081e-07 5.844347469974309206e-06 1.193907472885058496e-10 1.000000000000000000e+00 1.315671305235355248e-08 6.972141272854059935e-05 1.498196122717843082e-09 1.572701170682311300e-12 1.169126480817794800e-04 4.180391897534718737e-06 3.725412511812464800e-08 1.744275323289912194e-06 9.857818949967622757e-04 1.000534393824636936e-03 4.418934906880167546e-08 2.596158132917025796e-08
