1.680015623569488525e-01 5.666388869285583496e-01 9.725245833396911621e-01 8.962706923484802246e-01 2.614990994334220886e-02 8.058521896600723267e-03 5.504111200571060181e-02 2.387525141239166260e-01 1.483674393966794014e-03 1.242412999272346497e-02 3.222025185823440552e-02 3.306500613689422607e-03 8.436521887779235840e-02 8.316432833671569824e-01 6.749590486288070679e-02 1.233942583203315735e-01 2.064077928662300110e-02 8.673563599586486816e-02 3.557557938620448112e-03
1.261943951249122620e-02 7.610541651956737041e-04 2.497783043509116396e-06 1.635842397809028625e-02 4.721291661262512207e-01 2.451183972880244255e-03 6.285863518714904785e-01 1.440049149096012115e-03 3.137402934953570366e-03 2.395761609077453613e-01 4.227969839121215045e-05 8.544237613677978516e-01 1.911555044353008270e-02 1.861805139924399555e-05 1.058245034073479474e-04 3.137929737567901611e-01 6.890678312629461288e-03 3.226700704544782639e-03 1.526920241303741932e-04
2.284122899709473131e-07 9.515480087429750711e-06 2.242812513486569514e-07 9.984601638279855251e-05 2.273902100569102913e-05 2.244329664335964480e-07 9.659676551818847656e-01 2.422101348638534546e-01 1.769902519299648702e-05 9.373328685760498047e-01 2.499999254723661579e-06 5.999122858047485352e-01 3.450893796980381012e-03 1.898891059681773186e-05 5.745697126258164644e-05 3.180269598960876465e-01 2.776935994625091553e-01 1.576346461661159992e-03 5.656158919009612873e-06
9.248602204024791718e-03 5.037113623984623700e-06 2.326738107738535177e-11 9.479566870140843093e-06 7.304235100746154785e-01 1.386429858030169271e-06 9.952664375305175781e-01 2.232275919666903974e-09 6.760671734809875488e-01 5.499620669979776721e-08 4.477020411286503077e-06 7.879515886306762695e-01 8.261467314696346875e-07 7.065421581131658968e-09 3.655193836493708659e-07 6.002064794301986694e-03 1.110331504605710506e-04 7.375089353445218876e-06 4.137733019888401031e-03
5.068956613540649414e-01 2.976353978738188744e-03 3.965984092246799264e-07 9.983200430870056152e-01 6.310442090034484863e-01 1.944545947480946779e-04 1.966028809547424316e-01 1.041371288010850549e-04 5.022009834647178650e-03 1.694423990556970239e-04 1.081724476534873247e-04 2.178327552974224091e-02 4.834108985960483551e-04 4.572753969114273787e-04 2.017726888880133629e-03 2.153353206813335419e-02 2.645232528448104858e-02 2.049339855147991329e-05 1.143615008913911879e-04
4.628117720062874946e-15 1.062213442204473779e-10 9.876076363234554539e-15 1.416997214009896311e-10 1.235606950089618294e-09 2.428967964263062385e-11 1.000000000000000000e+00 2.714264368819385709e-09 8.598394393920898438e-01 2.588161618615608672e-13 3.858179886684354187e-10 1.554505359990798752e-07 9.455674021552340491e-10 1.980121027145287371e-07 6.705244231852702796e-06 6.003879207128193229e-07 1.790348323993384838e-03 3.059845766983926296e-05 1.641584560275077820e-03
8.488284423947334290e-03 4.411181143950670958e-04 7.219067356345476583e-06 3.680218476802110672e-03 2.695021592080593109e-02 9.880274534225463867e-01 8.803546428680419922e-02 7.078405815263977274e-06 1.182533130049705505e-01 1.269933854928240180e-04 7.230603955576953012e-07 7.328916108235716820e-04 1.280410360777750611e-04 1.628335739951580763e-04 7.124875206500291824e-03 9.250789298675954342e-05 6.601887871511280537e-04 5.084630101919174194e-03 9.042825549840927124e-03
4.034731164574623108e-02 2.775293886661529541e-01 2.272609435021877289e-02 4.311897754669189453e-01 1.309151854366064072e-02 3.302538301795721054e-03 5.325088500976562500e-01 4.829916656017303467e-01 1.898812875151634216e-02 1.545913666486740112e-01 1.011699903756380081e-02 3.929215297102928162e-02 1.372045427560806274e-01 4.496228396892547607e-01 6.623025983572006226e-02 1.106543615460395813e-01 3.559390008449554443e-01 1.290830373764038086e-01 5.760357715189456940e-03
3.311267926520145011e-10 2.450255642827414704e-08 5.290290427950594676e-10 3.938409208785742521e-04 2.310974167585300165e-08 6.997963282628916204e-06 9.999591112136840820e-01 5.813471580040641129e-05 8.693069103173911572e-04 3.084624111693301529e-09 1.820040090860786108e-10 2.964027467911023450e-09 5.319616320775821805e-06 9.727203287184238434e-03 2.373287528753280640e-01 1.266995894866340677e-07 8.113041520118713379e-01 6.289939483394846320e-05 5.638327365886652842e-06
6.224344484508037567e-03 1.470494607929140329e-04 5.084775267505392549e-08 5.795570541522465646e-05 1.423061476089060307e-03 1.530168992758262902e-05 2.339758723974227905e-02 5.300657823681831360e-03 3.920604740415001288e-06 9.978809952735900879e-01 5.735304966947296634e-06 7.269203066825866699e-01 4.798100516200065613e-02 2.446944158407404757e-08 1.248962320232749335e-07 1.099906563758850098e-01 1.814969873521476984e-04 9.675554465502500534e-04 1.858434870882774703e-06
1.673754602670669556e-01 1.767989099025726318e-01 1.180601492524147034e-01 2.774453461170196533e-01 5.653804913163185120e-02 1.286018788814544678e-01 4.289492070674896240e-01 3.625438213348388672e-01 8.749468624591827393e-02 2.253023087978363037e-01 2.662403136491775513e-02 1.254250258207321167e-01 2.569143772125244141e-01 2.837332189083099365e-01 3.696069419384002686e-01 9.358917176723480225e-02 2.568173408508300781e-01 3.335801362991333008e-01 3.689447417855262756e-02
5.892015178687870502e-04 4.649719812732655555e-06 1.524703363564583469e-09 3.954295607400126755e-05 6.586346898984629661e-07 1.012302845992962830e-06 4.185765646980144083e-05 2.266681520268321037e-03 1.963103846147618015e-10 9.999988079071044922e-01 5.483051168653219065e-08 2.084679603576660156e-01 3.491104580461978912e-03 1.240095248711270415e-09 1.340400501703697955e-08 9.650263004004955292e-03 3.301403239674982615e-06 2.948587061837315559e-04 1.234850000031428863e-10
2.314436715096235275e-03 3.259341930970549583e-03 1.621410832740366459e-03 5.328204631805419922e-01 1.089870231226086617e-03 7.384098134934902191e-04 3.891985416412353516e-01 1.575151234865188599e-01 1.545030856505036354e-03 1.115969382226467133e-02 4.443962461664341390e-05 1.108057098463177681e-03 2.285941317677497864e-02 1.060266941785812378e-01 2.515050470829010010e-01 4.380915779620409012e-03 9.320123791694641113e-01 1.856054365634918213e-01 5.513179930858314037e-04
5.788790876977145672e-04 2.763259399216622114e-04 1.376664440613240004e-04 6.844256520271301270e-01 1.158622035291045904e-04 7.854095747461542487e-05 3.796237707138061523e-01 4.694735258817672729e-02 9.899278666125610471e-05 9.552279952913522720e-04 7.125608476599154528e-07 4.045066816615872085e-05 4.651267081499099731e-03 4.823673889040946960e-02 3.495348989963531494e-01 2.377522177994251251e-04 9.762267470359802246e-01 3.030249103903770447e-02 1.831794725148938596e-05
6.608785952266771346e-06 5.663209035992622375e-02 5.781354062150967366e-09 9.999915361404418945e-01 2.350644763282616623e-07 5.273695022345314953e-11 1.467361450195312500e-01 8.514663204550743103e-03 1.349266312899999321e-06 1.397367555000528228e-07 1.156303852667406318e-07 1.668589710845935770e-10 9.865500032901763916e-06 9.342718124389648438e-01 5.861097633896861225e-07 6.075413693906739354e-06 1.232564821839332581e-02 1.278196606335768593e-07 6.714115929895569934e-09
1.327487009206151924e-10 1.108566997572779655e-03 3.682958018419446589e-12 9.999831914901733398e-01 4.248270138451637479e-12 8.390734845280700856e-16 5.830485820770263672e-01 1.065983995795249939e-02 1.281220268767313542e-10 3.150877336821622521e-10 7.650444947687740083e-14 2.772158047768645420e-16 2.248592920750525082e-07 9.993429780006408691e-01 1.917949532526108669e-07 6.346003722512705281e-09 3.496832847595214844e-01 6.147445219539804384e-06 7.028079696989528169e-14
5.092140042961545987e-09 4.934542230330407619e-04 2.287928596578225893e-10 9.999873638153076172e-01 3.156760408629111225e-10 5.771005553859356874e-14 4.178767204284667969e-01 1.601055264472961426e-02 7.321347528232990953e-09 1.646816194522671140e-08 6.731955271011003106e-12 4.527156983167614224e-14 3.673134642667719163e-06 9.707896709442138672e-01 3.045378434762824327e-06 6.021137721745617455e-08 7.012531757354736328e-01 9.007336302602197975e-06 1.471982431777707490e-11
2.126196166500449181e-03 1.541638979688286781e-03 6.809880142100155354e-04 4.313816428184509277e-01 3.363829571753740311e-03 1.776995632098987699e-04 8.962046504020690918e-01 4.430955275893211365e-02 2.289537806063890457e-03 2.640724414959549904e-03 5.404065814218483865e-05 3.997307736426591873e-03 1.927300728857517242e-02 2.478576824069023132e-02 1.379488110542297363e-01 8.168640546500682831e-03 8.692865371704101562e-01 5.529408808797597885e-03 8.992424700409173965e-04
1.529271481558680534e-03 1.331967418082058430e-03 2.683057682588696480e-04 1.886348240077495575e-02 1.408585254102945328e-02 8.351093129022046924e-05 9.734079837799072266e-01 3.883463516831398010e-02 3.359827678650617599e-03 6.761016324162483215e-03 2.603713073767721653e-04 1.448749899864196777e-01 4.421720653772354126e-02 3.884415840730071068e-03 2.673683315515518188e-02 5.863587185740470886e-02 7.101846933364868164e-01 4.808638710528612137e-03 3.415293525904417038e-03
2.680051326751708984e-01 2.218659035861492157e-03 7.320204531424678862e-07 2.433144982205703855e-04 1.482601044699549675e-03 2.044184384430991486e-06 3.972690552473068237e-03 6.240046583116054535e-03 6.277105057961307466e-07 9.800230264663696289e-01 5.553036771743791178e-06 6.506463885307312012e-01 5.467381477355957031e-01 9.823001079212190234e-08 2.208067684250636376e-08 5.345642566680908203e-02 2.092476643156260252e-05 2.332339296117424965e-03 2.859886762962560169e-06
9.723927974700927734e-01 6.203233351698145270e-05 3.916120205893491857e-10 9.996811151504516602e-01 8.304838538169860840e-01 8.789170280465441465e-09 1.061734035611152649e-01 1.550654474158363882e-06 1.392409899381163996e-06 1.379340943685747334e-07 2.405071768407651689e-07 1.680504158139228821e-02 7.379838280030526221e-06 4.369766884337877855e-06 1.592636835994198918e-04 1.197563018649816513e-03 1.312560439109802246e-01 1.835762120094841521e-08 6.152576226270412008e-09
8.744309889152646065e-04 2.755847817752510309e-04 7.914219895610585809e-05 1.622383594512939453e-01 2.138703614473342896e-01 1.567294384585693479e-04 9.577923417091369629e-01 6.538112647831439972e-03 5.340879317373037338e-03 6.885393988341093063e-03 1.110391822294332087e-04 4.181913733482360840e-01 1.259410753846168518e-02 1.406059716828167439e-03 5.952115636318922043e-03 3.143053352832794189e-01 2.458459436893463135e-01 5.267870798707008362e-02 7.132595055736601353e-04
2.249373665108578280e-07 1.172613610833650455e-05 5.318548232935427222e-07 1.304854231420904398e-04 1.445554880774579942e-05 9.069452744370209984e-08 9.749575853347778320e-01 3.762675523757934570e-01 1.670565870881546289e-05 8.765808343887329102e-01 2.597510956547921523e-06 4.493642151355743408e-01 3.384427865967154503e-03 5.993408558424562216e-05 1.054044405464082956e-04 2.979858815670013428e-01 5.035966038703918457e-01 2.208444522693753242e-03 7.701542926952242851e-06
8.714269101619720459e-02 8.898211334429362296e-11 2.908899076306439412e-17 9.999983310699462891e-01 9.907521009445190430e-01 1.124743298497321575e-09 7.126782834529876709e-02 1.576073364699392965e-12 3.030327988540193473e-08 2.648481156608539777e-10 7.319621661170880311e-15 1.085951644927263260e-02 7.346074304415139977e-10 2.538563109721891919e-12 2.113357027155871037e-07 3.127890871837735176e-03 8.967799949459731579e-04 1.420055295575650689e-09 4.306335832631597027e-14
2.327620424330234528e-02 4.744151738123036921e-09 3.009519581242611763e-14 9.999997615814208984e-01 9.178891181945800781e-01 1.450778313483169768e-06 2.784412540495395660e-02 2.933894793777369614e-10 2.374326868448406458e-06 1.904730062562975945e-08 1.836371332775144083e-12 4.826567019335925579e-04 5.177641781983766123e-08 6.940585883796757116e-10 1.007594892143970355e-05 1.422430737875401974e-03 1.081079128198325634e-03 7.749361152775691153e-09 3.165332579380120137e-11
4.280641302466392517e-02 5.198498964631426134e-09 2.238384174194085752e-14 9.999998807907104492e-01 9.335414171218872070e-01 4.199834506835031789e-07 1.739833690226078033e-02 2.290072298460898992e-10 9.226427550856897142e-07 1.807659977259845618e-08 1.539414104002878592e-12 6.194279412738978863e-04 4.212838788930639566e-08 5.451262774514020748e-10 4.243426246830495074e-06 1.799472025595605373e-03 9.142851922661066055e-04 3.598210840394244769e-09 1.280264349395876522e-11
5.682748556137084961e-02 1.857646703720092773e-01 5.285719453240744770e-06 8.740720748901367188e-01 4.601801186800003052e-02 8.384631015360355377e-03 6.595374345779418945e-01 1.256564049981534481e-03 1.575865000486373901e-01 3.090313985012471676e-04 7.923471741378307343e-03 4.005270078778266907e-03 7.103270618245005608e-04 1.992951147258281708e-02 1.228769659064710140e-03 5.366980563849210739e-03 2.731996588408946991e-03 1.350407837890088558e-04 9.491979144513607025e-03
9.382943062519188970e-06 1.109231170266866684e-02 2.958363864991042647e-08 9.999845027923583984e-01 3.428541731409495696e-06 1.354383538654246877e-08 2.005569040775299072e-01 4.461084958165884018e-03 1.367501681670546532e-05 1.161452246378757991e-06 4.243362639044789830e-08 5.047973150595908010e-10 4.902225191472098231e-05 6.749724149703979492e-01 1.317814530921168625e-05 7.584325885545695201e-06 1.364231389015913010e-02 2.758111747880320763e-07 2.573489155111019500e-08
9.995260238647460938e-01 1.679483568295836449e-03 2.333537653202970991e-15 9.267678855243155489e-13 1.187511884381819982e-06 5.363294010296559833e-12 9.391269683837890625e-01 4.208489945423110612e-10 3.913550674915313721e-01 1.536520954914522008e-07 8.983708887910779595e-09 2.555866241455078125e-01 3.548328777469578199e-06 1.192254565676709697e-15 7.514232430651341331e-17 1.888811773653742421e-08 7.554144332289070007e-08 1.388015830744437906e-11 9.191204309463500977e-01
2.967317996080964804e-04 1.603192140464670956e-05 5.880110620637424290e-07 1.465983572416007519e-03 1.886215358972549438e-01 8.374244570732116699e-01 5.423561334609985352e-01 1.291591797780711204e-05 1.968000642955303192e-02 5.024879239499568939e-03 1.757108094579962199e-07 1.400991622358560562e-02 9.166367235593497753e-04 1.074235842679627240e-05 1.355908461846411228e-03 5.792058072984218597e-03 9.711970924399793148e-04 3.508368041366338730e-03 1.435911108274012804e-04
7.961213588714599609e-01 3.113639075309038162e-03 1.059844635165063664e-06 9.493341669440269470e-03 8.373465538024902344e-01 2.227499135187827051e-05 8.455314636230468750e-01 3.399925844860263169e-05 2.622988820075988770e-02 1.492888259235769510e-05 1.665782619966194034e-04 6.418110728263854980e-01 3.467216447461396456e-04 1.326069468632340431e-05 7.386646029772236943e-05 3.264004737138748169e-02 1.008522510528564453e-02 8.005158451851457357e-05 1.440301537513732910e-03
3.085005664615891874e-05 3.109551107627339661e-05 2.120455206977567286e-07 1.309878285974264145e-02 1.029604952782392502e-02 3.610966727137565613e-02 9.964953064918518066e-01 1.085517669707769528e-05 9.990898519754409790e-02 2.766301577139529400e-06 3.733540268058277434e-07 3.089763631578534842e-04 7.087935227900743484e-05 1.841058372519910336e-03 6.048882752656936646e-02 4.489322600420564413e-04 3.843233920633792877e-03 1.459828228689730167e-03 4.274193197488784790e-04
2.371494621038436890e-01 3.392040356993675232e-02 1.866138882178347558e-05 1.319685979979112744e-04 6.707147695124149323e-04 1.647165045142173767e-03 8.737916946411132812e-01 5.820855149067938328e-04 5.493029356002807617e-01 2.972922986373305321e-03 7.067258120514452457e-04 5.627657100558280945e-02 1.462172716856002808e-03 2.815040716086514294e-05 7.584325794596225023e-05 3.666762495413422585e-04 1.018597092479467392e-02 1.349903410300612450e-03 8.534123301506042480e-01
9.485079646110534668e-01 1.016872376203536987e-01 3.646162554105103482e-07 2.109668275807052851e-05 1.026949030347168446e-03 6.114905772847123444e-06 8.399350047111511230e-01 1.915048924274742603e-04 5.867001414299011230e-01 1.235412782989442348e-04 9.311629110015928745e-04 1.185626089572906494e-01 7.526353001594543457e-04 1.345765667792875320e-06 2.920729968991508940e-07 8.172878006007522345e-05 3.057932946830987930e-03 2.092841896228492260e-05 6.702408194541931152e-01
5.521978735923767090e-01 7.754597463645040989e-04 1.256077098332752939e-06 7.166019082069396973e-02 6.951101422309875488e-01 1.617409143364056945e-04 8.604912161827087402e-01 1.385824725730344653e-04 6.528252270072698593e-03 8.450805762549862266e-05 1.009083462122362107e-05 2.747249007225036621e-01 1.038960064761340618e-03 6.751075125066563487e-05 2.633374184370040894e-03 1.235903427004814148e-02 3.846598789095878601e-02 2.538296976126730442e-04 2.181141171604394913e-04
2.209942298603273514e-12 7.081584652013361847e-09 1.023600204597130414e-09 1.006172806228278205e-05 6.348267245215311050e-09 1.659616020999177266e-11 9.999983310699462891e-01 4.656427481677383184e-04 1.193771604448556900e-03 1.128114845982963743e-08 4.653902152540467796e-08 5.876017894479446113e-07 9.990647413360420614e-06 6.007588672218844295e-05 3.520566388033330441e-04 3.404552626307122409e-05 9.913231134414672852e-01 1.054141830536536872e-05 6.379962724167853594e-05
4.519893348486903051e-10 4.340674877312267199e-07 1.105358649056142895e-08 2.894230192396207713e-06 4.432449784985692531e-08 5.724020701869392269e-10 9.999911785125732422e-01 3.549944376572966576e-03 3.030618727207183838e-01 5.203967390343677835e-08 3.139508771710097790e-05 3.231290293115307577e-06 1.770609924278687686e-05 4.325729096308350563e-04 4.784969496540725231e-04 6.379950355039909482e-05 9.950366616249084473e-01 2.769486047327518463e-03 7.262403145432472229e-03
4.837637301534414291e-03 2.304977551102638245e-02 8.004837669432163239e-03 1.285763923078775406e-02 7.204704452306032181e-03 6.562302820384502411e-03 9.638388156890869141e-01 1.190545484423637390e-01 5.727000832557678223e-01 1.148874126374721527e-02 4.314303025603294373e-02 4.586422815918922424e-02 3.184017539024353027e-02 5.243396013975143433e-02 8.431900292634963989e-02 3.012014552950859070e-02 4.759275317192077637e-01 1.599828153848648071e-01 2.745931744575500488e-01
3.446869456524837005e-08 2.107707217646748177e-07 1.398735491875413572e-07 2.429849840700626373e-02 2.470748086125240661e-07 2.426208425276854541e-07 9.905676245689392090e-01 1.927717006765305996e-03 2.974019844259601086e-05 3.647734843070793431e-07 1.633379653753763705e-09 1.166600327451305930e-07 8.861646347213536501e-05 2.008266281336545944e-03 9.874201565980911255e-02 5.014586349716410041e-06 9.967591166496276855e-01 2.537041436880826950e-04 6.069246865081368014e-06
1.410036347806453705e-04 1.914470689371228218e-03 2.446469352435087785e-06 2.165157496929168701e-01 5.021650344133377075e-03 1.433805446140468121e-04 9.853584766387939453e-01 2.533850260078907013e-03 8.663612417876720428e-03 2.128636697307229042e-03 1.377470016450388357e-05 5.437823012471199036e-03 4.694544710218906403e-03 4.091631621122360229e-03 4.770225845277309418e-03 1.401477120816707611e-02 3.630724549293518066e-02 2.142845769412815571e-04 1.897367765195667744e-04
6.667061143161845393e-07 5.070294406550601707e-09 5.013293599698265268e-11 7.805303539498709142e-06 4.411408901214599609e-01 1.800597715373442043e-07 9.771599173545837402e-01 4.914919600196299143e-07 3.364032818353734910e-05 1.607625046744942665e-03 1.856352405127381644e-09 9.924248456954956055e-01 1.774888951331377029e-04 6.603870228438779577e-10 4.485876115012388254e-09 5.833526253700256348e-01 6.873056408949196339e-04 5.192368553252890706e-05 1.093525909823256370e-07
9.999004602432250977e-01 5.673164196196012199e-07 1.129350352063138727e-16 2.473145276308059692e-01 9.993693232536315918e-01 3.120351470698584651e-14 2.164189070463180542e-01 4.232571324674916369e-12 1.387929882135097159e-09 6.924060391884367949e-13 3.345277397107104811e-12 7.997229099273681641e-01 3.760763089832863670e-10 2.056124584828844526e-12 3.009781009491452330e-12 2.288819057866930962e-03 1.666861317062284797e-05 1.211989536509250343e-10 2.978762527437728291e-13
1.888294704258441925e-02 2.756849539764516521e-07 3.508564966336891189e-11 9.995492100715637207e-01 5.568258166313171387e-01 4.772720785695128143e-06 6.351857185363769531e-01 1.200056232164570247e-07 9.601210331311449409e-05 7.899254228505014908e-08 6.063902158182088442e-10 6.751614273525774479e-04 2.126973868143977597e-06 5.186785188016074244e-07 2.738969167694449425e-03 4.818380111828446388e-04 3.751729428768157959e-02 1.887046181536788936e-07 2.633985296540686250e-08
7.703713361673081295e-11 1.576922897816857017e-10 6.029891893882905417e-17 1.228108703799080104e-05 3.856991883367300034e-03 9.863206917870570578e-10 9.999995231628417969e-01 8.560639697119398761e-11 8.229586092056706548e-05 9.476686796405786595e-11 1.627418225137386432e-13 1.009391271509230137e-03 2.052164376209475449e-07 2.024470591166505073e-09 1.778184582690300886e-06 4.235084925312548876e-04 1.479783677496016026e-04 8.777661264502967242e-09 8.007089213890594692e-09
2.668053202796727419e-04 1.938716974109411240e-03 2.230558020528405905e-04 4.197523463517427444e-03 8.031534962356090546e-03 1.497455668868497014e-04 9.352538585662841797e-01 7.224138826131820679e-02 2.989295171573758125e-03 2.377881109714508057e-01 4.098508215975016356e-04 4.064908921718597412e-01 1.007789745926856995e-01 5.336732137948274612e-04 1.388226402923464775e-03 2.622776925563812256e-01 1.432956904172897339e-01 3.298768773674964905e-03 1.155489124357700348e-03
1.529158180346712470e-04 2.619391104019541672e-08 2.940156451636255497e-11 7.578939548693597317e-04 8.237830400466918945e-01 1.344868792330089491e-06 2.517895102500915527e-01 1.013896053336793557e-06 2.130903595798372407e-07 6.553571224212646484e-01 1.222105888709634769e-10 9.989683628082275391e-01 4.782445466844365001e-05 1.490767731482378622e-09 2.179346925146319336e-09 5.871675610542297363e-01 4.090881338925100863e-05 1.575298228999599814e-04 6.845570776903286969e-10
3.542673931988815639e-10 1.043236677600312134e-11 6.555965216233430870e-14 2.844399205059744418e-07 1.591028831899166107e-02 9.903089459584180076e-11 9.942880272865295410e-01 3.707620805926126195e-07 3.614356458570000541e-08 6.492482498288154602e-03 3.798432922363925712e-12 9.962682127952575684e-01 9.018557466333732009e-05 6.877639950608749331e-12 4.828839064718870588e-11 7.586418390274047852e-01 7.582717807963490486e-04 3.967050361097790301e-06 2.067357673940506402e-10
4.121226444840431213e-02 4.661560058593750000e-02 2.813503101606329437e-07 9.982919096946716309e-01 4.371498245745897293e-03 3.226461994927376509e-04 3.270474374294281006e-01 1.061231130734086037e-03 9.109391830861568451e-03 3.175218444084748626e-05 1.435448211850598454e-04 1.113535199692705646e-05 2.305058442289009690e-04 4.573532938957214355e-02 1.910772407427430153e-03 1.408430543961003423e-04 8.113614283502101898e-03 5.757532562711276114e-06 2.408740401733666658e-04
4.626227915287017822e-02 9.976443648338317871e-01 6.704564725623640697e-07 1.118040531873703003e-01 6.929137441602506442e-08 1.951782735432061600e-07 8.250655978918075562e-02 5.828479528427124023e-01 7.921150245238095522e-05 6.409736670320853591e-07 1.053316955221816897e-04 1.272031681764929090e-06 2.724731748457998037e-04 8.789436221122741699e-01 1.992010112417119672e-07 3.530702451826073229e-05 7.874610600993037224e-04 5.560207137023098767e-05 3.572711193555733189e-08
1.835134355587797472e-07 3.119704103937692707e-07 1.591578258075543317e-10 1.297815988010597721e-08 3.921018540859222412e-02 9.996203184127807617e-01 1.535459514707326889e-02 1.118241144126841391e-08 1.091888174414634705e-02 3.305859118700027466e-02 5.959499560503900284e-11 4.779634065926074982e-03 1.866034108388703316e-05 2.040168312067436318e-10 1.379567180492813350e-07 2.797038294374942780e-03 1.500946069654673920e-07 5.118491117173107341e-06 2.213950647274032235e-04
1.893728722279774956e-06 3.419968663820327492e-07 2.540079613311263529e-08 1.138045452535152435e-02 7.770998030900955200e-02 2.569779269379068865e-07 9.953899383544921875e-01 8.262155461125075817e-05 7.229024777188897133e-05 4.403457278385758400e-04 7.539850344073784072e-08 5.616922974586486816e-01 8.986463653855025768e-04 5.722869445889955387e-06 3.873856985592283309e-05 3.175898194313049316e-01 8.082731813192367554e-02 1.702082226984202862e-03 3.010122554769623093e-06
2.857686354218458291e-08 3.581088847681712650e-08 1.828346252175094833e-09 4.404612351208925247e-03 4.431516863405704498e-04 7.845750715773647244e-09 9.997094273567199707e-01 7.908002589829266071e-05 4.130475645069964230e-06 7.241319690365344286e-05 9.730909411587163049e-10 2.618856541812419891e-02 8.890946628525853157e-04 2.602224412839859724e-06 1.293157547479495406e-04 1.639281958341598511e-02 2.946861088275909424e-01 3.998334796051494777e-05 2.631761333304893924e-07
7.484386374545515253e-12 6.791014972584719089e-10 2.800523181412106766e-11 8.602476736996322870e-05 1.684034828031144571e-06 3.662621855110570479e-12 9.999940395355224609e-01 5.486629743245430291e-05 8.894555776350898668e-07 7.290532266779337078e-07 1.354847206647136204e-10 1.402413588948547840e-03 8.542255091015249491e-05 8.453068289782095235e-07 1.813403650885447860e-05 2.755415160208940506e-03 8.444458842277526855e-01 2.400667881374829449e-06 1.872775214906141628e-07
3.277540727708583290e-08 1.675276052992558107e-06 3.076158705539455696e-08 4.469935447559691966e-05 5.421862624643836170e-06 3.042159235633334902e-08 9.533104896545410156e-01 2.534721195697784424e-01 2.025245748882298358e-06 9.794037938117980957e-01 2.949518886907753767e-07 6.940283775329589844e-01 1.109072938561439514e-03 7.019586064416216686e-06 2.055260301858652383e-05 3.469117283821105957e-01 2.750022411346435547e-01 1.236358424648642540e-03 5.210184781390125863e-07
9.968034029006958008e-01 2.661965226025131415e-08 3.055354185153762672e-19 7.910433419411333489e-10 9.988038539886474609e-01 5.534165464455632118e-16 9.840171933174133301e-01 3.529465800771922589e-15 5.231971954344771802e-06 5.013687287059621911e-14 4.415688463748485004e-13 9.975883960723876953e-01 2.096524065464677733e-10 3.806239328618867278e-18 2.319564777675021113e-18 7.146056159399449825e-04 6.207493630228100301e-09 6.800775356275226557e-14 8.143919982828151660e-10
5.942694097757339478e-02 2.655883133411407471e-01 9.996960163116455078e-01 9.354307502508163452e-02 1.521904300898313522e-02 3.790535498410463333e-03 4.626185595989227295e-01 4.555645883083343506e-01 2.928018197417259216e-02 2.803069911897182465e-02 1.844035228714346886e-03 9.413518942892551422e-03 1.049273461103439331e-01 3.347885012626647949e-01 5.158443376421928406e-02 1.132404729723930359e-01 2.645285129547119141e-01 9.839857928454875946e-03 3.772282972931861877e-02
1.465319097042083740e-01 4.601895809173583984e-01 4.039963334798812866e-02 6.844797134399414062e-01 3.698927909135818481e-02 1.851605810225009918e-02 2.609221041202545166e-01 4.805712699890136719e-01 1.169232558459043503e-02 8.333913236856460571e-02 1.272332482039928436e-02 1.976948976516723633e-02 1.438134461641311646e-01 7.537956833839416504e-01 1.210042387247085571e-01 9.442713111639022827e-02 1.716506481170654297e-01 2.597307264804840088e-01 5.504195112735033035e-03
1.947700083255767822e-01 5.916861295700073242e-01 5.250688269734382629e-02 3.671355843544006348e-01 2.103940956294536591e-02 2.362629957497119904e-02 4.012127816677093506e-01 5.575335621833801270e-01 3.672569245100021362e-02 9.292779862880706787e-02 3.653129190206527710e-02 4.980330541729927063e-02 1.903539001941680908e-01 5.768202543258666992e-01 9.386876225471496582e-02 9.775896370410919189e-02 1.998486667871475220e-01 2.353100180625915527e-01 1.227597519755363464e-02
3.149548918008804321e-02 5.527313426136970520e-02 5.588181689381599426e-02 1.935398392379283905e-02 7.945394515991210938e-02 9.133304953575134277e-01 1.398220062255859375e-01 1.606292836368083954e-02 3.349724709987640381e-01 4.611479863524436951e-02 4.573180340230464935e-03 4.881341382861137390e-02 3.596023842692375183e-02 2.507444284856319427e-02 1.219755485653877258e-01 3.037674911320209503e-02 3.488225862383842468e-02 7.758533209562301636e-02 2.974936962127685547e-01
4.911755681000218310e-14 6.179881779644347262e-07 1.388839160152289653e-15 1.982646757880957011e-08 3.617920185661205323e-09 2.613094636505497448e-11 1.000000000000000000e+00 6.968879461055621505e-06 7.566187559859827161e-05 1.032028933423134731e-07 8.052813277314996299e-11 3.883963472617324442e-06 2.723660327319521457e-05 8.590116067352937534e-07 1.859190348341144272e-07 2.427886793157085776e-04 2.046634443104267120e-03 2.099546536626917259e-09 2.630481503729242831e-07
3.928143417032644625e-17 1.937961076337035848e-11 1.158777388381496392e-15 1.963941682892045293e-11 3.404336534895691102e-11 9.314901958492119438e-14 1.000000000000000000e+00 2.819847577484324574e-05 1.394509945384925231e-05 1.932693578510225052e-07 2.544371657808852660e-11 1.005449576041428372e-05 1.125475828303024173e-04 1.136941207846575708e-08 9.126804911829822231e-08 3.282511315774172544e-04 8.606811612844467163e-02 6.713245515044263811e-09 1.999676868535971153e-07
1.214665181415429214e-17 4.723679468952336757e-14 7.154283794482156275e-17 1.082783072092752263e-07 3.916587106717051014e-12 2.099855445775178353e-12 1.000000000000000000e+00 1.509040998826094437e-07 7.327162165893241763e-08 1.464170278075993537e-11 2.630338229531449344e-17 1.583279063410714116e-10 5.240263476480322424e-07 1.513530605734558776e-06 4.876304883509874344e-04 8.510050442112060409e-09 8.034678697586059570e-01 2.459187520287287043e-09 3.097214984482121736e-10
1.315843401243910193e-04 4.508907750278012827e-06 5.638310374145305559e-10 3.114370338153094053e-05 2.965144267363939434e-05 1.473725887990440242e-06 2.377179218456149101e-03 3.290499560534954071e-03 1.552144901495466911e-08 9.999880790710449219e-01 1.000210048118788109e-07 6.152420639991760254e-01 2.523200819268822670e-03 2.826644251996413004e-09 5.310362993782291596e-08 7.657083868980407715e-02 7.119624206097796559e-05 3.840780409518629313e-04 2.683527844382638250e-09
4.060633014887571335e-03 4.966382402926683426e-04 8.329836305165372323e-07 1.423184061422944069e-03 1.345648313872516155e-03 3.880235890392214060e-04 2.103265188634395599e-02 2.281387522816658020e-02 1.540293123980518430e-05 9.992437362670898438e-01 3.628860577009618282e-05 5.248765349388122559e-01 2.276421152055263519e-02 2.224387799287796952e-06 1.753458491293713450e-05 1.162397637963294983e-01 1.246961532160639763e-03 3.966881427913904190e-03 3.650014377853949554e-06
5.817300407215952873e-04 4.459752701222896576e-03 4.583235364407300949e-03 7.429399411194026470e-04 4.031541291624307632e-03 7.426267862319946289e-01 6.779567003250122070e-01 8.498563547618687153e-04 3.796801567077636719e-01 1.242837635800242424e-03 7.704216113779693842e-05 3.423948306590318680e-03 1.385452924296259880e-03 4.380250349640846252e-03 1.801089197397232056e-02 3.144244896247982979e-03 6.571121979504823685e-03 2.625413052737712860e-02 2.045771032571792603e-01
3.005602955818176270e-01 2.293993681669235229e-01 6.382291316986083984e-01 1.080510243773460388e-01 7.775291800498962402e-02 8.518234826624393463e-03 3.196351826190948486e-01 4.287270009517669678e-01 1.236248202621936798e-02 4.947752654552459717e-01 2.573059312999248505e-02 4.169269204139709473e-01 4.213590025901794434e-01 7.163091748952865601e-02 2.254802547395229340e-02 2.568819224834442139e-01 1.344301551580429077e-01 1.054259091615676880e-01 1.592615433037281036e-02
9.832006692886352539e-01 6.600382328033447266e-01 9.721909009385854006e-05 2.239683875814080238e-03 3.478034166619181633e-03 4.169773092144168913e-06 1.376130804419517517e-02 1.265958547592163086e-01 1.111391757149249315e-04 9.086557663977146149e-03 1.499644713476300240e-04 3.045990169048309326e-01 9.236429929733276367e-01 7.250574999488890171e-04 6.500351332761056256e-07 1.040904130786657333e-02 4.222822026349604130e-04 6.092527415603399277e-03 1.027006946969777346e-04
3.352053079552774761e-09 8.836423859293063288e-08 9.443336779213495902e-08 2.228468076737044612e-07 1.155109712271951139e-04 4.344254289634363886e-09 9.955768585205078125e-01 2.312955213710665703e-03 3.201167373845237307e-06 8.546085655689239502e-02 3.521791924754325009e-08 7.907416224479675293e-01 1.681788079440593719e-02 7.620042374867352919e-09 2.511363206281203020e-08 3.928728699684143066e-01 1.231576595455408096e-02 2.620911345729837194e-06 4.881798645328672137e-07
9.134213905781507492e-05 8.902233676053583622e-04 4.229416674661479192e-07 4.751764354296028614e-04 1.121478708228096366e-04 2.625394017741200514e-06 3.044605851173400879e-01 2.506824135780334473e-01 1.542929021525196731e-05 9.888105392456054688e-01 4.871207420364953578e-05 6.760755777359008789e-01 1.916028186678886414e-02 3.648145866463892162e-05 3.634273889474570751e-05 3.186322152614593506e-01 8.649795502424240112e-02 4.445487167686223984e-03 4.696281393989920616e-06
2.279984531924128532e-03 1.440322995185852051e-01 1.270567299798130989e-04 3.033684939146041870e-02 4.010120755992829800e-04 2.979981582029722631e-05 3.446600437164306641e-01 6.689298748970031738e-01 5.788170383311808109e-04 6.690959930419921875e-01 5.214086850173771381e-04 1.983531713485717773e-01 6.086666136980056763e-02 8.517199754714965820e-02 1.739368424750864506e-03 1.720312833786010742e-01 3.622455596923828125e-01 5.593973398208618164e-02 1.783671905286610126e-04
1.078250733144159312e-08 2.465162296516609786e-08 1.161340853128231543e-13 8.766133987592183985e-07 1.728136993506268482e-07 4.425272925878687147e-10 6.850318051874637604e-03 1.445632427930831909e-03 4.103297562840779733e-11 9.999990463256835938e-01 1.218282141834947652e-10 8.662148118019104004e-01 2.953962211904581636e-05 1.156574558347500670e-10 8.819140417948290178e-10 1.939557939767837524e-01 1.008108592941425741e-04 2.031502299359999597e-05 1.775240761683893886e-12
1.183852054964518175e-05 6.662846135441213846e-05 1.137943286266818177e-06 9.987978935241699219e-01 3.533026392688043416e-05 1.254987154197806376e-07 7.861179709434509277e-01 4.444461781531572342e-03 7.238399120979011059e-05 2.804042196657974273e-05 4.101472939055383904e-08 3.152236445203016046e-07 5.515886587090790272e-04 9.131454862654209137e-03 4.104353021830320358e-03 7.441147317877039313e-05 6.677570939064025879e-01 5.245976353762671351e-06 4.312296084663103102e-07
4.285978150164737599e-07 2.153292371076531708e-05 2.583116609500279992e-09 1.731105148792266846e-02 6.561104091815650463e-04 3.145781010971404612e-05 9.999353885650634766e-01 6.519606813526479527e-06 2.228509075939655304e-02 1.595385583641473204e-07 1.562996487791679101e-07 4.895670645055361092e-05 1.960694135050289333e-05 1.343177049420773983e-03 1.583831384778022766e-02 3.132698184344917536e-04 5.032468587160110474e-03 3.688023207359947264e-05 6.698810466332361102e-05
1.152430428192019463e-03 2.381267695454880595e-04 5.832637725688982755e-06 3.795084776356816292e-03 2.456290125846862793e-01 9.941111207008361816e-01 4.533863440155982971e-02 1.344051997875794768e-05 1.210872381925582886e-01 1.493971329182386398e-03 1.754226332195685245e-06 4.862721543759107590e-03 4.184382851235568523e-04 1.151225733337923884e-04 1.056958688423037529e-03 4.172654822468757629e-03 7.495446479879319668e-04 8.577084168791770935e-03 1.960262656211853027e-03
5.095776868984103203e-04 1.597584574483335018e-03 1.033137552440166473e-03 3.515987773425877094e-04 7.141280802898108959e-04 2.599269710481166840e-02 9.519480466842651367e-01 2.108646091073751450e-03 6.887094974517822266e-01 1.220296369865536690e-03 7.156698266044259071e-04 6.910765543580055237e-03 1.448355964384973049e-03 1.336240442469716072e-03 8.767655119299888611e-03 2.390213543549180031e-03 5.178629606962203979e-02 5.920643359422683716e-02 5.456086397171020508e-01
7.996568456292152405e-03 9.798766113817691803e-04 7.509623287660360802e-07 1.793312435438565444e-06 1.777355100784916431e-05 5.983556620776653290e-03 9.051394462585449219e-01 5.627803602692438290e-06 6.368354558944702148e-01 2.374303294345736504e-04 4.771087333210743964e-06 3.898639231920242310e-03 2.857543768186587840e-05 3.651103668289579218e-07 7.101476057869149372e-06 1.016034184431191534e-05 8.832491002976894379e-04 2.855813654605299234e-04 9.586830735206604004e-01
9.602161645889282227e-01 5.635969638824462891e-01 7.326133345486596227e-05 4.967024549841880798e-03 1.396495848894119263e-02 1.014516674331389368e-04 5.820423960685729980e-01 3.368125110864639282e-02 4.595932364463806152e-01 1.186684705317020416e-03 3.705539554357528687e-02 1.444777250289916992e-01 1.479056943207979202e-02 6.434489041566848755e-04 2.342442530789412558e-05 1.946370699442923069e-03 2.965574711561203003e-02 4.208288446534425020e-04 1.469898074865341187e-01
9.552517533302307129e-01 4.609890282154083252e-01 1.037417165935039520e-02 4.857922438532114029e-03 1.261162385344505310e-02 1.477389741921797395e-04 6.864830106496810913e-02 2.024362385272979736e-01 8.403757587075233459e-03 1.996453665196895599e-02 1.390254590660333633e-03 1.671624630689620972e-01 8.653242588043212891e-01 2.529235323891043663e-03 4.353812619228847325e-05 2.404458262026309967e-02 3.901208285242319107e-03 6.121075712144374847e-03 1.137278042733669281e-02
5.759890675544738770e-01 4.385463595390319824e-01 4.650277842301875353e-04 1.677612029016017914e-02 3.675414994359016418e-02 4.720096185337752104e-04 7.333443164825439453e-01 1.618578135967254639e-01 3.220408856868743896e-01 5.492112599313259125e-03 2.715442478656768799e-01 1.718735098838806152e-01 6.970738619565963745e-02 7.626203354448080063e-03 2.986595965921878815e-03 3.232769668102264404e-02 3.249915540218353271e-01 6.362509448081254959e-03 2.069600224494934082e-01
1.671506091952323914e-02 6.288357079029083252e-02 2.800291636958718300e-03 8.255005814135074615e-03 7.647195830941200256e-03 6.114242132753133774e-04 9.530606269836425781e-01 2.275967448949813843e-01 2.819837331771850586e-01 1.149034313857555389e-02 8.981203287839889526e-02 8.263912796974182129e-02 5.361990258097648621e-02 2.523618936538696289e-02 5.616129562258720398e-02 5.480407550930976868e-02 8.012452125549316406e-01 2.582929842174053192e-02 3.082532584667205811e-01
5.255651103652780876e-06 2.263602425500721438e-07 2.390072584290692248e-09 9.889566302299499512e-01 1.952686230652034283e-03 6.141462108644191176e-06 9.791203737258911133e-01 1.148848241427913308e-05 6.539968308061361313e-05 3.826615284197032452e-06 7.149517783355818779e-11 2.216275242972187698e-05 7.480341446353122592e-05 2.705789484025444835e-05 1.168256625533103943e-02 1.510152796981856227e-04 9.072730690240859985e-02 4.207465735817095265e-06 6.565695542803950957e-08
3.669545549200847745e-05 1.550234264868777245e-05 8.200984780160069931e-07 7.872709631919860840e-01 3.012022469192743301e-03 6.135056173661723733e-05 9.869624972343444824e-01 4.430199041962623596e-04 6.521120085380971432e-04 8.458134107058867812e-05 3.888191102419114031e-08 3.114900609944015741e-04 1.201476436108350754e-03 9.790078038349747658e-04 4.067834839224815369e-02 1.119770109653472900e-03 1.955862045288085938e-01 1.475811441196128726e-04 7.678822839807253331e-06
3.586957973311655223e-05 4.328187424107454717e-05 2.999002163051045500e-06 3.066829172894358635e-03 6.984706036746501923e-03 8.189993500709533691e-01 8.914703130722045898e-01 1.766616151144262403e-05 8.164545893669128418e-02 1.776277349563315511e-05 1.247131820036884164e-07 1.078057466656900942e-04 1.148551455116830766e-04 2.659399528056383133e-03 2.799951843917369843e-02 2.157448470825329423e-04 2.182545140385627747e-03 4.765146411955356598e-03 5.658586742356419563e-04
8.045673370361328125e-01 6.844204068183898926e-01 1.549565815366804600e-03 5.429879203438758850e-02 2.157033793628215790e-02 1.090789330191910267e-03 5.645771622657775879e-01 2.065823376178741455e-01 2.888265848159790039e-01 7.710127625614404678e-03 1.390800923109054565e-01 1.215716898441314697e-01 4.148174077272415161e-02 1.550787873566150665e-02 1.011974643915891647e-03 1.455774065107107162e-02 9.728366881608963013e-02 5.075861699879169464e-03 5.061208084225654602e-02
1.043737679719924927e-02 1.890977546281646937e-05 2.192004622258991731e-08 1.192463605548255146e-04 8.469761610031127930e-01 7.823703526810277253e-06 8.761021494865417480e-01 4.406034804560476914e-06 3.995017148554325104e-03 5.449212621897459030e-04 1.033857870424981229e-06 9.706414937973022461e-01 6.340647814795374870e-04 5.203838426837137376e-08 1.270693843480330543e-07 2.340650856494903564e-01 8.872019825503230095e-04 7.920160715002566576e-05 2.842397043423261493e-05
9.909358620643615723e-01 1.276191510260105133e-02 1.112737422204190807e-07 6.663091480731964111e-04 8.411176204681396484e-01 1.913320062385537312e-07 5.190581679344177246e-01 3.613817534642294049e-05 6.510302191600203514e-04 1.516634620202239603e-05 2.669631976459641010e-05 8.518564701080322266e-01 9.557752055115997791e-04 5.170926442588097416e-07 2.517232999821317208e-08 1.969521306455135345e-02 4.505713004618883133e-04 3.375854021214763634e-06 6.759320967830717564e-05
8.834167383611202240e-03 1.511033438146114349e-02 1.233840826898813248e-03 9.965401887893676758e-01 2.768686972558498383e-03 1.077821943908929825e-03 1.071496903896331787e-01 1.367003321647644043e-01 6.876958068460226059e-04 1.092568133026361465e-02 1.629560028959531337e-05 4.434001311892643571e-05 2.472152374684810638e-02 2.107806950807571411e-01 8.009847253561019897e-02 1.874084700830280781e-03 3.153310418128967285e-01 2.313965745270252228e-02 3.236684642615728080e-05
2.616329584270715714e-04 1.600187715666834265e-05 6.355321033879590686e-07 1.760158804245293140e-03 3.863086700439453125e-01 9.064172045327723026e-04 9.713084101676940918e-01 4.798929148819297552e-05 1.286454126238822937e-02 8.214038098230957985e-04 1.150644607150752563e-06 4.364887177944183350e-01 1.912820735014975071e-03 7.712663318670820445e-06 1.827777741709724069e-04 9.088150411844253540e-02 8.601926267147064209e-03 1.037562848068773746e-03 1.363429328193888068e-04
2.628680206839817401e-08 4.844474005949450657e-06 9.771500941724298173e-08 2.421674980723764747e-05 4.424616417963989079e-05 6.172446774144191295e-06 9.999766349792480469e-01 6.483089964604005218e-05 4.905732274055480957e-01 7.910507520136889070e-07 6.975202268222346902e-06 3.470224328339099884e-04 5.371112274588085711e-05 4.402592603582888842e-04 2.777189249172806740e-03 1.185279223136603832e-03 2.184401266276836395e-02 2.900079824030399323e-03 7.283555809408426285e-03
3.674087167837569723e-07 2.958989171020220965e-05 8.306131348945200443e-06 1.015571295283734798e-03 1.100886584026739001e-05 4.550259120605915086e-07 9.863626360893249512e-01 5.288707092404365540e-02 1.470416039228439331e-02 9.033618698595091701e-05 3.773628486669622362e-05 1.745022309478372335e-04 1.235063769854605198e-03 2.574176527559757233e-02 2.944094361737370491e-03 7.869518361985683441e-03 9.454787373542785645e-01 8.876354098320007324e-01 4.949545837007462978e-04
1.253878418356180191e-02 1.422656476497650146e-01 1.364444273121989681e-07 3.935140557587146759e-04 3.474266268312931061e-04 2.612680702895886498e-07 9.977305531501770020e-01 3.476903773844242096e-03 5.875510573387145996e-01 1.449113369744736701e-06 2.967745959758758545e-01 8.613507263362407684e-03 1.607593585504218936e-04 4.466602986212819815e-04 2.110807981807738543e-04 4.550562007352709770e-04 5.391300320625305176e-01 1.112179452320560813e-04 1.484571546316146851e-01
5.598787218332290649e-03 2.534310333430767059e-02 2.205293858423829079e-04 9.284857660531997681e-04 1.485444372519850731e-03 4.207613528706133366e-05 9.872007369995117188e-01 1.063881665468215942e-01 3.280327916145324707e-01 1.198853831738233566e-03 5.694109201431274414e-02 3.878686577081680298e-02 1.434653438627719879e-02 4.891341086477041245e-03 1.852264069020748138e-02 1.587397046387195587e-02 8.927143216133117676e-01 5.022796336561441422e-03 4.384365379810333252e-01
1.896488242891791742e-06 5.652364052366465330e-05 2.966818044569663471e-07 2.340242266654968262e-01 1.229077588504878804e-05 2.623200998641550541e-04 9.970500469207763672e-01 7.248889305628836155e-04 1.738454680889844894e-03 1.307774937231442891e-06 2.384309460978784045e-08 1.898539068179161404e-07 1.131819153670221567e-04 6.836656481027603149e-02 2.005503922700881958e-01 6.327004030026728287e-06 2.935473322868347168e-01 2.028592716669663787e-04 1.479392994951922446e-05
3.499199403449892998e-03 1.750421710312366486e-02 8.502755918016191572e-06 9.903754591941833496e-01 2.724010730162262917e-03 1.977838110178709030e-04 6.997757554054260254e-01 7.448774296790361404e-03 1.453391928225755692e-02 1.187066736747510731e-04 1.135429702117107809e-04 1.921906368806958199e-05 9.028504719026386738e-04 8.789692819118499756e-02 1.823369413614273071e-02 4.399024473968893290e-04 1.112007349729537964e-01 5.802599116577766836e-05 1.829162210924550891e-04
6.744036363670602441e-05 2.294923737645149231e-02 3.734390574550161546e-08 2.968836426734924316e-01 1.567762083141133189e-04 1.748827708070166409e-05 9.982134103775024414e-01 5.183563334867358208e-04 8.917513489723205566e-02 7.863250175432767719e-07 1.763433101586997509e-04 1.855902155512012541e-05 3.156572347506880760e-05 7.919718325138092041e-02 6.445421371608972549e-03 9.454019891563802958e-05 2.206413261592388153e-02 2.773987580440007150e-05 8.078984683379530907e-04
9.739447385072708130e-03 7.496103644371032715e-04 1.280827855225652456e-04 1.398034840822219849e-01 5.861499905586242676e-01 9.696720167994499207e-03 8.628100752830505371e-01 3.223899984732270241e-03 5.482456833124160767e-02 2.033323235809803009e-02 8.187013445422053337e-04 5.820287466049194336e-01 1.062566414475440979e-02 9.563781786710023880e-04 9.004216641187667847e-03 3.725890219211578369e-01 8.610917627811431885e-02 1.589375734329223633e-01 3.762758802622556686e-03
1.148946830653585494e-05 4.542349488474428654e-04 3.059568916796706617e-05 8.187231724150478840e-04 5.937367095611989498e-04 1.816226722439751029e-04 9.991731047630310059e-01 3.679297165945172310e-03 4.732988178730010986e-01 7.599435048177838326e-05 6.003323942422866821e-04 3.385888645425438881e-03 1.444241264835000038e-03 8.666167967021465302e-03 2.254637517035007477e-02 6.127686705440282822e-03 1.250631958246231079e-01 2.248518355190753937e-02 4.336581751704216003e-02
2.736936789005994797e-03 1.330874802079051733e-04 6.855435117358865682e-07 1.839254051446914673e-02 4.266108870506286621e-01 2.144734561443328857e-02 9.205314517021179199e-01 5.873699774383567274e-05 3.876291960477828979e-02 1.587195438332855701e-03 4.360608727438375354e-06 1.562875807285308838e-01 1.789836212992668152e-03 3.640024442574940622e-05 2.181362593546509743e-03 3.352787718176841736e-02 4.764669109135866165e-03 1.275148824788630009e-03 4.054963064845651388e-04
1.503796731583406654e-08 1.704825308479485102e-06 1.527180160110219731e-09 9.898014664649963379e-01 3.058330833027866902e-07 4.553558241582322808e-08 9.961386322975158691e-01 9.193390724249184132e-05 2.422060788376256824e-05 1.521714665386753040e-08 1.805644696262209692e-11 1.530856968967597709e-10 6.146249234006972983e-06 9.766886010766029358e-03 8.908107876777648926e-03 2.688506981485261349e-07 3.265864849090576172e-01 3.058721915749629261e-07 1.510209557409325498e-08
6.687346100807189941e-02 2.569423988461494446e-02 1.688235206529498100e-03 4.916903004050254822e-02 2.950715646147727966e-02 1.615751907229423523e-02 1.414407342672348022e-01 1.650991290807723999e-01 2.921530744060873985e-03 9.609171748161315918e-01 5.809718742966651917e-03 4.758026897907257080e-01 1.330661326646804810e-01 2.062992891296744347e-03 5.887573119252920151e-03 2.172144800424575806e-01 3.491041064262390137e-02 6.226683408021926880e-02 1.368129975162446499e-03
1.194182410836219788e-02 2.303644083440303802e-03 2.270032564410939813e-05 6.736701354384422302e-03 4.880586173385381699e-03 2.101404126733541489e-03 4.356564953923225403e-02 5.227044597268104553e-02 1.271977089345455170e-04 9.966363906860351562e-01 2.832704631146043539e-04 4.937748014926910400e-01 4.295348376035690308e-02 4.148450898355804384e-05 2.298842591699212790e-04 1.530222594738006592e-01 4.927139263600111008e-03 1.280623208731412888e-02 3.524405110510997474e-05
3.583162377918114316e-10 1.812674054235685617e-05 2.962941003659125272e-10 9.549779891967773438e-01 1.538274618795298920e-09 5.715137738060427353e-11 9.994889497756958008e-01 4.176880756858736277e-04 2.194459375459700823e-05 2.481568950329915424e-09 1.599771287663642738e-10 1.061419008241415440e-11 1.677103114161582198e-06 2.240758687257766724e-01 4.442052450031042099e-04 1.858470568549819291e-07 5.388843417167663574e-01 3.393435008547385223e-07 2.572355484176114260e-08
5.799504462629556656e-03 2.319295555353164673e-01 4.420692857820540667e-04 9.347202777862548828e-01 1.638035755604505539e-03 2.473788335919380188e-04 4.183120727539062500e-01 2.166920751333236694e-01 2.441748511046171188e-03 6.137100048363208771e-03 2.897937083616852760e-04 1.899333437904715538e-04 1.776424236595630646e-02 8.176648616790771484e-01 6.843009497970342636e-03 7.273470517247915268e-03 1.221599131822586060e-01 7.431161589920520782e-03 1.893871958600357175e-04
3.013537731021642685e-03 3.176731988787651062e-04 8.836793313093949109e-06 9.999992847442626953e-01 2.037299236690159887e-05 1.231819391250610352e-03 3.221063889213837683e-05 5.635895300656557083e-03 2.628760320533274353e-08 1.358144509140402079e-04 2.689623003482299879e-11 4.603364633926076976e-10 1.647337572649121284e-03 1.811962425708770752e-01 1.340352650731801987e-02 1.598590074536332395e-06 5.162245361134409904e-04 6.306504458189010620e-02 1.191121756782820285e-09
1.878023795143235475e-05 1.172878401121124625e-04 1.916160741188832617e-08 3.500299062579870224e-04 5.872296169400215149e-03 3.125020011793822050e-04 9.995604157447814941e-01 7.840352736820932478e-06 5.143520236015319824e-01 4.444684236659668386e-06 2.362653867749031633e-05 9.530498646199703217e-03 4.422178244567476213e-05 2.680988982319831848e-04 2.577474573627114296e-03 2.925138920545578003e-03 1.939906738698482513e-03 1.457009115256369114e-03 8.310860022902488708e-03
2.884699788410216570e-04 1.195418182760477066e-03 1.750863475535879843e-06 2.221001777797937393e-04 1.674997154623270035e-03 7.655402878299355507e-04 9.975643157958984375e-01 1.290066284127533436e-04 6.560359001159667969e-01 5.641254756483249366e-05 4.255572566762566566e-04 1.215668395161628723e-02 1.802184560801833868e-04 4.988015862181782722e-04 3.280906705185770988e-03 1.643616706132888794e-03 1.602626033127307892e-02 9.665180929005146027e-03 2.127039879560470581e-01
4.230671765981242061e-05 2.278055617352947593e-04 1.219427616661050706e-07 9.269388392567634583e-04 3.152997419238090515e-02 8.590233046561479568e-04 9.959396123886108398e-01 1.104789844248443842e-04 3.623667731881141663e-02 4.942903178744018078e-04 1.531295856693759561e-05 7.503284513950347900e-02 3.029097570106387138e-03 6.942643813090398908e-05 6.501333555206656456e-04 3.836110979318618774e-02 5.356386769562959671e-03 3.202139923814684153e-04 1.052765990607440472e-03
2.605391782708466053e-04 9.141304872173350304e-06 1.420202835333839175e-07 2.169849583879113197e-03 6.412888169288635254e-01 2.606661582831293344e-04 9.638134241104125977e-01 1.870154665084555745e-05 2.062839083373546600e-02 8.907697629183530807e-04 6.613514869968639687e-06 8.203092813491821289e-01 8.964693988673388958e-04 2.711661181820090860e-06 4.111700400244444609e-05 3.120435178279876709e-01 6.576434243470430374e-03 2.219868125393986702e-03 1.982651010621339083e-04
3.765482148310184130e-08 6.049443982192315161e-06 6.367090321646173834e-08 5.697428150597261265e-06 2.778516773105366156e-06 1.311836750339523405e-09 9.999668598175048828e-01 4.920254927128553391e-03 2.002077177166938782e-03 9.705829143058508635e-06 2.111868525389581919e-05 1.695031533017754555e-03 8.933566277846693993e-04 8.268815145129337907e-05 6.140010082162916660e-04 2.110809553414583206e-03 9.727554321289062500e-01 1.240043457073625177e-05 4.117285832762718201e-03
1.819958777083079437e-19 4.912140981812263571e-21 6.406946148069268035e-32 2.854018833330779215e-13 1.468345522880554199e-03 7.032206441508551120e-15 1.000000000000000000e+00 2.134548809832009863e-22 1.664137357693107333e-06 4.991973281329007319e-20 1.042193526956198179e-24 6.347925227601081133e-05 6.295413815899861265e-14 1.091191977908548229e-19 2.701527695124494866e-13 1.124168989008467179e-06 7.262982992806144011e-10 2.987567578920037777e-15 5.787205228382184818e-15
8.269479274749755859e-01 5.854425430297851562e-01 3.790568443946540356e-04 1.522524654865264893e-02 1.425362657755613327e-02 8.018676890060305595e-04 6.976827979087829590e-01 6.416355073451995850e-02 5.052602291107177734e-01 4.046169109642505646e-03 5.408209562301635742e-02 1.279177069664001465e-01 1.468208897858858109e-02 3.304461715742945671e-03 4.322489257901906967e-04 4.490898922085762024e-03 7.318232953548431396e-02 2.260838635265827179e-03 1.628131717443466187e-01
4.643555730581283569e-03 7.129221223294734955e-03 2.994841430336236954e-03 1.148763224482536316e-01 5.249652545899152756e-03 1.037916168570518494e-01 9.019310474395751953e-01 4.411762952804565430e-02 7.867045700550079346e-02 2.845877083018422127e-03 4.741739539895206690e-04 1.871593180112540722e-03 1.901809871196746826e-02 1.996264904737472534e-01 5.563303232192993164e-01 2.835552440956234932e-03 2.878069281578063965e-01 4.396210983395576477e-02 1.123936660587787628e-02
5.349754821509122849e-03 8.579257875680923462e-03 9.851493872702121735e-03 2.117542317137122154e-03 1.302186213433742523e-02 8.613228797912597656e-01 2.540839910507202148e-01 2.135968068614602089e-03 4.147469401359558105e-01 8.745384402573108673e-03 4.024716326966881752e-04 1.605381257832050323e-02 5.653567612171173096e-03 3.236426273360848427e-03 2.581707574427127838e-02 7.149998564273118973e-03 1.358036696910858154e-02 4.367684572935104370e-02 4.522678554058074951e-01
6.845527142286300659e-02 2.603369206190109253e-02 2.794547937810420990e-02 9.773293137550354004e-01 8.786942809820175171e-03 1.255013141781091690e-02 9.158527851104736328e-02 1.704210937023162842e-01 6.945046479813754559e-04 9.260269999504089355e-02 1.586870348546653986e-04 8.842355455271899700e-04 7.878240197896957397e-02 2.089089006185531616e-01 3.575213551521301270e-01 8.845824748277664185e-03 2.513444423675537109e-01 3.506614863872528076e-01 1.390802208334207535e-04
7.363550139416474849e-06 4.648092726711183786e-06 2.138351419489481486e-06 2.446993719786405563e-03 4.352394626039313152e-06 9.997305274009704590e-01 2.822562528308480978e-04 2.029902680078521371e-05 1.975266495719552040e-03 9.461748049943707883e-06 8.075766722015487176e-10 8.966401843224502954e-09 2.111300636897794902e-05 9.136672131717205048e-03 9.850921034812927246e-01 1.786198033926211792e-08 7.272938382811844349e-04 9.280510130338370800e-04 2.783595846267417073e-06
9.374018013477325439e-02 1.779089123010635376e-01 4.618053324520587921e-03 9.943686127662658691e-01 9.834311902523040771e-03 1.485819928348064423e-03 1.534401532262563705e-02 2.074709832668304443e-01 6.536152795888483524e-05 1.274382602423429489e-02 1.449483243050053716e-04 2.289694675710052252e-04 4.761227592825889587e-02 8.897214531898498535e-01 2.537713013589382172e-02 1.445704232901334763e-02 2.276602387428283691e-02 2.223683148622512817e-01 5.892713306820951402e-05
2.992429398000240326e-02 1.334809325635433197e-02 2.729977131821215153e-05 7.180249691009521484e-02 2.380078221904113889e-04 1.052436186000704765e-03 5.126817151904106140e-03 1.175643652677536011e-01 6.171234872454078868e-06 9.979285001754760742e-01 2.647904038894921541e-04 1.955492347478866577e-01 6.292254477739334106e-02 6.284404080361127853e-04 3.225124382879585028e-04 4.667155072093009949e-02 3.290488850325345993e-03 3.311116248369216919e-02 7.138590717659099028e-06
9.548661708831787109e-01 5.203035660088062286e-03 9.814139723118842085e-09 4.122868631384335458e-06 1.497441083192825317e-01 2.125467624125576549e-08 1.617085188627243042e-01 1.731753436615690589e-04 2.899559876823332161e-05 1.915803924202919006e-02 1.505154614278580993e-06 9.525361657142639160e-01 6.737803667783737183e-02 2.486202133056281127e-09 3.025079839402700088e-11 1.989026181399822235e-02 1.269411040993873030e-05 2.703233576539787464e-06 2.451505679346155375e-05
1.433301986253354698e-05 9.160713671008124948e-05 1.137820436269976199e-05 4.411492962390184402e-03 5.571597721427679062e-04 1.562258694320917130e-05 9.584796428680419922e-01 1.322244554758071899e-01 2.387317072134464979e-04 5.209404826164245605e-01 2.511488310119602829e-05 2.879753112792968750e-01 1.493980642408132553e-02 4.770046798512339592e-04 2.780374838039278984e-03 1.910850554704666138e-01 4.248366057872772217e-01 1.167748589068651199e-02 1.109647710109129548e-04
9.957621693611145020e-01 3.111747466027736664e-02 3.734056033127819418e-12 2.762097210506908596e-06 2.444834215566515923e-03 1.153715878388084093e-08 9.382553696632385254e-01 1.898519172982560121e-07 6.738627552986145020e-01 3.569570949935041426e-08 9.543001942802220583e-05 1.744547486305236816e-01 4.632877335097873583e-07 5.871624519926399444e-09 6.811134434236976176e-10 1.819207568587444257e-06 7.998771616257727146e-05 2.386675390653181239e-08 2.043278962373733521e-01
9.958925247192382812e-01 1.579804867506027222e-01 1.137645958806388080e-04 2.044690400362014771e-01 1.881941221654415131e-02 3.003441179316723719e-06 1.506696688011288643e-03 2.045938372611999512e-02 1.850012694148972514e-07 2.061736397445201874e-02 5.768139544670702890e-06 2.129169106483459473e-01 7.144529223442077637e-01 6.894935504533350468e-04 7.606527560710674152e-06 2.215222688391804695e-03 1.297701965086162090e-04 4.148437641561031342e-03 1.186885810966487043e-06
9.427898476133123040e-06 3.735092177521437407e-04 5.937562673352658749e-05 2.018069615587592125e-03 6.953669071663171053e-05 8.750483175390399992e-06 9.791280627250671387e-01 8.247483521699905396e-02 5.820865184068679810e-02 4.076302575413137674e-04 4.031353164464235306e-04 6.445008330047130585e-04 4.525672644376754761e-03 6.183965131640434265e-02 7.253030780702829361e-03 1.434230804443359375e-02 8.396277427673339844e-01 9.013227224349975586e-01 2.539046341553330421e-03
2.291247885866098954e-10 2.593027459418806302e-10 1.251193267916284046e-12 1.063388253896846436e-06 4.516499757301062346e-04 1.392115589471387693e-10 9.962220191955566406e-01 3.248369830544106662e-05 5.169530581383696699e-08 6.617460399866104126e-02 1.249539638426000465e-10 9.697365164756774902e-01 4.217334499116986990e-04 2.083568317878814469e-10 2.663320008977621001e-09 6.156913638114929199e-01 7.286231499165296555e-03 7.697070941503625363e-06 2.893323580721585131e-09
9.337846636772155762e-01 1.207317505031824112e-02 1.827446112656616606e-06 9.827345013618469238e-01 7.756611704826354980e-01 7.225969511637231335e-06 5.785280838608741760e-02 6.661745137535035610e-04 4.833098137169145048e-05 1.701452769339084625e-03 4.853874270338565111e-05 2.863171994686126709e-01 4.809989593923091888e-03 2.956812677439302206e-04 8.121268911054357886e-05 6.147195026278495789e-02 1.731141656637191772e-02 6.740711978636682034e-05 4.390452431835001335e-06
9.578649769537150860e-05 4.837799060624092817e-04 6.242092922548181377e-07 5.461536056827753782e-05 1.344296848401427269e-03 4.758389695780351758e-05 8.879892230033874512e-01 6.277923285961151123e-02 1.052709878422319889e-03 8.241704702377319336e-01 2.469876199029386044e-04 6.887030005455017090e-01 7.611785084009170532e-02 4.829716999665834010e-06 1.813920971471816301e-05 2.829450964927673340e-01 2.747950702905654907e-02 1.002735923975706100e-03 4.989673034287989140e-04
9.551559090614318848e-01 2.271404415369033813e-01 1.604149583727121353e-03 9.968661665916442871e-01 5.003750324249267578e-02 7.271593494806438684e-05 2.532274462282657623e-03 4.364242777228355408e-02 1.107359184970846400e-05 8.267030119895935059e-03 4.652150673791766167e-04 7.487973198294639587e-03 1.789128333330154419e-01 1.280443668365478516e-01 1.510765985585749149e-03 1.425857841968536377e-02 5.777687299996614456e-03 8.128320798277854919e-03 3.721732355188578367e-05
1.025341334752738476e-03 4.359793849289417267e-03 2.085633808746933937e-03 7.803060859441757202e-02 1.949185039848089218e-03 2.279539621667936444e-04 8.978717923164367676e-01 1.187850385904312134e-01 9.313835762441158295e-03 5.856062285602092743e-03 1.060632755979895592e-03 7.626160047948360443e-03 2.862405590713024139e-02 3.554559126496315002e-02 9.986113756895065308e-02 2.128867246210575104e-02 9.105803966522216797e-01 2.599785663187503815e-02 1.158691570162773132e-02
3.225447926524793729e-07 7.774859113851562142e-06 3.984541478985192953e-07 2.584192843642085791e-04 1.021986463456414640e-04 1.056537115573519259e-07 9.952734112739562988e-01 5.528785660862922668e-02 4.303780588088557124e-05 1.146515086293220520e-01 3.112493459411780350e-06 2.852154076099395752e-01 7.358097005635499954e-03 4.149131564190611243e-05 1.710597571218386292e-04 1.883591562509536743e-01 4.738827049732208252e-01 5.948392208665609360e-04 2.794810825434979051e-05
9.772285223007202148e-01 4.218041598796844482e-01 1.267709187231957912e-03 4.224641248583793640e-02 2.162280380725860596e-01 2.414642949588596821e-04 1.051483973860740662e-01 9.157210588455200195e-02 1.466416520997881889e-03 1.240804046392440796e-02 3.537593409419059753e-03 4.811953902244567871e-01 3.326206207275390625e-01 5.087421741336584091e-03 6.558874156326055527e-05 3.570550680160522461e-02 7.108893245458602905e-03 6.299772299826145172e-03 1.287744496949017048e-03
2.199025154113769531e-01 6.043625180609524250e-04 1.558150756864051800e-06 9.999982118606567383e-01 3.857655078172683716e-02 3.241356753278523684e-04 1.716363709419965744e-03 1.699590648058801889e-04 1.855811751738656312e-05 1.637633104110136628e-04 1.649783030188700650e-07 2.242651680717244744e-05 1.147617935203015804e-03 1.391588710248470306e-03 1.842618919909000397e-03 8.381521911360323429e-04 3.640927374362945557e-03 2.105848943756427616e-05 6.427720791180036031e-07
6.270671292440965772e-06 8.378501803463223041e-08 5.281256524767782845e-14 1.049506499839480966e-05 2.930430055130273104e-04 7.798011836257501272e-08 2.328846836462616920e-03 4.844842987949959934e-05 1.648530478792764598e-10 9.999973773956298828e-01 8.605857693133600606e-11 9.614107608795166016e-01 5.058438182459212840e-05 1.668811616672982723e-11 2.681510569146894341e-10 1.521150320768356323e-01 2.718043333516106941e-06 5.924194283579709008e-06 2.674601859431469109e-12
4.950811316462022660e-09 1.641567109800234903e-06 1.210461331169199184e-08 5.077661171526415274e-06 1.845110546128125861e-06 7.655544642659606325e-09 9.998922348022460938e-01 1.714850962162017822e-02 1.227361208293586969e-04 3.369161859154701233e-03 8.140524982991337311e-07 1.195169053971767426e-02 4.203792195767164230e-03 2.173200118704698980e-05 1.039081980707123876e-04 1.875900477170944214e-02 6.050863862037658691e-01 3.693503458634950221e-05 4.452939174370840192e-05
2.412400135654024780e-06 1.291857415708363988e-06 6.795589646557687047e-10 1.761751991580240428e-05 2.800846232275944203e-05 1.051362730208893481e-07 6.378395110368728638e-02 1.064318325370550156e-02 4.527248265162597818e-08 9.998825788497924805e-01 8.792443395577720366e-08 8.562109470367431641e-01 7.570328307338058949e-04 1.812275485235659289e-08 2.042968958448909689e-07 2.742489874362945557e-01 2.102041151374578476e-03 4.557384236250072718e-04 4.599979064323633793e-09
6.344242137856781483e-06 2.910044277086853981e-04 8.234697816078551114e-06 9.150018740911036730e-05 5.215076453168876469e-05 7.568998938722870662e-08 9.983543157577514648e-01 6.587419658899307251e-02 4.455730319023132324e-03 3.364892618265002966e-04 4.015463055111467838e-04 1.229331456124782562e-02 4.707337822765111923e-03 7.741982699371874332e-04 2.354998840019106865e-03 1.709352806210517883e-02 9.812161326408386230e-01 2.666234795469790697e-04 1.635762676596641541e-02
6.901981396367773414e-05 7.392349399282238664e-09 7.223353425817036211e-12 3.041503077838569880e-05 9.373636841773986816e-01 5.429577676352437265e-09 9.534128904342651367e-01 2.814992328126209031e-08 1.592400985828135163e-05 3.193350494257174432e-05 2.226899359358824881e-10 9.967619180679321289e-01 8.747413630771916360e-06 1.038143737641661346e-10 2.535401055769881395e-10 4.224025607109069824e-01 3.392430662643164396e-04 2.173307984776329249e-05 1.270809768527669803e-08
9.996595382690429688e-01 9.637785553932189941e-01 5.293833851283125114e-07 3.263116180896759033e-01 2.522857175790704787e-05 4.461001845701417778e-10 1.439555398974334821e-05 6.936682015657424927e-02 3.887557498138960455e-10 3.702471440192312002e-05 4.888983085038489662e-07 2.851754194125533104e-03 8.202339410781860352e-01 1.101794000715017319e-02 1.814622341278493423e-10 1.411066623404622078e-04 4.614186082108062692e-07 3.404486633371561766e-04 1.980895669717597229e-09
1.280272158510342706e-06 6.346684244817879517e-08 5.178728106070007442e-12 1.937646185979247093e-03 4.682484548538923264e-03 1.059407368302345276e-02 9.996161460876464844e-01 1.268542382248938338e-09 4.892111197113990784e-02 3.279695126590098653e-10 2.808220149475015859e-11 3.779856342589482665e-06 6.651382022937468719e-08 1.585509380674920976e-05 2.068442106246948242e-02 1.383586095471400768e-06 8.207414066419005394e-05 1.871428503363858908e-05 7.121713679225649685e-06
1.782036406439146958e-06 9.720239404487074353e-07 2.186222557154504642e-11 2.018786653934512287e-05 2.374561503529548645e-02 1.240746041730744764e-05 9.999563694000244141e-01 1.972729890553637233e-08 5.829576849937438965e-01 3.601480358383923885e-08 3.254452565215615323e-07 2.484695054590702057e-02 2.013463699768180959e-06 1.848844703999930061e-06 3.253412141930311918e-04 1.755000324919819832e-03 2.467230660840868950e-04 9.439174755243584514e-05 1.569533254951238632e-03
2.138212730642408133e-04 5.804925422125961632e-06 8.604425261182768736e-08 4.385469364933669567e-04 2.318626791238784790e-01 2.016461394305224530e-06 7.556416988372802734e-01 3.268795262556523085e-04 3.085594289586879313e-05 1.431644707918167114e-01 4.849521246796939522e-07 9.821733236312866211e-01 6.898563355207443237e-03 3.545219726674986305e-07 4.803584943147143349e-07 5.272516608238220215e-01 7.468673866242170334e-03 6.931131356395781040e-04 1.885277583824063186e-06
9.130165725946426392e-02 1.503057405352592468e-02 2.337834564968943596e-03 9.893668293952941895e-01 8.613042533397674561e-02 2.690514326095581055e-01 7.043664157390594482e-02 1.070538721978664398e-02 2.249727398157119751e-02 2.848474774509668350e-03 1.177401136374101043e-04 8.281962946057319641e-04 1.764419861137866974e-02 3.380946815013885498e-02 5.503262579441070557e-02 7.647636346518993378e-03 2.932519279420375824e-02 9.155457839369773865e-03 9.605194791220128536e-04
4.340494555052765743e-20 7.323367579676817729e-14 3.460781834371512019e-20 8.332866063831545489e-10 9.415500323850523046e-11 1.265396424796061403e-12 1.000000000000000000e+00 1.387907410527189356e-11 1.845966093242168427e-02 2.328174875855667202e-16 1.687652055152872709e-15 1.351845163588549781e-10 8.783145044599649509e-11 3.664981136353162583e-07 1.005500325845787302e-05 7.195961160277875024e-08 6.357030360959470272e-05 1.422539241957565537e-08 3.924311542391478724e-08
9.744370588204986916e-11 8.085699931825729436e-08 3.441919249613789589e-10 1.096564350433482105e-08 1.179819175689544863e-08 6.200680502388422610e-08 9.999995231628417969e-01 9.216446414939127862e-07 9.190468192100524902e-01 4.184693147557538850e-10 1.287723989662481472e-07 1.156663870460761245e-06 4.775548134716700588e-08 1.369275105389533564e-05 1.415346487192437053e-04 5.650060757034225389e-07 3.088554926216602325e-02 1.260544522665441036e-03 1.683713942766189575e-01
8.193708024919033051e-03 2.948746805486734957e-05 6.535408942909270991e-07 8.285464644432067871e-01 6.698988676071166992e-01 1.578156225150451064e-04 8.750535249710083008e-01 9.144427895080298185e-05 2.406514482572674751e-03 3.505193162709474564e-04 3.025886371688102372e-06 2.966846227645874023e-01 6.737794610671699047e-04 3.986273804912343621e-05 4.434444941580295563e-03 1.195111647248268127e-01 9.784279763698577881e-02 3.683253191411495209e-03 2.718426731007639319e-05
4.637268781661987305e-01 6.582578062079846859e-04 2.068243020403315313e-06 3.381160786375403404e-04 8.722208738327026367e-01 2.714333732001250610e-06 9.003739953041076660e-01 1.252831134479492903e-05 8.408881723880767822e-03 1.511180198576766998e-05 1.952817547135055065e-05 8.775660991668701172e-01 5.239637102931737900e-04 8.476478114971541800e-07 2.130455413862364367e-06 6.743694096803665161e-02 4.274342674762010574e-03 3.439805004745721817e-05 3.088119847234338522e-04
3.325247438624501228e-03 2.295085228979587555e-03 6.576516898348927498e-05 7.297013886272907257e-03 6.146932952105998993e-03 4.234816879034042358e-04 2.115320414304733276e-01 1.236567348241806030e-01 2.449396124575287104e-04 9.822177290916442871e-01 4.512026498559862375e-04 6.512411832809448242e-01 3.958461061120033264e-02 2.243072813143953681e-04 7.120767259038984776e-04 3.054900169372558594e-01 4.304372519254684448e-02 2.470923028886318207e-02 8.981567225418984890e-05
8.341837201442103833e-06 3.791477647610008717e-04 1.159558564722829033e-06 5.439835149445571005e-05 2.472003397997468710e-04 1.028379642775689717e-06 9.969377517700195312e-01 6.968787312507629395e-02 1.262133358977735043e-03 3.399850055575370789e-02 1.834963477449491620e-04 2.086949050426483154e-01 5.633671954274177551e-02 1.109935546992346644e-04 3.014699032064527273e-04 1.142405793070793152e-01 4.576531350612640381e-01 2.882332773879170418e-04 1.295615569688379765e-03
5.030570719100069255e-06 3.971200436353683472e-02 1.154069617648190160e-09 3.634972125291824341e-02 1.033455373544711620e-05 1.089816805688315071e-06 9.998250603675842285e-01 2.020546817220747471e-04 1.475072056055068970e-01 5.835363836581564101e-08 1.840012992033734918e-04 4.974021067027933896e-06 4.112442638870561495e-06 8.530758321285247803e-02 6.220235954970121384e-04 3.331834523123688996e-05 6.314367521554231644e-03 1.331681050942279398e-05 4.325520712882280350e-04
6.332997679710388184e-01 3.235670030117034912e-01 1.730338204652070999e-03 7.191992402076721191e-01 1.212212294340133667e-01 4.719099029898643494e-03 4.345920085906982422e-01 1.012331992387771606e-01 8.831299096345901489e-02 1.139954756945371628e-02 1.454484015703201294e-01 6.482047587633132935e-02 3.901715204119682312e-02 8.994798362255096436e-02 4.556861519813537598e-02 2.479643188416957855e-02 1.887967437505722046e-01 6.684344261884689331e-03 2.356920763850212097e-02
1.276462455280125141e-03 2.961574196815490723e-01 2.651688701007515192e-04 2.221433222293853760e-01 6.115890573710203171e-05 3.771469710045494139e-05 8.577541112899780273e-01 2.443876415491104126e-01 2.930025802925229073e-03 5.887131555937230587e-04 7.977760396897792816e-04 1.297995477216318250e-04 5.739123560488224030e-03 8.864936232566833496e-01 4.108774010092020035e-03 3.637304995208978653e-03 2.487494647502899170e-01 6.613211333751678467e-02 1.132531615439802408e-04
7.338476848417485598e-08 8.025216629903297871e-06 1.843193153661104589e-08 6.960411980116987252e-08 2.056737145039733150e-07 5.186201406104373746e-07 9.999890327453613281e-01 6.680090791633119807e-06 9.067981243133544922e-01 6.022217746703972807e-08 9.953292646969202906e-06 6.503275653813034296e-05 5.138055030329269357e-07 8.596609404776245356e-06 1.217860917677171528e-04 5.040890755481086671e-06 4.996798187494277954e-02 2.179821953177452087e-03 6.142755746841430664e-01
1.129860649484726309e-07 1.158296527137281373e-06 2.174622792949776340e-08 3.466788621153682470e-04 2.371719107031822205e-03 2.044934662990272045e-04 9.999296665191650391e-01 2.596884314698399976e-06 2.153167687356472015e-02 2.605472388950147433e-07 1.203890054313205837e-08 3.136170271318405867e-04 6.211763684405013919e-05 1.787625369615852833e-04 6.641468033194541931e-03 6.242149975150823593e-04 3.361961571499705315e-03 1.093842874979600310e-04 6.146410305518656969e-05
