1.240464001893997192e-01 6.714998744428157806e-04 2.223930977152122068e-07 7.680038834223523736e-05 3.239629440940916538e-04 3.079710495512699708e-06 3.023355966433882713e-03 4.884731024503707886e-03 8.328001399604545441e-07 9.962126016616821289e-01 5.248563866189215332e-06 5.344247221946716309e-01 4.103171229362487793e-01 2.105936403040686855e-08 1.912651725888281362e-08 4.100770875811576843e-02 1.327194240730023012e-05 1.594326575286686420e-03 3.991900484834332019e-06
7.445193477906286716e-05 2.717035158639191650e-06 2.346370597816616055e-10 7.177583484008209780e-06 2.133032539859414101e-04 3.018571806023828685e-05 1.216485071927309036e-02 1.096187392249703407e-03 7.096413128238054924e-07 9.999693632125854492e-01 1.535674130082043121e-07 6.867105364799499512e-01 2.348378300666809082e-03 3.528767833493873241e-10 3.186636021723643353e-08 7.957511395215988159e-02 2.518599831091705710e-05 8.427033753832802176e-05 3.352425181901708129e-08
5.062435865402221680e-01 9.045922411132778507e-08 2.755311991815855878e-15 1.000000000000000000e+00 8.984111547470092773e-01 9.798852840248173379e-10 1.597767404746264219e-04 1.715940861624076774e-10 1.740642474601372669e-08 9.976945491985134140e-09 4.819586570115053092e-13 5.874948328710161150e-05 7.612042196569746011e-08 9.333280814871613984e-09 2.526776832212362933e-08 1.138151274062693119e-03 3.113420098088681698e-05 5.369231101393090455e-12 1.039928343091189866e-12
1.608081583981402218e-05 1.048139068871023483e-07 3.198496356660029960e-09 9.999982118606567383e-01 1.110358934965915978e-04 2.291789087394136004e-06 9.016406536102294922e-02 2.426592072879429907e-05 1.189522663480602205e-06 2.188267444580560550e-06 6.736820302999380061e-13 4.565740230333403815e-09 2.360451435379218310e-05 2.615879020595457405e-05 4.315267782658338547e-03 1.189273120871803258e-06 1.846426278352737427e-01 1.795400379478451214e-07 7.573883881173415489e-11
2.203227579593658447e-02 4.493098822422325611e-04 1.663346192799508572e-04 9.993790388107299805e-01 3.618568181991577148e-02 4.132019355893135071e-02 6.033407151699066162e-02 8.764512604102492332e-04 2.010476076975464821e-03 9.087373618967831135e-04 1.249297497452062089e-06 1.396565785398706794e-04 3.104170551523566246e-03 1.692470046691596508e-03 4.147230833768844604e-02 1.434578327462077141e-03 2.272504568099975586e-02 4.082439409103244543e-04 1.262295882042963058e-05
2.199950860813260078e-03 1.021157484501600266e-02 6.250537931919097900e-02 1.379757095128297806e-02 1.854350417852401733e-02 6.768212770111858845e-04 7.746592164039611816e-01 2.837724387645721436e-01 5.282696336507797241e-03 5.808293223381042480e-01 2.450858708471059799e-03 4.889884591102600098e-01 1.436001211404800415e-01 5.628967657685279846e-03 4.906131885945796967e-03 3.888831734657287598e-01 1.710544675588607788e-01 1.566680334508419037e-02 3.880572505295276642e-03
4.451686241857544246e-10 1.552885805722326040e-05 6.001877258534314696e-15 3.793039482502535975e-08 7.800077028718988004e-09 6.893956239206744385e-11 1.000000000000000000e+00 8.110815485906641698e-08 8.195989131927490234e-01 1.592189921573172739e-12 6.001062047289451584e-06 1.136899754783371463e-06 1.351585399156363110e-09 9.726408279675524682e-06 3.666928751044906676e-05 1.666343365513967001e-07 1.522983703762292862e-02 1.328811504208715633e-05 2.859082259237766266e-02
1.810253336120837275e-13 9.301465615862980485e-05 7.579966554871909318e-15 1.597937569022178650e-02 3.223778936942839346e-13 2.341507250678415142e-13 9.999997615814208984e-01 1.075688487617298961e-05 2.909930844907648861e-05 8.808397262451139742e-14 1.108669926697114505e-11 5.458958785497462080e-15 1.106039371201461563e-09 9.862840175628662109e-01 1.532462988507177215e-06 2.361394191296994904e-09 9.474362246692180634e-03 1.166697103371916455e-07 1.393949511374614758e-09
2.982204258441925049e-01 1.445681154727935791e-01 5.996527075767517090e-01 6.641857624053955078e-01 6.978006660938262939e-02 8.790288865566253662e-02 2.401187270879745483e-01 2.391645312309265137e-01 1.541506871581077576e-02 2.325252741575241089e-01 1.688419096171855927e-02 6.180423125624656677e-02 3.041635751724243164e-01 2.347831875085830688e-01 4.744464457035064697e-01 8.395464718341827393e-02 1.576053351163864136e-01 2.781841456890106201e-01 1.084901113063097000e-02
3.113320419610016154e-13 1.155604945068944289e-09 9.527662701150417350e-16 3.433440360822714865e-05 1.765285787769244052e-06 1.229299995131327705e-09 9.999998807907104492e-01 3.731528153139151982e-08 1.273386897082673386e-05 1.816293071499330836e-08 2.295019859918645544e-12 9.011503607325721532e-06 2.490233782737050205e-06 1.969795988543410203e-07 7.838304554752539843e-06 1.579843956278637052e-04 1.260689808987081051e-03 3.733237363690022903e-08 2.724177505797342747e-08
1.921591610880568624e-04 5.680353497155010700e-04 1.321830836786830332e-06 1.790215494111180305e-03 8.739963173866271973e-03 1.009938539937138557e-03 9.455922842025756836e-01 9.283341467380523682e-03 4.981728270649909973e-03 3.190053701400756836e-01 8.764764788793399930e-05 3.327249288558959961e-01 3.925423696637153625e-02 4.198522947262972593e-05 3.207957779522985220e-04 1.512489616870880127e-01 2.241561189293861389e-02 2.193318214267492294e-03 1.228542532771825790e-03
4.964687786991078044e-26 7.457273540751711018e-22 1.736188583513273073e-24 1.000000000000000000e+00 3.534122739888585453e-25 6.721539146139227405e-34 9.998923540115356445e-01 2.479939587018975544e-10 9.344386345785925788e-22 4.660024267677895984e-22 1.996438755909085985e-36 2.451214359261221354e-30 3.538781469125825384e-15 6.369322402832722219e-09 5.012837367424083368e-10 2.061850945118019897e-19 1.000000000000000000e+00 1.223705019569836149e-19 7.468381730959517321e-28
8.415670990943908691e-01 3.695085644721984863e-02 5.413279147080852200e-21 1.000000000000000000e+00 2.340016799280419946e-04 7.116439020007421116e-20 1.741709274938330054e-04 1.066445562969420280e-07 2.252945385805560363e-08 1.829391605106915619e-14 2.482836693525314331e-02 3.835749218250583681e-10 2.319003461481727868e-10 9.429220881429500878e-06 1.456813130652973628e-15 9.301810166562063387e-08 9.334438800578936934e-05 5.147666120952533168e-20 2.699426240263674837e-13
1.000000000000000000e+00 2.540388144552707672e-02 1.505538640804438000e-12 8.201775550842285156e-01 8.828763365745544434e-01 1.585723943104376532e-14 2.566677867434918880e-04 9.068497774933348410e-07 6.050312334471286135e-11 2.211121008510730235e-10 6.069022617793962127e-08 1.049604713916778564e-01 2.453566230542492121e-05 2.021778584548883373e-07 5.371461196841675889e-13 2.014772871916648000e-05 1.484836843701486941e-06 9.837663669798324406e-12 2.723497642687089382e-11
4.202796777263984040e-09 6.007147021591663361e-04 4.333388758936962404e-09 6.410569418221712112e-03 5.088537591291242279e-09 5.828481447478495170e-11 9.997201561927795410e-01 1.027320697903633118e-02 1.911201688926666975e-04 9.432411474108448601e-08 3.059228447455097921e-06 4.963501254451330169e-08 2.802863309625536203e-05 3.100169599056243896e-01 1.305791520280763507e-04 5.679585228790529072e-05 9.817231297492980957e-01 4.472761880606412888e-03 7.467263003491098061e-06
7.902886522970220540e-08 7.232228593778700088e-09 1.251282497755079604e-11 1.177299418486654758e-05 5.450250208377838135e-02 2.742701354918608558e-08 9.896414875984191895e-01 3.194634928149753250e-06 3.805398591794073582e-06 6.456420756876468658e-03 1.293421370007763471e-09 9.759543538093566895e-01 5.086091114208102226e-04 9.124742073041147705e-10 1.132145666105088821e-08 5.745420455932617188e-01 1.648505683988332748e-03 1.978734690055716783e-05 3.448290186724989326e-08
1.078374870121479034e-02 7.616375223733484745e-04 2.000648778588409726e-12 1.000000000000000000e+00 1.107777468860149384e-02 4.901891670350266850e-10 2.213266119360923767e-02 3.014305320903076790e-06 9.332302579423412681e-05 7.816045410891092615e-08 3.974646915594348684e-06 2.822735041263513267e-07 1.805126089493569452e-06 3.615439927671104670e-04 2.159083720698617981e-07 3.308496961835771799e-04 1.696430495940148830e-03 1.820521858264534387e-11 2.863830417254575877e-08
6.143111586570739746e-01 9.996246099472045898e-01 7.959249614941654727e-08 6.531237810850143433e-02 1.068138821835873387e-08 4.194994074335767209e-10 1.800424768589437008e-03 9.654080271720886230e-01 1.145978330896468833e-06 1.082322640399979718e-07 1.003233228402677923e-05 4.991375703866651747e-07 1.822979189455509186e-03 5.756356120109558105e-01 3.477920174077553384e-09 7.249845657497644424e-05 4.914159071631729603e-04 1.518661156296730042e-04 1.723498149752700215e-10
9.956641793251037598e-01 9.356064200401306152e-01 4.176066159544689071e-10 9.999519586563110352e-01 4.597925581037998199e-04 3.056270167500763080e-11 4.364000778878107667e-05 1.352722849696874619e-02 2.312662772396834043e-08 2.695754801607108675e-07 1.754709810484200716e-04 9.495310223428532481e-06 7.067978149279952049e-04 2.873189747333526611e-02 5.535108482668249508e-11 1.308915525441989303e-04 1.307382353843422607e-05 1.661721604762078641e-08 2.305733604046622531e-09
1.110281213186681271e-03 9.986675977706909180e-01 1.564491928961290235e-19 3.227093111490830779e-05 4.826842660917048111e-14 5.266102228798787805e-20 9.848196506500244141e-01 1.108781434595584869e-02 1.365646457998082042e-04 3.839651635101721725e-17 2.276523858308792114e-01 2.737491656967794285e-11 8.520518318677616776e-11 6.382001563906669617e-03 1.060195141177949427e-14 2.209303053002376060e-11 1.331796497106552124e-01 8.365316772618314189e-11 2.465929890838047811e-11
2.478620707988739014e-01 9.514093995094299316e-01 3.102882534244955082e-12 9.962860345840454102e-01 3.104049710600520484e-07 8.461930158312758188e-13 4.688814654946327209e-02 2.706018835306167603e-02 6.724942977598402649e-06 9.470728645766257614e-10 4.845742508769035339e-02 2.434486745528374740e-08 3.263765847805188969e-06 1.170008257031440735e-01 1.416111672369879670e-09 6.175256999085831922e-07 1.266432926058769226e-02 5.122533064394474422e-09 1.472194588458819453e-09
5.017007424612529576e-06 3.888640243143726138e-10 4.178814344796104308e-14 4.714161505603442492e-08 5.318781137466430664e-01 1.433757106095168155e-11 5.855591297149658203e-01 7.620424469223507913e-08 3.212662580409642032e-09 4.440663754940032959e-02 1.130691026918206887e-12 9.999321699142456055e-01 1.035225868690758944e-04 1.481430673662756381e-13 6.630636168028286245e-15 5.973060727119445801e-01 5.545728072320343927e-06 5.798213464913715143e-07 8.974327357635925040e-12
2.826784737408161163e-02 2.184512850362807512e-04 6.806492081068427069e-08 4.426874147611670196e-05 2.189139777328819036e-04 6.134736395324580371e-06 3.525590756908059120e-03 4.370871465653181076e-03 6.990019301156280562e-07 9.991235136985778809e-01 3.145361688439152204e-06 5.353788137435913086e-01 1.502791643142700195e-01 9.490244146093118616e-09 2.592515713217835582e-08 4.381554946303367615e-02 2.107655200234148651e-05 1.040355185978114605e-03 1.387105612593586557e-06
2.881856309144836814e-09 3.985050796018185792e-07 2.044413249802090604e-11 5.888195009902119637e-04 9.229915303876623511e-05 2.225198386440752074e-06 9.999743700027465820e-01 4.974158400727901608e-06 2.240563480881974101e-04 8.196064300136640668e-06 2.946727972741314261e-09 2.850077289622277021e-04 1.053347077686339617e-04 1.297988001169869676e-05 2.141865261364728212e-04 1.380417146719992161e-03 4.534433130174875259e-03 5.419939043349586427e-06 2.270863888043095358e-06
1.816216773330159295e-12 1.172324015641379447e-09 2.215383121566337314e-15 1.114462938858196139e-04 4.857140083913691342e-06 7.849283001348794642e-09 9.999995231628417969e-01 3.403491177778050769e-08 1.419891668774653226e-05 3.031617623605598055e-08 1.052493704169210620e-12 8.849545338307507336e-06 2.939975729532307014e-06 2.114925763407882187e-07 2.004557791224215180e-05 1.092052334570325911e-04 1.306439517065882683e-03 6.224890114481240744e-08 1.950576411502424889e-08
1.609503329225159263e-11 4.484157045681058662e-09 2.246909052588431932e-14 1.280405413126572967e-04 9.812344615056645125e-06 5.758278831535790232e-08 9.999986886978149414e-01 1.084027090314521047e-07 2.901343577832449228e-05 1.073975681720185094e-07 3.305888115340271938e-12 1.369890287605812773e-05 7.737985470157582313e-06 7.457857691406388767e-07 5.887360384804196656e-05 1.172523843706585467e-04 1.601963071152567863e-03 1.843058470285541262e-07 5.585524931461804954e-08
6.870906800031661987e-03 6.145957708358764648e-01 6.428909301757812500e-02 2.889551594853401184e-02 1.729718991555273533e-03 2.649504542350769043e-01 4.644200205802917480e-01 9.309066832065582275e-02 9.424003772437572479e-03 1.911046099849045277e-03 1.171065261587500572e-03 5.862432881258428097e-04 3.901782911270856857e-03 8.819651603698730469e-01 6.447421852499246597e-03 4.713469650596380234e-03 4.238349851220846176e-03 6.922042462974786758e-03 7.420141482725739479e-04
1.620962137849346618e-07 5.555386906053172424e-07 3.620509003710026263e-09 3.289900720119476318e-03 8.248535916209220886e-03 1.191336380657048721e-07 9.997006654739379883e-01 3.228435161872766912e-05 2.552890800870954990e-04 2.943849358416628093e-05 4.819855803361861035e-08 7.458377629518508911e-02 6.414194358512759209e-04 8.896635335986502469e-06 1.289130450459197164e-04 7.116122543811798096e-02 4.412062838673591614e-02 9.359636896988376975e-05 4.312396413297392428e-06
1.166481911063499410e-10 6.867269419785770879e-09 2.291326858154961503e-17 4.050380994158331305e-06 6.408630848220298049e-10 9.078879141533047203e-13 1.470834482461214066e-03 7.468605181202292442e-04 3.432570186748772068e-14 1.000000000000000000e+00 2.370382807138221581e-13 6.934963464736938477e-01 4.319158961152425036e-06 4.136237879981408128e-11 2.624473034729124521e-11 7.569193840026855469e-02 3.116610969300381839e-05 4.317601906222989783e-06 1.344133608229154935e-15
1.593517851006254205e-08 1.987586983887013048e-09 1.033521575613538523e-12 3.263617109041661024e-04 1.640646834857761860e-03 1.842499930404528641e-09 9.424293637275695801e-01 1.263317153643583879e-05 2.114380492912459886e-08 6.012635231018066406e-01 3.051109712104427274e-11 9.577262997627258301e-01 1.131329190684482455e-04 5.247028922461538514e-10 1.758619561087471084e-08 4.743125438690185547e-01 1.139442785643041134e-03 1.463901935494504869e-05 2.616616923134529316e-10
9.987074136734008789e-01 2.421614015474915504e-03 6.516011619162043189e-10 4.244196679792366922e-05 8.606094121932983398e-01 1.232517110594244514e-08 8.010680675506591797e-01 7.899298992697367794e-08 1.176516246050596237e-02 2.593613857015952817e-08 1.375418287352658808e-05 8.345379829406738281e-01 4.932414867653278634e-06 9.935432920826769987e-09 2.418186095809460312e-09 1.818965421989560127e-03 4.884054578724317253e-05 4.513926654681199579e-08 1.296823029406368732e-03
4.308297298848628998e-03 1.683258265256881714e-02 1.107575837522745132e-03 7.584186270833015442e-03 1.779451966285705566e-02 2.818275475874543190e-03 8.640944957733154297e-01 2.447011768817901611e-01 2.702993899583816528e-02 5.089915990829467773e-01 9.761907160282135010e-03 4.641486704349517822e-01 1.876224875450134277e-01 3.051511710509657860e-03 6.764857098460197449e-03 3.171010315418243408e-01 1.923829466104507446e-01 2.256944216787815094e-02 1.611997932195663452e-02
3.252924978733062744e-02 2.710601165745174512e-06 3.331935150962389569e-13 9.999978542327880859e-01 7.633495330810546875e-01 2.502407525639682717e-08 1.357199549674987793e-01 8.880810753453260986e-08 1.476974011893616989e-05 2.857367690012324601e-06 1.646576874847482941e-09 3.938346635550260544e-03 2.825072442647069693e-06 4.216288402858481277e-07 3.960650246881414205e-06 9.138434194028377533e-03 4.784815013408660889e-03 4.956782539977666602e-09 2.122638731449910665e-09
9.183658659458160400e-02 7.208945229649543762e-03 9.525743962512933649e-07 5.106620301376096904e-05 1.118438318371772766e-02 1.482743391534313560e-05 2.652035653591156006e-01 1.608937978744506836e-02 4.586892027873545885e-04 6.370709538459777832e-01 4.672115319408476353e-04 7.848001718521118164e-01 4.650648832321166992e-01 6.946717121536494233e-07 5.116203851684986148e-07 1.201841309666633606e-01 1.506944186985492706e-03 8.599713328294456005e-04 7.362861069850623608e-04
1.984764349399759098e-13 3.764002564493607039e-12 4.895892447964039773e-14 2.784302523650694638e-05 3.189725106267360388e-08 8.381977159880801831e-14 9.999970197677612305e-01 1.332777628704207018e-05 2.560752276892230839e-09 9.579448487784247845e-07 4.796419609143925955e-14 1.989798329304903746e-04 1.793306546460371464e-05 2.644702767895523721e-08 4.205909135635010898e-06 2.693658752832561731e-04 9.342049360275268555e-01 1.607162545269602560e-07 6.117643058800581457e-10
1.875348630164808128e-06 7.633915607941840764e-14 1.981478974875070654e-19 3.358896449867643241e-08 9.955593347549438477e-01 2.676475882557819569e-15 9.747043848037719727e-01 2.306828773140923161e-13 6.978537192559031155e-10 8.177688926025439287e-08 1.270716676801308731e-17 9.999796152114868164e-01 4.464638880818938560e-09 8.473585255434012108e-18 5.333897163397112613e-18 4.206003546714782715e-01 8.770766157795151230e-07 6.029984955802092372e-09 8.819756821306767164e-15
1.785590447202223263e-13 6.300521567508614545e-17 3.118469616855207220e-19 3.775500445613033662e-08 1.142105683684349060e-01 6.739187357746305885e-16 9.996536970138549805e-01 3.211746840703355588e-11 4.113280549500331063e-11 1.450969193683704361e-06 6.706099223345510970e-18 9.997068047523498535e-01 7.803994606092601316e-08 2.328078314099680211e-15 4.215267508824024553e-15 8.355385065078735352e-01 1.667804317548871040e-04 4.153276620399992680e-07 1.616876120838495190e-14
9.975809371098875999e-04 3.257294651120901108e-03 3.258504206314682961e-03 1.774354726076126099e-01 2.023782581090927124e-02 2.454471541568636894e-04 9.457215666770935059e-01 8.539119362831115723e-02 1.525725889950990677e-02 1.348991692066192627e-02 1.298883580602705479e-03 8.621855080127716064e-02 3.402272984385490417e-02 1.930578239262104034e-02 3.530705347657203674e-02 1.302638053894042969e-01 5.874133110046386719e-01 4.417708143591880798e-02 6.368122063577175140e-03
4.061435349285602570e-03 3.748774761334061623e-04 3.416148538235574961e-04 3.143199086189270020e-01 9.019908308982849121e-02 8.717892342247068882e-05 9.546542763710021973e-01 5.503119900822639465e-03 2.756940433755517006e-03 6.391061469912528992e-04 4.555277337203733623e-05 8.524371683597564697e-02 8.241466246545314789e-03 1.942831790074706078e-03 3.918203711509704590e-02 4.500906541943550110e-02 5.997275114059448242e-01 4.198460374027490616e-03 6.399570265784859657e-04
4.470350631891051307e-07 2.200314838773920201e-06 8.168683052645064890e-06 1.281246691942214966e-01 4.465249003260396421e-05 5.076645237522825482e-08 9.960829019546508789e-01 2.309245755895972252e-03 5.187354690860956907e-05 8.445167622994631529e-06 6.871740509950541309e-08 1.995707425521686673e-04 5.984751041978597641e-04 4.862892674282193184e-04 6.642984692007303238e-03 1.350831356830894947e-03 9.721726775169372559e-01 1.316902780672535300e-04 2.714349102461710572e-05
2.316206037730750289e-13 4.778969442398306455e-10 1.384605371844557439e-14 1.449604042136343196e-06 7.360776180576067418e-06 6.003481045624425860e-11 9.999998807907104492e-01 1.116738843620623811e-07 4.382254337542690337e-05 1.305002061968707494e-08 2.079065392068812912e-11 3.694532788358628750e-04 1.484254335082368925e-05 1.066303170205173956e-07 2.758327582341735251e-06 2.453523920848965645e-03 4.533912055194377899e-03 8.934601680721243611e-08 6.844480537893105065e-08
3.047472052486455141e-09 2.719188372732328496e-12 6.288491714424133353e-17 4.082606253064113844e-09 4.430566132068634033e-01 3.673800358979656400e-13 9.991033077239990234e-01 7.852343775205383736e-11 1.760973020736855688e-07 3.798571697188890539e-07 1.098837343273435796e-13 9.985271692276000977e-01 2.317711505384068005e-06 7.114800624195317946e-15 1.387082858511981542e-13 3.423622548580169678e-01 4.331371019361540675e-05 6.097458093989871486e-09 6.510541411541836965e-11
2.414185347559502534e-17 3.634538077944803047e-14 1.342224879453111779e-19 1.459066478748383133e-10 6.361798199350232608e-08 4.282495613875091913e-16 9.999996423721313477e-01 1.251579533345648088e-07 6.440380451167015963e-10 3.244865001761354506e-05 5.494831054330155326e-15 2.236211448907852173e-01 3.368655961821787059e-05 6.363343825390582742e-14 2.986267483295890202e-12 9.456834942102432251e-02 2.078330144286155701e-03 3.612229682037337852e-10 8.185272772076590542e-12
9.999946355819702148e-01 1.711549758911132812e-01 8.843535681535286130e-09 1.572926295921206474e-03 6.305752396583557129e-01 2.497445861227021169e-10 8.825108408927917480e-03 2.508555480744689703e-04 1.172333057297691994e-07 5.337964807949902024e-07 9.748349611982121132e-07 6.104866266250610352e-01 6.156547460705041885e-03 1.915596385515527800e-06 1.736978269550881748e-11 4.166233411524444818e-04 8.357133992831222713e-06 1.428265363756509032e-07 4.766711469983420102e-08
4.322230608977406519e-07 6.956011475267587230e-06 6.260046703232546861e-09 7.160760927945375443e-03 6.336141377687454224e-04 2.866478098439984024e-06 9.991829991340637207e-01 2.574874088168144226e-04 3.411188954487442970e-04 6.893083336763083935e-04 1.967606664265986183e-07 8.445957675576210022e-03 1.387326978147029877e-03 4.712481677415780723e-05 4.547093121800571680e-04 1.635248586535453796e-02 3.620246425271034241e-02 1.144699417636729777e-04 1.611767766007687896e-05
1.145004630088806152e-01 9.267197549343109131e-02 8.159772157669067383e-01 8.940563350915908813e-02 1.036049202084541321e-01 9.617969393730163574e-03 4.218865334987640381e-01 3.922019004821777344e-01 1.334394980221986771e-02 5.966499447822570801e-01 1.389537379145622253e-02 3.987442553043365479e-01 3.122203350067138672e-01 4.795899242162704468e-02 2.985375747084617615e-02 3.356483578681945801e-01 1.492822617292404175e-01 7.547606527805328369e-02 1.696841605007648468e-02
2.179089497076347470e-04 8.970000199042260647e-04 2.160850213840603828e-03 2.617349964566528797e-04 6.404036539606750011e-04 7.942325621843338013e-02 9.184134006500244141e-01 1.343395910225808620e-03 6.563785076141357422e-01 9.111697436310350895e-04 2.111917128786444664e-04 3.617125097662210464e-03 1.201073639094829559e-03 1.166970818303525448e-03 9.493821300566196442e-03 2.031092531979084015e-03 3.192168101668357849e-02 4.868073388934135437e-02 4.648075699806213379e-01
5.914934808970429003e-05 1.005929152597673237e-05 2.014732602972912900e-09 1.292096385441254824e-06 4.445801954716444016e-03 3.275174880400300026e-03 4.852257370948791504e-01 3.914709377568215132e-04 4.314429243095219135e-04 9.911218881607055664e-01 7.996132467269490007e-07 7.048721313476562500e-01 9.552120231091976166e-03 1.411180172716797188e-09 1.168515595395547280e-07 1.218899786472320557e-01 4.912141230306588113e-05 4.466680184123106301e-05 6.026673872838728130e-05
5.041200295090675354e-02 5.296076415106654167e-05 1.837544195580284589e-13 1.669885677983984351e-04 1.341652023256756365e-05 6.045759448625176447e-10 2.974598282889928669e-05 3.127472591586410999e-04 1.209201358834399720e-12 9.999457597732543945e-01 6.538470875838697793e-10 6.715183258056640625e-01 2.270702831447124481e-02 1.264955414720381199e-11 7.593953677692555360e-13 9.504396468400955200e-03 9.206846840470461757e-08 1.725105721561703831e-05 5.334320658800795201e-12
1.886095873712786053e-17 6.476497262748390216e-14 7.956210018068843315e-13 2.136280992999672890e-03 2.179005031965886019e-10 7.062139265684260460e-19 9.999996423721313477e-01 2.967281488963635638e-06 3.638369161507171157e-09 7.654889742914061657e-12 4.656309941162813451e-15 2.073639535637994413e-07 3.449546781553181063e-08 6.086004589178628521e-08 2.927933735463739140e-07 3.512346302159130573e-05 9.988622665405273438e-01 1.057417975403041055e-07 3.562262707035301901e-10
5.701297141058603302e-07 1.127703228576137917e-07 1.760952450524655433e-08 1.155135314911603928e-02 8.592268079519271851e-02 9.953129875839294982e-09 9.993433356285095215e-01 1.756910023686941713e-05 9.136714652413502336e-05 5.387581495597260073e-06 4.549408316734115942e-08 3.779148757457733154e-01 1.847428065957501531e-04 2.026957417911035009e-06 3.239713987568393350e-05 1.719733178615570068e-01 1.973090618848800659e-01 6.552490522153675556e-04 2.578779685791232623e-06
9.999991655349731445e-01 3.076326251029968262e-01 1.767163482213618408e-08 2.751636493485420942e-04 1.813822686672210693e-01 9.753964302916529050e-11 1.129306852817535400e-03 6.677108467556536198e-04 3.582263730095291976e-08 2.288780507342380588e-07 2.060154855598739232e-07 4.567535221576690674e-01 6.450629234313964844e-02 3.200053015461890027e-06 3.087544542951237148e-12 6.729485176037997007e-05 1.243482643076276872e-06 2.613022047626145650e-07 3.401725834351054800e-08
9.028714299201965332e-01 3.692224323749542236e-01 3.869950523949228227e-05 1.637936830520629883e-01 1.152208894491195679e-01 2.386010601185262203e-04 4.895513951778411865e-01 1.328757125884294510e-02 1.539198756217956543e-01 8.165046456269919872e-04 1.622745543718338013e-01 1.794746071100234985e-01 5.553689785301685333e-03 3.023992758244276047e-03 3.382795257493853569e-04 7.675797678530216217e-03 3.411843627691268921e-02 3.543819766491651535e-04 3.053756617009639740e-02
2.485799230635166168e-02 6.442247629165649414e-01 1.779367798008024693e-03 1.409519314765930176e-01 5.623911856673657894e-04 6.904041219968348742e-05 3.896102607250213623e-01 6.642671227455139160e-01 3.963941708207130432e-03 1.767678372561931610e-02 4.006525967270135880e-03 1.220448222011327744e-02 5.166819319128990173e-02 4.989292919635772705e-01 2.961931517347693443e-03 4.259661212563514709e-02 3.274516761302947998e-01 6.429682672023773193e-02 3.391984500922262669e-04
1.467379741370677948e-03 8.107416629791259766e-01 3.111390105914324522e-05 7.994485497474670410e-01 4.806833658221876249e-06 8.680108294356614351e-07 1.154713332653045654e-02 5.162045359611511230e-01 3.123559508821927011e-07 1.895411260193213820e-04 7.846485345908149611e-07 6.519411499539273791e-07 2.630180213600397110e-03 9.988275170326232910e-01 1.664674491621553898e-04 8.701655315235257149e-04 5.003279075026512146e-03 8.449497632682323456e-03 2.304697055421911500e-08
3.974455408751964569e-03 5.846184678375720978e-03 6.409928901121020317e-04 2.039252780377864838e-03 2.045090943574905396e-01 9.606369137763977051e-01 1.296896636486053467e-01 1.429085154086351395e-03 1.562663763761520386e-01 1.039561629295349121e-01 1.800522004486992955e-04 7.247970253229141235e-02 1.344599854201078415e-02 6.385134183801710606e-04 6.618906743824481964e-03 5.819466337561607361e-02 3.307487582787871361e-03 1.271226070821285248e-02 3.865557909011840820e-02
5.112135841045528650e-05 4.337583959568291903e-04 1.952255697688087821e-04 1.872856773843523115e-05 1.361824758350849152e-02 9.999411106109619141e-01 1.245080493390560150e-03 1.703882276160584297e-06 1.539441496133804321e-01 3.179370833095163107e-04 1.554919037971558282e-07 2.081204729620367289e-04 8.093081851257011294e-05 7.969330181367695332e-05 2.136050257831811905e-03 2.593507815618067980e-04 5.175481783226132393e-05 1.361464732326567173e-03 8.327963948249816895e-02
5.006443243473768234e-04 1.546536386013031006e-01 2.152520573872607201e-05 2.283912710845470428e-02 5.860161618329584599e-04 5.303720943629741669e-03 9.870435595512390137e-01 1.254516933113336563e-02 1.601279526948928833e-01 1.589056919328868389e-04 1.256086630746722221e-03 5.546575412154197693e-04 9.108606609515845776e-04 3.976114392280578613e-01 7.213584613054990768e-03 1.593617023900151253e-03 1.597945950925350189e-02 4.770755302160978317e-03 5.136054940521717072e-03
3.873932730158458071e-09 7.451249752193689346e-03 1.744805370334796130e-14 8.456174691673368216e-05 5.317651030622982944e-08 2.136779250577092171e-03 9.998230338096618652e-01 5.367828137536889699e-08 1.111071184277534485e-02 2.260685735833156684e-11 3.601291487242974654e-10 3.237425882929301224e-10 8.912602322830309731e-10 1.451882570981979370e-01 1.363474325444258284e-06 2.013577038439962053e-08 3.959397645303397439e-07 4.888545035441893560e-08 5.909134870307752863e-07
3.928642836399376392e-04 1.094865510822273791e-04 8.383875865547452122e-06 1.205886481329798698e-03 5.071771517395973206e-02 3.214006574125960469e-05 6.606176495552062988e-01 1.558089070022106171e-02 1.558565854793414474e-04 7.182166576385498047e-01 2.801094342430587858e-05 9.352746009826660156e-01 2.576791495084762573e-02 1.454917946830391884e-05 2.163683529943227768e-05 5.117119550704956055e-01 3.078214451670646667e-02 4.314694553613662720e-03 2.982622754643671215e-05
3.425671160221099854e-01 6.372718513011932373e-02 1.152896729763597250e-04 4.024348687380552292e-03 4.134754091501235962e-02 1.277585746720433235e-03 2.750219106674194336e-01 6.387876719236373901e-02 7.463691290467977524e-03 6.629344224929809570e-01 6.024800706654787064e-03 6.059979200363159180e-01 3.895024061203002930e-01 1.038644186337478459e-04 9.878852870315313339e-05 1.350296735763549805e-01 8.067243732511997223e-03 1.055427826941013336e-02 9.272239170968532562e-03
2.443738766899627990e-09 1.157214910563197918e-07 2.652335773234426597e-08 4.986594431102275848e-04 1.283400052898286958e-07 5.143075298974508769e-08 9.995535016059875488e-01 1.945385476574301720e-03 7.732092053629457951e-04 1.701996978908937308e-07 5.285505011443092371e-08 4.836792300011438783e-07 6.033038880559615791e-05 8.698794408701360226e-04 1.958803087472915649e-02 1.718743988021742553e-05 9.944885969161987305e-01 2.848944277502596378e-04 9.231657168129459023e-05
5.271390079997217981e-08 3.003384847488632658e-07 5.236885840531613212e-07 2.639208851462626626e-09 5.638176844513509423e-06 9.999573230743408203e-01 3.265511710196733475e-03 2.885815197917196429e-10 4.206461906433105469e-01 2.493484316801186651e-07 7.599869518426505266e-12 1.476314082538010553e-06 3.357512312618382566e-08 1.895246271033101948e-08 9.451754522160626948e-06 2.437186594761442393e-07 6.653518767052446492e-07 8.396184421144425869e-05 7.660471796989440918e-01
2.064801454544067383e-01 5.153512116521596909e-03 1.025113414293565839e-11 1.000000000000000000e+00 7.300497032701969147e-03 8.153217656570177496e-09 3.718822496011853218e-03 7.224067303468473256e-06 1.700423854344990104e-05 1.725644978023410658e-07 3.813267539953812957e-06 1.468912813606948475e-07 5.334155503078363836e-06 8.552969666197896004e-04 5.824771847073861863e-07 3.538482269505038857e-05 7.709999918006360531e-04 5.199257344101759770e-11 7.466591256388710462e-08
3.394109988740244598e-16 1.737175399189883063e-13 1.070946000981856227e-15 2.382080737106662127e-07 4.754115767724442776e-09 4.943902018657551380e-17 9.999997615814208984e-01 1.705538124951999635e-05 3.863953879079673470e-10 1.029309828481927980e-06 2.197955461028227447e-14 2.853693906217813492e-03 6.013625352352391928e-06 1.413502204172800703e-09 4.654638985357451020e-08 3.486466361209750175e-03 9.181218147277832031e-01 2.966285528316348064e-08 2.349518635202940686e-10
6.440054676204454154e-07 4.818762633362894121e-08 7.549164071640745988e-11 9.997547268867492676e-01 1.869181920355345028e-09 3.605994626162956074e-13 3.157767653465270996e-01 1.419229083694517612e-04 3.790729119490521271e-10 2.064687087965921819e-09 1.920956883144642191e-13 2.403481710530619431e-12 1.134296326199546456e-06 6.147791864350438118e-04 2.588528208434581757e-03 2.088646366971147472e-09 9.999055862426757812e-01 3.699066439821763197e-07 4.111851050619952375e-12
2.424226556944571496e-24 9.347104732697413531e-20 9.791797030005921209e-20 1.895900680892737000e-08 4.955660246308385471e-19 4.017943240103374872e-22 9.999998807907104492e-01 1.497210462275688769e-07 1.325604626067899972e-10 2.591978721241037749e-18 1.248244463352215439e-20 5.683866361784212923e-17 4.990946891880732039e-12 2.804850796067626106e-09 2.248491000500507653e-06 6.013000861115891382e-12 1.000000000000000000e+00 1.896609447271657700e-08 1.903096603916853979e-11
1.518425066024065018e-02 2.048045992851257324e-01 9.993632435798645020e-01 9.874936938285827637e-02 4.612862132489681244e-03 1.869953121058642864e-04 5.438701510429382324e-01 4.431737959384918213e-01 4.673820920288562775e-03 9.178793989121913910e-03 8.618490537628531456e-04 1.855305396020412445e-03 6.450828164815902710e-02 5.803014636039733887e-01 4.318211227655410767e-02 8.035677671432495117e-02 2.789862155914306641e-01 8.122591301798820496e-03 1.172886509448289871e-02
6.147608626633882523e-03 7.605356574058532715e-01 9.996640682220458984e-01 2.637304961681365967e-01 6.286851566983386874e-05 1.392832655255915597e-05 1.045686900615692139e-01 2.446203678846359253e-01 1.784227970347274095e-05 6.693306204397231340e-05 7.184770656749606133e-04 4.983412509318441153e-06 3.078665351495146751e-03 9.848001003265380859e-01 7.362409029155969620e-03 4.262249916791915894e-03 6.421746686100959778e-03 3.404998220503330231e-03 3.178451152052730322e-05
3.185193752869963646e-03 5.244231215328909457e-05 6.516350570251461249e-09 7.008395791053771973e-01 1.815995346987619996e-06 1.643627620069310069e-04 4.788131627719849348e-05 9.495200938545167446e-04 2.737587101453442529e-10 9.999982118606567383e-01 8.152005293027286825e-09 1.966791599988937378e-02 4.047183785587549210e-03 1.089412080546026118e-07 2.180397314077708870e-05 2.057359379250556231e-04 1.588687700859736651e-05 1.539733784738928080e-04 6.221308190834662355e-11
2.108757384121417999e-03 6.737910676747560501e-03 1.000000000000000000e+00 9.999182224273681641e-01 1.918039197335019708e-05 1.219788146045175381e-07 2.005931019084528089e-04 4.852842073887586594e-03 8.009875401837618369e-11 2.710109765757806599e-05 2.130233951902482659e-06 4.081220250640171798e-09 6.672262400388717651e-02 9.281755089759826660e-01 1.234866753220558167e-01 5.074200686067342758e-03 3.594288864405825734e-05 4.314714670181274414e-01 3.749006793896114687e-08
1.385930087417364120e-02 3.254256153013557196e-04 4.339461884228512645e-05 1.216704621911048889e-01 4.629096984863281250e-01 8.671476971358060837e-04 5.926846861839294434e-01 6.797833833843469620e-03 1.202838378958404064e-03 2.006035149097442627e-01 8.881662506610155106e-05 8.208516240119934082e-01 7.962462492287158966e-03 2.607844944577664137e-04 4.476091417018324137e-04 4.716710746288299561e-01 1.231801956892013550e-01 3.020775318145751953e-01 2.998578129336237907e-04
9.728174805641174316e-01 3.134559094905853271e-02 2.522082809264247771e-07 9.828681945800781250e-01 7.844579219818115234e-01 4.194248958810931072e-06 1.011299341917037964e-01 1.464723463868722320e-04 1.111443620175123215e-03 2.289894655405078083e-05 2.132717287167906761e-03 1.087391451001167297e-01 3.035064728464931250e-04 3.407576296012848616e-04 2.878911436710041016e-05 1.988864131271839142e-02 9.495094418525695801e-03 2.868597675842465833e-06 8.389573486056178808e-05
4.504291257288079461e-17 7.523378485951512373e-14 2.278896484217882135e-17 9.978425502777099609e-01 3.407197309519813581e-17 1.124615244534519004e-19 3.221872029826045036e-03 1.000213596853427589e-04 1.611658588465821832e-16 9.645932490254249814e-12 3.731252608978703162e-26 2.728822932288441606e-18 3.946413473787657722e-10 8.526503224857151508e-04 3.769575050682760775e-05 3.606600153076289228e-13 1.000000000000000000e+00 6.918882727622985840e-01 3.390934121836166160e-19
5.918798446655273438e-01 9.760546498000621796e-03 2.076398146755309426e-07 2.424619015073403716e-05 1.446646172553300858e-02 5.475293619383592159e-06 1.746026128530502319e-01 2.625321038067340851e-03 4.774597764480859041e-04 5.592990517616271973e-01 9.301111276727169752e-05 7.963100671768188477e-01 3.750700354576110840e-01 5.121392376850053552e-08 1.814312611259083496e-08 3.552926331758499146e-02 8.970902126748114824e-05 1.174594144686125219e-04 9.543328778818249702e-04
1.828048549665749201e-14 3.793853564637572617e-10 1.931226012441555895e-12 9.218915408837347059e-09 2.485323891132651397e-10 4.616608202494265623e-13 1.000000000000000000e+00 1.981263922061771154e-04 1.830132328905165195e-03 1.403549276801641099e-08 9.829220104506930511e-09 1.521480044175405055e-06 1.141902248491533101e-05 4.631459887605160475e-06 3.884518446284346282e-05 2.824260991474147886e-05 9.769304990768432617e-01 1.202743419526086655e-06 4.279494896763935685e-05
2.185351205552521492e-11 3.467838016746327412e-09 1.279648479193817856e-12 9.827947020530700684e-01 8.139753454594611526e-11 3.659081718176970810e-12 3.612714586779475212e-03 3.592605469748377800e-03 4.341350889891515408e-11 7.464127804723830195e-08 3.140138740034618384e-17 3.331658560146166792e-11 6.456239702856692020e-07 1.206640247255563736e-02 3.931422252207994461e-03 9.085151297938409698e-09 9.999542236328125000e-01 9.942470788955688477e-01 2.683875528503715246e-13
9.746939921839725685e-10 7.381037221421138383e-07 2.513998964559505112e-08 3.842948217425146140e-07 9.298386771661171224e-08 7.557501646715536481e-08 9.999953508377075195e-01 2.059997495962306857e-04 9.250412583351135254e-01 3.668452919214360008e-08 1.117275223805336282e-05 1.281678760278737172e-05 3.156401817250298336e-06 2.118306001648306847e-04 5.181784508749842644e-04 1.462326508772093803e-05 4.845083951950073242e-01 1.482274569571018219e-02 9.546720981597900391e-02
1.554892332933377475e-05 4.320949665270745754e-05 3.205753819202072918e-05 5.680072903633117676e-01 1.202982275572139770e-05 1.458358929085079581e-05 4.063518047332763672e-01 4.532741382718086243e-02 4.144915874348953366e-05 6.570603582076728344e-04 6.889838033430351061e-08 1.006776528811315075e-05 2.067605964839458466e-03 3.131346032023429871e-02 1.137565970420837402e-01 1.958947977982461452e-04 9.874908328056335449e-01 4.821597784757614136e-02 6.795731678721494973e-06
2.497517853043973446e-04 2.516726963222026825e-04 1.664166338741779327e-04 5.497561693191528320e-01 6.326659058686345816e-05 4.762906115502119064e-03 4.280366897583007812e-01 3.198353946208953857e-02 6.601237109862267971e-04 7.271195063367486000e-04 4.406903144626994617e-07 7.629434549016878009e-06 3.229255322366952896e-03 8.128364384174346924e-02 7.095336914062500000e-01 5.588753265328705311e-05 7.789072990417480469e-01 2.325047738850116730e-02 2.275073711643926799e-05
5.090963531984016299e-05 1.440318446839228272e-04 9.248637070413678885e-05 2.749096453189849854e-01 6.645542453043162823e-05 2.569045173004269600e-04 7.408201694488525391e-01 4.135753214359283447e-02 7.172360783442854881e-04 2.710359694901853800e-04 1.545344275655224919e-06 2.312734068254940212e-05 3.455034922808408737e-03 4.137577116489410400e-02 2.904786169528961182e-01 2.547668118495494127e-04 9.603456854820251465e-01 1.686852611601352692e-02 1.185961300507187843e-04
6.242265105247497559e-01 4.108975231647491455e-01 1.065634787082672119e-01 2.372760474681854248e-01 8.438237011432647705e-02 1.981336064636707306e-02 2.321005016565322876e-01 3.791538774967193604e-01 1.800577901303768158e-02 2.854427397251129150e-01 3.481052815914154053e-02 3.289843201637268066e-01 5.296558141708374023e-01 8.173660188913345337e-02 3.012418560683727264e-02 1.512783914804458618e-01 8.215975761413574219e-02 1.856934726238250732e-01 1.661617867648601532e-02
1.013339590281248093e-02 7.692242506891489029e-03 5.052633583545684814e-03 3.914002776145935059e-01 1.206478383392095566e-02 2.952310740947723389e-01 7.035726308822631836e-01 3.340207040309906006e-02 6.162762269377708435e-02 4.883671645075082779e-03 2.058730897260829806e-04 1.183963031508028507e-03 1.716177351772785187e-02 9.838500618934631348e-02 5.398628115653991699e-01 2.228911267593502998e-03 1.941918581724166870e-01 3.305058181285858154e-02 4.555852152407169342e-03
1.483914240967950586e-16 3.732603202216688842e-12 4.035854072134302181e-15 2.522133399907033890e-07 5.679099857047731348e-09 1.510833016853119215e-14 1.000000000000000000e+00 7.074796144479478244e-07 2.606327370813232847e-06 5.617259990486900278e-10 3.577333958573736261e-12 8.083168722805567086e-06 3.866128736262908205e-06 1.165760679100458219e-07 2.968042963402695023e-06 1.845390943344682455e-04 3.235458731651306152e-01 1.278214423194867777e-08 2.442076407760396251e-08
1.376191675662994385e-01 5.513621568679809570e-01 4.105789661407470703e-01 3.567171096801757812e-01 1.961884461343288422e-02 1.491708029061555862e-02 4.209496080875396729e-01 5.011141896247863770e-01 2.673613093793392181e-02 7.624953985214233398e-02 4.049586504697799683e-02 3.754315897822380066e-02 1.509182453155517578e-01 6.057474017143249512e-01 9.265540540218353271e-02 1.071994677186012268e-01 1.708458065986633301e-01 1.192225962877273560e-01 1.340575143694877625e-02
1.049239167771887082e-11 1.212800171401795524e-08 3.373050265747384868e-13 4.543717950582504272e-04 5.531950364456861280e-07 1.341284928457753267e-06 9.999995231628417969e-01 2.253105009231148870e-07 1.233265793416649103e-04 1.597439514000598137e-09 1.371313110808125568e-12 2.493255202296040807e-08 1.100839199352776632e-06 2.846604038495570421e-04 3.207033267244696617e-03 1.390331931361288298e-06 3.380961949005723000e-03 4.108136124614247819e-07 1.083801706158737943e-07
7.507994165343711418e-15 2.053777634070108604e-11 4.247722165150669208e-18 1.972327881958335638e-04 8.204967372194005293e-08 4.096053274338373740e-09 1.000000000000000000e+00 4.263518704750168808e-10 7.177247880463255569e-06 4.174253824540397062e-12 5.697111310101310010e-16 1.373220759326443385e-09 1.437491459199691235e-08 1.654790821703500114e-06 1.470030401833355427e-04 1.736357262416277081e-07 4.423091013450175524e-04 4.048185786587055190e-09 5.698476135407304355e-10
4.038289425079000239e-10 1.681678263310004695e-08 2.100732999013588120e-12 1.638782955706119537e-02 1.016028363665100187e-05 5.343554676073836163e-06 9.999946355819702148e-01 1.604364712193273590e-07 2.148146159015595913e-04 2.185115866026876574e-09 2.611160202989348811e-12 9.403185430301164160e-08 1.162006128652137704e-06 1.208570174640044570e-04 6.948535330593585968e-03 2.867139755835523829e-06 4.923998378217220306e-03 8.955455541581613943e-07 7.674611879338044673e-08
3.985300645581446588e-05 3.987692252849228680e-06 4.416081825849189901e-14 1.068494515493512154e-03 6.756321890843963729e-11 1.341270117194426348e-08 8.580759924825542839e-08 1.484168227761983871e-03 1.559246095513857049e-15 1.000000000000000000e+00 1.060616108827794335e-10 1.918071135878562927e-02 3.860107972286641598e-04 1.160709861558473222e-09 1.642604663398827824e-10 3.817898686975240707e-04 9.524121225013004732e-08 7.655215449631214142e-05 3.847323596316808147e-15
8.301666021282017027e-09 7.936335508045011533e-14 1.067192043293661044e-19 9.999979734420776367e-01 2.615379053167998791e-04 2.559299647209023476e-11 9.955263733863830566e-01 3.635671841709098295e-12 2.063683979258712498e-08 3.658868591134914472e-14 5.341120078656531509e-20 1.939308019727192800e-10 2.690855593900920439e-10 2.179553898473685081e-10 9.146625961875542998e-05 1.070406785430577656e-08 1.022782921791076660e-02 1.925256015809090337e-13 6.125439036747983013e-15
1.842084340751171112e-02 6.927314996719360352e-01 2.019908512011170387e-03 6.892785429954528809e-01 5.704124923795461655e-04 2.360953076276928186e-04 8.076714724302291870e-02 5.013707280158996582e-01 1.279189891647547483e-04 2.987908665090799332e-03 1.957861240953207016e-04 1.309444924117997289e-04 1.998234167695045471e-02 9.790905714035034180e-01 6.761935073882341385e-03 9.027647785842418671e-03 3.551261872053146362e-02 5.158082023262977600e-02 2.311464049853384495e-05
9.887484312057495117e-01 4.255074858665466309e-01 1.178467762656509876e-03 2.511319762561470270e-04 1.020997297018766403e-03 2.424631247777142562e-06 7.477264385670423508e-03 8.883526921272277832e-02 2.624259213916957378e-04 3.528497880324721336e-03 1.288417752220993862e-05 8.850418031215667725e-02 9.785606265068054199e-01 1.507399429101496935e-04 1.886243694571021479e-07 5.144064780324697495e-03 1.018006514641456306e-04 1.139276195317506790e-03 4.808398371096700430e-04
9.998353719711303711e-01 8.170692250132560730e-03 6.093356721970089040e-12 9.339823154732584953e-04 2.902544802054762840e-03 1.132552870930503275e-10 1.864046498667448759e-04 7.885886589065194130e-05 1.070662933311261611e-10 3.368374332785606384e-02 5.128229507711523638e-10 4.977169930934906006e-01 2.675920128822326660e-01 7.953657732429064708e-10 2.241851452741694395e-12 5.462921762955375016e-05 8.015939556571538560e-08 2.029474217124516144e-06 1.189192189166021763e-09
9.999974966049194336e-01 1.523982966318726540e-03 2.383813293787249987e-16 2.124151069438084960e-05 2.710904693230986595e-03 4.206362905559424270e-14 1.141353350249119103e-04 8.424804036621935666e-07 2.125787610177121145e-12 1.025792676955461502e-03 1.291949945463055638e-12 6.527021527290344238e-01 3.696044161915779114e-02 2.152453427084130566e-13 1.318819049218614907e-16 1.919927171911695041e-06 1.416700645684443316e-09 1.308852581871633447e-09 1.267220616635311714e-11
1.757660211296752095e-04 5.116315151099115610e-05 2.307526045797203551e-07 3.273503170930780470e-05 1.589840650558471680e-01 6.278685927391052246e-01 3.475757837295532227e-01 1.021860734908841550e-04 1.108419243246316910e-02 5.199780464172363281e-01 2.310103127456386574e-06 4.304953813552856445e-01 3.804546548053622246e-03 3.830179480246442836e-07 1.818205419112928212e-05 1.276967078447341919e-01 3.592342254705727100e-04 7.840096950531005859e-04 6.077248253859579563e-04
1.000000000000000000e+00 3.883590176701545715e-02 1.225377346123871090e-19 3.408084126022004057e-08 8.700771257281303406e-03 1.100833672676648747e-18 1.223539002239704132e-04 5.267791181040593074e-08 4.132901659792409532e-11 5.477362563510723703e-09 2.017340287874258564e-12 7.942640185356140137e-01 1.997907413169741631e-03 4.269367079648683089e-15 8.392369946485738602e-23 9.270883793988105026e-08 2.482972508155434355e-11 7.320267439089866990e-14 4.273759124373555096e-11
3.316833972930908203e-01 2.855420007108477876e-06 8.378899677425190144e-16 9.963350296020507812e-01 1.959790736436843872e-01 3.895001543519072129e-10 8.637720020487904549e-04 7.376844735063059488e-08 3.024322762709696910e-12 8.280968070030212402e-01 3.103093953668589755e-13 8.254360556602478027e-01 1.671019708737730980e-04 1.517055057964622478e-11 2.887109162852397048e-10 4.469750449061393738e-03 5.432539637695299461e-06 1.245376868297398687e-08 8.278950001407419518e-15
3.601312637329101562e-04 2.276832051575183868e-02 2.046659908216952317e-08 9.634903073310852051e-01 1.829553977586328983e-03 1.551114401081576943e-04 9.552367329597473145e-01 6.799390394007787108e-05 4.344112053513526917e-02 2.100398205584497191e-06 1.359400812361855060e-05 8.667917427374050021e-06 1.773127769411075860e-05 2.365300431847572327e-02 2.215369604527950287e-04 1.765024499036371708e-04 4.789998929481953382e-04 1.191652700072154403e-06 8.492895722156390548e-05
1.991541154211518005e-09 2.790291435406100362e-11 1.872391317377574901e-15 1.063639665233040432e-08 1.461436003446578979e-01 9.999998807907104492e-01 1.286446204176172614e-04 1.050003852514822499e-15 2.659714967012405396e-02 5.545028614051261684e-08 1.247475846351549342e-16 4.748621904582250863e-06 1.648335495874064804e-10 1.411323315159140890e-12 5.350558329730858986e-10 2.181289801228558645e-06 6.158043519555178591e-10 1.202977500724955462e-06 6.323652996798045933e-07
9.982105493545532227e-01 2.521863020956516266e-02 4.959877486498953658e-08 2.192492247559130192e-04 7.039394974708557129e-01 1.078253291098008049e-07 5.671188831329345703e-01 1.147523380495840684e-05 5.747098941355943680e-03 1.643752398194919806e-06 1.008662511594593525e-04 7.735551595687866211e-01 2.712332061491906643e-04 3.701596824612352066e-07 1.907340418938474613e-08 4.122793208807706833e-03 2.972530783154070377e-04 5.552579978029825725e-07 1.157913706265389919e-03
5.574393526330823079e-06 3.468644354143179953e-05 3.255040064686909318e-05 1.954597234725952148e-02 2.703071186260785908e-05 1.769626123859779909e-06 9.385266900062561035e-01 2.476833015680313110e-02 4.512614104896783829e-04 1.297850540140643716e-04 4.710253051598556340e-06 1.501109654782339931e-04 2.076626056805253029e-03 4.854331724345684052e-03 3.577379509806632996e-02 1.537431729957461357e-03 9.911928772926330566e-01 8.695532567799091339e-03 7.409433019347488880e-04
1.275927573442459106e-01 1.580624878406524658e-01 4.998376592993736267e-02 8.785640001296997070e-01 4.592758044600486755e-02 4.545773938298225403e-02 2.176062166690826416e-01 3.727448582649230957e-01 8.420164696872234344e-03 1.400925815105438232e-01 4.383541177958250046e-03 1.249131094664335251e-02 1.526046544313430786e-01 4.707247018814086914e-01 3.361293971538543701e-01 5.059763044118881226e-02 2.443889826536178589e-01 5.222235918045043945e-01 3.336285240948200226e-03
1.440763026475906372e-01 6.296101808547973633e-01 2.954041771590709686e-02 4.495398700237274170e-01 1.325118076056241989e-02 1.026208605617284775e-02 2.787565886974334717e-01 5.849949121475219727e-01 1.233423594385385513e-02 5.905538797378540039e-02 1.444073114544153214e-02 1.887160353362560272e-02 1.498184353113174438e-01 7.298599481582641602e-01 6.908760964870452881e-02 7.785580307245254517e-02 1.585915684700012207e-01 2.320281416177749634e-01 3.430101089179515839e-03
3.270213007926940918e-01 5.166005492210388184e-01 3.279599249362945557e-01 5.779232978820800781e-01 6.741517782211303711e-02 5.222355201840400696e-02 2.113385051488876343e-01 4.715801775455474854e-01 1.845923624932765961e-02 2.457519173622131348e-01 6.927035748958587646e-02 1.099430620670318604e-01 2.972762286663055420e-01 5.129558444023132324e-01 1.267204880714416504e-01 1.718483120203018188e-01 1.283765733242034912e-01 2.575218975543975830e-01 1.887209713459014893e-02
2.610815316438674927e-02 8.271507173776626587e-02 2.360876277089118958e-02 1.382760852575302124e-01 2.238712459802627563e-02 1.129794493317604065e-02 7.384619712829589844e-01 3.766948282718658447e-01 1.118889972567558289e-01 7.992018759250640869e-02 2.626996301114559174e-02 7.175692915916442871e-02 1.524235904216766357e-01 3.173141479492187500e-01 1.459288895130157471e-01 1.355283111333847046e-01 4.291178286075592041e-01 6.895107030868530273e-01 3.260014951229095459e-02
5.064225792884826660e-01 3.363206684589385986e-01 6.047400087118148804e-02 1.410914212465286255e-01 5.498244240880012512e-02 1.933395490050315857e-02 2.029102444648742676e-01 3.510116040706634521e-01 1.941007561981678009e-02 4.761110842227935791e-01 3.315086662769317627e-02 3.829001486301422119e-01 5.834882259368896484e-01 4.625009000301361084e-02 2.217343822121620178e-02 1.818599998950958252e-01 6.717557460069656372e-02 2.166467458009719849e-01 2.265118993818759918e-02
7.899643671308378707e-16 1.622705442239080753e-11 1.486944211823538452e-18 7.956929039210081100e-05 2.328370740656282578e-08 3.170669282681615186e-10 1.000000000000000000e+00 2.687214062380149926e-10 1.058079851645743474e-05 5.277906475580074197e-13 6.795646338845541274e-16 6.023165854962542198e-10 6.372287586486891087e-09 1.789234602256328799e-06 1.021353236865252256e-04 1.577584072265381110e-07 3.865795733872801065e-04 1.635377833153484062e-09 5.856108376001145643e-10
4.678912546296487562e-08 8.440866804448887706e-05 6.298987642594511271e-08 1.089672907255589962e-03 7.360039035120280460e-06 1.708105479281130101e-08 9.995450377464294434e-01 1.373252552002668381e-02 1.664014125708490610e-04 9.092136751860380173e-04 1.295107836085662711e-06 1.881451578810811043e-03 2.838059794157743454e-03 6.133698625490069389e-04 3.744893765542656183e-04 1.381146907806396484e-02 4.848390221595764160e-01 4.203775461064651608e-05 2.566109105828218162e-05
2.480651950520496030e-08 1.940004825592041016e-01 2.860527459347395052e-08 4.457834362983703613e-01 1.146605255186727845e-09 4.305471604237887107e-11 7.322916984558105469e-01 1.896701604127883911e-01 4.343643311699452170e-08 9.782175766304135323e-06 1.811348515623478761e-09 4.557587196529766516e-09 3.010338514286559075e-05 9.993316531181335449e-01 1.262396267520671245e-06 8.404027175856754184e-05 8.613769710063934326e-02 3.237381752114742994e-04 1.762573559327407224e-10
3.620817812244325751e-10 3.213368728756904602e-02 3.414196425577387117e-10 3.488473296165466309e-01 4.443919624647074684e-12 1.593435669869358584e-12 9.915997982025146484e-01 1.536074560135602951e-02 8.082720270863319456e-09 1.494574242144608434e-09 1.151774856045229001e-11 3.637237538066384612e-13 4.066157259785541100e-07 9.999699592590332031e-01 5.354908125809743069e-07 2.715939331210392993e-07 3.127317130565643311e-02 5.792025476694107056e-04 2.885619694581453842e-12
1.994098923529044609e-13 1.498871832154691219e-03 4.483016402220298124e-14 1.532063335180282593e-01 8.279545359690220884e-16 1.553368639771977866e-15 9.996695518493652344e-01 1.341035473160445690e-03 7.832420129139094911e-11 3.040353613401741706e-13 1.755081489347590576e-15 1.066281552668726855e-17 2.338793825273910443e-09 9.999992847442626953e-01 1.879206479316053446e-08 5.351435961031825173e-10 1.151385065168142319e-02 1.658928929828107357e-03 1.107359417988726565e-15
1.491200029850006104e-01 2.951557040214538574e-01 4.726939096144633368e-06 1.654150779359042645e-03 1.453036814928054810e-02 7.375027053058147430e-04 6.271998286247253418e-01 5.308771878480911255e-02 2.365325763821601868e-02 2.082577347755432129e-01 2.838371554389595985e-03 5.530186295509338379e-01 1.463880985975265503e-01 1.244750746991485357e-04 2.797207343974150717e-05 4.016674682497978210e-02 7.151338737457990646e-03 6.922457250766456127e-04 7.684199139475822449e-03
3.042356967926025391e-01 2.110901661217212677e-02 4.580274689942598343e-04 9.190047383308410645e-01 2.343116514384746552e-02 2.158624306321144104e-02 7.288752496242523193e-02 2.424408122897148132e-02 9.243362001143395901e-04 4.969021081924438477e-01 6.448806379921734333e-05 2.558347769081592560e-02 8.197861164808273315e-02 5.915629677474498749e-03 4.108187183737754822e-02 8.648681454360485077e-03 2.200357243418693542e-02 8.142200298607349396e-03 1.444561494281515479e-04
4.375700354576110840e-01 2.442600727081298828e-01 3.255590563639998436e-04 9.841071367263793945e-01 5.551851540803909302e-02 2.959030913189053535e-03 1.589269042015075684e-01 5.341980606317520142e-02 1.950203627347946167e-02 7.415086962282657623e-03 1.718612946569919586e-02 4.651609342545270920e-03 2.578061260282993317e-02 1.186351478099822998e-01 1.599385961890220642e-02 1.090294960886240005e-02 6.623499095439910889e-02 1.386031508445739746e-03 4.500169306993484497e-03
9.654676347281565540e-08 2.569587991274602246e-07 1.131265463527597603e-07 8.044676482677459717e-02 1.006793809210648760e-06 3.739665999091812409e-07 9.924073815345764160e-01 2.161002252250909805e-03 7.753903446428012103e-06 7.815940989530645311e-06 9.012744439651498851e-10 1.436239699614816345e-06 3.443802415858954191e-04 1.345265773124992847e-03 6.199341639876365662e-02 2.610981755424290895e-05 9.884647130966186523e-01 1.706129405647516251e-04 1.161699287877127063e-06
5.743922268293963698e-15 1.137211658175374396e-09 6.888381941130665431e-15 5.866709784640988801e-09 7.008078145576135398e-11 8.136275771771905169e-15 9.959932565689086914e-01 1.881630346179008484e-02 1.028039320338791640e-10 9.989380240440368652e-01 1.153568343278954522e-12 4.835178256034851074e-01 1.341394818155094981e-05 1.363511109575554769e-10 2.140930627225756666e-10 2.342231869697570801e-01 1.627163589000701904e-02 1.326773713117290754e-07 4.486699206607269730e-12
9.999932050704956055e-01 7.477822899818420410e-01 8.926474714089573277e-16 4.863591840376102482e-08 8.727156455279327929e-06 1.067573475774892186e-14 6.319122910499572754e-01 3.817608558165375143e-06 5.491150021553039551e-01 9.668496905868018132e-12 5.488215247169137001e-04 3.515345044434070587e-03 2.455004448620456969e-07 9.103406917176926072e-11 1.979087054954854394e-16 2.137300558757715407e-09 2.508828947611618787e-05 2.847158489874268561e-12 4.263454116880893707e-03
1.000000000000000000e+00 8.947094678878784180e-01 4.993931429411041512e-14 1.592772349567894707e-07 2.598263790787314065e-07 1.477546819679476643e-18 7.200118279371281460e-09 1.552998437546193600e-04 4.470807316964177922e-17 4.637843442623079682e-09 4.090270856797707452e-15 4.756399616599082947e-02 9.994352459907531738e-01 3.690917349530309366e-09 1.442750208670056231e-21 3.540536042123676452e-08 1.204635756381008949e-13 4.668465081181238929e-08 7.411862278577452737e-16
1.095467430102275438e-33 8.324080470082408332e-29 2.518149935612410981e-27 3.448577772360295057e-04 3.033103350805720155e-27 5.060578485396797275e-34 1.000000000000000000e+00 8.041447282364222460e-13 2.001501044170372037e-22 1.409432973380698085e-26 0.000000000000000000e+00 4.658573394207975433e-27 7.054176411517518739e-17 1.266728827950883152e-13 2.349475058949224149e-09 8.052273941922351741e-19 1.000000000000000000e+00 6.043010875000419867e-19 6.302902786115899972e-24
9.546765511458943365e-08 2.279070656641124515e-07 1.618226733168803833e-11 6.618226766586303711e-01 5.713059181289281696e-07 1.094257662259678909e-08 3.046182692050933838e-01 1.020233030430972576e-03 1.234579882769537562e-09 9.919106364250183105e-01 4.797202132061917368e-12 1.459958264604210854e-03 4.523417155724018812e-04 2.265298689962946810e-06 3.909380393452011049e-05 7.588996668346226215e-04 2.741939760744571686e-02 3.068881778744980693e-05 1.399526675105455809e-11
3.941479325294494629e-01 4.639255404472351074e-01 6.761430948972702026e-02 1.335833668708801270e-01 5.421857163310050964e-02 9.147065691649913788e-03 5.271503329277038574e-01 4.979207217693328857e-01 1.161608174443244934e-01 1.333579868078231812e-01 1.241336613893508911e-01 2.312209904193878174e-01 2.895499467849731445e-01 1.018889322876930237e-01 3.748454153537750244e-02 1.495078504085540771e-01 2.974965274333953857e-01 1.058697924017906189e-01 6.385247409343719482e-02
2.165500191040337086e-04 7.939020991325378418e-01 1.085586973204044625e-05 9.242719411849975586e-01 4.777821231982670724e-07 1.454306328696475248e-07 7.980584166944026947e-03 3.587279617786407471e-01 2.772391383132344345e-08 3.753611508727772161e-06 4.638013351154768316e-08 4.833460298669933763e-09 1.926215918501839042e-04 9.998670816421508789e-01 6.128588574938476086e-05 8.029080345295369625e-05 1.515026553533971310e-03 2.430353080853819847e-03 1.201558852415018919e-09
1.028447598218917847e-02 3.357645822688937187e-03 6.815470260335132480e-05 2.362499013543128967e-03 3.104311227798461914e-02 1.194055750966072083e-02 3.750322163105010986e-01 4.003470391035079956e-02 6.468268577009439468e-03 9.562020897865295410e-01 1.051309285685420036e-03 6.013141870498657227e-01 8.346394449472427368e-02 3.739392559509724379e-05 3.811818023677915335e-04 2.282026708126068115e-01 9.226841852068901062e-03 7.803115993738174438e-03 1.796361175365746021e-03
6.352203651971422005e-09 4.150295183080743300e-07 5.739966724149780930e-08 7.295513082539173411e-10 7.240893901325762272e-04 1.000000000000000000e+00 1.982593857974279672e-06 5.575656689821295586e-12 4.952676594257354736e-02 4.851858079746307340e-07 1.154404127628669285e-13 1.720432720730968867e-07 1.961938167482912831e-08 1.276260608307211442e-08 3.568853799151838757e-06 4.715664374543848680e-07 6.147555797753057050e-09 3.947407094528898597e-06 1.529131829738616943e-02
4.949660906833353025e-12 9.816212287461212327e-10 5.549791634145697858e-15 3.158270148560404778e-03 2.275110318805673160e-06 1.695759266340246540e-07 9.999996423721313477e-01 1.134962968052377619e-08 5.950191552983596921e-05 1.847873104532382627e-10 1.018076275409798837e-13 2.993795789052455802e-08 1.964263702802782063e-07 1.415123824699549004e-05 1.113963662646710873e-03 1.485087523178663105e-06 1.782359206117689610e-03 1.063167545112264634e-07 9.924466581878732541e-09
