2.447007223963737488e-02 2.668744651600718498e-03 1.889121085696388036e-05 9.610115550458431244e-03 1.099937483668327332e-01 8.318015607073903084e-04 1.926011294126510620e-01 2.104375511407852173e-02 3.138563188258558512e-04 9.503452181816101074e-01 1.945413823705166578e-04 8.351982831954956055e-01 3.888979554176330566e-02 5.167640483705326915e-05 7.726088369963690639e-05 3.268282711505889893e-01 7.294096052646636963e-03 9.747803211212158203e-03 6.811122875660657883e-05
8.011869192123413086e-01 2.810790017247200012e-02 7.866695523262023926e-05 9.783425927162170410e-01 6.687706112861633301e-01 2.915070217568427324e-04 1.227633431553840637e-01 4.306755028665065765e-03 1.069870195351541042e-03 7.155281025916337967e-03 7.042196812108159065e-04 2.199155390262603760e-01 1.534552965313196182e-02 3.193492302671074867e-03 2.251797821372747421e-03 1.106928884983062744e-01 5.989397317171096802e-02 8.404743275605142117e-04 1.392800913890823722e-04
3.099001277817592381e-09 4.018339794242820062e-08 6.077222926281766746e-12 2.525557279586791992e-01 1.267305265173490625e-07 3.270643478270329751e-10 7.944335341453552246e-01 1.402004971168935299e-03 1.345651257089741648e-09 9.015780687332153320e-01 7.768303686948863085e-13 4.889118135906755924e-04 2.436522772768512368e-04 3.376839231350459158e-06 3.521824692143127322e-05 1.029417384415864944e-03 1.023239567875862122e-01 2.164139550586696714e-05 1.146153744829847554e-11
1.372678267827045134e-17 2.562763742268003159e-14 3.834289656612366315e-12 1.059909336618147790e-04 1.312762696941902063e-13 6.295428120168758022e-17 9.919662475585937500e-01 5.012359906686469913e-05 1.229168766769817012e-09 1.110621317135240815e-11 1.422663700365216027e-16 1.276930731292091892e-11 1.275788363841456885e-08 3.118316726613556966e-06 7.242216270242352039e-06 1.386475787512608804e-07 9.999992847442626953e-01 1.773131638765335083e-02 1.106249675197901183e-10
1.481662986212826266e-16 8.015069425921247938e-19 2.668017474237616200e-28 3.149540090535696280e-12 1.316956002028746298e-07 1.336967267780936451e-18 6.705461442470550537e-02 1.054488718565949057e-09 1.338655595109945465e-19 1.000000000000000000e+00 4.493791269435272391e-23 9.999835491180419922e-01 1.368568453008478514e-10 2.323917583811827708e-22 2.650721598676344567e-20 7.389301061630249023e-01 8.201772594418343942e-09 8.404563156538813473e-11 5.777388184631814281e-23
7.951250076293945312e-01 7.279173731803894043e-01 4.845462273806333542e-03 8.760152459144592285e-01 1.287392340600490570e-02 5.445987917482852936e-04 1.743864454329013824e-02 3.605018258094787598e-01 3.130745317321270704e-04 2.805637009441852570e-02 5.249112378805875778e-03 2.138872072100639343e-02 2.999409139156341553e-01 3.745745122432708740e-01 1.152009470388293266e-03 3.512377664446830750e-02 1.090665813535451889e-02 6.128953769803047180e-02 3.247815184295177460e-04
7.718058675527572632e-02 3.964929655194282532e-02 7.645571604371070862e-04 9.999700784683227539e-01 1.265145372599363327e-03 1.498602650826796889e-04 4.115313640795648098e-04 4.522051662206649780e-02 4.059748448526079301e-07 1.519805751740932465e-03 6.457901804424182046e-07 1.033249759530008305e-06 1.729160174727439880e-02 8.829082846641540527e-01 5.032569169998168945e-03 1.057844725437462330e-03 2.228424418717622757e-03 1.300214827060699463e-01 6.817132884862076025e-07
4.702475780504755676e-05 3.849576387437991798e-06 6.364764826294333488e-10 2.034776262007653713e-04 1.148939505219459534e-02 5.943429073340666946e-07 2.615889608860015869e-01 7.539364160038530827e-04 3.614497927628690377e-07 9.926527738571166992e-01 5.281937021095473028e-08 9.747970104217529297e-01 1.120751490816473961e-03 2.099239182484780031e-08 7.165938598063803511e-08 4.485617876052856445e-01 7.891267887316644192e-04 2.743439981713891029e-04 3.224746336627504206e-08
4.842202737927436829e-02 5.475834785606537025e-10 7.910850872594160599e-19 9.028715552972244041e-09 9.975482821464538574e-01 1.945875535355745534e-12 9.972146153450012207e-01 2.056058553528408370e-15 4.505089949816465378e-03 1.391015232686532155e-12 3.152490855168332828e-12 9.931465983390808105e-01 1.223414425322033594e-10 1.619708048442697855e-16 1.556489447962841610e-14 4.390059970319271088e-03 6.683224995640557609e-08 9.682656065823636027e-11 5.883431342112999118e-08
1.706097722053527832e-01 4.412665963172912598e-02 1.997176326540284208e-07 9.997618794441223145e-01 2.812157869338989258e-01 2.654303898452781141e-05 2.465644031763076782e-01 4.595756763592362404e-04 3.283234685659408569e-02 2.541399153415113688e-04 5.839395802468061447e-03 4.696945194154977798e-03 4.968799767084419727e-04 4.635516554117202759e-03 1.286090409848839045e-04 4.199102148413658142e-02 8.207550272345542908e-03 3.768565420614322647e-06 2.468687016516923904e-04
3.765668720006942749e-02 4.869807139039039612e-02 8.941367268562316895e-04 9.743757247924804688e-01 1.796340942382812500e-02 2.919217804446816444e-03 4.013454020023345947e-01 6.545097380876541138e-02 1.899673230946063995e-02 6.255231332033872604e-03 1.148487441241741180e-03 7.513532764278352261e-04 1.865122467279434204e-02 1.306089758872985840e-01 8.481775969266891479e-02 5.634444300085306168e-03 2.626431882381439209e-01 2.695168601348996162e-03 1.122646033763885498e-03
9.986726045608520508e-01 1.655948907136917114e-02 3.349145117681473494e-05 9.589082598686218262e-01 9.712575934827327728e-03 5.494750325851782691e-07 1.150906391558237374e-04 2.839209977537393570e-03 3.498956957503907006e-10 3.521597757935523987e-02 6.996268808734384947e-08 4.717719182372093201e-02 4.791303277015686035e-01 3.169105912093073130e-04 9.719961963128298521e-05 2.315477177035063505e-04 8.518274262314662337e-05 1.021253992803394794e-03 2.631036277733755924e-09
9.155687689781188965e-02 9.413245134055614471e-04 1.858034192991908640e-05 9.147890210151672363e-01 6.782574057579040527e-01 3.066400066018104553e-02 4.242888987064361572e-01 7.310517248697578907e-04 2.038960158824920654e-02 1.127142924815416336e-02 8.785323734628036618e-05 2.368353903293609619e-01 4.588698502629995346e-03 3.185120294801890850e-04 1.133032143115997314e-02 1.606284528970718384e-01 7.120197266340255737e-02 3.042309358716011047e-02 2.943144354503601789e-04
1.796670221665408462e-05 1.971060754613063182e-07 1.381017869506173668e-11 2.562514506280422211e-03 3.268087208271026611e-01 7.187636801972985268e-04 9.989498257637023926e-01 2.235092111391168146e-09 2.712342143058776855e-01 1.100459368075235034e-08 7.189455697442781457e-09 5.795900709927082062e-03 4.822559844797069672e-07 8.315573722939006984e-07 8.978781988844275475e-04 7.396388100460171700e-04 9.902271995088085532e-05 8.337327017216011882e-05 5.296662129694595933e-05
5.799928430860745721e-07 7.912432861689744357e-12 3.137554296928757704e-16 1.000000000000000000e+00 6.154485845399904065e-07 2.530520077925757505e-07 8.652932024233450647e-07 1.569451374416885869e-10 1.061996150741872924e-11 1.019765543709694189e-12 2.045193714682284426e-22 1.090164800533516365e-18 1.513449809920075495e-09 1.359246137866421122e-08 5.192831395106622949e-06 1.862346648423551798e-12 1.397484084009192884e-05 8.597661428286218488e-13 1.959762511115227315e-18
3.850365828839130700e-06 3.554279440209917595e-11 6.534318442233399971e-14 1.000000000000000000e+00 3.329440190213972528e-08 5.874561566088232212e-07 8.053604894087129651e-09 2.295390988393819498e-09 3.326269584747430785e-14 1.985708993068602268e-11 7.365411256318575952e-24 1.066333455667225144e-19 9.514875998206662189e-09 4.469604846235597506e-07 1.962731403182260692e-05 6.965547388014525776e-13 1.143814301940437872e-06 2.196665960241261928e-09 1.386174148620790543e-19
2.459524548612535000e-04 1.219075784320011735e-06 3.261032759382942459e-07 1.322222407907247543e-02 6.884035468101501465e-01 4.159281161264516413e-05 9.240568876266479492e-01 5.020372555009089410e-05 7.424000068567693233e-04 2.149702049791812897e-03 6.073225335967435967e-07 9.031831622123718262e-01 4.600543470587581396e-04 2.316604650332010351e-06 2.400685843895189464e-05 4.257532656192779541e-01 3.002133406698703766e-02 3.649024665355682373e-02 1.261550914932740852e-05
1.067157760262489319e-01 1.917265581141691655e-05 2.952751931850627898e-10 1.046087504619208630e-06 3.296311774647620041e-07 3.827878014561747477e-10 4.391302354633808136e-06 3.353754000272601843e-04 6.555884741327178133e-12 9.999103546142578125e-01 2.790118802664665054e-09 3.787382543087005615e-01 8.395814299583435059e-01 2.584162484692287265e-12 3.673870561070324836e-13 4.749173764139413834e-03 2.371084217855923271e-09 2.006769063882529736e-04 4.507642037410164448e-10
2.965322732925415039e-01 6.364197134971618652e-01 7.514829281717538834e-03 2.198835909366607666e-01 4.452907014638185501e-03 1.753356889821588993e-03 1.543614268302917480e-01 6.261786222457885742e-01 5.263423081487417221e-03 1.649837195873260498e-01 8.896416053175926208e-03 8.231174200773239136e-02 3.031534552574157715e-01 2.732920348644256592e-01 8.237577974796295166e-03 8.211444318294525146e-02 1.039154082536697388e-01 2.119479924440383911e-01 1.584064331836998463e-03
1.070591770258033648e-05 1.343620970146730542e-04 4.920284027321031317e-06 9.963806271553039551e-01 1.503519706602673978e-05 2.565348999894467852e-08 8.306587934494018555e-01 1.323453616350889206e-02 6.220667273737490177e-05 4.349131631897762418e-05 1.182984377123830200e-07 6.655010338363354094e-07 9.468149510212242603e-04 2.392623014748096466e-02 3.023251192644238472e-03 1.578771771164610982e-04 8.756511211395263672e-01 2.610399315017275512e-05 1.189609974971972406e-06
2.379462867975234985e-02 1.370462472550570965e-03 2.319775376236066222e-04 1.796969473361968994e-01 4.706038534641265869e-01 2.836373401805758476e-03 6.657490134239196777e-01 1.745644025504589081e-02 5.134196486324071884e-03 1.596239954233169556e-01 5.636342684738337994e-04 7.549784779548645020e-01 1.764540560543537140e-02 1.402283320203423500e-03 3.514871699735522270e-03 4.622878134250640869e-01 1.805647313594818115e-01 3.558201491832733154e-01 1.408930053003132343e-03
1.871347241103649139e-02 6.048592552542686462e-02 1.939604431390762329e-02 7.132293283939361572e-02 2.087158896028995514e-02 3.395455190911889076e-03 7.551289200782775879e-01 5.117701888084411621e-01 3.394982963800430298e-02 3.327672779560089111e-01 2.037640102207660675e-02 2.676675915718078613e-01 1.592348664999008179e-01 7.676686346530914307e-02 7.436157763004302979e-02 2.686248421669006348e-01 5.600302219390869141e-01 1.534502506256103516e-01 2.328600361943244934e-02
7.019807668484645546e-08 2.970145018821312988e-09 1.961265351513308275e-11 2.966885404021013528e-06 1.452640146017074585e-01 3.725263297837955179e-08 9.913879036903381348e-01 9.039839028446294833e-07 1.222397258970886469e-05 1.426080591045320034e-03 1.344699351868428039e-09 9.880868196487426758e-01 3.075145941693335772e-04 4.933661812422940329e-10 3.692163685897753567e-09 6.127588152885437012e-01 9.739301167428493500e-04 2.316111203981563449e-05 6.486418868689725059e-08
8.132261682634867039e-14 9.146042430352441244e-12 6.201869129856879427e-25 1.000000000000000000e+00 6.193602319112378324e-15 1.043919850439661211e-25 6.411191861843690276e-07 1.891526402175713883e-08 3.499624668817482322e-21 8.882029660373103042e-12 7.914306675272766180e-30 9.584115807670207378e-26 4.867371089511962623e-11 2.254105202155187726e-04 1.895794583600327043e-13 4.505463961168663239e-15 2.697461284697055817e-03 4.699914612470771758e-19 2.674150116663031256e-29
8.237761259078979492e-01 4.673724472522735596e-01 5.990222468972206116e-02 4.429279640316963196e-02 5.179047584533691406e-02 4.374479409307241440e-03 1.621513515710830688e-01 3.075141012668609619e-01 2.543628402054309845e-02 9.507040679454803467e-02 1.243293192237615585e-02 2.611056268215179443e-01 7.274529337882995605e-01 2.305458113551139832e-02 2.149573061615228653e-03 8.528372645378112793e-02 2.701281569898128510e-02 4.747939109802246094e-02 2.763578668236732483e-02
2.073938399553298950e-01 1.381731629371643066e-01 5.682390928268432617e-02 7.307210564613342285e-01 7.384373247623443604e-02 3.166854083538055420e-01 2.057122886180877686e-01 2.426201701164245605e-01 4.860527440905570984e-02 1.878016591072082520e-01 7.555996533483266830e-03 3.371855616569519043e-02 1.837650686502456665e-01 1.979927867650985718e-01 3.648692965507507324e-01 4.351492226123809814e-02 1.444724649190902710e-01 2.265943437814712524e-01 1.570366509258747101e-02
2.074013627506587909e-09 2.101966458667448023e-07 3.132591785970362253e-08 3.400885961735156116e-10 1.497329940320923924e-04 1.000000000000000000e+00 9.462301022722385824e-07 1.144416484320787131e-12 5.116530507802963257e-02 7.186565653682919219e-08 2.243765543914581773e-14 3.662978542706696317e-08 3.424293515408294297e-09 1.177130748430954554e-08 3.566135546861914918e-06 7.662018930432168418e-08 3.463799025382741092e-09 2.480839839336113073e-06 2.604458108544349670e-02
2.640638818718343828e-09 1.758786254413280403e-07 9.948251999958301894e-09 2.220939682162637041e-10 1.056455308571457863e-03 1.000000000000000000e+00 1.208066009894537274e-06 1.487328814796240462e-12 3.660625964403152466e-02 5.221257879384211265e-07 2.743760283536143818e-14 1.477677358252549311e-07 1.132823967964213807e-08 3.001495718635283083e-09 9.213089242621208541e-07 4.992018034499778878e-07 1.784845160557324562e-09 1.845260158006567508e-06 7.547066546976566315e-03
1.433584628784956294e-07 1.785162794476491399e-06 5.040223882701866387e-08 3.508550250330699782e-08 4.971825052052736282e-03 1.000000000000000000e+00 1.570935637573711574e-05 9.668556233410896539e-11 4.512042924761772156e-02 3.416758545427001081e-06 4.939673236420416558e-12 1.960202553163981065e-06 1.321393199305020971e-07 1.060180707668223477e-07 7.722584086877759546e-06 4.508899110078345984e-06 9.308376291983222472e-08 3.622661097324453294e-05 9.896022267639636993e-03
6.249029765870162123e-11 3.239166010407718878e-15 4.198582673681344046e-20 5.363788204704178497e-06 6.365216970443725586e-01 1.695192448328448898e-14 9.995169639587402344e-01 2.813451078012563222e-12 8.630188785829773224e-10 1.608384536666562781e-07 1.753767820655737961e-17 9.973358511924743652e-01 1.393700443941270350e-08 2.785632594954007626e-15 1.350940843566905691e-13 4.882317781448364258e-01 4.322062522987835109e-05 5.418106496790642268e-08 4.469910430834021786e-14
5.966753959655761719e-01 2.879125177860260010e-01 3.196308389306068420e-04 9.873663187026977539e-01 6.158822402358055115e-02 2.348577836528420448e-04 1.255331486463546753e-01 1.120414733886718750e-01 4.475263878703117371e-03 4.474461078643798828e-03 4.497677460312843323e-02 5.428009200841188431e-03 3.405738621950149536e-02 1.267303079366683960e-01 1.011053007096052170e-02 1.304932218044996262e-02 2.407750934362411499e-01 1.631613355129957199e-03 9.281823295168578625e-04
1.517549529671669006e-02 1.885211677290499210e-03 3.998472311650402844e-05 6.595203876495361328e-01 5.228212475776672363e-01 4.661451093852519989e-03 8.963058590888977051e-01 1.868196995928883553e-03 7.281300425529479980e-02 3.019486321136355400e-03 6.264502881094813347e-04 2.203219085931777954e-01 6.026823073625564575e-03 2.567218383774161339e-03 2.960141748189926147e-02 1.938789784908294678e-01 9.427215903997421265e-02 2.072243578732013702e-02 2.573714824393391609e-03
1.000555604696273804e-01 3.403675043955445290e-03 6.559756002388894558e-05 8.798004388809204102e-01 4.756419658660888672e-01 5.048452410846948624e-03 4.407851994037628174e-01 1.980548026040196419e-03 6.289598066359758377e-03 4.649529233574867249e-02 7.853084389353170991e-05 2.941077649593353271e-01 1.348437089473009109e-02 5.600054864771664143e-04 7.294558454304933548e-03 1.089857369661331177e-01 4.815981164574623108e-02 2.827168675139546394e-03 1.700172579148784280e-04
6.705476343631744385e-02 2.703298814594745636e-02 1.434736357497357062e-11 9.999941587448120117e-01 7.071313261985778809e-02 1.060987415257841349e-06 8.440915495157241821e-02 3.785050694204983301e-06 2.411121968179941177e-03 9.923758170771179721e-07 1.860410156950820237e-05 3.416081744944676757e-05 7.676860150240827352e-06 8.101683924905955791e-04 1.361482020456605824e-07 2.072979928925633430e-03 1.686904943198896945e-05 5.343330666818246755e-09 6.768566890968941152e-06
3.228009736631065607e-04 1.046368852257728577e-02 9.994015693664550781e-01 1.154508255422115326e-02 1.123498514061793685e-04 2.989879867527633905e-04 9.605510830879211426e-01 2.188314050436019897e-01 1.456410288810729980e-01 2.637143479660153389e-04 1.066765762516297400e-04 9.004782623378559947e-05 6.467999424785375595e-03 5.751280486583709717e-02 2.210827171802520752e-02 5.816503427922725677e-03 6.392402052879333496e-01 5.872591398656368256e-03 2.336488850414752960e-02
5.944814085960388184e-01 4.412609711289405823e-02 3.083717456320300698e-05 9.983616471290588379e-01 4.632819294929504395e-01 3.493535041343420744e-04 2.911497652530670166e-02 3.190947929397225380e-03 5.265232757665216923e-04 2.971956692636013031e-02 2.199321897933259606e-04 6.035700812935829163e-02 2.174343541264533997e-02 1.211537513881921768e-02 5.547399632632732391e-04 1.181141436100006104e-01 1.062761805951595306e-02 4.324620240367949009e-04 7.191984332166612148e-05
5.643500685691833496e-01 3.380724042654037476e-02 2.574484824435785413e-05 9.976346492767333984e-01 5.322786569595336914e-01 4.271842772141098976e-04 4.129929468035697937e-02 2.542871283367276192e-03 8.694489370100200176e-04 2.951947413384914398e-02 2.213596017099916935e-04 8.770307153463363647e-02 1.862748898565769196e-02 7.450995501130819321e-03 6.588409305550158024e-04 1.367119252681732178e-01 1.300634257495403290e-02 4.813637933693826199e-04 7.829246897017583251e-05
5.688284989446401596e-03 1.076304179150611162e-04 1.206262004416203126e-05 1.418260335922241211e-01 5.926351994276046753e-02 3.154966831207275391e-01 5.887511968612670898e-01 7.009636028669774532e-04 2.261674730107188225e-03 2.184977084398269653e-01 7.208103625089279376e-07 3.375726193189620972e-02 1.021844055503606796e-02 6.850232603028416634e-05 4.038833826780319214e-02 5.148432683199644089e-03 9.453233331441879272e-03 4.823677241802215576e-03 6.832108920207247138e-05
5.799946840852499008e-03 1.347542129224166274e-04 1.881323805719148368e-05 1.277713328599929810e-01 5.554917454719543457e-02 4.616419672966003418e-01 5.352215170860290527e-01 8.288341923616826534e-04 3.296203445643186569e-03 1.924647092819213867e-01 9.881213145490619354e-07 2.530977502465248108e-02 1.102842018008232117e-02 1.128519288613460958e-04 5.512263253331184387e-02 4.599337931722402573e-03 9.807908907532691956e-03 6.656179204583168030e-03 1.066572585841640830e-04
5.697905085980892181e-03 1.334941916866227984e-04 1.857114875747356564e-05 1.241648942232131958e-01 5.553978309035301208e-02 4.678826928138732910e-01 5.353728532791137695e-01 8.187298080883920193e-04 3.343353047966957092e-03 1.895599067211151123e-01 9.738712378748459741e-07 2.494394220411777496e-02 1.093622948974370956e-02 1.128542935475707054e-04 5.477762222290039062e-02 4.570214077830314636e-03 9.684964083135128021e-03 6.680606864392757416e-03 1.079798239516094327e-04
