3.439991846931889086e-09 4.408672964473225875e-07 1.262834103954446618e-07 5.917299983337898084e-10 1.097740387194789946e-04 1.000000000000000000e+00 1.378014530928339809e-06 3.798715682290509932e-12 6.360100954771041870e-02 7.056133455307644908e-08 6.870330991398318488e-14 4.166395228821784258e-08 6.491329251900879171e-09 2.783099084524565114e-08 1.156342386821052060e-05 7.232411292079632403e-08 8.189392275426143897e-09 4.536139840638497844e-06 3.524641692638397217e-02
2.261123057678560144e-07 5.414496628830534064e-10 8.837539431001423945e-15 3.966869428495556349e-07 8.030760288238525391e-01 2.352393977389510837e-07 9.992021918296813965e-01 6.745004554886691039e-11 1.277456060051918030e-02 9.704967851575929672e-08 3.461617936739713741e-10 9.016705155372619629e-01 7.560744847978639882e-07 9.405858036881653561e-12 2.386278286081733313e-09 9.745159000158309937e-02 1.421514753019437194e-05 8.188831088773440570e-07 7.160670634220878128e-07
3.287054873082895234e-13 1.254251151723562163e-13 3.559832872923607283e-09 1.000000000000000000e+00 1.953809903036847484e-14 3.542527635289638200e-20 2.837787568569183350e-02 1.563886712574458215e-06 2.634176751237834319e-15 3.099864115396755437e-13 6.547805837433120919e-25 1.283409393493039992e-21 5.013547355048331156e-09 2.594324769233935513e-06 1.405670559506688733e-06 6.031188325454281407e-14 9.999240636825561523e-01 5.018263365616504323e-13 3.536085643151954718e-21
4.771634936332702637e-02 4.671265184879302979e-02 2.190181612968444824e-02 9.562786221504211426e-01 1.016432698816061020e-02 2.151781320571899414e-02 1.318865120410919189e-01 2.751100957393646240e-01 1.212668023072183132e-03 9.186436980962753296e-02 2.180168085033074021e-04 1.185247674584388733e-03 7.974917441606521606e-02 3.858462572097778320e-01 4.086529612541198730e-01 1.180416718125343323e-02 2.328264862298965454e-01 6.262791752815246582e-01 2.677376905921846628e-04
9.378077229484915733e-04 1.225048549713392276e-06 6.795154661176638911e-08 9.999998807907104492e-01 3.299252421129494905e-04 7.152534555643796921e-03 4.278269188944250345e-04 8.095110388239845634e-06 2.508477564333588816e-06 8.554366672797186766e-07 2.286412595711717621e-12 6.884918746230539455e-10 3.038053546333685517e-05 6.104656495153903961e-05 8.023204281926155090e-03 6.650936938967788592e-07 8.921321714296936989e-04 1.141267512139165774e-05 8.906110848805326441e-10
1.081902883015573025e-04 2.356734398745174985e-07 2.095842610572162812e-08 9.999902248382568359e-01 4.070815630257129669e-04 7.460118532180786133e-01 5.606460617855191231e-04 2.432941982988268137e-06 1.598611561348661780e-04 1.464942442908068188e-07 1.192743169856069763e-12 5.194670249508703819e-10 1.167276968772057444e-05 1.985942981264088303e-05 1.727273128926753998e-02 1.733422152483399259e-07 5.051709595136344433e-04 1.180054823635146022e-04 1.338770339032180345e-08
1.535544015496270731e-06 1.371522921544965357e-05 1.953336351731455981e-18 1.000000000000000000e+00 3.457996353972703218e-05 3.449590602316171539e-13 1.045261472463607788e-01 1.318929410132341218e-09 1.241939571627881378e-06 1.625452160022855530e-12 4.418226635244382194e-12 3.532075619396696231e-13 4.935704067676738305e-10 5.365015385905280709e-05 9.935518380244090508e-11 1.960275994861149229e-07 1.874699592008255422e-06 4.773422741388332546e-17 1.259047878975072532e-12
8.301056370063619738e-11 1.123096338151441387e-10 4.914843705627891524e-12 9.999998807907104492e-01 6.413907165797594345e-12 3.723763829806389560e-16 4.191422462463378906e-02 1.031991050695069134e-04 1.469373017357056277e-12 1.432072127549588458e-09 3.025719664227226187e-19 2.327890590422744977e-16 2.038012780758435838e-07 1.119245789595879614e-04 3.122593625448644161e-05 5.513518808175632557e-11 9.998705387115478516e-01 5.144300629922327062e-08 6.468784000736191265e-17
1.068687094374354274e-08 3.511138686462800251e-07 6.795666807057898495e-10 1.336477929726243019e-03 2.810556616168469191e-04 6.317839584824014310e-09 9.998033642768859863e-01 2.286825765622779727e-04 2.191107159887906164e-05 1.612500200280919671e-04 1.668645310815008997e-08 3.496942669153213501e-02 1.245224615558981895e-03 7.276797532540513203e-06 5.797687481390312314e-05 5.505225062370300293e-02 1.313870698213577271e-01 2.627800313348416239e-05 1.185970518235990312e-06
2.410809182493145464e-12 9.536613510062290355e-15 2.154965968739472380e-18 6.806526653235778213e-05 1.355766744381980971e-05 1.000000000000000000e+00 1.352549879811704159e-03 1.060691300652970984e-17 1.800850004656240344e-04 4.908107531272217720e-16 5.330786238560813088e-25 7.929776339011358408e-16 4.958074491874693568e-14 1.207094008082165715e-10 4.293363872420741245e-06 1.061409735602335258e-13 8.606177992476204963e-09 6.716955454066919629e-07 7.927308440756897223e-13
1.561427076524068980e-08 1.387395887064712952e-08 2.095296713910954622e-10 6.191534921526908875e-04 2.449302992317825556e-04 6.148841977119445801e-01 9.970556497573852539e-01 6.447659295361063414e-09 4.978238604962825775e-03 1.539795291272127997e-09 2.746641347521616705e-13 3.114337587817317399e-08 2.296474690410832409e-07 5.984625022392719984e-05 8.594362065196037292e-03 3.922056635019544046e-07 1.023600561893545091e-04 3.404841481824405491e-05 3.062942539600044256e-07
3.135626229777699336e-07 1.403341343575448263e-06 4.329747227416191890e-08 1.731792877990301349e-07 3.182694688439369202e-02 9.999866485595703125e-01 3.174601588398218155e-03 4.927807495391789416e-08 3.045776858925819397e-03 2.719881711527705193e-03 7.180772643167188107e-11 1.861082564573734999e-04 1.793439878383651376e-05 1.084049827682065370e-07 8.636167876829858869e-06 3.915200359188020229e-04 1.140554104495095089e-06 2.978927477670367807e-05 1.545487066323403269e-05
5.043575457502964770e-21 6.752778742538829981e-15 1.438604595734745942e-16 9.488329291343688965e-01 3.779678327539218044e-16 1.665195998660792898e-19 1.000000000000000000e+00 2.140698951436093012e-09 1.766597979013795339e-11 5.745907968293956445e-18 6.245389304098951665e-24 1.185453990846882055e-19 1.117532108518837219e-10 1.262842670257668942e-05 1.002616318146465346e-05 8.404505932348149688e-13 9.251540899276733398e-01 1.694122645716066716e-14 1.612999547500443796e-16
1.045522214425789796e-17 3.437948190021522521e-11 2.374989094278134871e-10 1.437108148820698261e-04 1.865198273609536272e-11 4.102962544369481712e-14 1.000000000000000000e+00 9.595147503205225803e-07 4.200953753752401099e-06 2.214405416846310093e-13 1.302560998243853380e-14 1.955199717407207771e-11 1.026915867896605050e-07 7.726515468675643206e-05 1.055583270499482751e-04 3.566709665392409079e-07 2.229171395301818848e-01 3.906580836599005124e-09 7.116203737389525941e-10
8.641629788608727046e-19 1.361969432768722968e-14 4.804580127845681226e-13 9.997997879981994629e-01 2.046876954608188169e-17 2.139091164325403628e-20 9.998776912689208984e-01 5.330848011908528861e-07 1.054812500908032524e-13 1.029718472219266073e-15 9.418631401941821660e-25 2.593577150839568442e-21 6.116418482804419909e-10 3.691855090437456965e-05 1.247223462996771559e-05 1.659547743367364991e-13 9.999672174453735352e-01 4.733097052310453190e-13 7.192755633899752571e-18
7.036599154373011922e-17 7.262095926777872856e-14 3.435808336473668312e-24 3.309723734855651855e-01 5.506832323476373858e-08 1.822088148222510140e-15 1.000000000000000000e+00 1.587488143326917789e-14 8.320533595451706788e-08 1.256809222988005672e-16 1.328338164867223015e-21 1.948249547800706694e-11 6.158601406625052732e-12 1.156222118048333414e-09 6.770780913711860194e-08 1.490956158534118003e-08 7.929450475785415620e-06 1.017019436636674382e-15 6.647884299933225563e-15
4.510755037176981952e-14 1.167311559913120078e-11 2.322888754990089927e-15 8.720447076484560966e-04 6.438335731218103319e-08 6.155509587289775819e-13 9.999996423721313477e-01 1.460669523112301249e-07 2.023039336052079307e-08 1.961268303318774997e-08 4.106403022794639229e-16 1.354438495582144242e-06 3.825688509095925838e-06 6.746262926071722177e-08 5.452589903143234551e-06 2.861653410946018994e-05 5.834680050611495972e-02 2.055586589833069411e-09 2.610638615008209484e-11
4.348375454232367241e-16 2.068816817889836818e-14 7.809900530546785586e-17 9.999992847442626953e-01 1.351577386709184930e-17 3.476949903393299230e-21 8.995138108730316162e-02 1.660410271142609417e-05 6.153138496430856329e-17 1.366217729226182342e-11 2.986582397443249809e-26 5.497225862351480314e-21 1.173091290773697892e-09 5.088211401016451418e-05 7.597479907417437062e-06 5.835257407479921277e-14 9.999992847442626953e-01 4.861653835064316809e-08 1.561562707928829504e-21
2.574760671336662199e-08 1.972722429854911752e-06 1.272917529604455922e-06 1.159232407808303833e-01 7.677145731577184051e-06 2.345329042086063964e-09 9.993726611137390137e-01 1.039750757627189159e-03 6.929772644070908427e-05 9.715670330479042605e-07 9.965120284505246673e-08 3.382452632649801672e-05 2.169623476220294833e-04 4.642663989216089249e-04 1.668233308009803295e-03 8.717617602087557316e-04 9.605791568756103516e-01 3.012932029378134757e-05 1.525734842289239168e-05
3.721339303873992532e-14 2.420325884155971607e-10 1.459645321277847074e-10 9.923415184020996094e-01 4.135241628289154647e-12 3.133652982287712604e-17 9.998243451118469238e-01 2.333644260943401605e-05 2.443729218981616214e-09 7.619086785093376335e-12 3.151494288718636148e-15 3.373609985118930510e-13 1.515834497922696755e-07 1.278838608413934708e-04 1.648090983508154750e-05 2.286910039117628912e-08 9.996497631072998047e-01 3.100041556791666153e-09 3.043211169173609676e-11
1.628444180823862553e-03 1.034853630699217319e-03 3.419816493988037109e-06 6.133934259414672852e-01 8.101197332143783569e-02 4.330293086240999401e-05 9.335899353027343750e-01 1.924757729284465313e-03 4.141646903008222580e-03 4.310386255383491516e-03 2.945287451439071447e-05 8.014671504497528076e-02 5.893626715987920761e-03 8.713585557416081429e-04 2.210194710642099380e-03 8.443570882081985474e-02 6.280401349067687988e-02 4.410210240166634321e-04 1.139177547884173691e-04
2.093516968670883216e-06 4.281274601817131042e-02 3.393341857504950099e-11 9.939686059951782227e-01 6.347413545881863683e-06 4.935427000418712851e-08 9.955150485038757324e-01 1.210739537782501429e-05 1.342116855084896088e-02 3.678969351383898356e-09 2.528520553823909722e-06 9.198891426365207735e-09 1.412711014836531831e-07 1.611927300691604614e-01 1.452165179216535762e-06 4.346268724475521594e-06 6.616902828682214022e-05 1.029091256654623976e-09 1.116923726840468589e-06
5.225708310518939470e-09 1.558410674333572388e-01 3.388251831881738951e-11 2.686246065422892570e-03 3.178935170655705633e-10 7.634186260929709533e-08 9.999389648437500000e-01 1.411911798641085625e-04 7.689425838179886341e-04 8.254165406729185861e-11 4.514857110393677431e-08 3.551568761306356237e-11 2.203473492556895508e-08 9.963829517364501953e-01 5.127447479935653973e-07 9.755243013387371320e-08 8.366581459995359182e-05 1.133950149778684136e-06 4.073484305422425678e-08
1.189386089617272546e-11 1.332164829364046454e-04 6.873181087859239757e-16 5.371859879232943058e-04 5.004356484761274260e-09 2.339753057967186578e-09 9.999998807907104492e-01 1.371304705344300601e-07 2.076750621199607849e-02 1.386062705582835619e-12 3.068340248546519433e-09 3.683818805555461040e-10 1.349524603178053894e-09 3.894939646124839783e-02 5.170283202460268512e-06 1.379628997710824478e-07 5.462254921440035105e-05 2.538708621102614416e-08 4.982748009751958307e-07
4.178612306714057922e-02 5.367025732994079590e-02 3.125874325633049011e-02 8.503543734550476074e-01 1.421385630965232849e-02 5.031384900212287903e-02 2.342859953641891479e-01 2.879304289817810059e-01 4.758752882480621338e-03 1.431520879268646240e-01 7.795825367793440819e-04 4.648638423532247543e-03 1.013623252511024475e-01 3.031332790851593018e-01 4.838312268257141113e-01 2.024156600236892700e-02 3.171021044254302979e-01 5.699772238731384277e-01 1.064871437847614288e-03
2.680854406207799911e-03 3.288432253611972556e-06 1.610410578223309130e-07 9.999998807907104492e-01 4.572571197059005499e-04 2.599592553451657295e-03 4.332323442213237286e-04 1.469859853386878967e-05 1.535109049655147828e-06 2.351477178308414295e-06 9.575614606793791950e-12 2.263963239101940417e-09 5.489183968165889382e-05 1.215064257849007845e-04 8.050270378589630127e-03 1.595055437064729631e-06 1.140223001129925251e-03 1.078348668670514598e-05 1.462709176003329503e-09
1.107875577872619033e-04 7.195816351668327115e-07 6.230460769529599929e-08 9.982709884643554688e-01 4.519473295658826828e-04 9.909814000129699707e-01 6.039816071279346943e-04 4.352149971964536235e-06 9.064681362360715866e-04 5.278664048091741279e-07 1.317924675642290211e-11 2.843125512796973453e-09 2.012115510297007859e-05 5.650660750688984990e-05 6.573118269443511963e-02 1.576941741632253979e-07 1.018503447994589806e-03 1.299823052249848843e-03 1.806102574164469843e-07
1.408398209695575515e-15 2.740634054334417646e-13 1.154864738703571719e-20 6.644204258918762207e-01 6.509744565619257628e-08 2.647200601085808458e-12 1.000000000000000000e+00 4.922093006613781352e-13 2.788056463032262400e-06 1.600672240267688535e-17 2.731758544583604017e-19 7.908203714275530150e-13 9.751634395815944600e-12 9.627736119455221342e-08 1.866203820100054145e-04 1.539610106071620521e-09 1.742940366966649890e-04 2.553539844851737683e-12 6.811657357955192005e-13
2.341048954690450046e-08 6.797273499614675529e-07 2.518649822036422847e-08 7.030560664134100080e-05 1.632554267416708171e-05 1.404858984699330904e-08 9.908475875854492188e-01 6.769817322492599487e-02 2.399521235929569229e-06 7.310047149658203125e-01 2.204449458531598793e-07 5.852147936820983887e-01 1.834608265198767185e-03 3.545977506291819736e-06 1.953749051608610898e-05 2.933507859706878662e-01 2.794251143932342529e-01 4.616082878783345222e-04 1.085000917555589695e-06
1.963071849173103622e-12 1.419129258550810846e-09 2.668987253429122575e-11 2.569911885075271130e-06 1.488418810424718686e-08 8.890483835233276011e-13 9.999827146530151367e-01 2.672561211511492729e-03 6.485787480414728634e-07 1.646713099034968764e-05 9.363945174811760808e-10 3.158193721901625395e-04 7.334046676987782121e-05 2.781276634777896106e-06 1.997297113121021539e-05 2.486918820068240166e-03 9.918568134307861328e-01 2.559836502769030631e-06 7.073602432683401275e-07
5.203723048907704651e-06 1.736444937705527991e-05 6.345021237486007265e-17 7.364730536937713623e-02 2.503225626998908937e-14 1.738483142166291628e-11 1.506129665429511988e-09 4.091058392077684402e-03 2.811953963464561473e-20 1.000000000000000000e+00 2.317832612040021667e-13 6.768126040697097778e-04 1.695867540547624230e-04 4.816712362298858352e-08 1.263209155333289146e-12 2.329850576643366367e-05 6.860134238451109923e-09 1.859555341070517898e-04 6.904836913534465415e-19
4.666948370868340135e-06 1.621052251721266657e-05 1.014070325994686025e-17 4.099281728267669678e-01 1.556477589501580050e-14 7.346304987942975373e-12 3.735292075646157173e-10 2.542070578783750534e-03 1.497489935837389868e-21 1.000000000000000000e+00 2.724454708602323805e-14 2.437142975395545363e-04 1.384901406709104776e-04 5.278905845784720441e-08 8.920616524112079393e-13 7.334925612667575479e-06 2.811508359457093320e-09 9.426986798644065857e-05 3.599151702510587508e-20
1.057529728859663010e-02 2.688131481409072876e-02 4.679938925278293027e-08 9.902690649032592773e-01 2.536243982831365429e-06 3.697391548485029489e-06 3.833794471574947238e-05 1.050243377685546875e-01 1.182036551972132088e-10 9.821910858154296875e-01 8.635861803441002849e-08 5.283985519781708717e-04 2.726229652762413025e-02 1.271516233682632446e-01 1.024821540340781212e-05 6.419986020773649216e-04 2.754185115918517113e-04 2.023774944245815277e-02 2.568161516780520515e-10
3.681156784296035767e-02 5.834344401955604553e-02 1.410416141152381897e-02 8.515318483114242554e-02 4.384162649512290955e-02 1.085443235933780670e-02 8.285331130027770996e-01 1.544398218393325806e-01 1.025791242718696594e-01 8.037697523832321167e-02 1.519450079649686813e-02 1.744889914989471436e-01 1.106917858123779297e-01 4.415411129593849182e-02 4.906330257654190063e-02 1.204712539911270142e-01 2.073710411787033081e-01 1.088282987475395203e-01 4.041777923703193665e-02
1.323764445260167122e-04 3.137003164738416672e-03 9.999997615814208984e-01 2.922047972679138184e-01 3.296392969787120819e-05 6.052930245914467378e-08 5.687593221664428711e-01 2.509304881095886230e-01 2.146293445548508316e-05 3.133914651698432863e-05 4.544092035985158873e-08 1.552503931634419132e-06 1.202850881963968277e-02 2.636547982692718506e-01 7.281025405973196030e-03 2.733193570747971535e-03 8.675674796104431152e-01 3.311785112600773573e-04 1.083101233234629035e-04
7.752076387405395508e-01 4.801122122444212437e-05 9.915204768340402097e-11 6.788207974750548601e-05 9.079145789146423340e-01 4.881333666162390728e-07 9.645135998725891113e-01 4.584737478552369794e-09 1.397349387407302856e-01 4.409983844766429684e-08 2.482875288478680886e-06 8.297795057296752930e-01 7.956364243000280112e-07 4.915498230673165381e-09 8.592764544346209732e-08 4.020787775516510010e-03 5.954005609964951873e-05 7.311637091333977878e-07 1.218970399349927902e-03
1.041569784283638000e-01 8.146009407937526703e-03 3.389411431271582842e-04 7.654873132705688477e-01 3.842201530933380127e-01 1.348023023456335068e-02 2.418102324008941650e-01 1.356124412268400192e-02 1.281553879380226135e-03 7.164304256439208984e-01 2.945176383946090937e-04 6.731296777725219727e-01 5.072272196412086487e-02 1.031597494147717953e-03 1.206043642014265060e-02 2.375105023384094238e-01 4.544148966670036316e-02 2.666789293289184570e-02 8.882823021849617362e-05
2.131024748086929321e-02 4.219395778664097052e-18 4.106000187557842760e-29 9.707403182983398438e-01 9.999747276306152344e-01 6.942732060723565639e-21 9.570713639259338379e-01 9.995658801974847623e-22 2.209684258486221964e-13 1.335605495848126887e-19 2.843457652566913440e-23 9.115357398986816406e-01 1.628455251809874608e-17 3.607780755341099793e-22 1.342625063725918708e-14 1.052206614986062050e-03 2.786683035083115101e-05 2.081174181557329805e-13 7.593020725322142729e-22
9.997499585151672363e-01 1.893764442137402249e-12 6.398022860613983910e-27 9.997631907463073730e-01 9.999606609344482422e-01 3.989096275495448781e-21 9.830371476709842682e-03 2.130591230834219176e-18 4.437287179216671063e-16 1.564852474242835255e-16 2.440002669066002612e-21 7.268238067626953125e-01 4.084629024445930734e-14 2.912938240596566474e-19 5.528908301528939100e-17 2.122066071024164557e-04 3.316758068194758380e-07 4.972920374813748646e-16 5.167312821703920061e-23
1.216202160682355871e-13 2.858966748763594424e-16 4.514748061001668561e-18 3.525882448229822330e-07 1.119262352585792542e-02 8.067233269208259894e-15 9.996041655540466309e-01 1.686946027312785645e-09 5.563463925661871201e-11 3.839403143501840532e-05 7.977223948342992109e-17 9.980053305625915527e-01 5.549800334847532213e-07 8.431926353967209020e-14 5.145151882671172849e-13 8.308582901954650879e-01 7.620665710419416428e-04 1.937236220328486525e-06 8.425270707880863630e-14
3.338132938471294331e-12 1.782248972634918789e-17 1.663144266454132021e-28 5.654817933353761816e-11 6.964171188883483410e-04 2.593545216032755972e-15 1.142918335972353816e-04 5.930661343966914245e-12 1.031528312742150645e-20 1.000000000000000000e+00 2.630530841384554640e-23 9.999945163726806641e-01 6.224808862809183552e-11 1.448594431043844542e-23 1.455425398503206745e-21 4.758358895778656006e-01 1.624984109944993538e-12 1.029196346202798651e-11 3.247723830019702538e-25
4.899512973111086467e-08 6.371991015342512443e-14 2.224449346989079843e-18 2.195808065152959898e-06 8.848408460617065430e-01 5.871080704933362426e-11 3.151056542992591858e-02 1.631128010437521425e-10 2.015085553931303397e-13 9.964445233345031738e-01 8.671419560996482078e-18 9.999964237213134766e-01 3.740806420182707370e-08 1.653318845185340526e-15 1.193669745973334820e-15 7.974462509155273438e-01 1.336785349081992536e-08 3.292026917733892333e-07 3.039234285831724750e-17
5.094429877949835372e-10 5.946064881211189559e-16 8.053348759730787831e-19 1.672089638304896653e-05 8.868175148963928223e-01 1.761834628926164936e-13 9.956271648406982422e-01 1.499052097730935174e-11 3.776670642885449070e-10 2.025948788286768831e-06 9.741212247211312769e-18 9.996113181114196777e-01 5.119319634871999369e-09 1.143479316903549606e-14 9.878173447405366736e-14 7.706530094146728516e-01 1.066344775608740747e-04 5.167817289475351572e-05 2.625059627406767931e-14
2.073159538067385476e-20 2.490119848033583889e-22 3.196687795829088755e-26 6.644642613906626138e-10 7.340133888646960258e-04 3.483030569468487624e-21 9.999997615814208984e-01 4.382844252998931156e-14 1.102042380420574508e-13 1.002130045613114362e-09 9.689525487376857154e-23 9.961748123168945312e-01 1.037815611226733381e-09 9.945165621355143762e-19 2.203185966239883597e-17 8.002700805664062500e-01 4.021673521492630243e-05 4.254461505315276781e-10 3.702513361346555266e-18
4.975224812629369180e-20 1.086276145891746389e-16 8.338566477306044713e-23 2.858371362952222272e-13 1.341817590372329505e-08 4.861369411295583001e-18 1.000000000000000000e+00 3.062160747191455812e-09 6.020337006695797299e-11 5.492049240274354815e-06 4.513166243516283406e-17 4.315060079097747803e-01 1.017066642816644162e-05 7.514662564569868906e-17 6.784925760469498815e-15 1.306326538324356079e-01 2.604207256808876991e-04 7.332012601224402459e-12 2.574990188523168522e-13
8.204152545241891713e-16 3.758974671786395605e-15 1.836203052315996597e-16 1.000000000000000000e+00 1.216283394847766702e-17 7.897175450552094066e-23 2.668847888708114624e-02 2.973357595692505129e-06 8.848151661952111758e-18 2.214768760099364298e-13 2.290633475713130332e-27 1.649526833043371319e-22 2.875781834887902733e-10 4.873681518802186474e-06 1.010345840768422931e-06 3.366735101494847289e-15 9.999996423721313477e-01 1.016653983221260660e-09 6.676778600093876669e-23
6.214731420456365285e-13 1.542048572167331599e-10 1.303460716640426897e-14 9.999991655349731445e-01 2.127257686679057819e-14 1.161108214602825863e-17 8.355666883289813995e-03 7.908642874099314213e-04 1.021518600366781368e-14 1.005603378345654164e-09 1.830142355931758882e-21 2.084334877389947592e-18 3.056082320540554065e-08 7.881720550358295441e-03 6.456486153183504939e-05 1.904987669346103196e-12 9.999778270721435547e-01 1.667248085141181946e-03 2.890634762945146051e-18
2.318267978504580905e-15 5.876518711681283196e-17 1.925314491787395222e-17 1.000000000000000000e+00 1.285470435642927043e-16 4.272612430447999017e-21 5.573265952989459038e-04 3.107001873559056548e-07 2.794876561224462794e-19 2.002919585828571991e-13 5.455044599567171248e-30 3.486481605581445226e-24 7.028385512475310293e-11 7.636050725068344036e-08 1.008255253509560134e-06 5.865656175877236836e-17 9.999951124191284180e-01 1.761981012482483067e-11 3.219879690145004298e-26
3.145194798707962036e-02 4.284374788403511047e-02 3.153160959482192993e-02 5.548238158226013184e-01 1.178019586950540543e-02 1.298004388809204102e-01 2.829999923706054688e-01 2.442263960838317871e-01 1.585282944142818451e-02 1.073112040758132935e-01 1.255399431101977825e-03 7.953291758894920349e-03 8.638707548379898071e-02 2.555598318576812744e-01 6.315400600433349609e-01 1.627125404775142670e-02 3.223920166492462158e-01 4.077856838703155518e-01 2.743667224422097206e-03
6.296641076914966106e-04 3.907805421476950869e-07 1.021603601714105025e-08 9.999990463256835938e-01 1.222516759298741817e-03 5.151851475238800049e-02 1.661118585616350174e-03 1.695862692940863781e-06 3.321720578242093325e-05 4.733299192594131455e-07 3.884766640316339448e-12 5.295755389767009547e-09 1.346922272205119953e-05 8.824944416119251400e-06 8.967353031039237976e-03 1.119332523558114190e-06 1.000766525976359844e-03 8.633861398266162723e-06 4.611319770475574842e-09
5.381156006478704512e-05 4.159273458981260774e-08 1.564010698729134674e-09 9.999854564666748047e-01 6.705853156745433807e-04 8.984398245811462402e-01 6.429768400266766548e-04 3.604298797199589899e-07 3.169226692989468575e-04 7.647184929737704806e-08 3.151732076277918848e-13 6.601540425421603686e-10 4.214682121528312564e-06 2.280017042721738108e-06 9.675579145550727844e-03 1.162641964924659987e-07 2.924791770055890083e-04 5.284362123347818851e-05 8.255479855279190815e-09
1.192288312523714922e-08 1.020884798919041714e-08 6.135978947163778230e-10 8.789475224035836476e-12 3.258093128621908363e-09 6.725834608078002930e-01 7.603158950805664062e-01 6.818679735426380617e-12 8.441881537437438965e-01 1.408596528307271001e-08 1.831767810350770631e-12 6.006719672768667806e-07 4.019730936999366122e-10 2.297973270004582957e-11 4.728858726821272285e-08 1.475272570772290237e-09 8.053330020629800856e-07 1.313992015639087185e-05 9.922295212745666504e-01
1.242386332700462503e-10 2.592508430154794041e-10 7.595898736389994355e-12 9.119544411078095436e-04 2.515820085591258248e-07 1.029250351614052761e-09 9.989997744560241699e-01 4.451933491509407759e-04 1.508044711329148413e-08 1.597354374825954437e-02 4.900474991076375630e-12 1.680000801570713520e-03 1.037411784636788070e-04 4.504771311530930689e-07 1.704048190731555223e-04 1.601398922502994537e-03 7.031666040420532227e-01 1.900447532534599304e-04 2.526144182724010534e-09
1.022865835693664849e-04 6.059923634893493727e-06 1.962210172123945995e-09 4.495932080317288637e-05 5.510104529093950987e-05 9.019327649184560869e-07 7.878742180764675140e-03 5.285985302180051804e-03 3.439527063164860010e-08 9.999508857727050781e-01 2.145297059996664757e-07 7.047647833824157715e-01 3.328238846734166145e-03 1.015722261854534736e-08 1.250602394975430798e-07 1.308181732892990112e-01 2.756993635557591915e-04 7.876073359511792660e-04 7.735214246906707558e-09
3.573266789317131042e-03 8.269199728965759277e-01 2.158380375476554036e-04 6.538841724395751953e-01 2.097175456583499908e-05 1.362235252599930391e-05 3.411761298775672913e-02 5.197126269340515137e-01 5.346541456674458459e-06 1.768843940226361156e-04 9.182483154290821403e-06 2.302760776728973724e-06 3.703920170664787292e-03 9.969481825828552246e-01 9.164101211354136467e-04 1.127021503634750843e-03 8.565292693674564362e-03 1.581590622663497925e-02 4.059597245031909551e-07
1.520260120742022991e-03 9.012302756309509277e-01 6.720635428791865706e-05 5.097288638353347778e-02 8.221852112910710275e-06 3.736044093966484070e-02 2.518408000469207764e-01 5.713208019733428955e-02 4.998627118766307831e-04 1.750459341565147042e-05 6.658286292804405093e-05 2.166115336876828223e-06 2.120878634741529822e-04 9.907743334770202637e-01 2.002749097300693393e-04 4.802733383257873356e-05 4.351243842393159866e-04 1.042307121679186821e-03 5.011019766243407503e-06
2.447968348860740662e-02 8.961936831474304199e-02 1.189521863125264645e-03 9.969899654388427734e-01 3.166108392179012299e-03 5.931470659561455250e-04 1.368963252753019333e-02 2.048506885766983032e-01 1.746987436490599066e-05 4.430491011589765549e-03 1.300673193327384070e-05 1.873485598480328918e-05 1.467338763177394867e-02 9.399439692497253418e-01 3.505647927522659302e-02 3.882101038470864296e-03 2.788040414452552795e-02 3.346629440784454346e-01 5.976263310003560036e-06
1.204471118398942053e-05 3.391546197235584259e-04 1.186558264976156352e-07 9.999997615814208984e-01 4.768944563693366945e-07 9.478286600028695830e-09 8.980818674899637699e-04 2.659612707793712616e-02 2.045300817599127186e-09 6.992946055106585845e-06 4.648038464533099656e-12 3.495578175874425320e-12 1.231745118275284767e-04 6.632834672927856445e-01 1.293383422307670116e-03 4.174688683633576147e-07 1.024296879768371582e-01 1.077891606837511063e-02 2.149883049362699694e-11
1.315566041739657521e-04 3.727730654645711184e-04 2.736653792467791391e-09 9.999980926513671875e-01 6.348285751300863922e-06 1.677379302122972149e-08 1.855368027463555336e-03 9.125296957790851593e-03 3.810462612108267422e-09 2.165271155536174774e-02 1.054842116432475052e-10 6.278033737316945917e-08 9.360589319840073586e-04 7.382454723119735718e-02 8.836357301333919168e-05 1.966861236724071205e-05 3.560211136937141418e-02 4.862134301220066845e-05 3.309687246488834944e-11
4.685975000029429793e-05 1.601111725904047489e-04 1.709643204783617421e-09 9.999998807907104492e-01 1.638690605432202574e-06 5.020599935789960000e-09 5.137233529239892960e-04 6.446960382163524628e-03 5.529751101462920815e-10 1.829033368267118931e-03 4.707207280213454581e-12 7.860604389620107213e-10 3.126220835838466883e-04 1.496558487415313721e-01 7.569514127681031823e-05 2.224786840088199824e-06 2.412595972418785095e-02 5.187726128497160971e-05 3.072464374934136266e-12
3.115875087678432465e-02 3.107352927327156067e-02 1.491965260356664658e-02 9.633724689483642578e-01 5.955665837973356247e-03 1.544542051851749420e-02 1.199184581637382507e-01 2.534969747066497803e-01 6.649084389209747314e-04 8.219435811042785645e-02 8.424856787314638495e-05 6.038420251570641994e-04 6.266327947378158569e-02 3.670367896556854248e-01 4.249028861522674561e-01 7.323894184082746506e-03 2.360162883996963501e-01 6.580349206924438477e-01 1.107676071114838123e-04
2.767089754343032837e-04 2.967381362850574078e-07 1.517561010189183435e-08 1.000000000000000000e+00 6.946008215891197324e-05 8.294990402646362782e-04 1.312751701334491372e-04 4.174200967099750414e-06 1.376422460452886298e-07 2.296846730587276397e-07 6.999452016251406228e-14 1.892573771311578668e-11 1.037280526361428201e-05 3.959797322750091553e-05 3.794839605689048767e-03 7.839874882620279095e-08 7.567821303382515907e-04 2.207521902164444327e-06 2.553414597816772158e-11
1.194849246530793607e-04 4.711088479325553635e-07 8.669794482329962193e-08 9.999952316284179688e-01 4.010308184660971165e-04 1.342079043388366699e-01 4.622672218829393387e-03 1.241811423824401572e-05 5.153501479071564972e-05 1.025727215164806694e-06 3.204640545984016597e-12 1.696147666763181405e-09 2.561625115049537271e-05 4.125258419662714005e-05 3.331587836146354675e-02 4.975639740223414265e-07 4.217249806970357895e-03 5.197302743908949196e-05 6.776720518075762811e-09
6.679065885592481706e-17 1.182896283095230539e-13 1.561382153788154785e-16 1.610845625400543213e-01 3.301709817007947301e-12 2.643693857579121342e-12 1.000000000000000000e+00 1.725857567969057982e-09 1.043562569691403041e-08 5.441284066624461815e-16 2.051157018449615108e-20 1.005964809642058509e-15 7.713435445921845712e-10 1.734980105538852513e-05 3.022557124495506287e-03 1.180398053607367714e-11 5.803627371788024902e-01 1.199989274613955104e-10 3.494183295569414094e-13
7.321455663955589444e-10 1.719266953534051680e-20 2.784064816370906584e-27 1.000000000000000000e+00 6.531392500619404018e-06 1.493169321520326775e-07 8.288448611892818008e-07 6.963400266927454083e-19 4.505185287329016575e-13 4.916814293779246755e-19 1.424726630377062931e-32 7.555405514954699916e-21 8.226967907071778326e-16 2.408555721746589138e-17 2.848880775729867310e-08 5.542154361576779459e-15 1.084620677715975035e-07 1.130038731768905357e-18 4.601810722883522867e-25
4.571452736854553223e-03 9.740305229044565749e-10 9.539827475664612066e-20 9.999477863311767578e-01 9.894599914550781250e-01 2.378587084239658367e-11 4.246969707310199738e-03 1.387626732268776308e-11 2.537809198899232399e-11 1.087994081899523735e-03 7.916080742696542430e-17 9.851204752922058105e-01 5.332865882223813969e-08 7.439705318815215129e-13 6.990866219247493518e-12 1.324471086263656616e-01 5.900676114833913743e-06 7.570482907226505631e-09 8.456669081035057670e-17
1.303385943174362183e-06 1.218902525579323992e-05 1.692399109742837027e-09 9.999991655349731445e-01 2.878040383791358181e-08 2.177536146188985278e-12 4.328967258334159851e-02 3.361517330631613731e-03 6.123646922873149379e-09 2.473513518452818971e-07 4.661702447672499972e-12 9.562907106810958346e-13 1.395206982124364004e-05 3.869327902793884277e-02 2.519406261853873730e-04 4.139684861570458452e-08 9.746837615966796875e-01 3.688724291350808926e-06 4.337905468859704072e-12
3.300043545095832087e-06 2.494005457265302539e-06 2.203193877337028539e-10 2.852974273264408112e-02 1.409617252647876740e-03 9.292588742937368806e-08 2.922017574310302734e-01 7.715262472629547119e-04 7.289761327911037370e-08 9.890432357788085938e-01 6.814270037125425006e-09 8.819410800933837891e-01 5.673603154718875885e-04 2.157811564984513097e-07 1.284549057345429901e-06 3.435072600841522217e-01 1.837184303440153599e-03 2.413397887721657753e-04 3.451743113558336518e-09
3.418847050476462981e-26 8.350419949230638673e-20 3.292887310438688498e-30 1.804939457985578477e-14 5.844946054933686241e-11 1.107595223594903994e-24 1.000000000000000000e+00 1.380845683759271219e-16 5.317863482900975214e-08 6.495104160813418354e-21 2.757008491275726610e-20 3.227989964216249064e-07 1.016695581890214584e-11 1.453410387545616290e-15 2.666687530517020122e-11 7.158390076256182510e-07 4.348177753854542971e-04 8.353368516208169430e-16 6.909205737919144052e-13
4.303197152045546217e-15 5.000744610073049046e-11 2.990648482568813588e-21 8.598899245262145996e-01 4.019479860062347143e-09 4.977964180728940147e-14 1.000000000000000000e+00 1.315257147985193775e-12 4.761368927574949339e-06 8.006329228773859510e-19 4.661886038463927315e-17 2.406314046404702672e-14 1.135913520362852314e-12 1.913941787279327400e-06 5.964114825474098325e-05 6.304050337302413709e-11 2.187359932577237487e-04 4.174035046094516643e-14 3.546882405836004892e-12
1.460326457163318992e-04 8.538486361503601074e-01 5.744358986703446135e-06 4.098497629165649414e-01 1.004107375024432258e-07 1.040486381498340052e-07 5.129224658012390137e-01 2.582208514213562012e-01 1.445647194486809894e-05 4.999611974199069664e-06 1.170515224657719955e-05 1.958183446504335734e-07 2.176626876462250948e-04 9.939551949501037598e-01 2.196792047470808029e-05 1.060040740412659943e-04 3.915197774767875671e-02 1.748087001033127308e-03 7.952421299251000164e-08
4.375486639673908940e-07 6.453803181648254395e-01 2.382923014465632150e-08 9.638010263442993164e-01 9.940546163988983608e-10 1.851150344123198010e-10 4.890325367450714111e-01 3.978893533349037170e-02 3.951237204091739841e-08 3.232486989190874738e-08 4.727332747478385500e-09 2.116907343863161373e-11 2.208991872976184823e-06 9.998612403869628906e-01 4.284600834125740221e-07 1.753896754053130280e-06 4.531566984951496124e-03 1.251990306627703831e-05 8.294772507744241352e-11
1.835432034223011266e-13 1.909878331873837709e-11 3.396382025448729802e-13 9.976040720939636230e-01 2.591766319788579853e-14 3.659086379187521314e-17 9.654706120491027832e-01 3.113750062766484916e-05 4.590243116164849368e-12 1.127016275442871418e-11 8.892711674755190221e-19 2.279349779193561194e-16 1.857146436634593556e-08 2.325056266272440553e-04 1.473766606068238616e-04 4.546321999421287785e-11 9.999969005584716797e-01 2.458564907215077255e-08 6.846000817021385965e-14
9.240077633876353502e-05 3.023221324838232249e-05 1.824952562401449541e-07 9.982975125312805176e-01 2.176568386857979931e-06 4.133174247300530624e-09 3.182826638221740723e-01 4.164317622780799866e-03 5.871766575182846282e-07 2.947909479189547710e-06 5.421443294295613669e-09 1.668782267927326757e-08 1.377880544168874621e-04 9.239178150892257690e-03 1.042926777154207230e-02 2.149012743757339194e-06 9.949049949645996094e-01 3.926773206330835819e-05 1.328402721156862754e-08
1.913740971248856226e-10 1.109446602640673518e-04 6.201904089028417721e-14 1.000000000000000000e+00 1.126661155863295516e-12 3.500124185741062050e-18 2.209418686106801033e-03 2.888111397624015808e-03 1.895338812112068450e-13 2.281134135750928493e-11 3.897901362965460912e-17 3.686723956868384078e-20 5.737635078162384161e-08 9.882593154907226562e-01 4.539656828228544327e-08 5.856641560608721875e-11 1.750282645225524902e-01 1.187531850632694841e-07 6.102738712580245374e-17
6.073623429983854294e-03 9.448322467505931854e-03 8.413951843976974487e-03 8.367673158645629883e-01 1.746356254443526268e-03 4.758832603693008423e-02 1.481775790452957153e-01 1.534468233585357666e-01 1.237905002199113369e-03 4.795503243803977966e-02 3.326117075630463660e-05 3.212928131688386202e-04 3.260091692209243774e-02 2.107693403959274292e-01 6.541823744773864746e-01 2.450785133987665176e-03 2.836923599243164062e-01 5.551955103874206543e-01 9.276274067815393209e-05
1.487580302637070417e-04 3.560235128929889470e-08 7.737778751071289207e-10 1.000000000000000000e+00 2.328390546608716249e-04 2.638578042387962341e-02 3.575407317839562893e-04 2.894360306981980102e-07 3.193617203578469343e-06 4.782575402373367979e-08 3.108737632552191488e-14 8.561979597532243247e-11 2.605529743959777988e-06 2.236017962786718272e-06 4.776944871991872787e-03 8.154326280873647192e-08 3.277589275967329741e-04 1.831018948905693833e-06 1.107740357775277573e-10
1.306848844251362607e-05 5.920724355235051917e-09 1.847108299646293972e-10 9.999921321868896484e-01 2.090353082166984677e-04 9.676043391227722168e-01 1.749734219629317522e-04 7.262643464400753146e-08 1.479243510402739048e-04 8.679849727855071251e-09 9.365867761521821239e-15 3.026037753706134481e-11 1.018702391775150318e-06 7.900721925580000971e-07 8.159944787621498108e-03 1.012030637070893135e-08 1.207280074595473707e-04 3.249042129027657211e-05 1.168887875380164587e-09
4.588118463288992643e-04 9.354709618492051959e-06 1.295039009363563309e-08 2.825889503583312035e-03 3.508931696414947510e-01 9.285677671432495117e-01 2.103001922369003296e-01 1.045688975409575505e-07 2.072567641735076904e-01 2.825745468726381660e-05 7.935633306033196277e-08 4.796157125383615494e-03 1.527232780063059181e-05 2.794077317957999185e-06 1.155171339632943273e-04 1.085262862034142017e-03 1.128735457314178348e-04 1.724659348838031292e-03 4.238970868755131960e-04
1.358419831376522779e-05 4.820954586648440454e-07 7.052940453888822958e-09 1.071409601718187332e-02 2.988636195659637451e-01 9.396270570505294017e-07 9.816625714302062988e-01 3.859501885017380118e-05 9.264101390726864338e-05 1.103097572922706604e-03 6.545926822809633450e-08 8.177945613861083984e-01 6.466903723776340485e-04 1.749731950440036599e-06 1.125467952078906819e-05 4.453045427799224854e-01 2.276419289410114288e-02 1.393279293552041054e-03 1.441304220861638896e-06
5.284152226892047111e-09 1.128353090962264105e-07 6.792905403755697402e-14 9.971187114715576172e-01 1.319530420005321503e-03 4.458347580005295185e-10 9.998757839202880859e-01 6.762030579920974560e-08 2.060449915006756783e-03 8.278370211556307368e-10 5.789088763918925906e-09 7.002255642873933539e-06 3.014285994140664116e-07 4.920720584777882323e-06 8.959249680629000068e-05 2.196165034547448158e-03 3.573774592950940132e-03 1.597333820768653823e-08 4.337789505370892584e-08
1.809707755455747247e-04 7.546645065303891897e-05 3.950679783315536042e-08 1.000000000000000000e+00 2.048460885362146655e-07 3.164938533473105053e-08 6.112517070278045139e-08 1.542346086353063583e-03 1.125279119965896454e-14 1.123123638535616919e-07 6.306223290383718063e-16 9.966220362338435758e-16 1.896518551802728325e-05 9.960805773735046387e-01 1.111009260057471693e-04 3.413796179074779502e-08 8.800840078038163483e-06 2.197856903076171875e-01 3.538457479023500614e-15
4.623421875282415511e-16 5.695459595854164125e-16 4.916214070847262964e-19 1.000000000000000000e+00 1.854893628390550785e-17 1.121088476386264991e-22 8.362454764210269786e-07 1.287819031858816743e-06 8.817203098383462299e-22 4.415172451277017684e-14 1.224705044287020205e-33 2.254566755668093469e-30 1.390042594917595409e-11 1.266847175429575145e-05 1.001808527689718176e-06 1.602491184585298501e-19 9.986703395843505859e-01 2.771686657965233280e-09 9.858535963397218879e-30
6.154507494884915795e-22 3.549091210052669905e-18 6.816016327310052686e-19 9.598950147628784180e-01 1.765093567263056359e-21 3.446664245820867266e-24 9.582786820828914642e-03 2.914112883445341140e-06 3.762998410398869472e-19 6.656968304776054307e-15 4.477841663638201512e-31 8.589656738252313203e-22 2.377583590076892683e-12 1.140841050073504448e-05 1.916111614264082164e-06 5.240344664008810688e-15 1.000000000000000000e+00 2.131461352109909058e-02 1.254789166441936145e-21
3.762750327587127686e-02 3.909364715218544006e-02 2.055072970688343048e-02 9.442859888076782227e-01 8.242990821599960327e-03 2.278039604425430298e-02 1.493021398782730103e-01 2.680651545524597168e-01 1.266088103875517845e-03 1.050121560692787170e-01 1.769613154465332627e-04 1.183109008707106113e-03 7.740603387355804443e-02 3.477079868316650391e-01 4.405631124973297119e-01 1.058583986014127731e-02 2.593231499195098877e-01 6.244667768478393555e-01 2.334236778551712632e-04
4.137874245643615723e-01 8.571936190128326416e-02 2.442303858697414398e-02 9.989125728607177734e-01 4.803599417209625244e-02 7.816110737621784210e-03 1.174937188625335693e-02 3.773983940482139587e-02 6.347201415337622166e-04 1.719342730939388275e-02 5.562688456848263741e-04 1.164002693258225918e-03 7.946103811264038086e-02 1.927739530801773071e-01 3.663888201117515564e-02 2.567380666732788086e-02 2.090526744723320007e-02 1.755849644541740417e-02 4.315681580919772387e-04
1.352179050445556641e-01 1.019686646759510040e-02 1.765821478329598904e-03 9.993289709091186523e-01 3.140874952077865601e-02 2.461437694728374481e-02 2.370467595756053925e-02 9.378327988088130951e-03 1.522292615845799446e-03 3.233080729842185974e-03 2.698983371374197304e-05 1.642909919610247016e-04 1.670506410300731659e-02 3.243537619709968567e-02 6.345740705728530884e-02 3.355847671627998352e-03 2.580850198864936829e-02 4.292808007448911667e-03 1.217829631059430540e-04
1.106922411509003723e-07 2.685641902644420043e-06 2.996013108713668771e-07 1.685960014583542943e-04 1.016430542222224176e-05 8.627737164497375488e-01 9.688124656677246094e-01 4.024698228022316471e-06 1.972739398479461670e-02 5.527784097125731932e-08 3.477818588670800182e-10 5.945441827748254582e-08 4.158974661550018936e-06 3.147703781723976135e-02 7.328488677740097046e-02 7.034973350528161973e-07 9.479598957113921642e-04 9.577737655490636826e-04 9.945101191988214850e-05
1.294489367179582975e-14 6.388517590494302567e-07 2.717439355416548095e-17 9.983167648315429688e-01 1.279563152482843247e-12 2.856624332087521860e-15 9.999974966049194336e-01 6.631937310430657817e-08 2.590888016129611060e-06 2.051765155277013135e-15 2.522558984613398891e-15 2.150220764437500682e-17 4.484271981519682981e-11 4.392499849200248718e-02 2.697030083709250903e-07 4.105928097519750963e-11 9.685312397778034210e-04 9.499130269267214155e-14 1.478236261696908027e-12
1.517567006786922666e-19 1.097405033853034824e-16 5.887033433547387492e-20 9.999817609786987305e-01 1.021244794319603455e-16 9.156341974602665396e-23 9.999886751174926758e-01 9.836684355946090363e-09 4.651924428078404311e-15 1.019501454930366296e-15 6.714003638427786780e-27 7.632174499706869844e-20 1.282119826973016075e-10 2.101936331655451795e-07 6.315480618468427565e-07 2.736857236066564392e-13 9.996589422225952148e-01 1.049455186923238525e-15 3.341074259450883880e-20
4.776276441020854691e-08 1.913161629119031204e-09 1.835823298934613490e-10 4.708410799503326416e-01 2.002429937419947237e-06 2.077748888495989377e-07 9.601253867149353027e-01 2.805737312883138657e-04 1.044956832174648298e-08 1.015748009085655212e-01 8.238852308717348194e-13 2.512492937967181206e-04 1.688068732619285583e-04 3.093465693382313475e-06 5.487689748406410217e-03 1.477616460761055350e-04 6.221234202384948730e-01 4.808329395018517971e-04 2.750210337243430558e-10
8.819568364515362191e-08 5.823756410450187104e-08 4.542621140357638865e-11 1.093151586246676743e-04 9.343247074866667390e-05 5.409298964309527946e-08 7.232185006141662598e-01 1.396431005559861660e-03 5.012860881947744929e-08 9.963235855102539062e-01 1.589722242734126212e-09 8.886371850967407227e-01 3.411810030229389668e-04 8.436934706423926400e-09 7.021085934866277967e-07 2.799952030181884766e-01 5.786431953310966492e-03 1.823453931137919426e-04 4.272940223870591581e-09
6.274647278538617035e-15 2.479737606659454530e-13 1.831593763714834712e-15 4.598332026262141881e-08 2.358420800874228007e-07 6.148686279501850913e-15 9.998723268508911133e-01 6.562496128026396036e-05 6.558864562578037294e-11 1.318301856517791748e-01 8.085645732602494973e-14 9.100989103317260742e-01 1.407091258442960680e-05 8.134876453014250330e-12 2.451141234427467452e-10 4.046795070171356201e-01 3.854681923985481262e-02 4.476916615203663241e-07 1.104823784542352527e-11
1.185898110270500183e-01 2.576776966452598572e-02 2.604085977964132326e-07 9.999785423278808594e-01 3.290116321295499802e-03 1.055968343280255795e-03 2.442301483824849129e-03 4.409455286804586649e-04 1.412039855495095253e-04 3.579846452339552343e-05 1.031769784276548307e-06 1.255611323358607478e-06 9.572443086653947830e-04 5.224185809493064880e-02 8.788725972408428788e-05 1.721253793220967054e-04 1.600042014615610242e-04 1.153326957137323916e-05 9.954203960660379380e-06
5.375378527711083265e-12 6.764113713586539234e-10 4.718823090252548952e-15 1.000000000000000000e+00 2.228719053927463722e-13 3.038561622557596628e-17 2.047146990662440658e-04 9.762387489899992943e-04 4.557024021338334976e-16 1.302241314782293102e-09 3.108095242719595828e-23 3.754721434394510738e-21 3.156161199058260536e-08 1.790596358478069305e-02 1.038551054080016911e-04 1.842330948171808092e-13 9.962863922119140625e-01 5.228708614595234394e-04 7.836025729969747608e-21
1.885652425698935986e-03 3.434726595878601074e-01 5.782313294844243501e-09 1.161959837190806866e-03 9.890105502563528717e-06 2.500917251069267877e-09 9.962334036827087402e-01 1.674831472337245941e-02 1.282763630151748657e-01 1.239901337157789385e-07 3.944910764694213867e-01 3.236243501305580139e-04 6.497994036180898547e-05 2.059408929198980331e-03 2.151155968022067100e-05 1.532052410766482353e-04 8.164843320846557617e-01 3.509583984850905836e-05 3.134293714538216591e-03
4.332799464464187622e-02 4.239090532064437866e-02 2.005331590771675110e-02 9.547563791275024414e-01 9.054995141923427582e-03 2.057570777833461761e-02 1.332749873399734497e-01 2.718769907951354980e-01 1.110877376049757004e-03 9.497669339179992676e-02 1.811479160096496344e-04 1.108898548409342766e-03 7.673702389001846313e-02 3.729045093059539795e-01 4.169557690620422363e-01 1.083032414317131042e-02 2.399396598339080811e-01 6.336197853088378906e-01 2.269829856231808662e-04
2.874469570815563202e-02 1.401889312546700239e-04 3.967349402955733240e-05 9.999953508377075195e-01 2.102095168083906174e-03 3.843931248411536217e-03 1.842772471718490124e-03 2.850751043297350407e-04 1.190662442240864038e-05 6.830903294030576944e-05 4.971373090967290409e-09 2.524607225495856255e-07 9.735664352774620056e-04 2.539278008043766022e-03 3.526064753532409668e-02 4.588040246744640172e-05 3.804485080763697624e-03 2.502124989405274391e-04 1.613678932699258439e-07
1.748739928007125854e-02 1.015413645654916763e-02 3.647143967100419104e-05 3.884251415729522705e-01 1.669501699507236481e-02 9.916455149650573730e-01 6.455505266785621643e-03 9.510574745945632458e-04 1.566066592931747437e-02 3.795951197389513254e-04 5.034068635723087937e-06 5.539767153095453978e-05 2.164229284971952438e-03 2.608868665993213654e-02 1.636529341340065002e-02 2.279094187542796135e-04 1.770754926837980747e-03 1.692201010882854462e-02 4.573131154756993055e-04
1.784446478384979495e-13 1.516332615025817177e-10 6.878790960599125387e-17 2.912647905759513378e-04 4.054190316793437887e-09 2.251803152830689214e-07 1.000000000000000000e+00 2.920016173302286688e-10 2.211515966337174177e-04 1.738562441052000397e-15 7.702708511071753878e-16 1.004193147906284889e-12 2.917444341665742513e-10 3.754341159947216511e-04 6.946737319231033325e-02 7.168552557113017087e-11 8.757467730902135372e-04 8.115779159822977817e-09 8.235412352064486186e-09
1.776344293880072200e-09 1.686924377963805455e-08 1.046370901036652867e-08 3.158476650714874268e-01 3.505097323497352590e-09 2.422841305360634578e-08 6.937648653984069824e-01 2.246648538857698441e-03 2.292214418275762000e-07 1.349651910231841612e-07 1.627707625802277125e-12 4.307494361199815103e-10 1.264473030460067093e-05 2.493261359632015228e-03 7.195100188255310059e-02 1.299155059086842812e-07 9.996215105056762695e-01 7.155497441999614239e-04 1.117614267798217043e-08
6.693979572036656833e-12 1.440739888503017596e-10 5.751055881519917534e-12 3.359734837431460619e-04 5.682415427088471915e-09 7.147472891322337318e-11 9.999903440475463867e-01 4.771862950292415917e-05 1.088527312731457641e-07 3.720151298125529138e-08 2.477382990591359135e-13 1.419375479372320115e-07 2.025754474743735045e-05 9.916294402501080185e-06 1.866234815679490566e-03 2.131888322765007615e-06 9.920889139175415039e-01 4.354398299710737774e-07 1.137548455432124683e-08
4.002162022516131401e-04 1.828583190217614174e-04 9.673799305012775740e-14 9.999996423721313477e-01 2.100877338762074942e-08 4.169191658576210102e-09 1.216078260313224746e-07 4.961726372130215168e-04 6.936078048753199863e-16 9.969353675842285156e-01 3.352415120136918725e-14 4.683091674451134168e-07 8.077530073933303356e-04 5.912724882364273071e-03 1.305738983603532688e-08 1.100875920201360714e-06 2.340027776881470345e-06 5.368778147385455668e-06 1.253338108439937151e-16
9.195744395256042480e-01 1.939273178577423096e-01 1.092973249683382164e-07 9.979294538497924805e-01 6.786635640310123563e-05 2.341105158620848670e-07 9.113632586377207190e-06 1.610593497753143311e-02 2.457906100872264687e-10 3.961845934391021729e-01 8.142079366280086106e-08 1.664879033342003822e-03 3.555013537406921387e-01 1.061421073973178864e-02 4.174473815510282293e-07 3.397320979274809361e-04 7.727491720288526267e-06 3.474290948361158371e-03 5.060449836946645519e-09
9.526107311248779297e-01 5.814768373966217041e-02 2.181219294072889170e-08 9.994846582412719727e-01 1.682380752754397690e-05 4.683430177010450279e-08 1.156372604782518465e-06 5.153453908860683441e-03 3.623245800610241929e-12 6.900266408920288086e-01 3.522018898749479376e-09 8.829705184325575829e-04 4.269959032535552979e-01 1.209986628964543343e-03 1.306838157688616775e-07 9.287639113608747721e-05 1.864922296590521000e-06 2.388153225183486938e-03 2.081566169431781077e-10
9.500711601054370406e-28 3.385962188025015628e-24 1.179055963631386096e-24 1.000000000000000000e+00 2.246130482857439766e-28 2.206025223015483914e-35 9.890327453613281250e-01 6.247471429077222638e-10 3.384010398234079116e-25 3.208557057652726187e-22 0.000000000000000000e+00 8.799949074927345546e-33 7.202647258188008689e-16 2.696431300464041669e-09 1.206227007166660314e-09 2.795364589707933411e-21 1.000000000000000000e+00 2.621523296615716750e-17 9.551608181787347269e-31
1.776187121868133545e-02 8.187847129192959983e-07 8.858343746032115718e-12 7.606325149536132812e-01 9.488615393638610840e-01 1.506163869180454640e-07 8.481032848358154297e-01 5.068218200676710694e-08 1.090723380912095308e-04 1.846233431024302263e-06 1.065953014744991378e-08 6.722191572189331055e-01 2.797676870613940991e-06 1.903226554134107573e-08 3.202254447387531400e-06 8.524570614099502563e-02 5.683680530637502670e-03 8.490737855026964098e-06 4.351545612735208124e-08
2.797825634479522705e-02 2.864454333451060819e-11 1.862761464061834599e-20 9.999996423721313477e-01 9.784900546073913574e-01 3.219222804995425236e-11 8.891095966100692749e-02 1.957104319100580470e-13 2.745641269896736958e-09 8.371513482430259501e-10 5.182094300870361059e-17 7.555160205811262131e-03 6.683780195970712157e-10 1.671249943990815723e-13 3.168925388763454976e-08 3.807370958384126425e-04 1.955732295755296946e-04 2.621740064628896860e-12 3.242417346375754510e-15
5.183782482651643857e-29 4.756210424950292250e-24 5.140556038292810685e-30 3.359247992620884027e-12 1.433902435264873543e-14 6.204182248757286273e-27 1.000000000000000000e+00 3.235421370921531814e-13 5.090732599260573178e-16 1.776088118197734038e-15 9.565880255547573499e-28 4.382506446631850849e-08 7.150817160628264446e-10 1.798833811567708985e-16 7.144971463438065662e-13 5.632107900055416394e-07 1.439209580421447754e-01 2.850635385633960329e-16 4.829040608017596451e-19
3.252513555590552143e-15 1.927656385208864620e-12 4.736966959499209692e-15 1.135588778566898327e-08 2.922642128311281340e-09 2.764164439026728978e-16 9.999825954437255859e-01 2.030106727033853531e-03 5.888396020781172524e-11 3.574682772159576416e-02 3.359483643963073751e-13 4.287492334842681885e-01 1.954406798176933080e-05 1.890673173576828958e-10 2.440655011426429155e-09 1.239938437938690186e-01 5.998717546463012695e-01 1.356299605959065957e-07 6.535537389051881974e-11
3.641470195585132241e-14 5.286296031990767030e-14 5.294188854399872052e-17 7.755220110539084999e-08 2.890831410695682280e-06 4.450997540374548866e-14 9.991222023963928223e-01 3.532068831191281788e-06 1.728359469432838580e-11 3.482500016689300537e-01 6.432715908474004665e-15 9.791439175605773926e-01 9.468147254665382206e-06 2.139674207127587047e-13 2.362689210944068918e-11 5.233335494995117188e-01 3.157000290229916573e-03 4.136496443152282154e-07 8.217398658229291275e-13
1.255243660125415772e-06 5.492190666700480506e-06 8.847836200677472451e-13 9.902582168579101562e-01 1.959696965059265494e-04 3.864042810164391994e-07 9.382795095443725586e-01 1.055675511452136561e-06 7.130501217034179717e-06 3.051213570870459080e-04 1.145386736844944409e-11 1.963703289220575243e-05 1.667996548349037766e-05 4.860291028307983652e-06 6.822388513683108613e-06 1.022833675961010158e-04 1.825421495595946908e-04 2.427562595386234534e-09 1.016805306619517069e-09
1.004597338476187485e-12 9.039716891701132795e-11 6.121405366591484528e-20 1.000000000000000000e+00 3.065191668733847907e-14 4.311382482693587457e-21 6.280599336605519056e-06 7.183362868090625852e-06 9.919742225228326456e-19 7.334145513127054983e-10 1.536616148378582408e-26 1.457351733724884038e-23 1.757066270258178520e-09 2.811759710311889648e-03 6.332400825925788013e-09 3.487962414554235391e-14 1.601301580667495728e-01 5.957883492113680290e-12 8.498931013056984363e-26
1.538549880896879378e-21 4.473941793818355738e-19 7.985080430031406030e-24 1.000000000000000000e+00 3.684258106420762927e-23 2.257709143590440447e-29 2.130353599786758423e-01 1.110250664737577608e-07 5.279049604674320880e-22 8.214205238139024156e-16 4.821674641037773802e-35 6.372562740824665187e-29 5.476954068224515471e-13 1.807925514185626525e-06 1.343692446198474499e-08 1.942769119406091053e-18 1.000000000000000000e+00 2.234524821035852038e-13 1.483921498986519962e-29
7.424286012358560782e-12 1.039132701326911379e-13 1.547812917583712408e-17 2.304889079596250667e-07 1.895996829262003303e-04 1.437441853914533940e-12 9.593725800514221191e-01 2.216315238001698162e-07 1.122119498014884087e-11 9.432569742202758789e-01 1.630029039025873098e-15 9.985612034797668457e-01 2.407052534181275405e-06 1.761020799670443004e-14 2.127134189275348142e-12 7.143282294273376465e-01 8.430104207945987582e-05 7.114682603059918620e-07 9.568247480136807259e-14
2.532992739168182794e-11 1.403933935252565934e-13 1.148415557203142415e-20 4.830759792184835533e-09 5.337598167898249812e-07 4.563179803636352450e-13 3.636157838627696037e-03 5.481712719301867764e-07 1.062081060035011126e-15 1.000000000000000000e+00 6.297349826167841216e-17 9.975582361221313477e-01 7.847953753525871434e-08 4.613342117035640333e-17 1.520204250568361892e-14 2.244481146335601807e-01 2.661666371750470717e-07 5.815308767864735273e-08 5.231727950037625400e-18
7.158689498901367188e-01 1.377956289798021317e-02 9.757452789926901460e-05 1.153964735567569733e-02 7.793074250221252441e-01 4.452790381037630141e-05 6.653797030448913574e-01 1.432136865332722664e-03 4.012727644294500351e-03 1.278794021345674992e-03 4.150023451074957848e-04 8.243955969810485840e-01 8.363984525203704834e-03 9.099646558752283454e-05 2.833884718711487949e-05 1.506126224994659424e-01 2.125914953649044037e-02 9.856396354734897614e-04 5.012291949242353439e-04
5.440510809421539307e-03 8.358350605703890324e-04 2.826136778821819462e-06 6.213266868144273758e-03 1.650187559425830841e-02 5.807799170725047588e-04 6.641831994056701660e-02 1.899345032870769501e-02 4.311437805881723762e-05 9.955124258995056152e-01 4.618087041308172047e-05 7.521179914474487305e-01 1.476890593767166138e-02 1.770338167261797935e-05 6.969973765080794692e-05 2.377312034368515015e-01 3.516016062349081039e-03 5.437655374407768250e-03 7.517615358665352687e-06
1.055842032656073570e-03 3.920485596609069034e-06 6.948413329155300744e-07 9.999996423721313477e-01 4.869585682172328234e-04 3.731968253850936890e-02 4.283041635062545538e-04 1.635880107642151415e-05 1.337228422926273197e-05 6.642816856583522167e-07 9.656627927845384818e-12 8.930861605804807368e-10 5.922655327594839036e-05 2.460737305227667093e-04 9.234583005309104919e-03 1.299126893172797281e-06 6.590023403987288475e-04 5.686240183422341943e-05 6.489336623616281940e-09
4.890856798738241196e-04 2.652141802172991447e-06 3.532108507897646632e-07 9.999967813491821289e-01 3.547948726918548346e-04 1.975831538438796997e-01 5.480049876496195793e-04 2.298065555805806071e-05 4.011606870335526764e-05 7.697054229538480286e-07 8.837333642652822618e-12 9.792687771792429885e-10 5.468848394230008125e-05 2.304849476786330342e-04 2.023576572537422180e-02 6.902695872668118682e-07 8.558293338865041733e-04 2.404222614131867886e-04 1.453950737584364106e-08
1.408305019140243530e-03 5.263284401735290885e-05 4.864281800109893084e-05 9.991237521171569824e-01 2.815333195030689240e-03 5.672684311866760254e-01 1.785808615386486053e-02 5.226538050919771194e-04 2.147187246009707451e-03 3.146357266814447939e-05 1.075137401329584463e-08 3.492882854061463149e-07 6.131977424956858158e-04 1.883099088445305824e-03 1.296374499797821045e-01 2.172624226659536362e-05 1.402149349451065063e-02 2.344853011891245842e-03 3.527917897372390144e-06
3.217560515622608364e-05 9.671025872230529785e-01 5.912566781044006348e-01 5.989769101142883301e-01 4.897875438558685346e-09 6.273864538997031559e-09 1.173201017081737518e-02 1.441134810447692871e-01 5.186188811734382398e-09 3.117024505172594218e-07 3.451587531344557647e-07 9.256034272375757155e-10 3.699386797961778939e-05 9.998903274536132812e-01 9.613057045498862863e-06 3.023549834324512631e-05 1.562863617436960340e-04 5.722195783164352179e-05 5.174290440557172133e-10
3.057007758044960610e-09 3.562991457428665854e-09 3.728496178467821665e-09 9.999685287475585938e-01 1.086416845375026696e-09 5.199559316090840433e-13 4.170280992984771729e-01 3.154982696287333965e-04 7.278917468767076571e-10 2.158790657347253727e-08 2.287774580645189279e-15 4.715447216724344415e-12 3.720822405739454553e-06 1.335396373178809881e-04 3.017557319253683090e-04 2.122874676047104003e-08 9.994428753852844238e-01 1.772933870824999758e-07 9.619378861167038330e-13
2.750787511467933655e-02 7.359879016876220703e-01 3.114475402981042862e-03 5.532515645027160645e-01 7.547109271399676800e-04 5.612112581729888916e-04 1.121871471405029297e-01 5.475349426269531250e-01 3.673245373647660017e-04 4.050092771649360657e-03 4.826286749448627234e-04 2.785573597066104412e-04 2.827913314104080200e-02 9.645370841026306152e-01 1.016405317932367325e-02 1.079736836254596710e-02 4.268945753574371338e-02 6.846680492162704468e-02 5.611701271845959127e-05
4.018103936687111855e-05 9.407687187194824219e-01 5.942595748820167501e-07 8.270381093025207520e-01 6.798807739016865526e-09 3.482028665402481238e-09 2.060323487967252731e-03 4.623977839946746826e-01 4.600318459502261703e-10 1.650595180535674444e-07 1.429798723862063525e-09 5.789602131045512579e-11 3.957634544349275529e-05 9.999862909317016602e-01 4.027336217404808849e-06 7.191615623014513403e-06 2.379497600486502051e-04 5.672186380252242088e-04 7.328811169049487262e-12
1.884539960883557796e-05 4.101571278170013102e-07 3.189661035296609271e-10 9.999990463256835938e-01 6.359686040013912134e-07 4.015884940145042492e-07 7.857272867113351822e-04 3.867592604365199804e-04 3.601825782073575510e-11 7.198668718338012695e-01 3.391893631742547155e-14 6.252054873812085134e-08 1.599837560206651688e-04 4.414442446432076395e-05 1.460753730498254299e-03 4.790514367414289154e-07 1.760673895478248596e-02 1.608547790965531021e-05 1.571638124004716419e-14
2.004696801304817200e-02 2.698781155049800873e-02 1.657094620168209076e-02 8.850404620170593262e-01 5.890236236155033112e-03 3.715096414089202881e-02 1.831170171499252319e-01 2.330466210842132568e-01 1.916386187076568604e-03 9.930358827114105225e-02 1.745882618706673384e-04 1.325714751146733761e-03 6.519551575183868408e-02 2.766448259353637695e-01 5.210160017013549805e-01 8.487304672598838806e-03 3.027318418025970459e-01 5.983656644821166992e-01 2.867362345568835735e-04
2.425495404168032110e-05 3.744617060874588788e-09 7.914519734031344456e-11 1.000000000000000000e+00 7.657307833142112941e-06 9.441525326110422611e-04 1.816300937207415700e-05 1.429686733445123537e-07 9.376602605470907292e-09 6.108493266765435692e-09 2.831127885986448771e-17 6.396222933897563467e-14 5.308348249855043832e-07 1.786470988918154035e-06 1.685435068793594837e-03 1.271381222522904864e-09 1.084943360183387995e-04 2.624570356601907406e-07 1.124957670962413447e-13
1.582263394084293395e-05 4.485681515120631957e-08 1.491695655886360328e-08 9.999997615814208984e-01 2.938926627393811941e-05 3.185385465621948242e-02 1.048011938109993935e-03 6.349586783471750095e-06 1.613200538486125879e-06 2.348542977870238246e-07 1.505043207845457170e-14 1.359003014289594802e-11 6.401407517842017114e-06 2.285284972458612174e-05 3.061328455805778503e-02 2.102657248315153993e-08 2.742443699389696121e-03 2.210694037785287946e-05 7.472578111844541127e-11
1.926820232256432064e-06 4.505341872572898865e-02 3.237344073370174158e-11 7.744395406916737556e-04 4.264349229288200149e-07 9.999998807907104492e-01 1.094205617846455425e-05 7.674099578025561641e-08 3.977812866651220247e-06 5.870778863048542462e-11 1.320857756937493521e-13 1.227842426256703368e-13 5.144259240807969036e-09 9.363714456558227539e-01 1.953337687154999003e-07 6.048616468801171209e-11 4.173573708854405595e-10 1.053469873113499489e-06 3.821742367016156550e-10
1.017556655824591871e-06 1.211957644702346681e-13 1.694098723239161376e-19 1.000000000000000000e+00 2.844495757017284632e-04 1.486192419131171505e-11 2.769193844869732857e-03 1.541333206900308284e-11 8.009600621639023643e-11 2.255172177473285799e-12 5.328337634032529698e-21 5.481061568154976804e-13 3.320235753001554713e-10 4.111202350776110848e-11 6.303800432760908734e-07 1.331710186569523557e-09 7.710499688982963562e-03 2.007013228300016244e-15 1.137494937810458348e-18
9.602414002829462447e-11 2.712488011979985458e-10 2.481799250971753606e-14 4.454181180335581303e-06 1.023944350890815258e-03 1.610230171422699641e-08 9.999971389770507812e-01 6.812840958048127504e-09 3.939905218430794775e-05 3.402822201792332635e-08 6.134682063556329279e-13 2.581194741651415825e-03 7.392813586193369702e-06 6.074497349572993699e-09 2.613864580780500546e-06 1.466543646529316902e-03 6.191800348460674286e-04 1.615212426031575887e-07 1.844469821321581549e-08
9.741331338882446289e-01 1.702069938182830811e-01 6.365372100844979286e-04 1.056756228208541870e-01 7.228937745094299316e-01 1.780051388777792454e-04 3.143916130065917969e-01 1.115865167230367661e-02 4.115321207791566849e-03 1.370493788272142410e-03 6.660067010670900345e-03 5.643669962882995605e-01 2.012178860604763031e-02 2.243215916678309441e-03 1.527457643533125520e-04 7.250028103590011597e-02 1.917269267141819000e-02 1.468630158342421055e-03 1.507909386418759823e-03
6.434082984924316406e-02 1.082121953368186951e-02 7.686354365432634950e-05 1.117944419384002686e-01 1.421479508280754089e-03 4.917211364954710007e-03 1.243702601641416550e-02 7.103827595710754395e-02 3.624703458626754582e-05 9.959872364997863770e-01 2.436388022033497691e-04 2.214672714471817017e-01 7.606881111860275269e-02 2.990484354086220264e-04 1.208316069096326828e-03 3.146748617291450500e-02 4.541476722806692123e-03 1.845312491059303284e-02 2.698743810469750315e-05
9.839873313903808594e-01 4.295192062854766846e-01 1.887211692519485950e-03 4.546130949165672064e-04 1.578072668053209782e-03 5.776606485596857965e-06 1.076349709182977676e-02 1.043830960988998413e-01 4.476274771150201559e-04 5.330409854650497437e-03 2.844843038474209607e-05 1.012129262089729309e-01 9.711777567863464355e-01 2.707446401473134756e-04 5.559404030464065727e-07 7.243583910167217255e-03 1.926766999531537294e-04 1.804407103918492794e-03 7.758954889141023159e-04
1.000000000000000000e+00 8.637474024908442516e-07 5.089652002561582639e-21 9.848722219467163086e-01 9.991482496261596680e-01 5.081606249387826620e-19 2.121233381330966949e-03 1.048437866472268221e-13 2.194898315833679336e-13 5.662269006862698391e-17 3.192807346633075305e-14 9.143552184104919434e-02 1.539065402900163804e-11 1.864232645207644645e-13 1.397038883774008589e-14 1.602872202965954784e-06 3.411287536891904892e-07 1.322880175154005251e-16 2.243994623975166698e-16
9.517929553985595703e-01 6.787188766566032427e-08 6.699315039347675249e-13 1.000000000000000000e+00 1.166219078004360199e-02 3.003437054616142632e-09 8.448100743407849222e-06 6.124932117046455460e-09 9.077984024219443171e-12 3.950956894982482481e-09 5.264649003880851955e-15 1.880522226826997212e-08 1.620062903384678066e-06 4.229093875096623378e-08 6.668370042461901903e-05 1.783878360583912581e-07 7.843728963052853942e-05 9.406724010840861183e-11 1.228343039669189604e-14
2.397368196398019791e-03 1.268937950271720183e-07 1.591554776858572495e-09 9.902853369712829590e-01 3.842847654595971107e-04 4.080680810147896409e-05 9.289388060569763184e-01 3.757494141609640792e-06 1.274161786568583921e-05 6.201943403283394218e-09 5.054663718834229158e-12 5.259158797343843617e-08 1.968450760614359751e-06 7.526564149884507060e-05 8.045105934143066406e-01 2.156597034286278358e-08 2.887358665466308594e-01 4.568673830362968147e-07 1.161321705467344145e-08
6.475486326962709427e-03 5.531453993171453476e-03 1.101521895918722294e-08 3.116642357781529427e-03 4.011072590947151184e-02 1.957028725882992148e-04 9.946717619895935059e-01 6.533916348416823894e-06 5.849660038948059082e-01 2.750439307419583201e-06 9.329874301329255104e-04 5.887341499328613281e-02 2.265380680910311639e-05 1.405064977006986737e-04 8.216144051402807236e-04 1.586871454492211342e-03 2.064593601971864700e-03 2.004508569370955229e-04 3.607634827494621277e-02
1.489206674643028805e-10 1.694040641098126798e-08 6.520567939760635312e-12 1.622104974785543163e-07 3.594660256567294709e-06 5.551618192933815976e-13 9.999971389770507812e-01 1.251763897016644478e-04 2.215648464698460884e-06 1.499491190770640969e-06 7.561636650166292384e-09 4.539642855525016785e-02 6.823890726082026958e-04 1.854731124240061035e-07 2.208800196967786178e-06 9.282683022320270538e-03 8.334223031997680664e-01 1.783313479108983302e-07 2.923808779087266885e-06
3.679511064547114074e-05 3.411010189580121477e-12 2.117855139214546334e-16 8.893567919731140137e-01 9.650683999061584473e-01 4.088518967826360040e-10 9.400801658630371094e-01 1.963529859538848399e-11 3.532980485942971427e-08 9.282987889491778333e-08 1.926102311837680527e-15 8.771321773529052734e-01 1.955068285042216303e-08 7.460195655673018678e-13 3.283178173774103925e-08 4.518507421016693115e-02 1.050165737979114056e-03 3.120982455584453419e-06 7.312275242775390094e-13
2.756352995308031413e-15 1.986219565555669142e-12 7.149342713811132020e-18 5.323565144266240168e-09 1.511001482867868617e-05 7.160049896731690566e-12 1.000000000000000000e+00 3.402988169032283849e-10 2.564230453572236001e-05 1.045602271432244379e-09 1.856451190690444619e-13 2.592013450339436531e-03 1.149502850239514373e-06 7.361147802420475728e-11 1.317597497774158910e-08 4.598095547407865524e-03 1.287779014091938734e-04 4.638170736370739178e-09 4.000405340320867253e-09
8.335663431204010099e-14 3.390565949949373402e-15 1.734093075492749323e-21 4.934169623993511777e-07 1.569335013628005981e-01 1.610135635932152809e-11 9.999998807907104492e-01 1.141744593427572799e-14 6.834821542724967003e-04 1.266359846846532022e-12 3.291375554265521530e-14 2.059838026762008667e-01 5.364875210744912692e-10 9.635882722161884240e-14 5.914975731435845319e-10 4.036159813404083252e-02 2.793680096146999858e-06 7.558914205674227560e-08 3.539418758080614680e-10
2.220715139555906603e-10 5.803715255776886739e-13 2.181844004986856038e-15 2.539718151092529297e-01 2.966061979532241821e-02 3.506661649423092886e-13 9.999809265136718750e-01 1.146546191321817787e-09 6.527026386038414785e-08 1.406179950258490408e-09 4.359954712258688747e-15 3.696233406662940979e-02 1.273316598826568224e-07 2.051030734140368850e-10 2.596938770693668630e-07 2.040190994739532471e-02 3.873553872108459473e-02 1.143419467553030699e-06 2.319068721778894115e-11
8.072330693632501572e-18 1.622074700848973733e-14 4.214551395406680246e-19 9.993904829025268555e-01 1.975187030715564877e-17 4.507859688601239081e-20 3.001924778800457716e-04 9.138099267147481441e-05 6.757741763348421593e-18 5.975717316808459856e-12 4.839972691216925965e-28 1.441074875508365115e-18 1.499596141707471020e-10 6.564800860360264778e-04 8.071709453361108899e-05 5.885916753989306471e-14 1.000000000000000000e+00 9.857549667358398438e-01 5.906915737389993865e-21
2.355871370923225128e-15 4.195198008427603042e-12 2.887894670917782493e-15 9.996378421783447266e-01 3.387917320274956567e-14 3.684651289373534191e-16 9.993973970413208008e-01 2.245548557766596787e-06 2.259030636164727213e-11 3.302665487012884649e-13 2.317086214980036928e-20 3.928081378486703148e-18 5.575505834798377691e-09 1.273752714041620493e-04 1.104502298403531313e-04 4.670281522622943271e-12 9.993966817855834961e-01 2.708975925524992334e-11 2.532789448550336331e-15
1.015414520959864297e-15 4.317703692410107541e-13 5.617420523423670431e-14 9.639797806739807129e-01 1.045962128927880198e-15 3.918056445770927985e-17 8.296977877616882324e-01 6.253719038795679808e-05 4.354482269555703944e-13 2.199875524799832505e-11 1.862931302659285061e-21 5.027105138624055243e-17 7.572851679071845865e-09 1.397531596012413502e-04 1.358586014248430729e-04 2.434659245043047093e-11 9.999992847442626953e-01 1.231390115208341740e-06 2.817877868706557959e-15
3.542499410133514992e-13 3.844982058437418360e-12 1.691767906319974202e-11 9.998677968978881836e-01 1.042032332274588080e-13 4.907974255931923176e-17 6.651130318641662598e-01 4.932094452669844031e-05 8.945185629542773409e-13 6.935302332422565996e-11 2.654192041398659330e-20 1.119306182435038030e-15 8.026174214137427043e-08 2.841827699739951640e-05 5.722927744500339031e-05 9.916641813267901284e-11 9.999940395355224609e-01 1.859446818741616880e-08 1.712523060066627103e-15
6.777084990972070955e-07 1.299457740969955921e-03 2.136534931196365505e-06 9.897103160619735718e-02 7.451246233358688187e-07 9.155258595683335443e-08 9.934015870094299316e-01 2.498106658458709717e-02 3.729159361682832241e-04 1.252899255632655695e-05 1.020906211124383844e-06 7.942347224343393464e-07 6.248575518839061260e-04 8.862917423248291016e-01 2.369484864175319672e-03 4.213695647194981575e-04 7.518032193183898926e-01 5.254300832748413086e-01 4.378777703095693141e-06
1.055296525009907782e-04 2.821483212755993009e-05 5.846560497957398184e-07 9.981722831726074219e-01 2.883610781282186508e-03 3.007039026670099702e-07 8.326363563537597656e-01 6.607940886169672012e-04 1.956446649273857474e-04 3.383323564776219428e-05 1.893927787932625506e-07 7.546263077529147267e-05 6.399668054655194283e-04 5.858268705196678638e-04 2.994131296873092651e-03 1.452967990189790726e-03 4.219998717308044434e-01 7.342785011132946238e-06 1.126853476307587698e-06
1.446750379239592540e-15 1.057612588543747900e-13 1.540435395344305625e-13 3.768269345164299011e-02 3.592523210881916340e-14 8.076413073477423099e-14 9.806981086730957031e-01 1.933689054567366838e-05 1.035912605695799016e-10 1.653116445815561164e-12 8.200259655435385466e-19 3.429525442116571760e-15 1.090047696550300316e-08 1.999870073632337153e-05 4.773087799549102783e-03 5.009489351115448130e-11 9.999986886978149414e-01 2.342915195185923949e-06 5.168475456646115518e-12
1.511354465037584305e-03 2.204516058554872870e-04 3.459205144551447120e-12 1.000000000000000000e+00 2.645326503625256009e-06 1.991408990834053760e-12 1.943429924722295254e-05 3.209201167919673026e-05 1.157892254299852652e-10 2.129590370714140590e-08 1.013462317539515212e-11 1.597942156199294583e-13 7.432740858348552138e-06 2.750592492520809174e-02 1.708445154235960217e-07 1.121926729297229031e-07 3.500230144709348679e-03 1.698021168117236357e-10 5.088527255808772409e-13
2.672864822670817375e-03 5.736622214317321777e-01 5.708402568416204304e-07 9.988915324211120605e-01 1.745843110256828368e-05 3.384820601581850497e-08 8.457618951797485352e-02 6.297247856855392456e-02 3.406939504202455282e-05 1.629674989089835435e-05 3.650739017757587135e-05 8.233434982685139403e-07 3.637214831542223692e-04 8.348230719566345215e-01 4.663104391511296853e-06 3.437968262005597353e-04 1.173026300966739655e-02 6.421848411264363676e-06 5.201620751904556528e-07
5.395255442408597446e-08 1.106883928514434956e-06 1.117013752605089394e-07 9.289086461067199707e-01 2.050997416347399849e-08 2.646735275391165487e-09 5.067247748374938965e-01 1.113655883818864822e-02 2.808562555856042309e-07 6.570439381903270259e-06 1.915164034305139040e-11 3.280303584318744470e-09 7.847200322430580854e-05 1.798275858163833618e-02 8.241637609899044037e-03 2.281372189827379771e-06 9.988185763359069824e-01 2.881819382309913635e-03 1.119698822549253237e-08
3.205736049949337030e-07 6.152730946951123769e-08 4.252786212077808159e-08 9.999889135360717773e-01 1.533705500378346187e-07 3.024666073159210100e-10 1.624742150306701660e-01 7.526836707256734371e-04 1.336662958095757858e-08 7.659788821001711767e-07 3.602069272197472305e-13 2.042021551851291861e-10 2.634512748045381159e-05 2.773547894321382046e-04 1.128362724557518959e-03 2.255020490338210948e-07 9.934886693954467773e-01 1.242819848812359851e-06 1.478600748783254204e-11
5.838904257871035952e-07 1.157881115432246588e-06 1.583804615234996049e-10 1.329475617239950225e-05 5.106999073177576065e-03 2.449120074743404984e-05 9.999457597732543945e-01 1.062979038124467479e-07 6.740674376487731934e-01 2.684881224013224710e-07 6.426740810638875701e-07 1.656107418239116669e-02 4.652793904824648052e-06 3.306709913886152208e-06 2.623331092763692141e-04 2.917841076850891113e-03 4.278506094124168158e-04 4.115613410249352455e-04 2.794058993458747864e-03
3.557372110662981868e-06 1.195524237118661404e-05 1.554647965917865804e-09 3.489685186650604010e-04 2.976002542709466070e-05 9.999998807907104492e-01 2.264371687488164753e-06 4.215619853198404599e-08 2.766063844319432974e-04 9.183486326946876943e-08 7.161070781497302917e-13 2.054860309685935249e-10 4.280039149762160378e-07 5.703157512471079826e-04 4.306115210056304932e-03 1.934281401716475557e-09 1.539799541205866262e-06 2.973868977278470993e-04 1.870262309466852457e-07
4.693193113780580461e-05 9.171609417535364628e-04 9.352564944720143103e-08 2.040515391854569316e-04 5.145027535036206245e-04 9.999947547912597656e-01 8.447574800811707973e-04 6.799413085900596343e-07 2.535892883315682411e-03 1.343699750577798113e-06 3.507396040269838977e-10 9.968484704359070747e-08 3.024767011083895341e-06 2.422879217192530632e-03 6.676049088127911091e-04 3.556051808573101880e-07 5.064786819275468588e-06 4.007728712167590857e-04 1.402941597916651517e-05
1.738426114172852976e-08 2.007680013775825500e-04 3.183177191886515933e-13 3.665521930429349595e-08 9.340412816527532414e-07 1.000000000000000000e+00 5.736220831664695652e-09 1.369854533625480819e-12 3.842897058348171413e-06 6.534063221041996883e-12 9.137802188327355247e-18 1.300994156698022375e-14 3.675157053684152686e-11 6.127487868070602417e-04 1.478848901115270564e-07 5.077629939773120604e-13 3.558496596348104113e-12 4.493152800932875834e-07 7.318160522018501979e-10
1.493237614631652832e-01 4.705493897199630737e-02 9.525885616312734783e-06 9.814698696136474609e-01 4.093915522098541260e-01 3.528741188347339630e-03 5.034825801849365234e-01 1.739899977110326290e-03 1.369828581809997559e-01 2.577267121523618698e-03 5.780336447060108185e-03 4.088623449206352234e-02 3.540339646860957146e-03 6.647797301411628723e-03 3.201078856363892555e-03 7.802978157997131348e-02 1.427920907735824585e-02 4.818435118068009615e-04 4.325195215642452240e-03
7.561488657437109850e-10 2.572535549916210584e-06 1.959360451664338143e-09 3.921068582712905481e-06 3.394849557025736431e-07 4.802140907145258097e-10 9.995718598365783691e-01 7.028974592685699463e-02 5.364908702176762745e-06 1.878303736448287964e-01 1.764097845580181456e-07 7.600171118974685669e-02 1.682671718299388885e-03 3.296941940789110959e-06 5.334089564712485299e-06 9.475407749414443970e-02 3.851529061794281006e-01 1.757737663865555078e-05 2.263199576191254891e-06
1.248403415083885193e-01 4.603886604309082031e-02 9.416303946636617184e-04 9.431149959564208984e-01 6.367458403110504150e-02 4.191080331802368164e-01 8.649960905313491821e-02 1.574595272541046143e-02 3.357504680752754211e-02 4.941613413393497467e-03 3.345495497342199087e-04 1.479384140111505985e-03 2.084166742861270905e-02 5.975567549467086792e-02 4.265075176954269409e-02 6.343933753669261932e-03 1.988353207707405090e-02 1.657836884260177612e-02 2.808972261846065521e-03
3.488332822598749772e-07 3.189477865817025304e-06 2.918914887573009764e-09 9.734100785863120109e-06 4.191665721009485424e-05 1.000000000000000000e+00 8.273506182376877405e-07 3.077360588576993905e-09 4.920069477520883083e-04 3.178198326736492163e-08 2.004562965271516894e-13 1.618517819768072741e-10 9.451338200960890390e-08 1.103773829527199268e-04 3.463155124336481094e-03 1.646162206547785445e-09 6.718191798427142203e-07 1.300371513934805989e-04 9.329222052656405140e-07
1.691211247816681862e-03 4.210110008716583252e-02 7.331695087486878037e-06 2.355844229459762573e-01 3.041035728529095650e-03 1.056561619043350220e-01 8.608133196830749512e-01 1.153329852968454361e-03 4.509442672133445740e-02 6.102478801039978862e-05 2.331324139959178865e-05 5.049074025009758770e-05 3.292700566817075014e-04 1.135026291012763977e-01 1.046751067042350769e-02 3.060381859540939331e-04 3.066652920097112656e-03 4.321234882809221745e-04 5.957499379292130470e-04
1.521716967545216903e-05 7.040623586362926289e-06 1.429070750624816810e-09 1.538946991786360741e-03 2.797099587041884661e-04 9.999997615814208984e-01 1.083627921616425738e-05 3.459766517721618584e-08 7.206285372376441956e-04 2.029306642725714482e-07 3.374216921495087895e-12 2.438607760169020366e-09 8.719077300156641286e-07 1.097314452636055648e-04 9.199922205880284309e-04 2.354577155472270533e-08 5.315751877787988633e-06 6.648979615420103073e-04 3.885519674895476783e-07
1.357412226105905381e-15 5.132953784237059836e-11 2.574160231760130868e-13 3.898580658301398216e-08 9.190551791826706562e-11 5.451771372126830439e-14 1.000000000000000000e+00 4.450484993867576122e-05 1.255185925401747227e-04 1.808510785572536861e-09 4.720059343377158712e-10 2.568551451531675411e-07 3.691458687171689235e-06 2.667793523869477212e-06 3.217597623006440699e-05 1.088565386453410611e-05 9.760143160820007324e-01 1.743633504247554811e-07 4.163304311077808961e-06
1.633976287607197264e-11 1.754776413065428642e-08 3.482006417682322053e-14 1.195984311586073545e-09 6.776897407689830288e-07 7.056254247572724125e-08 9.999887943267822266e-01 1.374344446958275512e-05 2.694459726626519114e-05 2.733398927375674248e-03 4.744565851311222104e-10 9.378625079989433289e-03 2.470331965014338493e-03 6.403059749082729013e-10 3.264650771939159313e-08 1.057624071836471558e-02 4.294842947274446487e-04 1.140874346106102166e-07 1.689304440333216917e-06
2.591351577763134628e-10 2.778155838711882097e-08 9.771048987278208031e-13 1.025835299515165389e-04 2.846411080099642277e-04 2.084332484386663964e-09 9.999936819076538086e-01 8.984455348581832368e-07 1.097650383599102497e-04 3.951912788124900544e-07 4.932645403243895998e-10 4.155849106609821320e-03 5.402653914643451571e-05 5.514547183338436298e-07 1.096310370485298336e-05 1.120725180953741074e-02 6.300002336502075195e-03 8.991946742753498256e-07 2.927160096533043543e-07
3.760924982998403721e-06 1.551527093397453427e-04 5.501681880559772253e-05 2.992596942931413651e-03 6.998039316385984421e-05 4.953755706083029509e-06 9.729204773902893066e-01 9.981305897235870361e-02 2.026948146522045135e-02 6.121770129539072514e-04 1.312970707658678293e-04 8.348973351530730724e-04 4.181124269962310791e-03 4.484657570719718933e-02 8.464750833809375763e-03 1.838793605566024780e-02 8.983263969421386719e-01 8.445214629173278809e-01 1.012227730825543404e-03
1.215599622810259461e-04 7.542975799879059196e-05 8.350976798965348280e-09 9.999995231628417969e-01 6.588779797311872244e-06 7.237779442448299960e-08 9.714915067888796329e-04 5.725282244384288788e-03 3.193449060745479073e-09 9.135516360402107239e-03 1.547678825375431444e-11 9.637156850317296630e-09 6.066611967980861664e-04 2.640452608466148376e-02 4.877882602158933878e-04 5.327795406628865749e-06 4.240988940000534058e-02 1.206470042234286666e-04 1.130778023300527124e-11
3.105702809989452362e-03 7.051523425616323948e-06 2.914104287737862009e-12 9.998233914375305176e-01 7.130241286290583957e-09 4.245488582910184050e-07 7.568162629922881024e-08 5.467466689879074693e-05 4.029590898764067071e-16 9.999998807907104492e-01 1.775270333298148429e-13 3.840500430669635534e-04 2.350331749767065048e-03 1.151827166978591777e-08 7.165419191323962878e-08 8.799856914265546948e-07 1.843726522565702908e-07 6.018943622621009126e-06 1.195920788970222326e-16
2.450306862592697144e-01 5.271186307072639465e-02 1.096154563128948212e-03 9.328894019126892090e-01 9.673801809549331665e-02 8.008727803826332092e-03 1.537175029516220093e-01 4.446183890104293823e-02 2.081559970974922180e-03 3.976471722126007080e-01 6.958942976780235767e-04 1.018197238445281982e-01 9.825575351715087891e-02 1.299857720732688904e-02 2.095738984644412994e-02 6.145923212170600891e-02 6.371748447418212891e-02 8.074520155787467957e-03 3.670032310765236616e-04
9.151629805564880371e-01 3.043132722377777100e-01 9.999965429306030273e-01 7.457346916198730469e-01 8.028237149119377136e-03 1.449634328309912235e-05 1.450574840418994427e-03 6.418845802545547485e-02 1.751055691556757665e-07 1.930382917635142803e-03 3.568452375475317240e-04 3.418196691200137138e-03 7.227281332015991211e-01 6.517128348350524902e-01 3.057117573916912079e-03 1.962445862591266632e-02 1.990369491977617145e-04 1.385582387447357178e-01 4.356088538770563900e-05
3.666770775900829449e-10 3.284177978457591962e-07 4.007409515338622441e-08 2.853691057680407539e-06 4.341464787671611703e-08 6.984822720212946479e-10 9.999946355819702148e-01 2.756181871518492699e-03 3.314333260059356689e-01 4.743330705991866125e-08 2.356872755626682192e-05 3.520191739880829118e-06 2.036986552411690354e-05 3.436998231336474419e-04 7.789799128659069538e-04 4.919041384709998965e-05 9.914525747299194336e-01 9.491488453932106495e-04 6.349638104438781738e-03
6.062692591513041407e-06 2.362767759223061148e-07 5.481566155846051558e-12 1.149569079279899597e-02 4.814663827419281006e-01 5.718105239793658257e-05 9.993359446525573730e-01 1.024180829034548879e-08 1.484901756048202515e-01 8.560211739450096502e-08 8.270881579619526747e-08 4.149847477674484253e-02 2.326214826098293997e-06 4.018865240595914656e-07 1.918206835398450494e-04 1.934217661619186401e-02 2.438905066810548306e-04 7.791478856233879924e-05 2.845727613021153957e-05
4.471432184800505638e-04 8.288160315714776516e-04 1.920853392221033573e-04 9.528892636299133301e-01 1.932174054672941566e-04 1.039892813423648477e-04 1.222235932946205139e-01 1.093799844384193420e-01 4.633287971955724061e-05 5.783949512988328934e-03 6.056163215362175833e-07 5.108909681439399719e-05 7.231856230646371841e-03 8.970659971237182617e-02 1.768265962600708008e-01 3.823895822279155254e-04 9.134072661399841309e-01 3.358018994331359863e-01 4.563902166410116479e-06
1.816056221723556519e-01 2.020147591829299927e-01 7.603927701711654663e-02 1.774162352085113525e-01 3.936094418168067932e-02 1.856040395796298981e-02 5.325438976287841797e-01 3.504426777362823486e-01 7.462389022111892700e-02 1.261211931705474854e-01 3.235782682895660400e-02 1.441423594951629639e-01 2.118312269449234009e-01 1.053271293640136719e-01 6.791726499795913696e-02 1.085177958011627197e-01 1.976309418678283691e-01 1.840990334749221802e-01 3.452182188630104065e-02
1.000000000000000000e+00 1.697247624397277832e-01 1.045286426592181556e-18 1.103095462196002075e-10 2.168421447277069092e-02 4.749378416194535155e-23 6.133433316790615208e-07 4.612878967691358412e-08 4.350482978084254347e-16 1.924128174499162292e-14 7.283103212078550440e-16 7.420254945755004883e-01 2.456251718103885651e-02 2.233765134126118601e-14 3.241097429230725149e-28 2.813729471640158408e-09 4.329263320447876429e-14 1.340799792427880416e-15 7.602782975492979999e-16
3.404023729558502964e-08 5.815306458600844053e-09 1.932460268194713393e-12 4.413727161534097831e-09 1.251980215311050415e-01 9.999978542327880859e-01 7.872261921875178814e-04 3.439507142641295978e-12 2.808519080281257629e-02 7.109835132723674178e-05 1.221025234046657637e-13 2.621208259370177984e-04 8.608020607425714843e-08 1.956154509208385406e-11 1.289985185337627627e-08 1.127532887039706111e-04 8.479589475030024914e-09 3.859799562633270398e-06 3.846681647701188922e-05
2.041171101154759526e-04 2.977887447741522919e-07 4.158574960083649685e-12 6.594437763851601630e-06 5.148274302482604980e-01 9.560428559780120850e-03 9.596483707427978516e-01 2.405598498178562750e-10 6.457818150520324707e-01 9.923113566401298158e-07 2.493269590786439949e-08 3.299739956855773926e-01 3.935953714062634390e-07 1.367303603672098689e-09 4.587692501445417292e-07 1.480493228882551193e-03 5.184696419746614993e-06 3.336864756420254707e-05 7.949712453410029411e-04
5.557606042479710812e-16 3.560173857108939188e-12 2.875383835468158867e-16 7.759951792252195446e-09 3.511733681627049464e-10 2.601677113491223520e-14 1.000000000000000000e+00 1.088818521566281561e-06 1.042757205027555756e-07 8.535389617314592670e-10 5.537592411529457248e-14 1.370813379253377207e-06 1.483490177633939311e-05 5.214221232563431840e-08 5.267462711344705895e-06 6.274032330111367628e-06 7.229999899864196777e-01 9.040151960348907778e-10 1.053281106777603782e-08
1.627922623093081000e-11 2.438478574617874983e-08 5.057768873856227643e-12 2.972481638607860077e-08 8.765246306552398892e-09 5.953583166826842410e-14 9.998176693916320801e-01 2.530834078788757324e-01 2.907492380188614334e-08 1.424449831247329712e-01 3.074479781872696549e-09 2.767941653728485107e-01 4.049454291816800833e-04 1.975168402168492321e-07 2.178249474127369467e-07 1.568600833415985107e-01 9.697694778442382812e-01 1.503295607108157128e-06 8.272348850368871354e-08
3.535537689458578825e-05 9.992572813644073904e-06 1.088439489649317693e-06 7.507266402244567871e-01 8.841665476211346686e-06 5.278495791571913287e-06 8.536213040351867676e-01 3.853195579722523689e-03 1.801841790438629687e-05 6.731854227837175131e-06 7.396792067737578691e-09 4.031783475966221886e-07 3.773725475184619427e-04 9.964364580810070038e-03 3.457910120487213135e-01 4.493754204304423183e-06 9.885923266410827637e-01 2.024272253038361669e-04 1.024847279040841386e-06
4.708933085203170776e-02 2.276618331670761108e-01 9.235194831092030654e-09 1.073030944098718464e-04 1.236594835063442588e-04 1.769982418409199454e-07 9.970927238464355469e-01 3.798421821556985378e-04 7.396011948585510254e-01 4.440344412159902276e-07 1.125836521387100220e-01 5.955480039119720459e-03 1.729891482682432979e-05 5.319318734109401703e-05 1.441782569600036368e-05 4.554621773422695696e-05 1.194379627704620361e-01 2.777932058961596340e-05 1.644922643899917603e-01
9.715177416801452637e-01 3.649926483631134033e-01 8.468278247164562345e-05 3.750525938812643290e-04 9.290609159506857395e-04 7.345232688749092631e-07 2.312851836904883385e-03 3.163974732160568237e-02 5.445621809485601261e-06 1.497225463390350342e-02 5.312346274877199903e-06 3.717256486415863037e-01 9.898316860198974609e-01 4.126729982090182602e-05 9.416933011152650579e-08 7.335823029279708862e-03 3.324582212371751666e-05 5.803338252007961273e-03 2.180237061111256480e-05
6.698144078254699707e-01 4.688807129859924316e-01 1.249497458338737488e-01 1.059269458055496216e-01 7.951309531927108765e-02 1.605766825377941132e-02 2.537643313407897949e-01 3.808113336563110352e-01 5.172790586948394775e-02 2.151381373405456543e-01 4.039378836750984192e-02 3.193964958190917969e-01 6.458130478858947754e-01 5.430233851075172424e-02 1.268457062542438507e-02 1.542956680059432983e-01 7.194598019123077393e-02 1.223582550883293152e-01 5.404406785964965820e-02
4.421028494834899902e-02 4.233219847083091736e-02 1.836628839373588562e-02 9.682005643844604492e-01 8.739280514419078827e-03 1.818192377686500549e-02 1.105143204331398010e-01 2.632095217704772949e-01 8.781198412179946899e-04 7.475552707910537720e-02 1.514986070105805993e-04 7.746336050331592560e-04 7.024437189102172852e-02 4.032303392887115479e-01 3.922080397605895996e-01 9.590130299329757690e-03 2.081328034400939941e-01 6.362456679344177246e-01 1.881009957287460566e-04
9.068119525909423828e-01 9.698358178138732910e-02 2.221473306417465210e-02 9.989987015724182129e-01 1.679341793060302734e-01 2.935636439360678196e-04 5.997304338961839676e-03 5.481137894093990326e-03 1.019792252918705344e-04 2.027898561209440231e-03 5.918623646721243858e-04 5.587198305875062943e-03 4.082185775041580200e-02 9.619858115911483765e-02 3.546001389622688293e-03 3.319532796740531921e-02 5.501039791852235794e-03 1.175065059214830399e-03 1.720672880765050650e-04
