3.671698570251464844e-01 6.060104351490736008e-04 1.041686027747346088e-05 9.127763509750366211e-01 1.194773241877555847e-02 6.048728711903095245e-03 6.681130826473236084e-02 2.206689445301890373e-03 2.421986755507532507e-05 6.512615680694580078e-01 5.086997134640114382e-07 3.001440316438674927e-02 2.915477938950061798e-02 1.287647610297426581e-04 6.285250931978225708e-02 1.204529544338583946e-03 1.368674915283918381e-02 1.351162674836814404e-03 1.436045181435474660e-06
8.182867765426635742e-01 1.781105762347579002e-03 4.508386268753383774e-07 8.463212251663208008e-01 5.474022403359413147e-02 1.662217400735244155e-04 2.381150610744953156e-02 1.056866603903472424e-03 3.558651087587350048e-06 5.993611216545104980e-01 7.506766337428416591e-07 2.034732550382614136e-01 3.382558375597000122e-02 1.174061526398872957e-05 3.574255679268389940e-04 3.602129174396395683e-03 2.844269853085279465e-03 3.163126239087432623e-04 5.196672532292723190e-07
2.005153191930730827e-06 5.236836031485836429e-08 1.194613713506598174e-10 1.460257219150662422e-03 5.325996503233909607e-02 7.435838580131530762e-01 9.234724640846252441e-01 2.671801446751942422e-09 3.453473746776580811e-02 1.162219618322524184e-07 2.590050743322969140e-11 2.886352922359947115e-05 7.614160040247952566e-07 1.169326537819870282e-06 6.450708024203777313e-04 3.263183316448703408e-05 3.623269367380999029e-05 1.143894187407568097e-04 2.528785898903151974e-06
1.633432611392038325e-09 1.675744432105830128e-09 6.642284649822222109e-14 4.998138592782197520e-06 2.685842569917440414e-03 8.490853011608123779e-03 9.999172687530517578e-01 4.171788609008686421e-11 1.538432687520980835e-01 6.689493403655433212e-10 6.141850049379282694e-12 5.383183452067896724e-05 2.600782167405668588e-08 2.095061688578425674e-07 9.312506153946742415e-05 2.724821752053685486e-05 3.299845502624521032e-06 1.583235462021548301e-05 6.649537226621760055e-06
7.535536639124984504e-08 3.858586783422879307e-09 6.136460697220291749e-13 6.705896794301224872e-06 1.629171520471572876e-02 8.898025155067443848e-01 9.475892782211303711e-01 7.637812257654807979e-12 1.592048257589340210e-01 2.900285123175194713e-09 7.775596572862086830e-13 2.730495180003345013e-05 9.242243415030770848e-09 5.034948458160215523e-08 1.780549609975423664e-05 3.779755616051261313e-06 8.110768021651892923e-07 4.055557292304001749e-05 7.224474302347516641e-06
9.861629741980681985e-13 2.406254639986116217e-10 2.788319297675201369e-10 9.589872934157028794e-05 4.767707340036508867e-10 8.783475682894170689e-12 9.993650317192077637e-01 4.858342290390282869e-04 8.292984603031072766e-06 1.813951766571619828e-09 8.890034541852998018e-11 7.311871552673210317e-09 1.900388269859831780e-06 4.342769898357801139e-05 9.036675910465419292e-04 2.456459014865686186e-06 9.999166727066040039e-01 3.552807611413300037e-04 2.225168827862944454e-06
8.488055225151075727e-16 3.207166086524604331e-12 1.365756032573051115e-12 9.314394446846563369e-07 2.629893481806422351e-12 1.531081678270412166e-14 9.999961853027343750e-01 7.756872219033539295e-05 2.599201070552226156e-05 7.100035403356796948e-12 2.653936098662157406e-11 1.744442923445888027e-10 6.777344196962076239e-08 4.709866516350302845e-06 1.203365463879890740e-04 1.706080894336992060e-07 9.999810457229614258e-01 1.782430263119749725e-05 2.525965783206629567e-06
8.129532203665634782e-14 6.134387442457978068e-10 2.189991243906064255e-11 1.419089983301091706e-07 7.074841407161969187e-11 2.442806428058080792e-13 9.999995231628417969e-01 3.791421477217227221e-04 2.202309668064117432e-02 1.116473233309100976e-10 1.026199143439043837e-07 1.177359809645395217e-08 4.127464876546582673e-07 2.625073284434620291e-05 6.873435631860047579e-05 1.956704181793611497e-06 9.996654987335205078e-01 1.228053151862695813e-04 3.201795043423771858e-04
3.573076126169560425e-21 8.632330049013386243e-21 2.425788698752135405e-25 2.115601915875231498e-09 3.188471708881479572e-08 1.772893445240647218e-22 1.000000000000000000e+00 8.925952338367793004e-11 1.242200710444506771e-15 5.354544896363222506e-08 7.047673229824932641e-23 4.971296787261962891e-01 4.967574795955442823e-08 3.780815601619804951e-17 4.305202163734991871e-14 3.088220208883285522e-02 1.594326831400394440e-02 3.315114502355775983e-11 1.351474320004860823e-17
2.272374744114330299e-19 1.742829432389520489e-18 4.274473263708816550e-20 9.832585783442482352e-05 1.026637217078907316e-12 1.446443077351029662e-20 1.000000000000000000e+00 3.042198715164090572e-09 4.082915307387045833e-14 8.058244826622540380e-13 1.506822936585285175e-23 1.784245862168631902e-09 8.341139334788749693e-09 3.408813162297796850e-11 2.687012568003410706e-07 2.944942600890954054e-08 9.994804263114929199e-01 4.672508907566097491e-12 1.737833145684414445e-15
1.293037020536172140e-20 3.234282140442990934e-19 1.177969134185045003e-22 4.612074349097383674e-07 4.043773562528718557e-12 1.593401729811305163e-20 1.000000000000000000e+00 3.077777366300438189e-09 8.703347389299714160e-15 4.428017397195560534e-10 2.130959587376562886e-23 8.344235880031192210e-07 2.741723115207150840e-08 6.474981141535440798e-13 4.525631869256585560e-09 1.420075705027556978e-06 9.433086514472961426e-01 1.303462719703940564e-11 2.233353772575284550e-16
9.679889678955078125e-01 3.183266471751267090e-06 5.506358823764712085e-12 1.465066708624362946e-02 9.951652288436889648e-01 7.304476468128484612e-11 5.841392874717712402e-01 5.718741924454207037e-09 1.412525278965404141e-07 2.006790644770717336e-08 3.743308163439706959e-10 9.601068496704101562e-01 2.190350159025911125e-07 3.953419813740310929e-10 1.603079335943391470e-10 6.493849307298660278e-02 3.082395996898412704e-04 1.563768933010578621e-06 2.430039780509929415e-10
2.739452611422166228e-07 2.206066884724577903e-09 6.699244631258594040e-11 2.300563268363475800e-03 3.891353607177734375e-01 1.130589843967300112e-08 9.948939085006713867e-01 1.597803702679811977e-06 7.932234439067542553e-06 6.101990948081947863e-05 5.220883725343128390e-10 9.249112010002136230e-01 3.931063110940158367e-05 5.128714164470693504e-08 3.290313088655238971e-07 5.213441252708435059e-01 1.671800762414932251e-02 1.896046334877610207e-03 5.457467722180808778e-08
2.137666306225582957e-04 4.710994289780501276e-06 7.935856416452224948e-09 2.015399331867229193e-05 1.920849978923797607e-01 7.074569002725183964e-04 5.824882984161376953e-01 1.262657460756599903e-04 2.710954286158084869e-04 8.253863453865051270e-01 5.839227696924353950e-07 9.687252044677734375e-01 4.654608666896820068e-03 1.402240901171580845e-08 1.879458011444512522e-07 4.328337907791137695e-01 3.096935688517987728e-04 3.331736079417169094e-04 8.257038643932901323e-06
8.216623245971277356e-05 5.819863091883342721e-14 6.537065563103941606e-20 1.096410527825355530e-01 9.979800581932067871e-01 1.343765864639939744e-13 9.803376197814941406e-01 2.161363129487073320e-14 5.019373805481563977e-09 3.700274114892820876e-11 3.875838139922956516e-17 9.855447411537170410e-01 2.681335015131125488e-11 1.027164350245939137e-15 2.599870665975778650e-11 1.045792624354362488e-01 2.258231106679886580e-04 8.038781516006565653e-07 9.639204446567836704e-15
9.999989271163940430e-01 1.689110717961739283e-08 1.974678233536370644e-21 3.955839201807975769e-03 9.999668598175048828e-01 1.457716224318677638e-19 1.843061447143554688e-01 9.970099773236860453e-16 3.933902086462187642e-13 7.335631563255831850e-17 3.391340455700519053e-16 9.737725853919982910e-01 5.029838850111045812e-13 1.298248854094544223e-16 2.225501934318553571e-18 5.255300202406942844e-04 8.487570823945134180e-08 7.975775394948245167e-14 8.748703872807924006e-18
3.737527648484118004e-11 6.037765398758665469e-09 9.999806880950927734e-01 1.505452394485473633e-02 1.709050501119691035e-08 6.614542965546928166e-15 9.973855614662170410e-01 7.241328712552785873e-03 6.700056953690136652e-09 9.122658184423926286e-09 4.285662468894550770e-14 4.208558834761788603e-08 6.153125286800786853e-05 1.345826458418741822e-04 7.856954653107095510e-06 2.221808827016502619e-04 9.905917048454284668e-01 7.300328661585808732e-07 6.885079617546807640e-09
1.000000000000000000e+00 7.742719352245330811e-02 3.077666420579918500e-16 8.968558907508850098e-01 9.141858816146850586e-01 5.581542320893571097e-19 6.028876669006422162e-06 1.309468160570759210e-07 1.263169392218613241e-14 2.254583022012757176e-12 3.588072894356031384e-10 7.163705676794052124e-02 9.094478627957869321e-06 1.921225667445014551e-08 9.268782102422064414e-19 2.998536047016386874e-06 2.050918324059125553e-09 1.353137335524407653e-14 4.262207110145542488e-15
1.000000000000000000e+00 8.111183724679449369e-09 1.715092149149173576e-30 6.415371894836425781e-01 9.999959468841552734e-01 1.792383253704440624e-29 8.332780998898670077e-05 1.918480615079696501e-18 8.051033114457972513e-22 3.347986266275495076e-22 3.642714797885651915e-21 8.293377757072448730e-01 9.162633217256466178e-15 3.409363512013391550e-20 1.669828100399980982e-25 2.014242141967770294e-07 4.387308918940568958e-11 1.292823495452879261e-22 1.250080220149736007e-26
3.605453855470841518e-07 4.484935925574973226e-05 3.993970487670139846e-09 1.166863398793793749e-06 9.729414159664884210e-06 3.282799310166950590e-10 9.959647655487060547e-01 3.072596788406372070e-01 8.085335139185190201e-06 6.121517345309257507e-02 6.584464244951959699e-06 6.428141593933105469e-01 1.752416417002677917e-02 5.552364200411830097e-06 4.504412117967149243e-06 2.506625652313232422e-01 8.932476043701171875e-01 1.784369123924989253e-05 3.324344288557767868e-05
1.811708649768206669e-08 3.870016735163517296e-05 9.998470544815063477e-01 6.864296644926071167e-02 2.298814294476869691e-08 3.906656682178821782e-12 9.827944040298461914e-01 8.641556650400161743e-02 5.863412752660224214e-06 1.023923488219224964e-07 3.590477692938520704e-09 1.099779467494954588e-08 3.251598391216248274e-04 1.280584186315536499e-01 7.657244568690657616e-04 3.833568480331450701e-04 9.902029037475585938e-01 2.360212674830108881e-04 4.169160547462524846e-06
2.441862791003192139e-15 1.079232170297927951e-08 3.067395296096897539e-11 1.940000402100849897e-05 2.909849878413028890e-12 2.550248915175615597e-16 9.999983310699462891e-01 1.982286805287003517e-03 1.662440212157889619e-07 8.568342479975399328e-09 1.707829364039348263e-11 3.309905460824325019e-09 1.713766323518939316e-06 1.608830178156495094e-03 3.455926162132527679e-06 4.624261055141687393e-05 9.990686774253845215e-01 1.444130157324252650e-05 8.413168828269590449e-09
2.141619680871170196e-15 8.195009254530205567e-11 4.492060412530918256e-08 8.213220280595123768e-04 2.155063974496052026e-11 2.630710957115465739e-16 9.999984502792358398e-01 8.316792809637263417e-05 3.462255193653618335e-08 1.556112599887526926e-10 1.312569980005742765e-13 1.287293160956437532e-09 1.905298745441541541e-06 1.588492341397795826e-05 1.318611612077802420e-05 4.646546130970818922e-06 9.990227222442626953e-01 2.956874745052573417e-08 5.624607446463869564e-09
9.592200740371481515e-07 1.972201289390795864e-06 5.419045212562423330e-09 1.032150466926395893e-04 1.704701222479343414e-02 7.676560198888182640e-05 9.999282360076904297e-01 2.151197548982963781e-07 2.453441768884658813e-01 6.196766832999855978e-08 2.683857189822447253e-07 4.840395413339138031e-03 9.214765668730251491e-06 2.121828765666577965e-05 2.600013045594096184e-03 1.391169149428606033e-03 1.174124190583825111e-03 9.651899745222181082e-05 9.378193062730133533e-04
6.397117977030575275e-05 8.907426879423141486e-12 2.853147433892610368e-17 1.091197846108116210e-04 9.940282106399536133e-01 2.022600316398115439e-11 9.945945143699645996e-01 4.004580412934888312e-13 5.251627953839488328e-06 2.660109910124219823e-10 3.332791738441288898e-14 9.799557924270629883e-01 1.750042666337492392e-09 2.037150829969913701e-14 5.086436133394656167e-11 4.893299564719200134e-02 3.370584090589545667e-05 7.318711681136846892e-08 8.137440027367048856e-11
9.931150078773498535e-01 9.700190275907516479e-02 2.263808873692596535e-08 8.682101964950561523e-02 4.240333510097116232e-05 9.008280343891783559e-09 8.523498763679526746e-06 4.790775012224912643e-03 4.815466428387260578e-11 4.775077700614929199e-01 1.577381780748510209e-08 1.160067245364189148e-01 8.969933390617370605e-01 2.380219029873842373e-06 1.171456820436844737e-09 3.873228852171450853e-04 1.221811629648072994e-07 2.830796875059604645e-03 7.848459659953732626e-09
3.750837175175547600e-03 6.438890122808516026e-04 9.484354563937813509e-07 1.146752038039267063e-03 1.336662322282791138e-01 2.198910351580707356e-07 9.979238510131835938e-01 7.574221672257408500e-05 1.280608624219894409e-01 5.401191174314590171e-07 7.639220450073480606e-03 2.948199808597564697e-01 1.473332522436976433e-04 3.533140989020466805e-05 6.844635354354977608e-04 1.954509131610393524e-02 5.224968194961547852e-01 8.547266043024137616e-05 3.083927743136882782e-02
2.524346565113688712e-10 2.047275415861804504e-07 4.257290266845847881e-12 3.445883578478969866e-08 5.237540676716889720e-07 4.213027021975242203e-14 1.000000000000000000e+00 1.667198603172437288e-06 5.615752562880516052e-02 9.418585703024895395e-12 2.588090319477487355e-05 4.587161238305270672e-04 4.275633500583353452e-07 2.559709457727876725e-07 2.255312210763804615e-05 3.771559931919910014e-05 9.640349745750427246e-01 5.348563902884961863e-08 1.428280025720596313e-02
1.296876871492713690e-05 1.072206434749034543e-09 1.059040695344833802e-19 1.019091905618552119e-05 1.796413958072662354e-02 1.120027573291160206e-12 1.011905609630048275e-03 3.745440224633966864e-08 4.628311690607796181e-15 9.999750852584838867e-01 2.184867489092080263e-15 9.995854496955871582e-01 3.369334763192455284e-06 1.986461932598581172e-16 2.034756442528571165e-16 2.307809293270111084e-01 5.989613693913042880e-09 3.475507881489647843e-08 2.183607097449120964e-17
2.186498300485146934e-18 4.294616420298658088e-13 2.202992902284913720e-17 1.767931937998734604e-12 7.525712691913710728e-12 1.363493949136970859e-16 9.999998807907104492e-01 3.630372812040150166e-04 6.051770196080497044e-10 1.921708881855010986e-02 2.399486317104793098e-13 2.685061097145080566e-02 6.094145646784454584e-05 1.636105638989915345e-12 3.283048138902344704e-11 2.724505588412284851e-02 4.495513811707496643e-02 4.191403335518373297e-10 2.194600196014917515e-10
2.375291427597403526e-03 6.076220415707211941e-07 3.430184738681396617e-12 1.006745797837993450e-08 2.317228168249130249e-01 3.380269120167866959e-10 4.672463238239288330e-01 9.889726015899213962e-07 5.430512146631372161e-07 1.047227252274751663e-02 1.351820100303768868e-09 9.989903569221496582e-01 4.103178158402442932e-03 1.147319001956748075e-12 2.045580501860988498e-14 1.477113664150238037e-01 2.418352323729777709e-06 1.464327965550182853e-07 1.645177505338324409e-08
9.334915666840970516e-04 4.163103426435554866e-07 2.445043945087377324e-09 6.362675875425338745e-02 8.590578436851501465e-01 8.743193029658868909e-05 8.642989397048950195e-01 7.348571216425625607e-06 3.559983160812407732e-04 2.723736455664038658e-03 2.229303532885751338e-07 8.734195828437805176e-01 5.818563295179046690e-05 2.970705565985554131e-07 7.310623004741501063e-06 5.027623772621154785e-01 1.600591093301773071e-02 1.972140818834304810e-01 3.006467750310548581e-06
1.384562153816659702e-08 1.017128212765783246e-07 1.708522321015870649e-12 1.152828917838633060e-05 1.161515901912935078e-04 1.758974831318482757e-04 9.999952316284179688e-01 5.249875201229770028e-09 1.876388043165206909e-01 3.865192055307886676e-10 5.861371943360893511e-10 1.044116743287304416e-05 8.934703998875193065e-08 5.657761721522547305e-05 3.276809817180037498e-03 4.738755251310067251e-06 7.112750608939677477e-05 2.701628000068012625e-05 1.376819418510422111e-04
3.868374420790132717e-08 1.498238866304291150e-09 1.033593002852661868e-11 8.081673513515852392e-06 5.528220906853675842e-03 9.999872446060180664e-01 8.717986755073070526e-03 5.073808127115109201e-12 1.064120978116989136e-02 6.799936169699094535e-09 3.158221636143966615e-15 6.905046490146560245e-08 6.013927578152333808e-09 4.187355528983971453e-08 8.602679372415877879e-06 1.375133962255858933e-07 4.486122406888171099e-07 6.208915146999061108e-05 3.228064144877862418e-07
1.247600561002582944e-22 8.743843293354113411e-16 5.642441700191069138e-21 1.075653177640134572e-10 8.660396889643290352e-14 2.797668485765569812e-10 1.000000000000000000e+00 7.258442978608226070e-13 3.755581332370638847e-03 2.425684915832791294e-19 8.040881209195053033e-20 1.784475226683209306e-15 5.297906210954828055e-13 1.325486573477974162e-05 8.619786240160465240e-05 9.872852535508513938e-12 8.558115041523706168e-06 6.153209941572868047e-09 1.420125683715411924e-09
2.641487866640090942e-02 2.733839116990566254e-02 8.132713846862316132e-03 8.027213811874389648e-02 6.920016556978225708e-02 4.840178880840539932e-03 8.235260844230651855e-01 1.292761117219924927e-01 4.665971547365188599e-02 1.064379066228866577e-01 6.812711246311664581e-03 2.564758956432342529e-01 1.095252037048339844e-01 1.853347010910511017e-02 3.218642622232437134e-02 1.886215955018997192e-01 2.316858470439910889e-01 7.880933582782745361e-02 1.590083166956901550e-02
2.996973194058227818e-07 3.206055680493591353e-06 3.984274826507316902e-06 4.888913035392761230e-01 1.076180978998309001e-05 7.494771381288956036e-08 9.915241003036499023e-01 2.824766328558325768e-03 3.209075657650828362e-05 7.324042144318809733e-06 1.485704359538431163e-08 1.083108236343832687e-05 6.492927786894142628e-04 1.619338872842490673e-03 7.431344129145145416e-03 3.227465203963220119e-04 9.525110721588134766e-01 1.005743615678511560e-04 2.794149168039439246e-06
2.701089442780357786e-06 1.460738985770149156e-05 6.650114301010034978e-06 4.950471222400665283e-01 1.438049803255125880e-04 6.630980351474136114e-07 9.911318421363830566e-01 2.724758582189679146e-03 1.628806203370913863e-04 3.670392470667138696e-05 1.902486701510497369e-07 1.687750045675784349e-04 1.601783907972276211e-03 1.851189881563186646e-03 1.068566925823688507e-02 1.661147223785519600e-03 8.349394202232360840e-01 2.940588747151196003e-04 1.243059159605763853e-05
9.999198913574218750e-01 1.104004159569740295e-01 1.567406579852104187e-04 9.373376145958900452e-03 8.644775152206420898e-01 2.887672101437033234e-09 3.212814033031463623e-02 2.757666516117751598e-04 3.899785951944068074e-07 1.496217123531096149e-06 4.013866146124200895e-06 6.334459185600280762e-01 3.475357545539736748e-03 4.997577707399614155e-05 2.788602460057632015e-09 2.758442191407084465e-03 7.871032721595838666e-05 6.456393748521804810e-07 5.005251182410574984e-07
9.998939037322998047e-01 1.936806291341781616e-01 3.855522349476814270e-02 2.176363207399845123e-02 7.459296584129333496e-01 1.192320198128982156e-08 1.336140744388103485e-02 1.047803205437958241e-03 2.400742857844306855e-07 4.326513135310960934e-06 1.156930375145748258e-05 4.425196647644042969e-01 1.373261027038097382e-02 1.042025629431009293e-03 1.972936658489743422e-08 2.620496088638901711e-03 7.847769302316009998e-05 3.899332114087883383e-06 1.215268412124714814e-06
9.993873834609985352e-01 1.973343789577484131e-01 2.374488674104213715e-02 5.552177503705024719e-02 6.959757804870605469e-01 2.005555330697461613e-07 3.735521063208580017e-02 1.900275936350226402e-03 6.794221917516551912e-06 1.801417420210782439e-05 1.026388199534267187e-04 3.931688368320465088e-01 1.312068570405244827e-02 1.841694698669016361e-03 4.904384809378825594e-07 5.323044955730438232e-03 5.226082284934818745e-04 1.558217445563059300e-05 1.860080192273017019e-05
5.456429062178358436e-05 9.164567589759826660e-01 6.960783025533601176e-07 4.149165153503417969e-01 7.358194054063460499e-09 5.916931389293722532e-09 4.414034783840179443e-01 2.369761317968368530e-01 3.059873506572330371e-06 5.815885515403351746e-07 3.212951469322433695e-06 1.771476298983998277e-08 5.354603854357264936e-05 9.968174695968627930e-01 2.638106252561556175e-06 2.222288094344548881e-05 2.610098570585250854e-02 4.588149313349276781e-04 6.118790363274229094e-09
2.926026581917540170e-06 8.576215505599975586e-01 5.506496236762359331e-08 4.151052534580230713e-01 3.346538324233705453e-10 3.689965277775542063e-10 6.993252038955688477e-01 1.219812259078025818e-01 5.172140049580775667e-07 4.685565713202777260e-08 2.047972458285585162e-07 4.497757166710414367e-10 7.282865226443391293e-06 9.992652535438537598e-01 6.490490136457083281e-07 3.304512574686668813e-06 2.012110501527786255e-02 2.195684646721929312e-04 4.207566794978134794e-10
5.244657397270202637e-03 9.660111665725708008e-01 4.134162168156763073e-07 4.048605859279632568e-01 1.006913237233675318e-07 4.714645118752969211e-09 1.609887629747390747e-01 4.396538734436035156e-01 2.813790160871576518e-05 1.190087687064078636e-06 1.971415767911821604e-04 5.089928549750766251e-07 2.342394145671278238e-04 9.185954332351684570e-01 1.143082499766023830e-06 5.044175122748129070e-05 5.590780824422836304e-02 1.963604299817234278e-04 5.068585906542466546e-08
2.560632117092609406e-02 4.232976061757653952e-04 4.590633907355368137e-04 2.209770865738391876e-02 7.507883906364440918e-01 5.358782436815090477e-05 8.765828609466552734e-01 5.819160724058747292e-04 5.803797394037246704e-03 8.399679791182279587e-04 5.954903099336661398e-05 8.024520277976989746e-01 4.128449130803346634e-03 7.491269934689626098e-05 2.959819394163787365e-04 2.762143909931182861e-01 7.453227043151855469e-02 3.841877914965152740e-03 3.151873825117945671e-04
1.644918083911761642e-04 2.722717695746723621e-08 2.768747731085596797e-10 5.680169851984828711e-05 9.516620635986328125e-01 3.184319474769381486e-09 9.898077845573425293e-01 1.488946921313072380e-08 1.452169963158667088e-04 2.135036822892288910e-07 1.333308796702681320e-09 9.694176912307739258e-01 4.052208623761544004e-06 7.328426754327210801e-10 1.140050809311787816e-08 1.795207858085632324e-01 1.627047779038548470e-03 6.374700205924455076e-06 1.516026770786993438e-07
4.515115579124540091e-04 7.921498763607814908e-07 2.581978852944644132e-09 2.112654183292761445e-04 8.639609217643737793e-01 1.492098817834630609e-07 9.867663383483886719e-01 3.260236667301796842e-07 1.199376536533236504e-03 2.908613168983720243e-06 5.792471569066037773e-08 8.992385268211364746e-01 4.634975994122214615e-05 2.847028568453424668e-08 5.402283136390906293e-07 1.406951397657394409e-01 3.625409211963415146e-03 1.909193997562397271e-05 3.938536337955156341e-06
2.107581794261932373e-01 5.984122753143310547e-01 7.321797609329223633e-01 4.828979671001434326e-01 1.251469086855649948e-02 1.008241157978773117e-02 7.982152700424194336e-02 4.596175551414489746e-01 1.486299675889313221e-03 1.395744979381561279e-01 2.202785201370716095e-02 3.630212321877479553e-02 2.103456109762191772e-01 7.695058584213256836e-01 4.663835093379020691e-02 1.049478128552436829e-01 4.135866835713386536e-02 1.656901091337203979e-01 2.897178987041115761e-03
1.666433960199356079e-01 5.201935768127441406e-01 4.936545789241790771e-01 8.094345331192016602e-01 3.851885721087455750e-02 1.534352637827396393e-02 1.337707340717315674e-01 3.640406131744384766e-01 5.344938952475786209e-03 6.633620709180831909e-02 2.920885942876338959e-02 1.307614892721176147e-02 1.355328112840652466e-01 7.454040050506591797e-01 8.043272048234939575e-02 1.246387735009193420e-01 8.594713360071182251e-02 1.372728049755096436e-01 7.291799876838922501e-03
2.197939455509185791e-01 5.135455131530761719e-01 6.420031785964965820e-01 8.166586160659790039e-01 4.547021910548210144e-02 2.206337451934814453e-02 9.685007482767105103e-02 3.520231842994689941e-01 4.004779271781444550e-03 7.113745808601379395e-02 3.372032940387725830e-02 1.633268035948276520e-02 1.634104102849960327e-01 7.470583915710449219e-01 9.680608659982681274e-02 1.289739161729812622e-01 6.296828389167785645e-02 1.871548146009445190e-01 7.169495336711406708e-03
5.578471700573572889e-06 9.266428947448730469e-01 2.730044812437881774e-08 9.326836466789245605e-01 4.108492157595122762e-10 6.434801996801908786e-11 1.601859480142593384e-01 1.366259157657623291e-01 5.098634048295025423e-08 4.196743219608833897e-08 4.197959668772455188e-08 1.509983249547985906e-10 6.171611403260612860e-06 9.994274377822875977e-01 1.001051614935022371e-07 2.795972477542818524e-06 6.767760496586561203e-03 2.206942372140474617e-05 4.330657013551508783e-11
1.817367945022851927e-07 3.452903777360916138e-02 4.400093178702491059e-09 9.999269247055053711e-01 4.962032562616514042e-09 7.592350359519883796e-12 7.160755246877670288e-02 5.186939239501953125e-02 1.553951300969913518e-09 1.176962953763904807e-07 1.996734722009563257e-11 1.100948433981063790e-12 9.127026714850217104e-06 9.991169571876525879e-01 3.891174401360331103e-06 1.179664764094923157e-06 4.754770174622535706e-02 1.016455353237688541e-04 9.439339934691481915e-12
5.381036771723302081e-07 2.886247076094150543e-02 1.699850393777069257e-08 9.998416900634765625e-01 2.347509919786716637e-08 4.990844196250954212e-11 1.154730394482612610e-01 6.327959895133972168e-02 1.142621641747609829e-08 4.340902250987710431e-07 1.628066431669239478e-10 1.131144743843348621e-11 2.527377182559575886e-05 9.972967505455017090e-01 1.430177962902234867e-05 2.984960701724048704e-06 9.594378620386123657e-02 2.322668005945160985e-04 9.372749104619160221e-11
1.891101151704788208e-01 1.980039087356999516e-05 2.203618045687211896e-14 1.624471390737625143e-10 8.937634993344545364e-05 4.068564929404772101e-10 2.669933438301086426e-02 4.596698090608697385e-06 5.152147082299052272e-07 9.350603818893432617e-01 1.142957373190256476e-08 9.073526859283447266e-01 3.308596611022949219e-01 8.735541311679837200e-16 8.927871259661358805e-16 3.432476893067359924e-03 5.121663093632378150e-09 3.564638006992026931e-08 1.998953621296095662e-06
4.235779047012329102e-01 1.760912709869444370e-04 5.910737394324017124e-13 7.404113433473469286e-10 2.845898270606994629e-04 3.362349509927753388e-09 1.518400162458419800e-01 1.006900492939166725e-05 2.391187626926694065e-05 6.193152666091918945e-01 1.483700060589399072e-07 9.048391580581665039e-01 3.381649255752563477e-01 4.171463792879831489e-14 2.651427424241615399e-14 3.566266736015677452e-03 6.117520712223267765e-08 5.775867606416795752e-08 8.971209899755194783e-05
7.388614467345178127e-04 2.027458201325771370e-08 6.340905583804637424e-14 1.423222317775696411e-09 6.323178410530090332e-01 4.684835158696998292e-11 6.704186797142028809e-01 1.891446999024992692e-08 3.194627140601369319e-07 8.518005488440394402e-04 2.227671346000104080e-11 9.997287392616271973e-01 2.986885665450245142e-04 1.936229056590226677e-14 3.673535570127597601e-16 1.636944860219955444e-01 4.276456593288457952e-07 1.216240175239136079e-08 1.296266538552970360e-09
1.000000000000000000e+00 1.428525149822235107e-01 1.049316300516522915e-09 9.894772171974182129e-01 8.625513873994350433e-04 4.947225100963197411e-16 3.441343432442067751e-09 3.785129592870362103e-05 4.365504102379365112e-19 2.751162675451723771e-08 4.571926604662879257e-13 2.337850397452712059e-03 6.739845275878906250e-01 1.461563988414127380e-05 2.188297828532859146e-13 2.104955427739696461e-07 2.456237713222009234e-10 9.991346416882151971e-08 2.634989267592488006e-16
9.999994039535522461e-01 5.091467499732971191e-01 4.880979176391520014e-08 9.998450279235839844e-01 1.061050221323966980e-03 7.488904244998262349e-14 1.858028575441039720e-08 3.991069097537547350e-04 8.175660474478625185e-16 6.081618408870781423e-08 3.380687951803906799e-10 2.244469651486724615e-04 3.111091256141662598e-01 4.326696507632732391e-03 8.310508531339522165e-12 5.092680112284142524e-06 9.213623641812773712e-09 7.889615858402976301e-07 5.151446218383537445e-13
1.736913574859499931e-03 1.205453532747924328e-03 1.435980550013482571e-03 9.998216032981872559e-01 9.657258488005027175e-05 4.116718191653490067e-04 7.011071778833866119e-03 7.970350980758666992e-02 1.120951992561458610e-06 2.875268924981355667e-03 1.594171372687469557e-08 1.228859218826983124e-07 4.784701857715845108e-03 3.680690824985504150e-01 2.479109019041061401e-01 6.735431088600307703e-05 8.302488923072814941e-02 7.196784019470214844e-01 4.867201397473763791e-08
6.110504618845880032e-04 2.800258585011761170e-07 9.026730474204214261e-10 1.000000000000000000e+00 1.416143059032037854e-04 4.741484372061677277e-05 6.227534322533756495e-05 1.738134756124054547e-06 8.440508736384799704e-09 2.047575208052876405e-06 3.206875547447432528e-14 1.790080722541276259e-10 9.535964636597782373e-06 1.345850159850670025e-05 5.413058097474277020e-04 2.082170595940624480e-07 4.307964409235864878e-04 1.343016577948219492e-07 1.821587151951131744e-12
9.892582297325134277e-01 5.897997834836132824e-05 7.756033662542627383e-12 2.103798091411590576e-01 9.869180321693420410e-01 3.842574036738710674e-10 2.452659010887145996e-01 8.007198459836217808e-08 2.773042524495394900e-07 1.852480835395908798e-07 6.360775461899947913e-09 8.758225440979003906e-01 2.841451987478649244e-06 5.959972959601600451e-09 1.152419937255899640e-09 3.773621469736099243e-02 3.137701714877039194e-04 3.696340797887387453e-07 6.063381463583539244e-10
9.914291501045227051e-01 9.722599387168884277e-01 3.568734246073290706e-05 1.180079113692045212e-02 3.536570002324879169e-04 6.565394983226724435e-07 2.549276314675807953e-02 6.606556773185729980e-01 7.701632566750049591e-04 1.186709123430773616e-04 1.963953720405697823e-03 7.994802668690681458e-03 2.912256717681884766e-01 1.138461381196975708e-02 1.975462424752549850e-07 2.708170330151915550e-03 1.569572254084050655e-03 1.230048947036266327e-03 2.163225508411414921e-05
3.368258376212907024e-06 5.056389795754512306e-08 1.619455784751533400e-11 6.769696623086929321e-02 8.141272701323032379e-03 1.193356951034729718e-07 5.271850228309631348e-01 2.001711254706606269e-05 1.384963432826680219e-08 9.315061569213867188e-01 5.284791701476443393e-11 9.100049734115600586e-01 2.814581675920635462e-04 2.490307515756740031e-09 5.515251473298121709e-07 1.853462904691696167e-01 1.155866077169775963e-03 6.724231934640556574e-05 1.812463790162865962e-10
1.000000000000000000e+00 1.997630810768313836e-10 4.298851376979735759e-29 9.975274205207824707e-01 9.997655749320983887e-01 5.584658736978010091e-24 1.946531301655340940e-05 3.000002763739559753e-16 2.906319882889411603e-21 3.623688155096616015e-12 5.638734836486548362e-23 9.314515590667724609e-01 1.034552027379120887e-10 1.851165425849606842e-20 8.519272876970713736e-21 3.478619646557490341e-06 2.100071005983750183e-09 1.598803949456660953e-18 1.089940069720310652e-26
1.035270619231809519e-10 1.527479392970931826e-10 6.125141084438456840e-13 2.879657756693632109e-07 3.124614886473864317e-04 8.471101966590899313e-13 9.991367459297180176e-01 2.359994687139987946e-05 7.403679003203933462e-09 1.771710929460823536e-03 3.437954781970731233e-11 9.729766845703125000e-01 7.030405686236917973e-04 1.521350267985610571e-10 1.002466554211878247e-09 4.747702777385711670e-01 3.840810433030128479e-02 1.306819967794581316e-06 1.175810782072517213e-09
2.453267253358372002e-19 1.358494204816904343e-16 9.601632246147814878e-21 9.999753236770629883e-01 1.068889193227685972e-15 8.999674110251207836e-17 9.999972581863403320e-01 9.165292136348313079e-11 1.935566507418884363e-12 2.482157053239669339e-19 2.783979882860359106e-27 2.499054076438446354e-23 1.712009440463235777e-12 4.373317779027274810e-07 1.349205704173073173e-04 2.811101446309845946e-16 8.858603239059448242e-01 3.373780298033634932e-15 3.044011471004129280e-19
1.081333778074622387e-08 9.525682253297418356e-05 6.933585927626495504e-10 8.268353412859141827e-04 7.716665351154006203e-08 3.116069902109330769e-10 7.966191768646240234e-01 2.054506391286849976e-01 1.311625368316526874e-07 9.589948654174804688e-01 1.474409749846472550e-08 2.584377676248550415e-02 9.301871177740395069e-04 1.977251813514158130e-04 2.801591108436696231e-06 5.600821971893310547e-02 1.677454710006713867e-01 2.551564830355346203e-04 1.273738803320156876e-08
2.965667545795440674e-01 6.771845370531082153e-02 5.692374543286859989e-04 7.825572788715362549e-02 1.330599561333656311e-02 1.951893675141036510e-03 4.398159310221672058e-02 1.415291428565979004e-01 2.529013727325946093e-04 9.304791092872619629e-01 2.163036027923226357e-03 4.419013559818267822e-01 2.955723106861114502e-01 1.308636274188756943e-03 5.554283270612359047e-04 1.276246905326843262e-01 8.625132031738758087e-03 5.970113724470138550e-02 4.310562508180737495e-04
2.665199898183345795e-02 1.018615905195474625e-02 4.316094855312258005e-04 3.676534816622734070e-02 3.974353522062301636e-02 5.947284866124391556e-03 3.907777070999145508e-01 1.049925908446311951e-01 3.986912313848733902e-03 8.502544760704040527e-01 2.971689449623227119e-03 5.886231660842895508e-01 1.232873573899269104e-01 9.560282924212515354e-04 4.281368106603622437e-03 2.491420805454254150e-01 5.759094655513763428e-02 6.128079816699028015e-02 3.592487657442688942e-03
9.321355819702148438e-01 2.601281323677540058e-07 4.747570202636233749e-14 8.258508023573085666e-05 9.965893030166625977e-01 3.463549542656596536e-12 9.781346321105957031e-01 1.474458055650273991e-11 1.939924550242722034e-05 2.487706872097983357e-12 2.310156510532124230e-10 9.142855405807495117e-01 5.066418395927030360e-09 5.372560035743489948e-12 3.100596168703617650e-10 3.272654255852103233e-03 1.448510593036189675e-04 1.591187515082026493e-09 1.537905802706518443e-08
1.317151784896850586e-01 1.238167346429008830e-08 6.072000575138656459e-15 3.704120535985566676e-05 9.951418638229370117e-01 1.706497616826840868e-11 9.964197874069213867e-01 2.491700422380116464e-12 1.920836803037673235e-04 1.416420257992212495e-12 4.907015418997850986e-11 8.585868477821350098e-01 2.428326650871781567e-09 2.740834035425132598e-12 2.500054163689924280e-09 3.434436628594994545e-03 1.948235294548794627e-04 6.274750941059892284e-09 4.781080065185960848e-08
9.591865818947553635e-05 2.627547424083331862e-08 1.399394380756369127e-13 3.385127638466656208e-04 8.268536329269409180e-01 4.829044428333872929e-06 8.207628726959228516e-01 2.409825938798348943e-08 2.162216878787148744e-05 6.250413134694099426e-03 7.958145253894599591e-11 9.858918786048889160e-01 2.976567702717147768e-05 3.594770314752082641e-11 2.682402078235668341e-09 2.250298857688903809e-01 1.894537126645445824e-05 3.302234972579753958e-06 8.506253479367842374e-09
9.565954997015069239e-07 2.820772782019531633e-10 1.497837159749985936e-15 1.266127469534694683e-07 4.071096479892730713e-01 4.392624077809159644e-07 6.325799822807312012e-01 1.951242367681516043e-08 2.291995713221695041e-07 7.290716767311096191e-01 1.917487653033123074e-12 9.991242289543151855e-01 3.636406108853407204e-05 4.947503859506138801e-14 1.728754292495970901e-12 5.604956746101379395e-01 1.076890043805178721e-06 1.014670829135866370e-06 2.308526564354096422e-10
9.998848438262939453e-01 2.909573353826999664e-02 8.836231827735900879e-01 2.508553117513656616e-02 8.793441057205200195e-01 3.842847373647373388e-09 2.020635455846786499e-02 9.869135828921571374e-05 5.119976265177683672e-08 1.338007677986752242e-07 1.303778844885528088e-06 2.407523691654205322e-01 1.709297881461679935e-03 5.884741549380123615e-04 8.534713202834609547e-08 1.828751410357654095e-03 4.526506745605729520e-05 2.160893473046598956e-06 3.549153859694342827e-07
1.396376232958712604e-13 5.317080667801116381e-24 9.374839410180749120e-30 4.500715425348467136e-11 9.990130662918090820e-01 2.719888767335754132e-12 9.997048974037170410e-01 3.075837836780894808e-22 1.121614001675652617e-08 2.360014961233503072e-10 8.455118664457140893e-25 9.999786615371704102e-01 1.156265618055532171e-14 3.342938293573988916e-26 2.798234276354510199e-21 4.760990440845489502e-01 4.967491348817354435e-11 1.526254234107682350e-09 1.337891352602250066e-17
7.514402433628220024e-10 7.724703698508875788e-20 3.166516023245922767e-26 1.897004437978466740e-07 9.980139732360839844e-01 3.714774256431685462e-13 9.905824661254882812e-01 4.467258794854386689e-18 1.705105778793125637e-10 9.520979205035473569e-08 1.819692208235213028e-22 9.999785423278808594e-01 1.438958869594275658e-12 5.076735181477719308e-22 1.236884100528731404e-18 6.712467074394226074e-01 6.202463875837338492e-09 1.063368344489390438e-07 1.487501028452878522e-17
7.049180683615929865e-11 6.853635338346227982e-20 3.730087621659063100e-25 1.347551830122029060e-07 9.978017210960388184e-01 1.438452551516533617e-10 9.993025064468383789e-01 1.176211333176155947e-18 3.035871145584678743e-07 1.149780826104063181e-09 1.946736290548592445e-20 9.991957545280456543e-01 8.298736589411326303e-13 3.492796389796085112e-21 1.444775230755493520e-16 3.619130253791809082e-01 1.299901963847105435e-08 5.753420850851398427e-07 1.038832885544901247e-14
1.691442169249057770e-02 4.744844045490026474e-04 4.482408621697686613e-05 1.682558208703994751e-01 5.413926839828491211e-01 1.803978579118847847e-03 6.891689896583557129e-01 6.784734316170215607e-03 3.365097800269722939e-03 1.053714156150817871e-01 1.596475922269746661e-04 7.705115675926208496e-01 8.723003789782524109e-03 4.808992380276322365e-04 1.680140965618193150e-03 4.630574584007263184e-01 1.363667845726013184e-01 3.112951219081878662e-01 5.560716963373124599e-04
1.317690312862396240e-02 1.709276839392259717e-04 6.875109193060779944e-06 2.217583209276199341e-01 6.130704879760742188e-01 4.511034931056201458e-04 7.050818204879760742e-01 2.180957701057195663e-03 1.025078119710087776e-03 5.508076399564743042e-02 2.944658081105444580e-05 7.949501276016235352e-01 3.730722703039646149e-03 1.743979373713955283e-04 7.568979053758084774e-04 4.758121967315673828e-01 1.260408163070678711e-01 2.663412392139434814e-01 1.205750086228363216e-04
7.458463311195373535e-02 2.718596253544092178e-03 3.873155219480395317e-05 7.082492709159851074e-01 6.706324219703674316e-01 3.399607725441455841e-03 6.383942365646362305e-01 3.197018755599856377e-03 1.359646208584308624e-02 2.681732550263404846e-02 4.491841827984899282e-04 5.402286052703857422e-01 7.311480119824409485e-03 1.571352477185428143e-03 8.754421025514602661e-03 3.862380683422088623e-01 1.486886143684387207e-01 9.757325053215026855e-02 6.626105750910937786e-04
4.511987754085566849e-06 1.659874016013418441e-09 8.036050123949589619e-13 9.980102181434631348e-01 3.941761702299118042e-02 5.583453178405761719e-01 3.853267431259155273e-01 4.837839018279055381e-10 3.573160152882337570e-03 6.726725843009262462e-10 7.372448056772520908e-14 3.698607287105915020e-08 3.293338579624105478e-08 5.164484662145696348e-08 1.997489249333739281e-03 1.105342789742280729e-06 2.210609382018446922e-04 6.383478194038616493e-06 1.293298712568002884e-08
8.325063731717818882e-07 4.165977840475676430e-10 6.160160814609738633e-13 9.999842643737792969e-01 1.670274650678038597e-03 2.732408046722412109e-02 4.441125690937042236e-01 2.657971176489581921e-09 1.694795791991055012e-04 2.128569126513824017e-10 2.447859784269752585e-15 3.288445626914437980e-10 3.307830809262668481e-08 6.742249070157413371e-08 5.980568472295999527e-03 7.319395933791383868e-08 1.073879539035260677e-03 1.892707217621136806e-07 2.779388108553604297e-10
1.348671844425552990e-06 4.211573589874006984e-10 1.301107333852302705e-12 9.999912977218627930e-01 1.262316131033003330e-03 1.337900459766387939e-01 1.283966451883316040e-01 2.281941746673510352e-09 1.842974888859316707e-04 2.076624983082808740e-10 9.944573376580168045e-16 9.603567940885682219e-11 2.829488643385502655e-08 5.397241409355046926e-08 5.814923904836177826e-03 2.879116678400350793e-08 6.794063374400138855e-04 2.995564329921762692e-07 1.883032896277114787e-10
1.253656378708001284e-08 1.583836274221539497e-05 4.484252613679018395e-08 9.310113787651062012e-01 3.820425753531253577e-09 1.576099251110463229e-10 8.299725651741027832e-01 1.823087222874164581e-02 6.119971089901810046e-07 1.413289396623440553e-06 1.006316696638975827e-10 4.806952058622471213e-10 5.263013372314162552e-05 4.553702175617218018e-01 1.444298890419304371e-03 1.691637180556426756e-06 9.958302378654479980e-01 4.418182000517845154e-02 8.712044419212361390e-09
6.392412643663192284e-08 7.873409776948392391e-04 4.366226047380905584e-09 9.996823072433471680e-01 4.851165691377445910e-09 1.011880336465598162e-11 5.381950139999389648e-01 4.048817977309226990e-02 5.900401234271157591e-08 3.273727315900032409e-07 6.990189677091862563e-11 5.732034638605831844e-12 2.537583168304990977e-05 9.632662534713745117e-01 6.300985842244699597e-05 5.072730004940240178e-07 8.357267379760742188e-01 8.509702165611088276e-04 3.071799759002402652e-10
9.064727237273473293e-06 2.226702403277158737e-03 3.157077514970296761e-07 9.999390840530395508e-01 5.048098046245286241e-07 1.146841510646368079e-09 1.063974127173423767e-01 5.149008333683013916e-02 6.872094218124402687e-07 9.231373041984625161e-06 3.833564576893877529e-09 2.891457351328341474e-10 2.391112211626023054e-04 6.060935258865356445e-01 6.130697438493371010e-04 3.808837391261477023e-06 7.276089191436767578e-01 4.071389557793736458e-04 6.238912941824992231e-09
5.453446192404953763e-07 7.976499460937702679e-08 2.422203415619605948e-08 9.998823404312133789e-01 7.976847200552583672e-07 3.559296413158108408e-09 6.638321876525878906e-01 2.783786912914365530e-04 1.206691706556739518e-07 1.305506600601802347e-07 1.227103054585176878e-12 7.583920158538148826e-10 1.826225343393161893e-05 2.195060660596936941e-04 4.589408636093139648e-03 2.585970548807381419e-07 9.793419241905212402e-01 2.653264914442843292e-07 1.635180463255281325e-10
2.548236261645797640e-05 5.842112841492053121e-06 3.773029444431585944e-09 1.086723804473876953e-02 3.929920122027397156e-02 2.177058486267924309e-04 9.997500777244567871e-01 1.128834810515400022e-06 5.777999758720397949e-02 5.022756965900043724e-08 1.224396442012221087e-07 7.857003947719931602e-04 1.644977237447164953e-05 2.232391998404636979e-04 5.693451315164566040e-02 3.597599570639431477e-04 6.717638578265905380e-03 1.291944790864363313e-04 1.751625532051548362e-04
7.852417184039950371e-05 9.281411905703862431e-08 1.649700515082841434e-10 9.016826748847961426e-01 6.364251952618360519e-03 3.459883373579941690e-05 9.972980618476867676e-01 4.489340881264070049e-07 3.812962677329778671e-04 9.056115857219992904e-10 7.911832300422361186e-11 1.553263700770912692e-06 1.168377934845921118e-06 3.420035500312224030e-05 2.566418945789337158e-01 1.704191163298673928e-06 8.225829899311065674e-02 1.179156356556632090e-06 4.222041809498477960e-07
9.988621473312377930e-01 7.308083772659301758e-02 1.489972412116458145e-08 5.167469978332519531e-01 3.914939761161804199e-01 1.131917244379110343e-07 1.194914579391479492e-01 5.288838656269945204e-05 1.808070461265742779e-03 1.058749603544129059e-06 1.939107198268175125e-03 1.293231695890426636e-01 1.011692875181324780e-04 4.415911462274380028e-05 8.346925710611685645e-07 6.475889822468161583e-04 1.420814311131834984e-03 1.153655873054049152e-07 2.479589893482625484e-04
9.999819993972778320e-01 2.189179696142673492e-02 9.039388229365070970e-15 1.000000000000000000e+00 7.128090364858508110e-04 9.608797340189946610e-17 1.067705923674111546e-10 5.701541567759704776e-07 1.213614380796078601e-16 8.968809028786495219e-10 9.037746245832423142e-12 1.556668571822683589e-09 7.348677900154143572e-05 3.596325172111392021e-03 7.534105311195540833e-14 2.642540493980050087e-06 4.466870873187644975e-09 4.406646054999630024e-12 7.870261686554903130e-15
9.304525256156921387e-01 3.376956447027623653e-04 2.889987982257480326e-08 9.386704564094543457e-01 6.663190722465515137e-01 1.251824755854613613e-06 6.066020131111145020e-01 1.973273538169451058e-05 2.944387379102408886e-04 4.608051824561698595e-07 1.175831857835873961e-05 3.634444251656532288e-02 3.408349948585964739e-05 7.858395838411524892e-05 9.858761914074420929e-03 1.181586296297609806e-03 2.586674988269805908e-01 2.175354438804788515e-06 3.338284386700252071e-06
6.573637016117572784e-03 5.113895895192399621e-05 1.958460060791367141e-09 8.600666373968124390e-02 6.833757758140563965e-01 1.802741462597623467e-04 6.153692603111267090e-01 1.867798346211202443e-05 4.007896932307630777e-04 4.693250358104705811e-02 2.428856760161579587e-07 8.870950937271118164e-01 9.995097061619162560e-04 3.912399506589281373e-07 4.230314516462385654e-06 2.117152363061904907e-01 8.389493450522422791e-04 1.135196871473453939e-04 1.412918777532468084e-06
1.801843792200088501e-01 2.566532492637634277e-01 2.999535126946284436e-07 9.999078512191772461e-01 2.727978490293025970e-02 3.964130883105099201e-06 2.730615995824337006e-02 5.358711816370487213e-03 1.473416632506996393e-04 7.648781756870448589e-04 2.963100268971174955e-04 2.569885691627860069e-04 3.011838067322969437e-03 2.449731528759002686e-01 7.720081157458480448e-06 1.526353601366281509e-02 1.050245249643921852e-03 6.831378868810134009e-06 2.255679828522261232e-05
2.588657848536968231e-02 7.351878285408020020e-02 4.541398013202524453e-08 9.996930360794067383e-01 3.433894598856568336e-03 2.953748889922280796e-06 4.357610829174518585e-03 1.565371267497539520e-02 4.812672500520420726e-07 1.728515625000000000e-01 3.469935563771286979e-06 1.983011374250054359e-03 7.392135914415121078e-03 1.830199807882308960e-01 1.008850631478708237e-05 1.970630139112472534e-02 1.632450846955180168e-03 9.700351074570789933e-05 1.344678679515709518e-07
9.956173896789550781e-01 5.337913520634174347e-03 3.532290840939472892e-17 4.314283652551154091e-11 1.263303914811331197e-07 6.479111084450872582e-12 9.923754334449768066e-01 1.856068077010775141e-10 9.046095609664916992e-01 1.754082018523561715e-10 4.309380585709732259e-08 5.538693629205226898e-03 1.449823705534925011e-09 8.195450340500037845e-14 4.292392823286843989e-15 1.120178325098031280e-10 1.348777232124120928e-06 2.236714632952718773e-11 8.887422680854797363e-01
9.999994039535522461e-01 1.225309520959854126e-01 1.789944874177468170e-13 2.055234745057532564e-06 2.222691103816032410e-02 1.408359973781303509e-12 8.100327104330062866e-02 1.063702598003146704e-06 1.297417795285582542e-03 4.699741484870401109e-09 2.995272325279074721e-06 4.546755254268646240e-01 3.945229036617092788e-05 2.097051976512886995e-10 1.317905084786659756e-14 1.242440703208558261e-06 1.663187163103430066e-06 4.046066606755438499e-11 2.054228825727477670e-04
9.954267740249633789e-01 2.912065684795379639e-01 9.999989271163940430e-01 1.222741120727732778e-04 2.091027563437819481e-03 9.602830175481358310e-08 1.323961019515991211e-01 5.880226567387580872e-02 5.037178634665906429e-04 9.326440340373665094e-05 1.228268047270830721e-06 3.137384774163365364e-03 3.180843591690063477e-01 4.257078107912093401e-04 6.418741804736782797e-08 5.347800324670970440e-04 3.431160701438784599e-03 2.577749455667799339e-06 2.345319651067256927e-02
7.662045220513391541e-09 6.200709776749135926e-07 1.545829036331269890e-06 5.970511119812726974e-03 1.337477328888780903e-06 1.975537733400756224e-09 9.988361001014709473e-01 5.180911626666784286e-03 1.032017607940360904e-04 2.709244199650129303e-06 1.866749954615443130e-07 3.416306208237074316e-05 2.184344193665310740e-04 5.120162386447191238e-04 1.752426731400191784e-03 9.190115379169583321e-04 9.937268495559692383e-01 1.449129485990852118e-04 8.406103006564080715e-05
6.559115056647968345e-11 1.523849313400660321e-08 7.658469058924310957e-08 2.404992468655109406e-03 5.028642036108976754e-08 1.346771912741351329e-11 9.997398257255554199e-01 1.299470779486000538e-03 9.788624083739705384e-06 9.999772032642795239e-08 3.253677771652974116e-09 2.597302909634890966e-06 2.700141703826375306e-05 8.517746755387634039e-05 3.406285250093787909e-04 1.861171331256628036e-04 9.985075592994689941e-01 1.901451469166204333e-05 8.231902029365301132e-06
1.310291430911547650e-09 2.403386361038428731e-07 1.302543068959494121e-07 3.736623912118375301e-04 4.421127357545628911e-07 4.296703826067727050e-10 9.995146989822387695e-01 6.717441137880086899e-03 7.416416337946429849e-05 3.337393081892514601e-06 1.746962396964590880e-07 4.871188866673037410e-05 1.814755087252706289e-04 2.541248977649956942e-04 8.498944225721061230e-04 1.329262973740696907e-03 9.959326386451721191e-01 1.345056662103161216e-04 7.915887545095756650e-05
9.050806760787963867e-01 2.094734907150268555e-01 6.296742940321564674e-04 1.070136651396751404e-01 1.168708875775337219e-01 5.704880459234118462e-04 5.870600938796997070e-01 6.733216345310211182e-02 3.040704503655433655e-02 2.268219599500298500e-03 4.360006377100944519e-02 2.155221402645111084e-01 4.785200580954551697e-02 1.436588540673255920e-02 1.862584054470062256e-02 1.624389924108982086e-02 3.138695657253265381e-01 5.793447606265544891e-03 1.085986383259296417e-02
9.116771817207336426e-01 4.791180416941642761e-02 6.562799680978059769e-04 4.216577112674713135e-01 9.322309494018554688e-02 3.427819465287029743e-04 4.664297103881835938e-01 3.171309083700180054e-02 2.368852728977799416e-03 1.149252871982753277e-03 3.380282549187541008e-03 6.054634600877761841e-02 3.017297014594078064e-02 1.981843262910842896e-02 1.551611572504043579e-01 4.736171569675207138e-03 5.289213061332702637e-01 4.317677579820156097e-03 6.581920315511524677e-04
1.866312026977539062e-01 7.907429710030555725e-03 1.471679861424490809e-04 1.132675558328628540e-01 8.445055224001407623e-03 9.542537736706435680e-05 8.475827574729919434e-01 2.126186899840831757e-02 5.151581019163131714e-03 2.087230095639824867e-04 1.575404778122901917e-03 1.250451710075139999e-02 1.044867001473903656e-02 1.406832225620746613e-02 2.636886537075042725e-01 2.405040664598345757e-03 9.254999160766601562e-01 3.911667503416538239e-03 4.117512609809637070e-03
4.716918522440494144e-10 8.257983630244325468e-09 7.431112170053211230e-09 2.593960671219974756e-04 2.869334639399312437e-05 2.664304055155497508e-10 9.999762773513793945e-01 5.966993194306269288e-05 1.875859993560879957e-06 2.178817567255464382e-06 9.770369235884146519e-11 2.452208893373608589e-03 5.597890703938901424e-04 1.846828695306612644e-06 4.893971345154568553e-05 3.031638916581869125e-03 4.473497271537780762e-01 2.861774873963440768e-06 1.534066882413753774e-07
3.939887083248549970e-09 2.480893179779286584e-08 1.089376233665007021e-08 2.310155105078592896e-05 4.402856575325131416e-04 2.966322465436377342e-10 9.989707469940185547e-01 6.826418102718889713e-04 8.428975206697941758e-07 2.448533894494175911e-03 8.952064867173703533e-09 6.771281957626342773e-01 3.762404434382915497e-03 1.704887040432367940e-07 8.374449862458277494e-07 2.595690488815307617e-01 1.756062358617782593e-01 2.246129770355764776e-05 3.073649565976666054e-07
1.248892722571781633e-08 6.242510863785355468e-08 3.263024739297293308e-09 2.866058785002678633e-04 2.639144440763629973e-05 2.957493583366499479e-09 9.999660253524780273e-01 1.141787724918685853e-04 7.354629360634135082e-06 1.885085225694638211e-06 9.927301203305205490e-10 1.105725648812949657e-03 6.493596010841429234e-04 1.102824353438336402e-05 6.102764164097607136e-04 8.438893128186464310e-04 7.612787485122680664e-01 4.273111699149012566e-06 1.484937342866032850e-06
9.996798038482666016e-01 1.799589881557039917e-07 8.044330133589214053e-17 9.996098875999450684e-01 9.969275593757629395e-01 9.344834747595370805e-14 2.600015699863433838e-02 1.590988452093711203e-11 2.404126064892153636e-10 3.138326621146547701e-12 1.406295652844891109e-12 1.062899455428123474e-01 1.249680803283581554e-09 2.788307085221930492e-11 1.138057759142441228e-09 4.214139480609446764e-04 2.262934431200847030e-04 9.139886764097937544e-12 2.616786148391166827e-14
9.949363470077514648e-01 1.624152064323425293e-04 2.469418836081871405e-10 1.265800595283508301e-01 9.623096585273742676e-01 2.163074996897051960e-10 8.098660707473754883e-01 3.007314433034480317e-07 9.554471034789457917e-06 3.542849624782462570e-10 2.059111238850164227e-06 4.179697632789611816e-01 8.274461151813738979e-07 5.033974161960941274e-07 2.939286105174687691e-06 1.758808735758066177e-03 8.382745087146759033e-02 7.569374815830087755e-08 8.937293927147038630e-08
9.999997615814208984e-01 4.485912621021270752e-02 3.202996895490528573e-12 5.229892558418214321e-04 6.003150939941406250e-01 1.840157122815974655e-13 2.546850405633449554e-02 5.704376235371455550e-06 7.388221092696767300e-07 1.292316115231173512e-10 2.465191755618434399e-06 3.736967742443084717e-01 3.147026654914952815e-05 3.762524514172582712e-08 2.704539717179876845e-12 1.717994928185362369e-05 5.295672235661186278e-05 1.753914652402599472e-10 2.010108168803981243e-08
6.018184497952461243e-02 2.288104780018329620e-02 1.035931752994656563e-03 5.320755019783973694e-02 4.435814917087554932e-02 1.364744827151298523e-02 3.243911266326904297e-01 1.203080937266349792e-01 6.813917774707078934e-03 8.365044593811035156e-01 5.938631016761064529e-03 5.162726640701293945e-01 1.554087549448013306e-01 1.960359513759613037e-03 6.286416202783584595e-03 2.136661261320114136e-01 4.716192185878753662e-02 7.236612588167190552e-02 6.114772055298089981e-03
6.002414210115603055e-08 4.993393304175697267e-06 2.965614975813934961e-10 2.670426102469036778e-09 1.225748924582603649e-08 2.139887911312143842e-08 9.999978542327880859e-01 2.439630861772457138e-07 9.303749203681945801e-01 1.976947494597425248e-09 2.338702870474662632e-06 1.635769331187475473e-05 1.409187788681265374e-08 3.881453096710174577e-07 1.463826447434257716e-05 1.513925980134445126e-07 3.528531268239021301e-02 1.595807698322460055e-04 8.749390840530395508e-01
1.882460564374923706e-01 3.729554009623825550e-04 7.700461424064997118e-07 7.403288618661463261e-04 6.933375597000122070e-01 2.628565880513633601e-06 3.119987547397613525e-01 3.003318852279335260e-04 2.932042843895033002e-05 6.348681449890136719e-02 1.499103746027685702e-06 9.836958646774291992e-01 1.052251551300287247e-02 6.556854259542888030e-07 3.140248949762280972e-08 2.410142272710800171e-01 4.490465507842600346e-04 3.211648145224899054e-04 2.490848828529124148e-06
3.178494134559173290e-09 3.934025465281284703e-15 6.680683827606180700e-21 7.981251478195190430e-01 2.628751397132873535e-01 9.995707869529724121e-01 3.373814979568123817e-03 5.224289114788936022e-18 4.148563370108604431e-03 1.190215325385865497e-13 7.527041459438513919e-21 4.718312962559423340e-10 6.322696814893558059e-13 1.558833526941073161e-14 2.584887504042399087e-08 1.149943695821775691e-08 9.704020698109161458e-09 2.275760522252312512e-07 7.086830254576792498e-12
5.243531195446848869e-04 6.307930107141146436e-06 1.054681779351085424e-04 1.000000000000000000e+00 1.868326071416959167e-04 2.830218290910124779e-04 5.532750219572335482e-05 3.351695340825244784e-06 3.254710065903054783e-07 1.388134496238535576e-08 9.115108841328822820e-13 3.404633779763299728e-12 1.709193566057365388e-05 1.644855947233736515e-03 3.565006190910935402e-04 1.940801439559436403e-06 4.843493661610409617e-05 3.100182652815419715e-07 7.194345119643230646e-11
1.511615055349579961e-09 1.427549688160466290e-14 2.468945187183990697e-12 1.000000000000000000e+00 3.813074656022763520e-08 5.017439126968383789e-01 2.712879449973115698e-07 5.754786838035874652e-12 3.429614148231507897e-09 3.067808545260654546e-16 2.677696206284185088e-26 2.427782670907826347e-22 1.083977976823469191e-10 5.088372834194387906e-09 4.691401263698935509e-04 1.174348755039874778e-14 5.928399104959680699e-07 3.216556354601607381e-09 4.285563610223438842e-18
5.313324555754661560e-02 5.271532014012336731e-02 1.074673421680927277e-02 8.892060071229934692e-02 3.867387771606445312e-02 8.164406754076480865e-03 7.405067086219787598e-01 1.327855437994003296e-01 5.350945517420768738e-02 9.204368293285369873e-02 8.504143916070461273e-03 1.678248792886734009e-01 1.102274283766746521e-01 2.121867798268795013e-02 2.503522112965583801e-02 9.892242401838302612e-02 1.209048703312873840e-01 7.920478284358978271e-02 2.130862139165401459e-02
6.926967762410640717e-04 3.226640692446380854e-04 4.216048182570375502e-05 6.525973677635192871e-01 5.740225315093994141e-02 3.360955452080816031e-04 9.536050558090209961e-01 2.381259575486183167e-03 7.509053684771060944e-03 1.259049400687217712e-03 2.413004585832823068e-05 2.369115501642227173e-02 5.723119713366031647e-03 2.259822562336921692e-03 2.879184670746326447e-02 4.029570147395133972e-02 1.931825280189514160e-01 4.940106533467769623e-03 3.098119923379272223e-04
2.682665362954139709e-03 1.134744452429004014e-04 4.875048489338951185e-06 7.540994882583618164e-01 2.735350728034973145e-01 9.985236683860421181e-04 9.204962849617004395e-01 4.393465642351657152e-04 6.903203669935464859e-03 1.033505308441817760e-03 8.471416549582500011e-06 7.122770696878433228e-02 2.347189933061599731e-03 3.100646426901221275e-04 1.623174361884593964e-02 5.180361866950988770e-02 8.483419567346572876e-02 4.709666129201650620e-03 1.127939394791610539e-04
