1.056122966858197287e-09 2.989622203131148126e-07 2.708907764770174253e-08 1.262091336684534326e-05 6.690855661872774363e-05 1.266669755750626791e-07 9.999753236770629883e-01 1.295404945267364383e-04 4.724518803413957357e-04 1.627531673875637352e-05 3.019181704644324782e-08 3.331780666485428810e-03 1.817176700569689274e-03 1.246836836799047887e-05 8.558879926567897201e-05 9.764179587364196777e-03 3.416040912270545959e-02 1.377634180244058371e-05 1.319884813710814342e-05
9.169263791167572841e-14 1.208589894829970035e-09 4.703969505581717669e-11 3.689719392241386231e-07 3.773038770304992795e-07 4.622228155781726855e-10 9.999998807907104492e-01 5.199516635912004858e-06 1.717435661703348160e-04 3.583022234465715883e-08 1.419992179396700749e-10 3.179406121489591897e-05 6.454134563682600856e-05 2.837425199686549604e-06 3.033224675164092332e-05 5.962307914160192013e-04 2.059520035982131958e-02 4.622514495622453978e-07 7.991276902430399787e-07
2.521521199846422923e-14 2.828449974234814590e-10 4.134279290440856514e-12 1.321058107350836508e-07 4.671341855555510847e-07 2.027866208287321115e-10 1.000000000000000000e+00 9.515937335891067050e-07 8.558186527807265520e-05 1.373595992504306196e-08 2.015698892521289309e-11 3.929968443117104471e-05 3.299126183264888823e-05 5.024525080443709157e-07 8.340819476870819926e-06 5.603485624305903912e-04 8.566762320697307587e-03 1.604043404768162873e-07 2.254826796388442745e-07
8.064489811658859253e-02 1.267968863248825073e-01 3.426456451416015625e-02 1.135679185390472412e-01 4.810116067528724670e-02 4.503851756453514099e-02 7.670295834541320801e-01 2.235034853219985962e-01 1.523306071758270264e-01 1.179097592830657959e-01 3.537671267986297607e-02 1.545057892799377441e-01 1.645865738391876221e-01 9.700791537761688232e-02 1.329579204320907593e-01 9.139845520257949829e-02 2.256969362497329712e-01 1.185425296425819397e-01 7.332210242748260498e-02
3.085223215748555958e-05 1.569793676026165485e-04 8.664810593472793698e-06 2.381230005994439125e-03 1.546404091641306877e-03 6.084709457354620099e-05 8.237086534500122070e-01 1.315201669931411743e-01 3.321479598525911570e-04 9.172115921974182129e-01 7.551374437753111124e-05 6.612668633460998535e-01 1.403455249965190887e-02 1.663013244979083538e-04 8.544184383936226368e-04 3.647816181182861328e-01 1.387112885713577271e-01 1.174847967922687531e-02 9.920673619490116835e-05
3.570229187607765198e-02 1.872270368039608002e-02 1.081480877473950386e-03 1.430076919496059418e-02 5.598521605134010315e-02 2.387569099664688110e-02 4.158623814582824707e-01 1.197380200028419495e-01 1.968763209879398346e-02 8.937281966209411621e-01 6.982831284403800964e-03 5.480931401252746582e-01 1.564494818449020386e-01 7.131840684451162815e-04 3.521558828651905060e-03 2.614895105361938477e-01 3.562680259346961975e-02 2.975703030824661255e-02 7.827963680028915405e-03
1.288611466745406484e-14 1.007235961303365457e-11 5.870821856764084552e-19 3.878525603795424104e-05 5.284380790726572741e-07 3.002559589848630139e-10 1.000000000000000000e+00 4.372950057618396613e-10 7.119726319615438115e-07 3.804150050523702475e-10 6.315852996202815390e-16 3.422399288410815643e-07 9.847050819189462345e-08 1.680011152416227560e-08 4.800644092028960586e-06 5.458302894112421200e-06 3.360931295901536942e-04 1.552212358646443136e-09 1.737721494476929252e-10
8.142842852976173162e-05 1.145645910582970828e-05 3.569037426709442684e-13 2.222768031060695648e-03 2.831499479327703739e-10 4.179702983719835174e-08 2.591260965800756821e-07 2.635283395648002625e-03 1.350927341861726458e-14 1.000000000000000000e+00 4.871859582422644053e-10 2.222134917974472046e-02 6.846566102467477322e-04 6.643328109845469953e-09 7.857531292287944780e-10 5.936111556366086006e-04 2.925934836639498826e-07 1.674303639447316527e-04 3.351865565160740135e-14
3.520942148949046668e-10 1.728905105018163635e-13 2.219369002383996616e-21 2.531831189145350436e-09 1.288119237869977951e-04 1.611191865688588187e-12 1.687875832431018353e-03 2.723008485361333442e-08 1.023511308902668154e-15 1.000000000000000000e+00 2.264476575471490225e-17 9.997082352638244629e-01 3.224198863449601049e-08 7.989858305019127054e-18 2.379815562974005707e-16 4.128718078136444092e-01 6.100133731479218113e-09 8.567819342886195955e-09 8.570816924319593730e-19
6.344615394482389092e-05 1.522159087471663952e-03 2.679614117369055748e-04 2.831662306562066078e-03 3.304663696326315403e-04 2.731333916017320007e-05 9.936682581901550293e-01 9.427960962057113647e-02 1.998970210552215576e-01 6.770583568140864372e-04 7.000797428190708160e-03 3.472198266535997391e-03 7.830919697880744934e-03 2.111928723752498627e-02 2.512953244149684906e-02 1.390493474900722504e-02 9.073237180709838867e-01 4.605872929096221924e-02 5.026207864284515381e-02
1.168044545920565724e-04 1.595322974026203156e-02 1.585486461408436298e-04 2.350153028964996338e-01 8.806712139630690217e-05 1.991684075619559735e-05 9.539846181869506836e-01 1.072096303105354309e-01 3.392016515135765076e-03 6.951970281079411507e-04 7.756243576295673847e-05 8.584825263824313879e-05 7.072000298649072647e-03 7.782622575759887695e-01 1.802416332066059113e-02 4.329795483499765396e-03 6.181902289390563965e-01 3.581165373325347900e-01 2.029821189353242517e-04
1.910536899231374264e-03 1.690244078636169434e-01 8.086031884886324406e-04 2.968572080135345459e-01 3.771921037696301937e-04 3.249227593187242746e-04 8.651574254035949707e-01 2.355481386184692383e-01 4.622614942491054535e-03 2.052645431831479073e-03 5.156772094778716564e-04 3.292142064310610294e-04 1.307954080402851105e-02 9.009845852851867676e-01 1.992298662662506104e-02 7.937273010611534119e-03 2.185094207525253296e-01 1.780157387256622314e-01 3.092787228524684906e-04
1.823781750620590003e-11 4.923442764592778076e-10 2.593288141533264292e-15 1.164424698799848557e-03 5.117334239912452176e-06 3.952703536924673244e-06 9.999986886978149414e-01 6.447930189779071952e-09 2.942064384114928544e-05 1.330326515613933225e-09 1.090957429646446930e-14 6.720973999563284451e-08 4.004820084446691908e-07 4.068068392371060327e-06 8.540480630472302437e-04 1.001583200377353933e-06 7.196368533186614513e-04 1.471252630835806485e-07 5.277232428824163435e-09
5.609363142866641283e-05 3.179935220032348298e-06 1.719666556709853467e-06 1.280372380279004574e-04 1.737480306474026293e-05 1.100434201362077147e-05 2.545718802139163017e-03 7.228833623230457306e-03 1.713839381523030170e-08 9.999951124191284180e-01 1.551444199776597088e-07 5.325813293457031250e-01 2.141508040949702263e-03 4.653564289469613868e-08 1.630909309824346565e-06 8.244274556636810303e-02 2.288005634909495711e-04 8.298600441776216030e-04 3.632800948949466147e-09
4.945594118908047676e-04 2.974347580675384961e-06 8.605466464200670074e-14 9.949683547019958496e-01 5.813218240113826596e-10 8.586800959164975211e-08 1.638466606834754202e-08 4.034907396999187768e-05 3.197983149398206588e-17 1.000000000000000000e+00 1.217320921799089350e-13 1.007859478704631329e-03 9.354846552014350891e-04 6.255913564956472328e-10 4.664875152826652993e-09 1.726237542243325152e-06 2.209205263170588296e-08 2.991552491948823445e-06 2.125567308024847734e-17
4.778292495757341385e-04 3.030029802175704390e-05 2.849284176653643641e-11 9.972172975540161133e-01 8.220585101526012295e-08 5.358268708732794039e-07 4.334149252827046439e-06 6.996951415203511715e-04 8.287454381604442144e-14 9.999992847442626953e-01 3.299841649928580978e-11 2.962890779599547386e-03 1.993064302951097488e-03 4.582423684951208998e-07 6.659930704699945636e-07 4.899061241303570569e-05 1.467369565943954512e-05 5.975865860818885267e-05 2.573707069133349817e-14
8.561288830644109282e-12 5.411685682910061246e-11 8.203240793683511264e-17 3.298337396699935198e-04 1.505640375398797914e-05 2.571071490820031613e-06 9.999976158142089844e-01 1.138296568115038099e-09 5.783137567050289363e-06 1.132132787518003170e-08 1.177681363819199460e-15 7.748018902020703536e-07 4.927111945107753854e-07 5.766611010926681047e-08 6.788712926208972931e-05 3.276636562077328563e-06 2.122343285009264946e-04 6.551660192144481698e-08 6.985941825021768636e-10
9.611377754481509328e-05 3.203361131909332471e-07 5.686518964043152380e-11 1.886958181858062744e-01 1.535784080624580383e-02 3.463600705799763091e-06 5.760706588625907898e-02 2.428539119136985391e-05 5.554224635773152841e-09 9.990605711936950684e-01 1.528371179615461983e-10 9.108175635337829590e-01 2.369881549384444952e-04 2.208201399511722229e-09 2.673508561201742850e-06 1.059172376990318298e-01 3.182379296049475670e-04 1.698102132650092244e-04 7.480421143624127467e-11
1.959840068593621254e-03 4.354739767571669251e-13 8.366500988593007006e-25 1.173519017446612227e-16 3.311620652675628662e-01 3.073493771310910401e-21 4.456489533185958862e-02 8.034820367635447935e-14 3.010482573000345177e-15 3.543111961334943771e-04 2.173821764060120320e-20 9.999997615814208984e-01 4.867480583925498649e-06 4.038387590557935457e-26 2.093093469534620893e-31 1.219028420746326447e-02 1.929110930514680439e-14 2.582261678384144624e-15 4.539945636821258890e-18
7.110907435417175293e-01 8.025690114793699106e-18 2.434210494615075579e-36 2.748748747780070248e-24 9.989736080169677734e-01 1.678694447698843480e-31 8.039516806602478027e-01 1.309129660571468290e-24 7.756221141003524387e-17 1.685857806436527606e-14 9.343991429149634191e-30 1.000000000000000000e+00 1.416417439066564032e-12 3.398256395709741543e-38 0.000000000000000000e+00 8.570984937250614166e-05 7.704364264286734495e-21 4.744501855572162535e-25 5.238185347606424115e-23
1.000000000000000000e+00 2.758857905864715576e-01 4.876660374314217752e-16 2.301032873219810426e-05 7.432954013347625732e-02 2.348315466456802345e-16 1.846712839324027300e-04 6.195488367666257545e-06 2.836494095159736162e-10 5.564138483293845638e-09 1.603049581966331516e-09 6.138736009597778320e-01 2.402704441919922829e-03 1.596927035052431165e-10 4.256089303841796222e-19 3.187592710673925467e-06 4.759732163961416518e-09 8.198788870039663834e-12 6.556975795657393746e-11
9.193671941757202148e-01 2.565599381923675537e-01 3.837037076959148862e-10 2.553024329245090485e-03 3.713855534215326770e-08 7.062400109170141604e-10 1.773288545336981770e-06 1.548565924167633057e-02 1.176164027283377322e-11 8.537933230400085449e-01 3.448137331218958934e-09 5.966230481863021851e-02 9.795846939086914062e-01 3.572753257685690187e-06 3.200409381953761567e-11 3.030904044862836599e-04 1.900651014352661150e-08 2.024797350168228149e-02 3.062037956524932270e-09
6.774883866310119629e-01 9.814534132601693273e-05 8.699630608727162290e-15 1.904563077914644964e-06 3.664662173719079874e-08 1.473309592815025271e-13 1.426922864311563899e-07 8.521126437699422240e-05 1.472395148750663737e-15 9.996744394302368164e-01 1.037129930547830980e-11 5.178409218788146973e-01 9.498807787895202637e-01 6.069640910754195429e-14 4.879374982561269776e-17 6.739666569046676159e-04 1.508442502851092826e-11 4.306749178795143962e-05 1.251489363529589838e-12
1.000000000000000000e+00 9.024334985952009447e-07 1.267897941359512053e-33 2.378198855010383065e-17 9.993749260902404785e-01 3.604704625085652723e-34 5.257579614408314228e-04 4.442545055069654525e-20 1.476864912662003240e-18 5.289831755526881669e-23 1.185352178060317079e-23 9.997153878211975098e-01 2.243981910010628411e-12 1.540951745295194837e-29 0.000000000000000000e+00 6.744416136683639706e-10 4.545679549429899909e-19 6.768698122918439891e-28 1.522070972910531224e-20
2.732527852058410645e-01 1.133406271947023924e-06 2.794250519917609692e-17 4.901756084363384502e-12 1.137423350883182138e-05 5.849345530509197921e-13 1.046824967488646507e-03 2.971538322071864968e-07 4.204526726780954959e-10 9.914140701293945312e-01 3.259742822891986691e-11 9.498177766799926758e-01 3.638542890548706055e-01 3.954646335557631917e-19 9.427353530577274800e-20 1.192078576423227787e-03 2.061143616893801322e-11 2.971380475003115862e-09 3.290630878893807676e-09
1.016133523989992682e-07 3.858220409824753006e-08 2.731010695367075414e-10 1.916701020121536203e-09 6.083578773541375995e-05 2.203187250415794551e-06 6.095672249794006348e-01 2.930658811237663031e-04 1.722580236673820764e-06 9.987925291061401367e-01 4.044581558559912082e-09 8.529380559921264648e-01 5.517857614904642105e-03 2.218371753653913814e-12 8.992939726226722996e-11 1.805656254291534424e-01 7.261871814989717677e-06 4.018290553631231887e-07 1.461155818560655462e-07
1.978008334901915077e-08 4.880257864492421049e-10 1.412355865262502827e-14 9.455590657125867438e-07 4.885745001956820488e-04 3.779497159683842256e-09 2.328950315713882446e-01 1.999431515287142247e-05 5.932250801699012754e-10 9.998760223388671875e-01 6.094797409816887779e-12 9.943056702613830566e-01 1.530989175080321729e-05 3.234244252622864302e-12 1.427495482930751791e-10 4.807160198688507080e-01 5.595098991761915386e-05 6.603052952414145693e-06 9.844402203140756313e-12
1.025462492698636652e-09 2.603587311023058959e-11 2.184765150306695202e-17 3.515984614566036726e-09 3.541035908938283683e-08 5.157192728422188566e-11 3.730702737811952829e-04 2.546014002291485667e-05 1.441037230948821746e-13 1.000000000000000000e+00 1.425846880885942025e-13 9.265315532684326172e-01 2.332697476958855987e-06 1.170492912833207434e-15 4.844692897722213676e-13 7.499446719884872437e-02 3.471818104117119219e-07 3.791174094658344984e-07 1.125626318770975992e-15
1.937709583899049903e-07 9.519966759352627150e-11 4.372725864755805261e-17 8.918035376836996875e-08 1.726467907428741455e-02 1.345752043135917120e-08 3.086532652378082275e-02 1.361630097562738229e-07 7.145264241392723648e-11 9.999777078628540039e-01 1.383584273626642380e-13 9.987612962722778320e-01 2.457698883517878130e-06 3.507106248546777195e-15 1.993007674042437949e-13 3.799934685230255127e-01 1.037303931639144139e-07 1.930895336954563390e-07 1.240125894769877890e-13
2.581437286153231980e-09 1.267830384676926769e-06 9.756229957247342099e-08 7.191270560724660754e-05 4.872125032306939829e-07 2.021653733308426126e-09 9.998548030853271484e-01 1.139494962990283966e-02 2.542448637541383505e-04 2.714719084906391799e-05 1.231327928508108016e-06 1.128269577748142183e-04 4.517802444752305746e-04 4.642865096684545279e-04 7.756511913612484932e-04 2.382038859650492668e-03 9.842604994773864746e-01 1.224677107529714704e-04 1.688220072537660599e-04
2.644661156736560770e-09 7.526156196036026813e-07 1.013765924540166452e-07 5.815146869281306863e-05 6.459768542299570981e-07 1.679148597943935783e-09 9.997476935386657715e-01 2.098936960101127625e-02 1.462374784750863910e-04 9.393865184392780066e-05 8.645253046779544093e-07 3.877928247675299644e-04 6.063631153665482998e-04 3.333696513436734676e-04 6.190100684762001038e-04 5.116985645145177841e-03 9.859667420387268066e-01 2.102129365084692836e-04 1.112472236854955554e-04
4.169696185272186995e-04 1.242019880010047927e-05 2.980268920538264865e-09 1.561304234201088548e-04 2.347650024603353813e-06 5.717856765841133893e-06 1.145403730333782732e-04 3.533415729179978371e-03 1.915999137125368179e-09 9.999974966049194336e-01 1.667138178618188249e-07 2.282345145940780640e-01 2.383596263825893402e-03 1.231607704710313556e-08 1.609968478533119196e-07 1.367681194096803665e-02 1.704864735074806958e-05 3.885586047545075417e-04 4.841429479540693137e-10
3.072662366321310401e-05 2.127161482349038124e-03 5.345187901184544899e-07 9.995631575584411621e-01 1.350067850580671802e-05 2.377656294072494347e-08 1.761539876461029053e-01 4.223236814141273499e-02 2.993969928866135888e-06 1.493887510150671005e-03 1.635828006385509070e-08 3.088476034918130608e-07 1.369970501400530338e-03 2.806085050106048584e-01 4.642363055609166622e-04 1.898621994769200683e-04 3.388769626617431641e-01 6.587167445104569197e-05 2.875680671365898888e-08
2.208218676969408989e-03 8.105232845991849899e-04 9.028598668692211504e-08 1.714420877397060394e-02 1.313912507612258196e-04 8.068978058872744441e-05 2.304052934050559998e-03 1.618375070393085480e-02 1.389488630820778781e-07 9.998732805252075195e-01 4.968909706803970039e-06 3.822013139724731445e-01 7.394325919449329376e-03 8.664479537401348352e-06 1.894004344649147242e-05 5.944432318210601807e-02 6.211110157892107964e-04 2.692767651751637459e-03 6.440177457989193499e-08
1.817657721403520554e-05 1.566968712722882628e-04 3.709548366259696195e-07 2.500634826719760895e-02 2.498601330444216728e-03 8.641085514682345092e-06 9.591712951660156250e-01 3.048466751351952553e-03 3.617627662606537342e-04 9.153863042593002319e-02 2.161946667911252007e-06 1.249596327543258667e-01 7.613417226821184158e-03 4.907631955575197935e-05 1.766937493812292814e-04 9.885671734809875488e-02 2.557559311389923096e-02 2.026974398177117109e-04 1.709653042780701071e-05
7.078352609823923558e-06 4.980263423881581275e-10 1.321333992741757779e-13 1.000000000000000000e+00 2.912879608629737049e-06 7.927152410047710873e-07 2.819044084390043281e-06 8.281644703345136804e-09 8.361440012594201221e-11 1.255483356166209319e-10 2.666981513826693574e-19 3.620268050354938805e-16 4.358697935913369292e-08 3.420506686779845040e-07 2.411422065051738173e-05 7.693947562392722261e-11 6.889926589792594314e-05 8.988927657771483837e-11 2.613147728954147821e-16
1.315563567914068699e-04 6.980906408493581239e-10 5.528484435654221207e-14 3.709912562044337392e-06 9.720997214317321777e-01 2.137374055521945593e-09 8.607206344604492188e-01 1.627353141131493430e-09 1.117729198085726239e-06 1.822558842832222581e-04 3.400304994169434103e-12 9.995988011360168457e-01 2.404542556178057566e-06 6.897724036912522561e-13 8.632365655625306999e-13 4.739739894866943359e-01 1.159165640274295583e-05 3.065747250730055384e-06 2.609096827477230818e-10
2.119091124797023440e-09 3.386970037766445785e-09 2.511788332881792485e-09 9.976568222045898438e-01 1.165726803975530856e-08 1.309150964717842314e-11 9.731048941612243652e-01 1.259474520338699222e-04 7.277034086428102455e-09 1.604371924202041555e-08 1.402782360079455823e-14 2.087793132821147424e-10 6.950461283850017935e-06 9.256321209250018001e-05 1.726165646687150002e-03 1.455160827390500344e-07 9.976358413696289062e-01 6.640759409037855221e-08 3.892949851369564840e-11
9.988045692443847656e-01 1.706079331142973388e-07 2.764839418406572248e-16 8.402999043464660645e-01 9.978902935981750488e-01 7.402206695901816791e-14 7.617301493883132935e-02 6.264985752402196795e-11 9.548408591575352489e-11 2.105649127281949973e-10 2.214063215535619356e-13 8.352059125900268555e-01 1.600691668102172116e-08 2.676709548454780929e-12 3.142533108735356961e-11 2.498524263501167297e-03 5.731430792366154492e-05 4.062183367459226702e-10 1.432869224475812747e-14
9.905290789902210236e-04 2.152455708710476756e-04 8.835663720674347132e-06 2.387067303061485291e-03 3.491252064704895020e-01 6.817841785959899426e-04 9.082517027854919434e-01 1.038857619278132915e-03 1.512387301772832870e-02 2.237236686050891876e-02 1.356764551019296050e-04 8.326051235198974609e-01 1.593368873000144958e-02 3.421966903260909021e-05 1.663303555687889457e-04 3.919305205345153809e-01 2.411783114075660706e-02 4.476084373891353607e-03 9.068249491974711418e-04
1.577922492288053036e-03 1.151858232333324850e-04 1.015701300843829813e-07 7.108027348294854164e-04 1.060690919985063374e-04 8.622359746368601918e-05 2.243863884359598160e-03 1.029804628342390060e-02 3.723289125900919316e-07 9.999365806579589844e-01 3.887898856191895902e-06 3.791410624980926514e-01 8.068297058343887329e-03 3.623747772962815361e-07 3.562131723811035044e-06 5.007055774331092834e-02 2.162817982025444508e-04 1.536748954094946384e-03 7.570053384142738651e-08
1.821109326556324959e-03 2.861117422980896663e-07 1.423385298515711384e-09 9.999940395355224609e-01 1.716964133083820343e-02 1.228364333510398865e-01 6.305900402367115021e-03 1.765952788446156774e-07 3.895520640071481466e-04 9.833612324428031570e-08 7.285716301097533432e-12 5.827867255447927164e-08 3.628091690188739449e-06 1.953065066118142568e-06 4.497098270803689957e-03 3.882822511513950303e-06 7.795387646183371544e-04 2.493627334843040444e-06 4.121532981571363052e-08
1.213807266503552640e-11 6.617566737643354458e-13 3.672889376633071176e-17 3.177183098159730434e-04 7.482103683287277818e-05 9.622398614883422852e-01 9.924607872962951660e-01 4.805436444274037433e-15 3.546036779880523682e-03 5.801063957948686053e-15 8.092331197060997797e-20 6.346889593750182357e-12 3.499080148891553499e-12 1.894252399381457508e-08 2.087281754938885570e-04 2.102755330968264502e-10 1.770247450849637971e-07 3.647112123417173279e-07 1.654231474024214776e-10
9.609720669686794281e-03 1.666629221290349960e-03 1.082925427908776328e-05 7.125351112335920334e-03 4.119754885323345661e-04 7.192145567387342453e-04 6.679170299321413040e-03 4.331808164715766907e-02 6.762740667909383774e-06 9.992801547050476074e-01 9.995756408898159862e-05 3.235540986061096191e-01 2.671119011938571930e-02 2.681115620362106711e-05 1.310742809437215328e-04 6.099454313516616821e-02 1.819225144572556019e-03 9.625948965549468994e-03 3.681519956444390118e-06
3.595972375478595495e-04 1.839357777498662472e-03 3.811884671449661255e-02 3.592989742755889893e-01 4.696361138485372066e-04 2.139834250556305051e-04 4.178471267223358154e-01 1.499005556106567383e-01 1.491858041845262051e-03 3.889019601047039032e-03 2.088658766297157854e-05 4.551330057438462973e-04 1.773986406624317169e-02 1.024592071771621704e-01 1.070202961564064026e-01 5.002706777304410934e-03 9.486712813377380371e-01 2.170290052890777588e-01 7.477853214368224144e-04
1.652498356997966766e-02 2.373025985434651375e-03 8.245573553722351789e-06 5.210861563682556152e-04 3.313229233026504517e-02 1.892417276394553483e-05 2.714592218399047852e-01 3.554503247141838074e-02 1.493522722739726305e-04 7.705773115158081055e-01 2.410192391835153103e-04 8.735572695732116699e-01 1.779513061046600342e-01 8.768351108301430941e-06 4.504841854213736951e-06 2.903766036033630371e-01 8.662306703627109528e-03 4.066947381943464279e-03 8.311853889608755708e-05
4.802711773663759232e-03 4.391618713270872831e-04 5.677359695255290717e-06 9.847192093729972839e-03 1.936974972486495972e-01 6.262010429054498672e-04 2.393032312393188477e-01 8.058625273406505585e-03 1.208300527650862932e-04 9.647737145423889160e-01 3.065295823034830391e-05 9.149694442749023438e-01 1.071891468018293381e-02 3.327376543893478811e-05 7.158606604207307100e-05 4.382956922054290771e-01 6.229933816939592361e-03 7.305257022380828857e-03 1.374489966110559180e-05
8.838730305433273315e-02 2.004315774684073403e-06 4.207950307644203747e-11 3.080437454627826810e-05 8.758035302162170410e-01 2.234891605112920843e-09 1.909586638212203979e-01 1.016595433611655608e-06 4.277606535652012099e-08 1.799739338457584381e-02 1.884941092100689275e-10 9.989198446273803711e-01 3.841102588921785355e-04 1.124423262832685566e-10 1.461256896734264288e-12 1.762605011463165283e-01 5.074214186606695876e-06 3.078098188780131750e-06 5.420717208437508816e-10
6.226324330782517791e-06 6.243410462047904730e-05 2.288568268227209046e-08 4.612074917531572282e-06 3.581218770705163479e-04 3.062038376810960472e-05 9.579142332077026367e-01 1.775954850018024445e-02 6.646138499490916729e-04 8.680123090744018555e-01 2.424383092147763819e-05 6.249969601631164551e-01 4.035616293549537659e-02 2.730016603891272098e-07 1.973625558093772270e-06 2.494723051786422729e-01 6.406449712812900543e-03 1.809923560358583927e-04 2.286939125042408705e-04
6.590428529307246208e-05 2.378469798713922501e-04 6.924202580194105394e-07 1.162329281214624643e-04 1.053106738254427910e-03 3.346396624692715704e-05 7.414675354957580566e-01 8.139687776565551758e-02 3.412051009945571423e-04 9.545208811759948730e-01 1.129945012507960200e-04 7.436463832855224609e-01 3.214171901345252991e-02 5.609194431599462405e-06 2.211988976341672242e-05 3.216786980628967285e-01 3.134743496775627136e-02 1.817542593926191330e-03 1.016681198962032795e-04
9.781370759010314941e-01 3.058087825775146484e-01 9.999983310699462891e-01 3.722281428053975105e-03 1.714731194078922272e-02 1.419308091499260627e-06 1.491427142173051834e-02 1.883418411016464233e-01 1.299566747547942214e-06 1.046868599951267242e-02 1.450822310289368033e-05 6.847439706325531006e-02 7.993693947792053223e-01 4.820060729980468750e-02 1.121116565627744421e-05 1.984837278723716736e-02 1.207346096634864807e-03 9.341740515083074570e-04 1.988303702091798186e-04
2.449531748425215483e-04 3.026646595571946818e-07 7.361615206313842918e-10 9.885774850845336914e-01 1.020456776022911072e-01 1.531031739432364702e-04 9.611225128173828125e-01 1.083259803635883145e-06 8.734542643651366234e-04 1.903263466829230310e-07 9.872636042018712033e-10 1.166238143923692405e-04 1.255928236787440255e-05 7.596089290018426254e-06 2.541927993297576904e-02 2.732624707277864218e-04 2.953330241143703461e-02 8.602120033174287528e-06 4.525406041011592606e-07
7.105848635546863079e-05 3.216730135591205908e-07 2.383366004554687834e-10 2.652287184901069850e-05 2.456371188163757324e-01 1.892956970550585538e-05 2.550362646579742432e-01 3.258882134105078876e-05 2.403093503744457848e-06 9.853142499923706055e-01 1.063852828053768462e-08 9.929805994033813477e-01 4.385770589578896761e-04 1.273371297294545457e-09 8.649738703070397605e-09 5.221046209335327148e-01 5.818213685415685177e-05 8.801625517662614584e-05 3.233387246837082785e-08
3.076016218983568251e-05 3.631937715908861719e-06 4.369331634279660648e-07 4.010529816150665283e-01 2.486377954483032227e-02 1.526065034340717830e-06 9.923269152641296387e-01 1.918440830195322633e-04 1.829931425163522363e-04 1.706902403384447098e-04 1.022752371682145167e-07 4.557352885603904724e-02 1.421624328941106796e-03 5.121529466123320162e-05 2.106766449287533760e-03 3.278769180178642273e-02 2.249926924705505371e-01 3.192048170603811741e-04 5.196551683184225112e-06
9.874197840690612793e-01 5.357082933187484741e-02 7.211994216049788520e-06 3.455082885921001434e-03 7.425471544265747070e-01 3.796141527345753275e-06 3.370942771434783936e-01 8.843880495987832546e-04 7.499636267311871052e-04 3.552383859641849995e-04 1.604965364094823599e-04 7.908122539520263672e-01 8.973636664450168610e-03 1.594968125573359430e-05 4.475994330732646631e-07 3.876202180981636047e-02 1.474543125368654728e-03 6.261895032366737723e-05 1.911564322654157877e-04
7.988115248735994101e-05 5.997131211188388988e-06 1.488611123257044255e-09 3.952277438656892627e-06 1.271927147172391415e-03 2.958155237138271332e-04 1.323194950819015503e-01 9.767244337126612663e-04 3.331895277369767427e-05 9.994769692420959473e-01 8.122006533994863275e-07 7.396456599235534668e-01 5.706310272216796875e-03 7.355425712951557671e-10 8.842982168744129012e-08 1.181935444474220276e-01 5.601152952294796705e-05 6.435077375499531627e-05 2.063674173768959008e-06
1.045530289411544800e-02 1.195899909362196922e-03 8.567562872485723346e-06 5.194239784032106400e-03 3.659939684439450502e-04 5.433367914520204067e-04 5.021811928600072861e-03 3.809147700667381287e-02 4.627402631740551442e-06 9.993895292282104492e-01 7.825589273124933243e-05 3.134523332118988037e-01 2.868944779038429260e-02 1.530573172203730792e-05 7.235935481730848551e-05 6.017319113016128540e-02 1.191161456517875195e-03 8.445651270449161530e-03 2.078089210044709034e-06
2.567051649093627930e-01 2.397524118423461914e-01 5.319184064865112305e-02 7.937654256820678711e-01 4.980150982737541199e-02 2.850193344056606293e-02 7.480244338512420654e-02 2.731063961982727051e-01 1.526680192910134792e-03 7.698332667350769043e-01 7.354875560849905014e-03 1.908311992883682251e-01 2.367680370807647705e-01 1.810071170330047607e-01 4.098366945981979370e-02 1.504824906587600708e-01 5.234464630484580994e-02 1.103781536221504211e-01 1.744618872180581093e-03
5.422869324684143066e-02 1.448425557464361191e-02 5.967799806967377663e-04 1.855542063713073730e-01 4.294541850686073303e-02 9.289676323533058167e-03 9.560606479644775391e-01 1.559403911232948303e-02 8.552430570125579834e-02 9.465289767831563950e-04 1.623952528461813927e-03 1.509047113358974457e-02 1.035509724169969559e-02 5.194732546806335449e-02 4.562050998210906982e-01 4.718496929854154587e-03 3.210133314132690430e-01 7.960010319948196411e-03 1.717673242092132568e-02
5.629677161778090522e-06 1.539642689749598503e-04 9.737351319927256554e-06 5.242073535919189453e-01 1.855558730312623084e-05 6.813051641074707732e-06 9.847956895828247070e-01 1.134339533746242523e-02 5.197490681894123554e-04 3.665058466140180826e-05 3.861431139284832170e-07 3.218238362023839727e-06 1.226761611178517342e-03 4.812790453433990479e-02 5.927154421806335449e-02 1.616972876945510507e-04 8.821328282356262207e-01 4.827066441066563129e-04 3.337514135637320578e-05
4.987399382372359469e-11 6.552959530381485820e-05 1.085538048339884654e-10 2.477554827928543091e-01 1.064910919862382954e-11 6.424445936174805194e-13 9.994947910308837891e-01 2.587737981230020523e-03 2.501308244973188266e-07 2.729819481572803852e-09 1.775146869775756642e-11 1.354272271582301901e-12 1.430205202268552966e-06 9.974169731140136719e-01 1.506476473878137767e-05 3.096651823852880625e-07 8.259013295173645020e-01 1.702080368995666504e-01 1.397793408797198822e-10
1.106630634239991195e-06 3.840276040136814117e-03 1.784402115845296066e-06 7.648565620183944702e-02 1.109800223275669850e-06 2.184698786322769593e-07 9.968357682228088379e-01 2.658338285982608795e-02 8.265344076789915562e-04 1.077548949979245663e-05 3.696432258948334493e-06 9.517326589048025198e-07 5.069047329016029835e-04 9.277361631393432617e-01 2.483326708897948265e-03 4.523451789282262325e-04 5.643143057823181152e-01 2.439794242382049561e-01 1.117600277211749926e-05
1.948420889675617218e-03 1.040853094309568405e-04 1.153478805804297735e-07 8.145867614075541496e-04 2.217812470917124301e-05 4.473897206480614841e-05 5.971210775896906853e-04 1.080000679939985275e-02 6.044393074944309774e-08 9.999688863754272461e-01 2.804269570333417505e-06 2.585432529449462891e-01 7.812054827809333801e-03 3.335466658427321818e-07 2.464046929162577726e-06 2.654413692653179169e-02 1.124591653933748603e-04 1.624881289899349213e-03 2.063569937149623001e-08
3.346781805157661438e-02 1.289223786443471909e-02 4.312473902245983481e-05 5.963638052344322205e-02 3.930973180104047060e-04 1.408288837410509586e-03 6.985509768128395081e-03 1.161555871367454529e-01 1.163883280241861939e-05 9.974141120910644531e-01 3.690592129714787006e-04 2.253861129283905029e-01 6.760443001985549927e-02 5.756280152127146721e-04 4.226947785355150700e-04 5.581668391823768616e-02 4.109388682991266251e-03 3.256780281662940979e-02 1.227070242748595774e-05
8.038455620408058167e-03 1.451409608125686646e-01 3.763321956284926273e-06 9.683215022087097168e-01 1.894075976451858878e-04 4.844708746531978250e-05 5.171374883502721786e-03 2.449440062046051025e-01 9.473497470935399178e-07 4.238396584987640381e-01 6.476778253272641450e-06 8.175015682354569435e-04 2.638521976768970490e-02 8.080592751502990723e-01 2.811499580275267363e-04 6.451210472732782364e-03 7.802125997841358185e-03 1.917500235140323639e-02 3.237031762637343490e-07
1.636844535823911428e-05 2.456669676575984340e-07 3.861886505029943351e-12 5.711959602194838226e-06 2.992112229094345821e-07 1.474815150004360476e-07 4.285947579774074256e-05 5.587259074673056602e-04 1.987861611429941888e-11 9.999998807907104492e-01 9.556794244858224374e-10 3.907469809055328369e-01 2.696312731131911278e-04 4.807114775684517838e-11 1.849136288534225514e-09 1.568455621600151062e-02 2.239101377199403942e-06 3.987087620771490037e-05 1.841790825754530125e-12
4.479608378460397944e-06 7.647389566045603715e-08 3.704135088933302455e-12 4.603800480253994465e-04 2.463845021338784136e-06 1.628217660254449584e-06 1.497989404015243053e-03 3.893656830769032240e-04 1.255667791966175173e-10 9.999995231628417969e-01 3.763863110073373264e-10 4.835751950740814209e-01 1.827960804803296924e-04 2.732432891061620239e-10 5.404235707828775048e-07 1.965335011482238770e-02 8.281890768557786942e-05 1.304091856582090259e-04 1.330713490788060227e-11
3.414840996265411377e-02 2.270144643262028694e-03 6.679864018224179745e-04 9.976739287376403809e-01 6.499629816971719265e-04 6.234017666429281235e-03 7.054486777633428574e-03 3.649216890335083008e-02 3.504214419081108645e-06 5.502341389656066895e-01 4.430387434695148841e-07 1.520450605312362313e-04 3.166794776916503906e-02 3.310434892773628235e-02 1.564051508903503418e-01 4.313738027121871710e-04 2.299637533724308014e-02 9.598290175199508667e-02 2.615884113765787333e-07
5.194040015339851379e-03 5.253341514617204666e-04 1.867343968342538574e-08 9.999998807907104492e-01 1.203002291731536388e-03 1.460570842937158886e-06 3.363322932273149490e-03 1.858007890405133367e-04 1.454104108233877923e-06 4.882573557551950216e-05 3.217439870084604081e-09 9.460662653282270185e-08 3.717015788424760103e-04 5.455032922327518463e-03 6.503344047814607620e-05 5.128723569214344025e-05 4.468042403459548950e-03 1.161529255000459671e-07 6.012435882496447448e-09
2.747956386883743107e-06 1.291697344640851952e-06 4.649727547434423514e-10 1.000000000000000000e+00 8.825102213450009003e-07 1.924597980984543710e-10 1.291982247494161129e-03 1.538172364234924316e-04 4.792316765644955012e-09 1.121757833288938855e-07 2.003645459183051036e-13 1.778439185197780437e-13 8.147070730046834797e-06 2.430661814287304878e-03 2.679203680600039661e-05 2.754722849829249753e-08 1.746467053890228271e-01 8.936522633007371041e-09 6.048287955542908101e-13
2.243034759885631502e-05 2.860548011085484177e-05 1.831422687115225045e-11 1.000000000000000000e+00 2.522039949326426722e-06 6.497008486761046697e-11 3.441618173383176327e-04 1.085120238712988794e-04 5.252135948374814234e-10 5.122690254211192951e-06 1.844774739868590419e-13 1.010921728272773379e-11 3.130671029794029891e-05 1.191714312881231308e-02 9.209136351273627952e-07 4.490132994305895409e-07 7.468783762305974960e-03 1.011451145060959789e-09 3.277220346226822345e-13
1.930199214257299900e-03 1.174851786345243454e-04 4.142273191121148557e-09 4.125097021460533142e-02 1.701591145319980569e-06 5.690009857062250376e-05 5.770934876636601985e-05 3.660604590550065041e-03 1.234627067248084131e-09 9.999970197677612305e-01 9.043627358096273383e-08 6.410258263349533081e-02 4.694061353802680969e-03 2.476353131442010636e-07 3.928191290469840169e-06 1.669669756665825844e-03 2.573021811258513480e-05 4.220793198328465223e-04 5.348711473729395038e-10
3.548378299456089735e-04 4.217846708343131468e-06 9.307328951990712085e-08 9.557621479034423828e-01 8.547618985176086426e-03 2.257301239296793938e-04 4.005368053913116455e-01 4.224768490530550480e-04 2.576977522039669566e-06 8.041864633560180664e-01 6.454402345923426765e-09 8.264151215553283691e-02 2.876289188861846924e-03 3.539743829605868086e-06 2.907571382820606232e-03 7.566441781818866730e-03 2.645571902394294739e-02 5.462988629005849361e-04 2.504971696737356979e-08
1.307668746449053288e-03 6.682465709673124366e-07 7.284371716931303808e-11 9.985572695732116699e-01 1.249671299774490763e-07 3.982660200563259423e-05 4.648775757232215255e-06 2.405840314168017358e-05 1.739609026491298338e-13 9.999998807907104492e-01 1.106679092983953172e-12 1.249242341145873070e-03 6.813866784796118736e-04 1.342774558210635405e-09 1.007230821414850652e-05 2.379758143433718942e-06 1.201967165798123460e-06 3.598069042709539644e-06 3.741064583633177051e-15
7.390801608562469482e-02 9.696980938315391541e-03 1.436612219549715519e-04 2.250525727868080139e-02 2.028692048043012619e-03 2.225573407486081123e-03 1.784659922122955322e-02 8.339818567037582397e-02 5.577865158556960523e-05 9.943325519561767578e-01 6.148248794488608837e-04 3.405485451221466064e-01 1.115113347768783569e-01 1.426913659088313580e-04 3.610081039369106293e-04 7.357314229011535645e-02 3.813308896496891975e-03 2.336214855313301086e-02 7.371509855147451162e-05
1.612259820103645325e-02 2.385124098509550095e-03 1.378197976009687409e-05 2.427383325994014740e-02 2.824743511155247688e-03 4.503468982875347137e-03 3.150519728660583496e-02 3.489799425005912781e-02 5.991083162371069193e-05 9.979830980300903320e-01 1.185467117466032505e-04 3.856066763401031494e-01 3.870244696736335754e-02 3.887472121277824044e-05 5.531987408176064491e-04 6.944316625595092773e-02 3.355163848027586937e-03 7.540490478277206421e-03 1.794522904674522579e-05
2.388203144073486328e-02 5.883815232664346695e-03 1.103475879062898457e-04 3.702864982187747955e-03 3.124745935201644897e-02 7.945514284074306488e-03 2.940175533294677734e-01 5.380035936832427979e-02 5.585616920143365860e-03 9.505169987678527832e-01 1.795320888049900532e-03 5.902625918388366699e-01 1.173182278871536255e-01 6.067859067115932703e-05 4.465951351448893547e-04 2.121370881795883179e-01 1.095144450664520264e-02 1.249953173100948334e-02 1.955882878974080086e-03
8.337610983566445810e-12 1.101857605156908448e-09 7.082641331063177503e-12 3.527131775626912713e-05 1.025641580554292887e-07 3.840405216060105431e-10 9.999986886978149414e-01 3.015171205333899707e-05 1.508602281319326721e-06 2.675970165455510141e-07 6.342714548024375176e-12 7.650045517948456109e-06 1.226676831720396876e-04 8.631424861960113049e-06 4.346884670667350292e-04 4.365520362625829875e-05 6.786249876022338867e-01 4.031190883324597962e-07 7.370037735654477729e-08
5.803712497254309710e-07 2.771969036530208541e-07 7.672237956057870178e-09 8.907757000997662544e-04 1.017794664949178696e-02 5.885003417915868340e-08 9.958953857421875000e-01 2.297473256476223469e-04 1.174067074316553771e-05 2.061111852526664734e-03 4.306998135916728643e-08 6.480547189712524414e-01 3.658245317637920380e-03 1.129801830757060088e-06 1.624644391995389014e-05 2.182996571063995361e-01 1.061195954680442810e-01 2.053236094070598483e-04 1.248324565494840499e-06
6.372182397171854973e-04 1.253981026820838451e-03 1.906516558847215492e-06 9.988032579421997070e-01 1.015149638988077641e-03 3.304279516669339500e-06 2.962802052497863770e-01 1.146573293954133987e-02 6.142807251308113337e-05 9.235184639692306519e-03 3.138725617191084893e-07 7.459121843567118049e-05 5.468065850436687469e-03 1.667678914964199066e-02 1.715940656140446663e-03 1.784518710337579250e-03 1.853873729705810547e-01 3.442791421548463404e-05 6.029325732015422545e-07
1.319644041359424591e-03 1.406067749485373497e-03 4.400475154398009181e-05 6.711992900818586349e-03 5.413511767983436584e-03 3.905940102413296700e-04 2.591001391410827637e-01 1.160768419504165649e-01 2.576234401203691959e-04 9.830135703086853027e-01 2.615097619127482176e-04 6.840692758560180664e-01 2.301326021552085876e-02 2.588369534350931644e-04 9.104566997848451138e-04 3.354634344577789307e-01 4.789349064230918884e-02 2.095320820808410645e-02 6.771346670575439930e-05
1.360013102136292673e-09 5.242922611614631023e-07 3.213042498728668761e-09 7.787874892528634518e-06 1.239376842931960709e-06 3.004336557310693934e-09 9.999405145645141602e-01 6.915047299116849899e-03 5.022819459554739296e-05 9.715280029922723770e-04 1.796254878172476310e-07 5.068603903055191040e-03 2.453248482197523117e-03 1.745193731039762497e-05 1.030548446578904986e-04 1.038027275353670120e-02 6.282333731651306152e-01 1.997577237489167601e-05 1.518568114988738671e-05
2.268829792737960815e-01 2.208063900470733643e-01 1.269286423921585083e-01 1.598624289035797119e-01 3.887489065527915955e-02 2.022032439708709717e-02 4.533886313438415527e-01 3.601954877376556396e-01 5.153676494956016541e-02 1.810711175203323364e-01 2.317487634718418121e-02 1.744355112314224243e-01 2.846325635910034180e-01 1.131722554564476013e-01 7.502596080303192139e-02 1.152539700269699097e-01 1.697764545679092407e-01 1.712552160024642944e-01 2.840652503073215485e-02
2.018534839153289795e-01 4.338357597589492798e-02 6.823132862336933613e-04 4.897768422961235046e-02 3.436207175254821777e-01 5.062598269432783127e-03 8.851770758628845215e-01 1.271104533225297928e-02 1.702857911586761475e-01 6.409412715584039688e-03 1.268705446273088455e-02 3.755460977554321289e-01 3.001379221677780151e-02 5.963994190096855164e-03 2.569790743291378021e-02 9.028016775846481323e-02 1.313038617372512817e-01 1.026924699544906616e-02 4.407344385981559753e-02
2.661762409843504429e-04 1.673926599323749542e-03 1.459562045056372881e-04 9.599697589874267578e-02 3.193634748458862305e-02 6.107957451604306698e-04 9.885542988777160645e-01 1.135002728551626205e-02 4.911406338214874268e-02 2.835336606949567795e-03 1.100561697967350483e-03 6.441390514373779297e-02 1.550062187016010284e-02 8.286113850772380829e-03 3.171025589108467102e-02 1.258496195077896118e-01 1.992591768503189087e-01 1.710042729973793030e-02 5.121077876538038254e-03
8.250588871305808425e-05 2.262673369841650128e-04 7.369337981799617410e-05 3.147783502936363220e-02 1.405795663595199585e-02 1.998062907659914345e-05 9.834282994270324707e-01 2.139907889068126678e-02 1.810578978620469570e-03 9.436035528779029846e-03 8.530435297871008515e-05 2.048482447862625122e-01 2.228588424623012543e-02 1.550212153233587742e-03 5.747261922806501389e-03 1.578407883644104004e-01 4.637314975261688232e-01 9.859004057943820953e-03 8.038265514187514782e-04
5.165106058120727539e-02 9.558058530092239380e-02 2.223857678472995758e-02 9.804577380418777466e-02 3.618461266160011292e-02 2.679016627371311188e-02 8.404156565666198730e-01 1.621544212102890015e-01 1.189476922154426575e-01 7.698597759008407593e-02 2.231605537235736847e-02 1.301328688859939575e-01 1.292472779750823975e-01 7.785574346780776978e-02 9.916371852159500122e-02 7.444997131824493408e-02 2.120833247900009155e-01 8.013097941875457764e-02 5.691245943307876587e-02
1.601387932896614075e-02 1.695979572832584381e-02 3.106326403212733567e-05 9.421836584806442261e-02 4.335663688834756613e-04 1.152204931713640690e-03 1.274217106401920319e-02 1.229368224740028381e-01 1.252213587576989084e-05 9.965947270393371582e-01 3.299724485259503126e-04 2.340876013040542603e-01 5.071311444044113159e-02 1.109827077016234398e-03 6.407593027688562870e-04 6.813669949769973755e-02 6.683521438390016556e-03 3.153889626264572144e-02 1.377584339934401214e-05
1.608759611845016479e-01 1.034661531448364258e-01 1.144396606832742691e-02 1.613734066486358643e-01 2.587886154651641846e-02 2.975006401538848877e-02 1.260485202074050903e-01 2.880592346191406250e-01 5.032907705754041672e-03 9.109655618667602539e-01 1.703610084950923920e-02 3.738119602203369141e-01 2.172912806272506714e-01 1.925487071275711060e-02 2.257207408547401428e-02 1.752602010965347290e-01 5.946137383580207825e-02 1.392367035150527954e-01 3.464931156486272812e-03
4.974794574081897736e-04 6.711944297421723604e-05 8.831655406993377255e-08 5.117295950185507536e-05 4.278440028429031372e-03 1.213089213706552982e-03 1.922938227653503418e-01 4.284032154828310013e-03 2.270671830046921968e-04 9.973880648612976074e-01 1.250156401511048898e-05 6.907235383987426758e-01 1.546388026326894760e-02 4.937280806416310952e-08 2.338896820219815709e-06 1.554672718048095703e-01 4.102301609236747026e-04 4.243140574544668198e-04 2.403265352768357843e-05
2.470094524323940277e-02 1.976114464923739433e-03 2.956339158117771149e-04 4.034273326396942139e-02 5.957113504409790039e-01 1.507703773677349091e-02 7.497721314430236816e-01 4.493961576372385025e-03 5.613555386662483215e-02 6.294889003038406372e-02 1.211803290061652660e-03 7.674093246459960938e-01 2.295513637363910675e-02 5.847490974701941013e-04 2.771185478195548058e-03 3.828207552433013916e-01 5.088173598051071167e-02 4.887638241052627563e-02 4.728606902062892914e-03
2.191992476582527161e-02 3.912187647074460983e-03 6.660191138507798314e-05 1.311793830245733261e-02 1.259374548681080341e-03 1.614896114915609360e-03 1.301680132746696472e-02 7.109992951154708862e-02 3.199895581929013133e-05 9.976847171783447266e-01 3.712631005328148603e-04 3.409526348114013672e-01 5.219912901520729065e-02 1.027479956974275410e-04 3.516532597132027149e-04 8.708636462688446045e-02 3.645112272351980209e-03 1.828634552657604218e-02 1.639378569961991161e-05
3.923820704221725464e-02 2.395729534327983856e-02 1.257020244338491466e-06 1.704869646346196532e-05 6.928727380000054836e-04 1.210348182212328538e-05 9.948118925094604492e-01 2.718809992074966431e-04 6.357768177986145020e-01 7.261470454977825284e-05 3.440598025918006897e-03 5.402002483606338501e-02 4.057066398672759533e-04 1.547407191537786275e-05 7.023510988801717758e-05 4.632229101844131947e-04 5.905068293213844299e-02 2.777511836029589176e-04 6.823137402534484863e-01
8.070385665632784367e-04 1.838230900830239989e-06 8.413579620329680875e-14 9.995374679565429688e-01 5.357206345202314424e-10 7.187511386064215912e-08 1.034263164001458790e-08 2.226802462246268988e-05 7.545509287664828882e-18 1.000000000000000000e+00 1.886113166419799841e-14 3.792908973991870880e-04 9.883765596896409988e-04 6.386824957793635349e-10 5.484649623355153381e-09 4.824624966204282828e-07 1.964772877727227751e-08 1.708404056444123853e-06 3.080940484162464639e-18
2.462108619511127472e-03 1.299650733699309058e-07 5.390484586476063100e-11 4.180070757865905762e-01 9.002582430839538574e-01 2.648691634021815844e-06 2.699787616729736328e-01 5.029338581152842380e-07 5.844230486218293663e-07 2.470237761735916138e-02 2.037287144540655959e-10 9.898791313171386719e-01 2.280628359585534781e-05 7.715337702052238456e-09 2.690625535706203664e-07 3.550972938537597656e-01 9.140060283243656158e-04 1.298391260206699371e-03 6.629160553828228331e-10
2.545780562268964986e-14 3.139715687439093017e-08 3.859444014375768006e-11 3.409668806853005663e-06 1.763901177898041794e-11 1.306865640857623415e-15 9.999957084655761719e-01 8.207860402762889862e-03 1.463388343836413696e-07 9.684772521723061800e-07 9.254352839604962355e-11 4.651293750157492468e-07 8.055319085542578250e-06 1.720951840979978442e-04 3.526326963765313849e-06 4.315235128160566092e-04 9.982840418815612793e-01 3.012080696862540208e-06 3.459508945979905548e-08
3.151023338432423770e-05 6.704720258712768555e-01 9.253478310711216182e-06 5.475789904594421387e-01 1.913070093451096909e-07 3.810879434240632690e-07 4.796870648860931396e-01 1.848501265048980713e-01 1.639822471588558983e-06 4.817117314814822748e-06 3.116352900178753771e-07 2.114783725915003743e-08 1.719500287435948849e-04 9.992517828941345215e-01 1.312049571424722672e-04 7.357464346569031477e-05 1.604217849671840668e-02 3.230406437069177628e-03 2.198649795559504128e-08
8.152669072151184082e-01 9.356786608695983887e-01 2.081852965056896210e-02 1.211807131767272949e-01 4.183667479082942009e-04 5.297470488585531712e-05 3.019863553345203400e-02 6.951282620429992676e-01 3.567214589565992355e-04 3.872069530189037323e-03 1.757263205945491791e-03 1.039799582213163376e-02 2.764120101928710938e-01 3.299801051616668701e-01 8.546564640710130334e-05 1.287935487926006317e-02 6.466430146247148514e-03 2.797164209187030792e-02 5.468707240652292967e-05
6.106837987899780273e-01 4.933291375637054443e-01 4.015334707219153643e-04 1.051652207970619202e-01 5.618379800580441952e-04 2.360948419664055109e-04 9.999766945838928223e-03 2.974462509155273438e-01 6.170824781293049455e-05 5.231121778488159180e-01 4.769225779455155134e-04 1.466931551694869995e-01 6.888973116874694824e-01 2.148126624524593353e-02 1.694582315394654870e-04 2.833277918398380280e-02 2.115763723850250244e-03 1.763598173856735229e-01 1.995026250369846821e-04
5.203635282668983564e-07 1.849725208558083978e-07 6.314321954192791964e-09 1.799281162675470114e-04 1.051420811563730240e-02 5.000876157623679319e-08 9.757466316223144531e-01 5.135079263709485531e-04 2.978809789055958390e-06 5.532675608992576599e-02 4.580422441335940675e-08 9.402093291282653809e-01 4.056931938976049423e-03 1.741421726819680771e-07 1.187968337035272270e-06 4.967933595180511475e-01 4.619740322232246399e-02 3.115827275905758142e-04 4.242295403855678160e-07
2.342695661354809999e-04 2.633479833602905273e-01 8.010060992091894150e-05 6.886922717094421387e-01 1.756146048137452453e-05 5.054557277617277578e-06 8.361156582832336426e-01 1.490608006715774536e-01 5.321321659721434116e-04 1.248831104021519423e-04 6.529623351525515318e-05 4.267520125722512603e-06 1.328108366578817368e-03 9.675912857055664062e-01 1.134676276706159115e-03 8.150870562531054020e-04 1.252346932888031006e-01 6.356016267091035843e-03 1.387081101711373776e-05
8.776316046714782715e-02 6.629208475351333618e-02 7.993570761755108833e-05 8.404679298400878906e-01 3.037648499011993408e-01 9.368330240249633789e-03 7.638855576515197754e-01 4.488131031394004822e-03 2.908097505569458008e-01 3.281168872490525246e-03 2.757645025849342346e-02 7.466715574264526367e-02 6.656295154243707657e-03 1.301795244216918945e-02 1.906831376254558563e-02 7.729453593492507935e-02 3.648748621344566345e-02 2.530076075345277786e-03 1.865216158330440521e-02
2.764584720134735107e-01 2.811349630355834961e-01 1.767214834690093994e-01 1.980174928903579712e-01 5.333426222205162048e-02 7.801942527294158936e-02 3.623730242252349854e-01 3.706175386905670166e-01 9.153465181589126587e-02 2.522237598896026611e-01 3.574262186884880066e-02 1.871004253625869751e-01 3.552457690238952637e-01 2.030093967914581299e-01 1.706885695457458496e-01 1.189068779349327087e-01 1.800543367862701416e-01 3.184912204742431641e-01 5.250601470470428467e-02
2.033313736319541931e-03 8.597852662205696106e-03 1.346191857010126114e-03 3.358220160007476807e-01 3.095109015703201294e-03 1.424053101800382137e-03 3.039362430572509766e-01 1.838871836662292480e-01 5.948655307292938232e-03 1.501756347715854645e-02 2.287924871779978275e-04 6.404919549822807312e-03 2.498959004878997803e-02 1.657868474721908569e-01 1.306271702051162720e-01 1.682507246732711792e-02 8.644521236419677734e-01 7.783434987068176270e-01 1.282963203266263008e-03
9.751688688993453979e-02 1.491739414632320404e-02 7.658010872546583414e-05 9.513373374938964844e-01 2.967507578432559967e-03 4.795014392584562302e-03 1.020496897399425507e-02 3.426312655210494995e-02 9.940769814420491457e-06 9.867930412292480469e-01 2.631434290378820151e-05 6.449969112873077393e-02 8.530935645103454590e-02 1.748398179188370705e-03 4.185440018773078918e-03 7.929864339530467987e-03 6.651032250374555588e-03 9.791404940187931061e-03 2.688558197405654937e-06
1.187320332974195480e-02 2.840864006429910660e-03 1.311792220803909004e-05 1.228664070367813110e-02 3.372431674506515265e-04 8.012436446733772755e-04 5.674531217664480209e-03 5.458805337548255920e-02 6.206327725521987304e-06 9.991589784622192383e-01 1.338484144071117043e-04 2.929373383522033691e-01 3.103066608309745789e-02 5.814885662402957678e-05 1.675824169069528580e-04 5.757733806967735291e-02 2.083049155771732330e-03 1.181888952851295471e-02 4.129802618990652263e-06
6.075455894460901618e-05 2.554824168328195810e-04 2.813962055370211601e-06 5.122012807987630367e-04 1.393287908285856247e-03 7.084455137373879552e-05 6.977428197860717773e-01 1.090437546372413635e-01 3.781790437642484903e-04 9.677953124046325684e-01 9.889325156109407544e-05 7.263893485069274902e-01 1.701785624027252197e-02 2.721284909057430923e-05 1.241721911355853081e-04 3.683052062988281250e-01 5.700613185763359070e-02 4.399210680276155472e-03 7.977153290994465351e-05
4.295543112675659359e-05 1.331428507000964601e-06 1.043104930431582034e-06 2.131952933268621564e-04 5.200943723320960999e-02 7.933686902106273919e-06 2.159794270992279053e-01 1.587549224495887756e-03 9.564331548972404562e-07 9.947403073310852051e-01 1.299527951914569712e-07 9.831833839416503906e-01 1.457988866604864597e-03 1.823557340685511008e-07 5.868150196874921676e-07 5.385978221893310547e-01 1.022758428007364273e-03 7.996156346052885056e-04 5.249366807902333676e-08
3.883374574797926471e-06 3.115104118478484452e-05 5.156300630915211514e-07 3.819165576715022326e-04 1.862463541328907013e-04 3.468989234534092247e-06 7.116911411285400391e-01 1.520844250917434692e-01 1.837002673710230738e-05 9.874074459075927734e-01 6.550837042595958337e-06 7.827072143554687500e-01 3.750655101612210274e-03 2.328937443962786347e-05 9.219113417202606797e-05 4.101983606815338135e-01 9.996333718299865723e-02 4.584335722029209137e-03 4.055467343277996406e-06
6.827748144644374406e-09 9.888706520300161174e-11 2.704257080920102925e-15 1.168819441232926692e-08 5.427076830528676510e-04 4.050504723296377563e-12 4.820654392242431641e-01 1.386002168146660551e-05 6.503628885434764584e-11 9.940040707588195801e-01 2.293164573161088349e-12 9.993103742599487305e-01 9.252606105292215943e-05 9.599231267721011762e-14 1.527450854601347663e-13 6.485308408737182617e-01 5.946232704445719719e-05 8.256481009993876796e-07 1.520472549948470586e-12
1.781309379111917224e-06 1.569705009460449219e-01 7.314719141504610889e-07 3.756494820117950439e-01 5.335522246241453104e-08 8.437276477479827008e-08 9.288132190704345703e-01 7.209078222513198853e-02 3.925734290533000603e-06 1.246334363713685889e-06 7.632802834223184618e-08 6.139294406182216335e-09 7.244033622555434704e-05 9.989762306213378906e-01 1.267418701900169253e-04 3.186135290889069438e-05 4.354210942983627319e-02 1.044281944632530212e-02 1.989996789575343428e-08
8.292526602745056152e-01 9.372595741297118366e-06 6.182543366151094233e-11 9.991984963417053223e-01 9.681002497673034668e-01 1.194578658214595634e-07 7.678578794002532959e-02 8.055344835611322196e-08 3.640207751232082956e-06 1.149261606769869104e-06 9.086555508019955596e-09 1.640595644712448120e-01 3.311402451799949631e-06 9.828042379922408145e-08 2.991047495015664026e-06 3.179752454161643982e-02 3.050435334444046021e-03 6.788178552596946247e-07 2.684961142307429327e-09
4.752255976200103760e-03 7.695297827012836933e-04 8.826704345210600877e-08 1.247526705265045166e-01 1.677052583545446396e-03 1.440063468180596828e-03 2.804861962795257568e-02 3.538577118888497353e-03 4.215430180920520797e-06 9.985570311546325684e-01 2.921785380749497563e-06 2.452295422554016113e-01 1.772617548704147339e-02 3.145592472719727084e-06 1.341246388619765639e-04 1.908019371330738068e-02 6.582204950973391533e-04 7.028820691630244255e-04 4.712445331733761122e-07
1.043211761862039566e-02 3.424884378910064697e-02 4.176264337729662657e-05 1.370528619736433029e-02 1.189189776778221130e-02 7.023065816611051559e-03 2.976304292678833008e-01 1.382320821285247803e-01 3.612608183175325394e-03 9.535930156707763672e-01 1.981605775654315948e-03 4.606635570526123047e-01 9.446350485086441040e-02 5.958848050795495510e-04 7.083271630108356476e-04 2.155546247959136963e-01 2.002177014946937561e-02 1.424776483327150345e-02 1.106751034967601299e-03
8.122942745103500783e-06 2.440301045680826064e-07 5.819336332257840638e-12 2.248702202223284985e-07 1.953201572177931666e-04 3.024841680598910898e-05 4.261365905404090881e-02 1.731353841023519635e-04 1.280478500120807439e-06 9.999670982360839844e-01 2.141059773919096187e-08 7.838994860649108887e-01 1.274592592380940914e-03 3.534699226023785279e-12 1.485304101933593302e-09 7.744365930557250977e-02 4.248884579283185303e-06 7.048806764942128211e-06 3.451356533901162038e-08
6.685401499271392822e-02 5.901463031768798828e-01 9.996240139007568359e-01 2.798334360122680664e-01 2.534235827624797821e-03 3.724117996171116829e-04 6.442956626415252686e-02 3.477624952793121338e-01 1.432610879419371486e-04 4.392142407596111298e-03 2.179809380322694778e-03 9.312791517004370689e-04 5.915316566824913025e-02 9.184619784355163574e-01 3.562155738472938538e-02 4.172018170356750488e-02 1.793088391423225403e-02 1.359179336577653885e-02 8.224066696129739285e-04
4.964030161499977112e-02 9.588541090488433838e-02 3.072174265980720520e-03 7.547156512737274170e-02 7.464317977428436279e-02 2.955020777881145477e-02 4.919086694717407227e-01 2.319620251655578613e-01 2.741086296737194061e-02 7.600587010383605957e-01 1.460978575050830841e-02 4.705639481544494629e-01 1.752848327159881592e-01 1.048136409372091293e-02 1.283095870167016983e-02 2.803344726562500000e-01 8.897805958986282349e-02 5.565942451357841492e-02 1.064777746796607971e-02
1.304907351732254028e-01 5.842602252960205078e-02 1.770221441984176636e-02 2.243414521217346191e-01 3.050409555435180664e-01 2.963994815945625305e-02 5.154875516891479492e-01 1.807470172643661499e-01 3.249213099479675293e-02 4.640312194824218750e-01 1.613244041800498962e-02 6.067687869071960449e-01 1.781500577926635742e-01 2.950238436460494995e-02 3.866684064269065857e-02 3.662303090095520020e-01 1.759521514177322388e-01 1.592303365468978882e-01 1.268215104937553406e-02
1.448403596878051758e-01 5.720213428139686584e-02 1.997721148654818535e-03 6.193041205406188965e-01 2.897028923034667969e-01 7.058983668684959412e-03 4.124478995800018311e-01 8.739773929119110107e-02 1.067427825182676315e-02 4.116474986076354980e-01 5.237954668700695038e-03 4.856604933738708496e-01 1.167622432112693787e-01 1.512053422629833221e-02 1.880083791911602020e-02 2.854671180248260498e-01 1.224684640765190125e-01 4.690031334757804871e-02 2.485073171555995941e-03
9.065997258472791032e-11 2.193562415042649150e-10 3.756287642042721586e-11 9.999973773956298828e-01 9.340674067548349058e-12 1.274072019150844330e-15 2.674530744552612305e-01 1.175026627606712282e-04 1.322194957686928518e-11 1.606416555333112228e-09 4.127207326575674671e-18 6.439786939517683564e-15 4.167993381543055875e-07 1.066715994966216385e-04 6.769706669729202986e-05 3.997565611868481028e-10 9.999035596847534180e-01 3.895027944622597715e-08 3.503001738642619670e-15
5.782117568742251024e-06 4.230457051335179131e-08 2.182540537187804830e-10 5.378344576456584036e-05 8.845950663089752197e-02 8.207258588299737312e-07 3.208850026130676270e-01 7.814918353687971830e-05 1.535388491902267560e-07 9.921376109123229980e-01 1.177464792334603771e-09 9.959385395050048828e-01 1.700514694675803185e-04 4.435957379200772266e-09 1.693003781610968872e-08 6.659479737281799316e-01 2.769409911707043648e-04 1.930730359163135290e-04 2.676228572084937696e-09
5.826578671985771507e-06 3.907383927526097978e-07 2.263162053595113576e-11 1.888723090814892203e-05 1.391509140376001596e-04 2.904948814830277115e-07 1.018278952687978745e-02 7.112255552783608437e-04 5.042769757324094826e-09 9.999845027923583984e-01 4.508942996750420207e-09 9.132610559463500977e-01 2.269810211146250367e-04 1.124146997710795404e-09 1.636614577193995501e-08 2.017773538827896118e-01 7.491734868381172419e-05 7.377360452665016055e-05 2.735681958743185760e-10
7.144840201362967491e-04 5.323587101884186268e-04 2.851906211187582585e-10 4.734571278095245361e-02 1.619624967474919686e-08 8.169868692675663624e-07 7.380619535979349166e-06 2.064717933535575867e-02 5.660912277133389736e-12 9.999976158142089844e-01 4.067777581440168433e-08 2.612470090389251709e-02 4.459270276129245758e-03 4.572763828036841005e-06 9.544397983063390711e-08 2.024624962359666824e-03 1.020652962324675173e-05 2.852436387911438942e-03 1.874328123263602208e-11
4.401036072522401810e-03 1.522348378784954548e-03 4.529296404598426307e-07 5.792310833930969238e-02 2.737041935324668884e-02 1.386168296448886395e-04 6.965006142854690552e-02 8.945070207118988037e-03 1.010262076306389645e-05 9.935131669044494629e-01 1.603803866601083428e-05 8.116223216056823730e-01 1.011939626187086105e-02 2.433776535326614976e-05 3.765909787034615874e-05 2.881500422954559326e-01 2.644962631165981293e-03 3.144094021990895271e-03 1.238399818248581141e-06
4.781290499522583559e-06 1.455440656883411066e-08 3.523058038877591169e-14 8.032176310734939761e-07 1.734659194063681298e-09 7.506542942792293616e-09 4.572113141421141336e-07 1.029596605803817511e-04 2.248971577814996153e-14 1.000000000000000000e+00 2.233474689916636891e-11 1.381410658359527588e-01 7.421722693834453821e-05 3.055381197613477040e-13 1.618609586639951914e-11 1.578479190357029438e-03 2.748356564552523196e-08 4.469742634682916105e-06 2.388520467633378948e-15
1.989353680983185768e-03 4.685368016362190247e-02 9.408515179529786110e-04 6.570395082235336304e-02 2.883590292185544968e-03 2.125668543158099055e-04 8.284292221069335938e-01 3.502996563911437988e-01 7.321527227759361267e-03 2.227631509304046631e-01 1.584912184625864029e-03 8.097165822982788086e-02 7.008015364408493042e-02 5.024006590247154236e-02 1.379602588713169098e-02 1.238963827490806580e-01 4.397727549076080322e-01 2.531564235687255859e-02 1.937082619406282902e-03
9.056380949914455414e-03 9.925083816051483154e-02 5.930066108703613281e-03 4.540580883622169495e-02 7.036169990897178650e-03 5.502963322214782238e-04 8.101614117622375488e-01 4.905539453029632568e-01 2.079559676349163055e-02 1.742675900459289551e-01 1.040315441787242889e-02 1.477356553077697754e-01 1.077486276626586914e-01 6.434193998575210571e-02 2.275128103792667389e-02 1.881159245967864990e-01 5.682246685028076172e-01 4.692600667476654053e-02 9.330344386398792267e-03
7.539492216892540455e-04 4.936748882755637169e-05 2.731102100028692803e-08 3.010916407220065594e-04 9.715477062854915857e-05 5.202395550440996885e-05 2.450062427669763565e-03 6.878052372485399246e-03 2.457803702782257460e-07 9.999649524688720703e-01 1.379439822812855709e-06 4.421813488006591797e-01 5.442799534648656845e-03 9.388597277393273544e-08 1.264555521629517898e-06 5.650376155972480774e-02 1.316323905484750867e-04 8.628563955426216125e-04 3.455525643403234426e-08
3.528509661555290222e-02 3.292779147159308195e-04 8.637056453153491020e-06 8.626061081886291504e-01 3.638992011547088623e-01 2.216272987425327301e-02 3.269179463386535645e-01 9.876051917672157288e-04 6.984393694438040257e-04 3.469039499759674072e-01 3.794125632339273579e-06 4.584355652332305908e-01 1.134298276156187057e-02 4.494552194955758750e-05 1.437641587108373642e-02 6.818626075983047485e-02 2.007698826491832733e-02 5.870044697076082230e-03 1.050149330694694072e-05
7.611083239316940308e-02 1.595277106389403343e-03 6.762539328519778792e-07 6.722378730773925781e-01 6.446769237518310547e-01 5.119303823448717594e-04 3.424544334411621094e-01 5.819702055305242538e-04 6.508035003207623959e-04 1.522049903869628906e-01 1.135451930167619139e-05 7.884536981582641602e-01 6.683954969048500061e-03 4.949801586917601526e-05 1.505607942817732692e-04 2.580829560756683350e-01 8.951861411333084106e-03 1.437813509255647659e-03 1.158855047833640128e-05
1.556564029306173325e-02 3.928273450583219528e-03 6.307117473625112325e-06 2.433663457632064819e-01 8.829104714095592499e-03 5.603554658591747284e-03 1.449707895517349243e-01 1.420163456350564957e-02 1.455081946915015578e-04 9.790520668029785156e-01 4.470941712497733533e-05 2.384821921586990356e-01 4.730076342821121216e-02 1.010675623547285795e-04 1.915931934490799904e-03 3.568504750728607178e-02 7.522142026573419571e-03 3.308932762593030930e-03 2.083651452267076820e-05
9.566084742546081543e-01 1.079259812831878662e-01 9.945369362831115723e-01 5.357360001653432846e-03 3.912302851676940918e-01 6.392439445335185155e-06 9.688596427440643311e-02 4.749813303351402283e-02 1.941258960869163275e-05 1.203579735010862350e-02 2.152985107386484742e-04 6.307045817375183105e-01 3.355363607406616211e-01 5.512486211955547333e-03 7.525672117481008172e-06 7.612519711256027222e-02 2.126925624907016754e-03 1.194952521473169327e-03 1.739896833896636963e-04
1.389720418956130743e-04 3.243276864850486163e-07 1.278463024334541842e-08 4.916585749015212059e-04 6.188479065895080566e-01 2.331856649107066914e-06 6.891608834266662598e-01 3.193971861037425697e-05 1.557838550070300698e-05 1.339329183101654053e-01 2.297538514994812431e-08 9.952238202095031738e-01 7.362166070379316807e-04 1.065581400894188846e-07 8.014854557814032887e-08 6.333931088447570801e-01 1.960269175469875336e-03 1.389802549965679646e-03 1.949206449580742628e-07
1.252112239599227905e-01 1.698376834392547607e-01 1.020110622048377991e-01 3.772576153278350830e-01 3.949470818042755127e-02 3.782112151384353638e-02 4.547522366046905518e-01 3.995618522167205811e-01 3.702297061681747437e-02 1.789870411157608032e-01 1.683793403208255768e-02 8.300216495990753174e-02 2.113017439842224121e-01 2.817669510841369629e-01 2.465251535177230835e-01 1.036091744899749756e-01 2.915737330913543701e-01 3.453933298587799072e-01 1.659353636205196381e-02
3.059634323676618806e-08 1.403169299010187387e-04 2.462479287146379647e-08 7.029966916888952255e-03 3.616708283971092897e-07 5.334626251851659617e-08 9.999308586120605469e-01 2.661586040630936623e-03 8.867897093296051025e-03 2.701463017729111016e-07 4.948565674567362294e-06 3.971949809056241065e-07 7.443568028975278139e-05 9.900724887847900391e-02 7.153489626944065094e-03 5.254513598629273474e-05 7.383318543434143066e-01 3.559318138286471367e-04 1.129607699112966657e-04
1.463837083429098129e-02 1.956783235073089600e-03 2.025298635999206454e-05 7.691395003348588943e-03 5.960171693004667759e-04 8.714906871318817139e-04 7.213464472442865372e-03 4.907845333218574524e-02 1.012010307022137567e-05 9.989331364631652832e-01 1.499773352406919003e-04 3.193888664245605469e-01 3.684225678443908691e-02 3.341010597068816423e-05 1.403325732098892331e-04 6.887446343898773193e-02 1.860965276136994362e-03 1.176521182060241699e-02 4.882492703472962603e-06
9.558743238449096680e-01 4.653582870960235596e-01 1.179220434278249741e-02 2.454104833304882050e-02 9.026133269071578979e-02 8.786889375187456608e-04 1.124775111675262451e-01 1.932834088802337646e-01 1.066505629569292068e-02 2.149429172277450562e-02 6.243404000997543335e-03 3.083137273788452148e-01 6.388027667999267578e-01 8.540421724319458008e-03 2.718618197832256556e-04 4.158163815736770630e-02 1.144791580736637115e-02 1.293922308832406998e-02 1.022217795252799988e-02
4.262108888042348553e-08 1.270561642741085961e-05 1.144811790254607331e-06 1.165809680969687179e-05 5.493228400155203417e-06 1.224133029609220102e-06 9.999605417251586914e-01 2.806678647175431252e-03 6.532894968986511230e-01 5.411598067439626902e-06 1.051290018949657679e-04 3.627430705819278955e-04 2.868338197004050016e-04 1.253426424227654934e-03 3.582487115636467934e-03 7.722665905021131039e-04 4.925349950790405273e-01 8.211071603000164032e-03 2.961304225027561188e-02
9.524865448474884033e-02 2.895842194557189941e-01 9.976685643196105957e-01 2.174356877803802490e-01 1.745415851473808289e-02 1.817156793549656868e-03 4.812552332878112793e-01 5.331982970237731934e-01 1.872414164245128632e-02 2.710637263953685760e-02 5.403124261647462845e-03 9.731283411383628845e-03 1.627538651227951050e-01 4.365523457527160645e-01 1.154440492391586304e-01 1.205867975950241089e-01 4.362428486347198486e-01 4.626769572496414185e-02 3.554962947964668274e-02
1.446122117340564728e-02 1.335199624300003052e-01 7.832035407773219049e-06 5.345394611358642578e-01 1.711475306365173310e-05 3.627165278885513544e-05 3.553682239726185799e-03 4.013659954071044922e-01 3.345610082305938704e-07 9.663295149803161621e-01 4.488692502491176128e-05 1.728857122361660004e-02 6.250621378421783447e-02 1.513723433017730713e-01 1.556330826133489609e-04 1.692084595561027527e-02 3.869782201945781708e-03 1.007672250270843506e-01 8.006265943549806252e-07
1.376555417664349079e-03 4.981875463272444904e-05 1.026474727439108392e-08 5.425132694654166698e-04 1.178821455687284470e-02 2.149732790712732822e-05 3.687410056591033936e-02 2.093724673613905907e-03 1.191416345136531163e-06 9.986922144889831543e-01 9.381773793393222149e-07 9.024825692176818848e-01 3.616116475313901901e-03 1.288673701083098422e-07 4.378826190531981410e-07 2.417770624160766602e-01 3.370483755134046078e-04 6.730083259753882885e-04 1.097657005288965593e-07
5.431938916444778442e-06 2.486789981048787013e-06 2.399333425273653120e-06 9.884665012359619141e-01 6.178992043714970350e-05 3.508583645839280507e-08 9.248278141021728516e-01 1.470354152843356133e-03 7.095938599377404898e-06 1.031340616464149207e-05 2.649432229162584918e-09 6.534844487759983167e-06 4.203846328891813755e-04 4.928957787342369556e-04 6.377712357789278030e-03 1.791625400073826313e-04 9.282395243644714355e-01 1.557783616590313613e-05 1.718555324714543531e-07
1.538791402708739042e-04 3.718170410138554871e-05 5.293889060453693673e-08 5.010624954593367875e-05 1.067973766475915909e-02 5.715657243854366243e-05 4.901935756206512451e-01 5.569597706198692322e-03 1.017731701722368598e-04 9.751880764961242676e-01 7.144959909055614844e-06 9.082813858985900879e-01 9.762095287442207336e-03 1.816747641214533360e-07 1.145540181823889725e-06 3.588865995407104492e-01 2.811761107295751572e-03 5.939138354733586311e-04 1.227307711815228686e-05
9.947078302502632141e-03 5.885261089133564383e-06 1.327551579777264124e-08 6.657558679580688477e-01 8.251019120216369629e-01 6.605951057281345129e-05 3.000171184539794922e-01 1.454891662433510646e-05 1.860871452663559467e-05 5.297292023897171021e-02 3.098901757425664982e-08 9.540733695030212402e-01 2.883407578337937593e-04 5.332510113476018887e-07 2.063160536636132747e-05 2.932552993297576904e-01 4.588517826050519943e-03 3.308267565444111824e-03 6.632531324157753261e-08
1.373903732746839523e-02 9.558356367051601410e-03 6.282760296016931534e-04 3.409534692764282227e-02 1.978985592722892761e-02 4.171708133071660995e-03 2.275535762310028076e-01 1.676064431667327881e-01 1.483293599449098110e-03 9.616384506225585938e-01 2.168851438909769058e-03 5.760907530784606934e-01 6.810212880373001099e-02 1.856342423707246780e-03 5.454541184008121490e-03 2.964181005954742432e-01 6.692849844694137573e-02 5.666245520114898682e-02 6.032693781889975071e-04
3.236152231693267822e-03 4.101152298972010612e-04 2.191461589973187074e-07 1.405067276209592819e-02 4.533853207249194384e-04 3.745398717001080513e-04 7.579066790640354156e-03 1.080006919801235199e-02 1.077360479939670768e-06 9.997944235801696777e-01 5.404835974331945181e-06 4.304814636707305908e-01 1.346408855170011520e-02 2.447942051730933599e-06 3.972032209276221693e-05 5.081504955887794495e-02 6.481996388174593449e-04 1.706515206024050713e-03 3.038040290448407177e-07
1.147650107741355896e-01 3.115269243717193604e-01 1.755091216182336211e-04 8.605900220572948456e-03 2.507326565682888031e-02 3.866043873131275177e-03 6.237878799438476562e-01 1.696713417768478394e-01 4.808241873979568481e-02 3.262098431587219238e-01 1.109977252781391144e-02 4.868065118789672852e-01 2.196171283721923828e-01 1.725784386508166790e-03 6.116964505054056644e-04 9.968128800392150879e-02 3.363908082246780396e-02 7.030055858194828033e-03 1.903871260583400726e-02
3.506218781694769859e-04 7.249014452099800110e-03 7.899336196715012193e-06 6.038486608304083347e-04 2.662634477019309998e-03 4.008540417999029160e-04 8.644576668739318848e-01 1.235898435115814209e-01 4.287226591259241104e-03 7.971338033676147461e-01 8.420447702519595623e-04 5.011246800422668457e-01 8.753530681133270264e-02 9.299894736614078283e-05 1.599180250195786357e-04 2.716007530689239502e-01 3.870938345789909363e-02 2.426800783723592758e-03 1.718119718134403229e-03
5.156497309144469909e-07 4.545250078535900684e-07 1.296657892169150728e-08 2.451097825542092323e-03 1.565825426951050758e-03 3.859376533910108265e-07 9.935292601585388184e-01 8.045576978474855423e-04 1.225513824465451762e-05 2.894157357513904572e-02 4.199240777325030649e-08 3.619530498981475830e-01 3.653000108897686005e-03 2.515199184927041642e-06 7.983172690728679299e-05 1.305631548166275024e-01 1.032264381647109985e-01 3.546586085576564074e-04 1.186871031677583233e-06
7.419544090225826949e-08 6.500500262518471573e-07 1.528794035809966090e-10 1.110905714085674845e-06 1.910661922011058778e-05 1.637167628132374375e-07 7.619318962097167969e-01 1.534459181129932404e-02 2.128300820913864300e-06 9.979394078254699707e-01 1.805816793876147131e-07 8.690459728240966797e-01 1.201054197736084461e-03 7.726485229397894727e-09 8.223219793990210746e-08 3.419752717018127441e-01 5.129344761371612549e-03 7.559732330264523625e-05 1.769096513726253761e-07
4.124471545219421387e-02 2.819990217685699463e-01 5.099704867461696267e-05 5.106244683265686035e-01 5.481039261212572455e-05 7.334913971135392785e-05 7.941348478198051453e-03 4.889612793922424316e-01 2.469036189722828567e-06 8.556784987449645996e-01 1.050582359312102199e-04 2.089143171906471252e-02 1.241535022854804993e-01 3.064261972904205322e-01 2.884356363210827112e-04 2.230644412338733673e-02 6.447363644838333130e-03 1.459799110889434814e-01 5.276442607282660902e-06
3.295038938522338867e-01 3.591326177120208740e-01 6.848167628049850464e-03 2.874751575291156769e-02 4.974660649895668030e-02 2.954729134216904640e-03 7.818557024002075195e-01 3.315913677215576172e-01 2.540317475795745850e-01 3.590919449925422668e-02 2.133721858263015747e-01 2.717673778533935547e-01 1.767617166042327881e-01 2.579175122082233429e-02 2.331750094890594482e-02 1.093406900763511658e-01 5.197982192039489746e-01 2.877895347774028778e-02 2.342013716697692871e-01
6.747927665710449219e-01 4.776794910430908203e-01 1.318358927965164185e-01 1.139523163437843323e-01 8.326888084411621094e-02 1.806508190929889679e-02 2.630841434001922607e-01 3.938860893249511719e-01 5.891180410981178284e-02 2.070564031600952148e-01 4.629073292016983032e-02 3.105179071426391602e-01 6.332021951675415039e-01 6.208948418498039246e-02 1.464266330003738403e-02 1.551493406295776367e-01 7.774029672145843506e-02 1.236364990472793579e-01 5.925877019762992859e-02
4.789699018001556396e-01 7.448866963386535645e-02 4.995800554752349854e-05 3.303025732748210430e-04 1.856138557195663452e-02 1.192291383631527424e-03 7.513110041618347168e-01 5.745891481637954712e-03 2.119479626417160034e-01 8.172910660505294800e-02 5.312061868607997894e-03 5.127413868904113770e-01 9.161430597305297852e-02 3.362060670042410493e-05 4.550236917566508055e-05 2.278881520032882690e-02 6.457836832851171494e-03 1.198717975057661533e-03 3.090112507343292236e-01
8.643749170005321503e-03 1.621628552675247192e-02 1.740287916618399322e-05 1.631834544241428375e-02 5.962660070508718491e-03 2.863591769710183144e-03 1.492721140384674072e-01 1.065660268068313599e-01 6.915503763593733311e-04 9.842184185981750488e-01 8.249595412053167820e-04 4.632559418678283691e-01 6.672608107328414917e-02 2.894993522204458714e-04 4.068722482770681381e-04 1.844041794538497925e-01 1.346923317760229111e-02 1.267411187291145325e-02 2.125567261828109622e-04
5.764537490904331207e-04 8.117621473502367735e-05 8.771296466925093682e-10 2.414780203253030777e-03 1.850623050358990440e-07 4.009783424407942221e-06 2.568675154179800302e-05 8.225533179938793182e-03 1.465162713376599868e-10 9.999984502792358398e-01 1.379809333457160392e-07 1.025325804948806763e-01 3.061749972403049469e-03 1.694029805321406457e-07 1.953980444113767589e-07 5.783560685813426971e-03 1.702453846519347280e-05 7.925297250039875507e-04 1.666932425425926567e-10
4.680318534374237061e-01 2.407054416835308075e-02 7.522811938542872667e-05 2.093102317303419113e-03 1.438097748905420303e-02 1.702188892522826791e-04 4.765233770012855530e-02 2.651255577802658081e-02 2.829805307555943727e-04 8.535066246986389160e-01 5.542223225347697735e-04 5.944544076919555664e-01 5.789433121681213379e-01 1.416441682522417977e-05 7.603299764014082029e-06 9.043375402688980103e-02 6.527670775540173054e-04 9.380725212395191193e-03 7.850559777580201626e-04
4.157380666583776474e-03 2.263667993247509003e-04 3.124363843198807444e-07 3.196256293449550867e-04 1.109694363549351692e-03 1.907084078993648291e-04 1.911132968962192535e-02 1.135858148336410522e-02 1.107233492803061381e-05 9.992929697036743164e-01 1.753461765474639833e-05 5.612847805023193359e-01 3.058489970862865448e-02 2.281460353970032884e-07 2.655310026966617443e-06 1.004196926951408386e-01 3.801781567744910717e-04 2.241947455331683159e-03 3.279075144746457227e-06
1.167661696672439575e-01 1.591483056545257568e-01 9.712350554764270782e-03 1.909112632274627686e-01 1.261457949876785278e-01 6.779948472976684570e-01 3.474043607711791992e-01 5.154481530189514160e-02 1.724735051393508911e-01 4.342630133032798767e-02 7.594809867441654205e-03 3.720162808895111084e-02 5.444546416401863098e-02 9.471300244331359863e-02 1.013292372226715088e-01 3.389078751206398010e-02 4.487639665603637695e-02 6.657545268535614014e-02 3.588782250881195068e-02
9.746549129486083984e-01 2.178584188222885132e-01 3.862644080072641373e-04 2.038918435573577881e-02 5.426142811775207520e-01 9.061451419256627560e-05 2.324293553829193115e-01 2.092142775654792786e-02 1.673099701292812824e-03 5.719081033021211624e-03 2.021507825702428818e-03 6.555773019790649414e-01 8.096090704202651978e-02 7.455264567397534847e-04 1.867766150098759681e-05 6.189733371138572693e-02 6.808398757129907608e-03 1.233776216395199299e-03 9.833252988755702972e-04
2.608000431791879237e-05 3.370410195202566683e-05 2.963410565826052334e-07 5.100568523630499840e-04 1.069312216714024544e-03 1.283708115806803107e-05 3.638479709625244141e-01 3.673447296023368835e-02 1.308875653194263577e-05 9.943506717681884766e-01 4.722532139567192644e-06 8.413174748420715332e-01 3.683918388560414314e-03 5.597021754510933533e-06 3.524862040649168193e-05 3.866118788719177246e-01 2.215447835624217987e-02 3.134250175207853317e-03 1.922490582728642039e-06
1.400764333084225655e-03 3.339156508445739746e-03 1.445022644475102425e-03 7.459161430597305298e-02 3.487097332254052162e-03 4.340477287769317627e-03 9.418056011199951172e-01 8.075280487537384033e-02 3.370461612939834595e-02 3.829724853858351707e-03 6.896181148476898670e-04 4.106103908270597458e-03 2.914687618613243103e-02 7.400158047676086426e-02 2.972372174263000488e-01 8.899809792637825012e-03 7.259953022003173828e-01 3.158555552363395691e-02 9.744525887072086334e-03
1.900916977319866419e-04 4.315646492614177987e-06 2.359384909667028296e-10 8.185724436771124601e-05 3.859958326302148635e-07 1.371774601466313470e-06 2.736073111009318382e-05 1.926884055137634277e-03 1.190162829400875921e-10 9.999995231628417969e-01 2.714307356654899195e-08 1.854484230279922485e-01 1.245693070814013481e-03 2.219399553027301408e-09 2.366341256276882632e-08 7.776940707117319107e-03 4.377453933557262644e-06 1.614541688468307257e-04 3.173432697178846240e-11
6.963966879993677139e-03 5.972969811409711838e-04 1.872255097623565234e-06 4.922674037516117096e-03 8.381897211074829102e-02 2.902870182879269123e-04 1.454194635152816772e-01 8.691699244081974030e-03 5.570752909989096224e-05 9.821126461029052734e-01 2.889936513383872807e-05 8.878748416900634766e-01 1.378669403493404388e-02 1.077047545550158247e-05 1.988383701245766133e-05 3.474738597869873047e-01 3.118074964731931686e-03 4.620820283889770508e-03 7.938772796478588134e-06
1.047478336840867996e-02 1.404441334307193756e-02 4.656507968902587891e-01 2.564042620360851288e-02 1.002917289733886719e-01 3.389138728380203247e-03 6.909029483795166016e-01 2.221037447452545166e-01 1.434267032891511917e-02 3.015189766883850098e-01 2.169410930946469307e-03 4.551202952861785889e-01 1.710287034511566162e-01 1.009945478290319443e-02 7.191131822764873505e-03 3.769314289093017578e-01 1.909353286027908325e-01 2.171236276626586914e-02 6.819118745625019073e-03
3.132450729026459157e-05 7.756984559819102287e-04 1.146186041296459734e-04 3.672277089208364487e-03 4.296347615309059620e-04 2.355758260819129646e-05 9.961387515068054199e-01 5.717264860868453979e-02 4.580193012952804565e-02 1.357511267997324467e-03 1.562505611218512058e-03 6.891559343785047531e-03 1.196139119565486908e-02 1.186745427548885345e-02 2.666995301842689514e-02 1.642918772995471954e-02 8.236496448516845703e-01 6.650940980762243271e-03 1.772310398519039154e-02
6.920139491558074951e-02 3.063307330012321472e-02 3.082283958792686462e-02 1.658961474895477295e-01 3.594155311584472656e-01 1.940290927886962891e-01 6.564956307411193848e-01 6.792569905519485474e-02 2.302605658769607544e-01 1.251086443662643433e-01 1.674730144441127777e-02 3.386051654815673828e-01 9.944788366556167603e-02 2.445127069950103760e-02 8.341606706380844116e-02 2.273836582899093628e-01 1.741000413894653320e-01 1.519059240818023682e-01 5.442397296428680420e-02
9.999880790710449219e-01 6.408400833606719971e-02 4.781950946330937313e-10 3.067014217376708984e-01 9.193462729454040527e-01 3.049678218292051213e-11 5.557680968195199966e-03 3.139715045108459890e-05 1.962409434952405718e-08 1.412181660498390556e-07 1.105812998503097333e-06 4.451920688152313232e-01 3.176677564624696970e-04 2.470128947607008740e-06 3.874616252841356356e-11 1.076642307452857494e-03 1.890640487545169890e-05 1.002566474284094511e-08 2.886168859461690772e-09
5.664587765932083130e-02 8.758779615163803101e-03 4.868544172495603561e-03 5.668034553527832031e-01 1.141750998795032501e-02 1.228753197938203812e-02 5.470302104949951172e-01 1.255093961954116821e-01 3.972271457314491272e-03 1.166306361556053162e-01 4.228868638165295124e-04 1.883913949131965637e-02 7.410246133804321289e-02 5.736312270164489746e-02 4.438930749893188477e-01 1.334379240870475769e-02 6.812697649002075195e-01 6.444118916988372803e-02 1.152908662334084511e-03
3.874721527099609375e-01 8.538119494915008545e-02 3.767551388591527939e-04 6.810532510280609131e-02 9.734138729982078075e-04 5.448127049021422863e-04 8.402971550822257996e-03 1.522513777017593384e-01 3.259615914430469275e-05 9.553412795066833496e-01 6.600441411137580872e-04 2.970803380012512207e-01 4.957640767097473145e-01 1.110480516217648983e-03 1.498832716606557369e-04 4.875885695219039917e-02 1.609034836292266846e-03 9.932459145784378052e-02 2.118356496794149280e-04
2.628196729347109795e-03 2.573308302089571953e-04 4.108520101908652578e-07 1.745487796142697334e-03 5.307330138748511672e-05 1.127083523897454143e-04 1.403217203915119171e-03 1.692350395023822784e-02 2.820087843247165438e-07 9.999237060546875000e-01 8.309530130645725876e-06 2.844030857086181641e-01 1.001820899546146393e-02 1.489275632593489718e-06 1.103506019717315212e-05 3.376962989568710327e-02 3.266515268478542566e-04 2.742583397775888443e-03 1.184838325229975453e-07
1.198494210839271545e-01 9.349305182695388794e-02 5.576917901635169983e-03 1.652000397443771362e-01 1.236567273736000061e-02 1.995044946670532227e-02 9.414437413215637207e-02 2.790849506855010986e-01 2.388290595263242722e-03 9.402920603752136230e-01 1.137451734393835068e-02 3.375336527824401855e-01 1.898632198572158813e-01 1.638170517981052399e-02 1.529730111360549927e-02 1.510025262832641602e-01 4.699979349970817566e-02 1.332793086767196655e-01 1.926418393850326538e-03
9.023125749081373215e-04 1.108468495658598840e-04 3.407947346545370237e-08 6.150109693408012390e-04 5.093879532068967819e-03 1.179052633233368397e-04 5.376968532800674438e-02 5.611308384686708450e-03 8.633778634248301387e-06 9.988889098167419434e-01 4.087882643943885341e-06 7.927548289299011230e-01 6.410098634660243988e-03 4.181434576366882538e-07 3.246057076466968283e-06 2.028608918190002441e-01 7.841337937861680984e-04 9.760825196281075478e-04 7.633383916072489228e-07
2.706140512600541115e-04 2.467042577336542308e-06 3.412126137192217357e-10 2.878524173866026103e-05 3.040848923774319701e-07 6.072530709388956893e-07 2.530905658204574138e-05 1.665482413955032825e-03 6.912547617643483022e-11 9.999995231628417969e-01 2.097942441992017848e-08 1.957101225852966309e-01 1.881447038613259792e-03 5.420965898395024851e-10 7.933753209954375052e-09 7.599947974085807800e-03 2.321326064702589065e-06 1.760221202857792377e-04 3.119838415388542785e-11
