2.485276944935321808e-02 3.453031182289123535e-02 7.637925911694765091e-03 5.253779888153076172e-02 5.173276737332344055e-02 8.744494989514350891e-03 8.586226701736450195e-01 1.043425947427749634e-01 1.096633076667785645e-01 6.861773133277893066e-02 1.038771588355302811e-02 2.114020138978958130e-01 1.005159467458724976e-01 2.190447784960269928e-02 3.350676968693733215e-02 1.351308971643447876e-01 1.842485964298248291e-01 8.020425587892532349e-02 3.961632028222084045e-02
1.124573638662695885e-03 1.123321226259577088e-06 4.053986082919701361e-14 1.000000000000000000e+00 1.587504993949551135e-05 1.869843169188811771e-11 9.990284297600737773e-07 2.615679761674982728e-07 4.684910770956507431e-13 3.977567359925160417e-07 3.517179376113762149e-16 8.764878471449744080e-13 3.036929911104380153e-06 8.767982944846153259e-05 4.033513079093609122e-08 4.561172417538728041e-08 9.832191426539793611e-05 2.001950471716695823e-12 2.421962598940399607e-16
2.157223184806600358e-11 5.387353545047229516e-17 2.079220101264860239e-26 1.889344014571747721e-09 4.187023267149925232e-02 1.621128226233711778e-14 6.720856763422489166e-04 3.931518739036521382e-12 2.116955261833859084e-19 1.000000000000000000e+00 1.069032113230582181e-22 9.999983310699462891e-01 1.479924793823528262e-10 6.250663706997349872e-22 2.650013809952986205e-20 6.745218038558959961e-01 9.453609770004867130e-12 6.924833623189741161e-11 6.026513140627687561e-24
3.994325743406079710e-05 3.940231749766098801e-07 7.731820825945812103e-13 1.657344364502932876e-05 4.246445861610936845e-09 3.806738391176622827e-08 9.112225711760402191e-07 4.986399435438215733e-04 1.450122303053164030e-13 1.000000000000000000e+00 4.670277498064479005e-10 1.004175022244453430e-01 3.617288020905107260e-04 3.419473385002369525e-11 2.335226456651184890e-10 1.846383442170917988e-03 1.833317071486817440e-07 2.524113369872793555e-05 7.700689586866149572e-14
1.380292512476444244e-02 1.436032835044898093e-05 5.623824073097694054e-09 4.828219971386715770e-06 5.186498128750827163e-07 2.698449996785257099e-08 1.616844929230865091e-05 1.150466036051511765e-03 4.664204092397206125e-11 9.999850988388061523e-01 2.322777703511746950e-08 2.980154156684875488e-01 1.815528869628906250e-01 8.213019153657796778e-11 7.259322309938198714e-11 7.518789265304803848e-03 1.167643333133128181e-07 3.603757650125771761e-04 7.414769354063821538e-10
3.536547883413732052e-04 1.602842480963317939e-08 2.691262468955402110e-13 1.287608593702316284e-01 9.100252985954284668e-01 1.488458991616425919e-07 2.619228661060333252e-01 1.073422737363216584e-07 3.956848715347405232e-08 9.813926368951797485e-02 5.758399399674596353e-12 9.969575405120849609e-01 1.017357590171741322e-05 9.832777925211644288e-10 4.560639865758275846e-09 4.676720798015594482e-01 1.170770847238600254e-04 1.095533880288712680e-04 2.989808053910358865e-11
2.242541499435901642e-02 7.426849890634912299e-08 1.650281702673841826e-15 9.976182579994201660e-01 9.842925667762756348e-01 1.384184500352603209e-08 2.898413874208927155e-02 1.324958032178358280e-09 2.862006276416195760e-08 9.518521255813539028e-04 8.128063651823003166e-13 9.602411389350891113e-01 5.999895051900239196e-07 4.562804301055933820e-10 8.545522067748834161e-10 3.171360492706298828e-01 1.170302130049094558e-04 4.229039859637850896e-06 1.317881350923477690e-12
1.872332766652107239e-03 6.350274195376925945e-10 1.737286908695108927e-18 9.999448060989379883e-01 9.890469908714294434e-01 3.070798060278434605e-10 5.140377283096313477e-01 1.128679181366942785e-11 5.440360837383195758e-07 4.171237577565989341e-08 1.541666777961706036e-13 3.298295140266418457e-01 3.512659940696494232e-09 1.874106599075719970e-11 1.330674948007981584e-08 5.070847272872924805e-02 5.699450848624110222e-04 2.013166167103008775e-08 1.064623974915412941e-12
1.065767355612479150e-05 4.589065164327621460e-02 7.041161325105349533e-07 4.257197380065917969e-01 1.697845164017053321e-06 5.949753045797478990e-08 9.246573597192764282e-02 4.990968406200408936e-01 4.491576532927865628e-07 7.431290149688720703e-01 5.650222192343790084e-07 1.224563340656459332e-03 4.941594786942005157e-03 7.175086140632629395e-01 9.666563710197806358e-05 2.325711213052272797e-02 1.098319292068481445e-01 8.655974641442298889e-03 1.343380233720381511e-07
4.886031383648514748e-04 2.478969516232609749e-03 3.629573530616880817e-09 9.920404553413391113e-01 9.084346856980118901e-07 5.510772211891890038e-07 2.230313402833417058e-04 4.979035258293151855e-02 1.252500880788431914e-10 9.989775419235229492e-01 2.101779195129438449e-08 1.296449569053947926e-03 6.070851814001798630e-03 7.725432049483060837e-03 1.358495046588359401e-05 8.071851334534585476e-04 1.598715200088918209e-03 1.975436462089419365e-03 5.702409031083099933e-11
8.465782457278692164e-07 3.593035216908901930e-06 5.681559223091880995e-09 2.910208329558372498e-02 3.194815362803637981e-04 3.313112258911132812e-02 9.992488026618957520e-01 2.696276624192250893e-06 9.029115550220012665e-03 9.553541246987151681e-08 1.535481075620737101e-09 1.059753685694886371e-06 7.968917088874150068e-06 2.192456508055329323e-03 7.402174174785614014e-02 6.835472049715463072e-06 3.222632920369505882e-03 6.827549805166199803e-05 1.278942545468453318e-05
1.156869171785954617e-23 2.411132783315614419e-22 2.297447703235934954e-22 1.000000000000000000e+00 2.286867626992855579e-22 1.164805514862576802e-29 9.982880949974060059e-01 4.887458771030139815e-10 5.032618040689925597e-22 1.584945649817283093e-19 1.258706099285395791e-36 4.224967061338304337e-26 1.347402549776999248e-13 2.913484731248416892e-10 1.768566271209692786e-08 9.183299603559609428e-18 1.000000000000000000e+00 8.585185154957216389e-18 1.910001155596192341e-27
5.442799196808862944e-16 3.766792325977132218e-18 8.862325033394341360e-21 1.076628675100721466e-09 5.155905091669410467e-05 9.203716406310888279e-17 9.984396100044250488e-01 4.878641046701659434e-09 3.871145212112209189e-14 1.566885113716125488e-01 5.026543420949585796e-19 9.997752308845520020e-01 2.358123794010680285e-07 5.117267825392335259e-17 1.805613569156650812e-15 8.923701643943786621e-01 9.415540989721193910e-05 4.041984880132076796e-08 1.757532749757385318e-16
2.292018788305205668e-12 2.042096418179706330e-13 2.303448131240742056e-16 2.359782456551329233e-06 1.506703392806230113e-05 3.751431457144072112e-12 9.964828491210937500e-01 1.565793922964076046e-06 5.324574808840409901e-11 6.054724454879760742e-01 9.675971605709304119e-15 9.514786601066589355e-01 9.237854101229459047e-06 5.076216140140199506e-13 5.177804851541623066e-10 2.868822813034057617e-01 1.912354491651058197e-03 1.871173481049481779e-06 1.191924488795625958e-12
3.744415007531642914e-04 3.942963758163386956e-06 2.156692359422951455e-11 1.294037699699401855e-01 5.237675182456769107e-08 1.004292880679713562e-05 3.148797986796125770e-06 2.600614388938993216e-04 1.791096784775625395e-12 1.000000000000000000e+00 2.044211744323121138e-10 1.753318868577480316e-02 8.467798470519483089e-04 1.494597001716613249e-09 4.090149730018310947e-07 9.177922038361430168e-05 1.053108348969544750e-06 2.625691377033945173e-05 4.503458424318790287e-13
2.078030405527897528e-07 2.370569200138561428e-05 2.183114702347666025e-06 6.823139847256243229e-04 3.657729394035413861e-06 3.360088953741069417e-07 9.837696552276611328e-01 2.857805974781513214e-02 1.208933815360069275e-02 3.528803790686652064e-05 7.403509243886219338e-06 4.105098560103215277e-05 7.017703028395771980e-04 6.096750497817993164e-02 1.679191715084016323e-03 3.430171171203255653e-03 8.782535195350646973e-01 9.926080703735351562e-01 1.454431476304307580e-04
1.366219521514722146e-06 8.948013419285416603e-05 1.018986949929967523e-05 1.687642885372042656e-03 1.498526671639410779e-05 1.865569629444507882e-06 9.736198186874389648e-01 4.415228962898254395e-02 1.768713817000389099e-02 1.190358452731743455e-04 2.735645466600544751e-05 1.325650227954611182e-04 1.709058764390647411e-03 8.345364034175872803e-02 3.562116296961903572e-03 6.294923368841409683e-03 8.298138380050659180e-01 9.868739247322082520e-01 3.553744172677397728e-04
1.996288150548934937e-01 2.132315374910831451e-02 1.252749061677604914e-04 9.996517896652221680e-01 2.141992188990116119e-02 9.714839980006217957e-04 7.083799690008163452e-03 1.490275189280509949e-02 1.949994475580751896e-05 2.103120684623718262e-01 1.012394568533636630e-05 2.060930244624614716e-03 5.049659684300422668e-02 2.222823165357112885e-02 5.474936682730913162e-03 8.847178891301155090e-03 1.620898395776748657e-02 1.226217369548976421e-03 4.219761649437714368e-06
1.428764221600431483e-06 4.950931611347186845e-07 1.011799000139035343e-08 9.999983310699462891e-01 2.748863153101410717e-06 1.712225206063067162e-08 1.340172141790390015e-01 3.174461307935416698e-04 5.133686045155627653e-07 1.367294771625893191e-06 2.077054890928242692e-12 1.167882179853307889e-10 3.063258918700739741e-05 6.992018315941095352e-04 1.450514071621000767e-03 3.644278478986962000e-07 5.924072265625000000e-01 1.398184679146652343e-07 5.853715429049444197e-11
3.808056362686329521e-06 3.968292219269642374e-07 1.415196404508378691e-09 9.999998807907104492e-01 1.155408790509682149e-05 1.435248151437917841e-07 3.933713585138320923e-02 5.530772250494919717e-05 6.034802595422661398e-07 6.070677613934094552e-07 9.811386729105531224e-13 7.192904605268779505e-11 1.387148586218245327e-05 2.459172974340617657e-04 8.940846892073750496e-04 3.022242083261517109e-07 1.396895498037338257e-01 3.765022427160147345e-08 3.076113322397766581e-11
9.909269809722900391e-01 6.165931001305580139e-02 4.634088782040635124e-06 9.997040629386901855e-01 3.469197452068328857e-01 1.263457306777127087e-06 2.176963258534669876e-03 1.587130594998598099e-03 2.019043677137233317e-06 5.198622820898890495e-04 6.398283585440367460e-05 1.134499348700046539e-02 1.251520961523056030e-02 5.013956222683191299e-03 4.571945828502066433e-05 9.087767452001571655e-03 3.508162684738636017e-03 1.433230863767676055e-05 2.472969299560645595e-06
1.560116708278656006e-01 2.720638411119580269e-03 3.592130087781697512e-04 9.985877275466918945e-01 2.406705869361758232e-03 5.032621789723634720e-03 5.647103302180767059e-03 1.291642338037490845e-02 5.925318419031100348e-06 5.396507978439331055e-01 6.448547651416447479e-07 7.558888173662126064e-04 5.006943270564079285e-02 6.760741118341684341e-03 7.970762997865676880e-02 8.050504256971180439e-04 1.261870935559272766e-02 1.061706990003585815e-02 3.740383078820741503e-07
6.152303889393806458e-03 7.646482554264366627e-04 1.769999653333798051e-04 9.862392544746398926e-01 5.514314398169517517e-04 4.751590546220541000e-03 7.198530435562133789e-02 3.893150389194488525e-02 1.997977051360066980e-05 6.947966217994689941e-01 9.029533885041018948e-07 6.206553080119192600e-04 1.550779771059751511e-02 8.476818911731243134e-03 2.279829680919647217e-01 6.306087598204612732e-04 1.697650700807571411e-01 2.626494504511356354e-02 6.395259219971194398e-07
3.362123679835349321e-04 7.497304068238008767e-06 1.007740305048951401e-13 9.997844099998474121e-01 5.984596707087064260e-10 1.253814208013181997e-08 2.461004555698309559e-08 1.479123457102105021e-04 8.426780067653311590e-18 1.000000000000000000e+00 5.844034701692549238e-14 2.155567053705453873e-04 1.015916350297629833e-03 4.758998528586744214e-08 7.927898337811711826e-09 1.413687073181790765e-06 2.511821151074400404e-07 8.384747161471750587e-06 6.594855838666317043e-18
3.769676387310028076e-02 7.279789424501359463e-04 1.235284763367872074e-08 9.999524354934692383e-01 2.662946144482702948e-06 7.997138709470164031e-06 4.298653493606252596e-06 2.727989340201020241e-03 5.687633090195598484e-12 9.970755577087402344e-01 1.316689257624403808e-10 7.747978816041722894e-05 1.838349550962448120e-02 5.050501204095780849e-04 2.464259159751236439e-05 1.533195427327882499e-05 4.751071173814125359e-05 1.086964854039251804e-03 3.593637757162704283e-12
3.138475492596626282e-02 4.727260675281286240e-03 6.218929815560159113e-09 9.999991655349731445e-01 1.486677065258845687e-04 5.783408028037229087e-07 3.388606273801997304e-05 2.373772207647562027e-03 2.736741389064434316e-10 2.608530819416046143e-01 1.400751181712678317e-09 7.782328793837223202e-06 9.096157737076282501e-03 5.126016214489936829e-02 8.110720045806374401e-06 2.784331154543906450e-04 3.332593769300729036e-04 8.124514715746045113e-05 1.192184823084474488e-10
8.136653900146484375e-01 6.348643451929092407e-02 9.428252951693139039e-07 9.999511241912841797e-01 1.442672759294509888e-01 1.130653458858432714e-06 1.875699497759342194e-02 3.122416557744145393e-03 1.900231873150914907e-04 1.455972960684448481e-04 3.865545848384499550e-03 1.058522146195173264e-03 2.083957195281982422e-03 1.088359113782644272e-02 1.097870190278626978e-04 5.192357581108808517e-03 7.392781227827072144e-02 1.859177473306772299e-06 1.370082372886827216e-05
4.249082682927785015e-11 1.525904846921832814e-09 7.868900531171618695e-10 1.403581234626471996e-03 1.110622971367547507e-08 4.975219194958135915e-11 9.998599290847778320e-01 2.893461787607520819e-04 5.712917072742129676e-07 3.796557379587284231e-08 1.297467428634790920e-11 1.760449208632053342e-07 1.911316212499514222e-05 2.805045005516149104e-05 1.577615155838429928e-03 8.396629709750413895e-06 9.986650943756103516e-01 2.446040070935850963e-06 3.391868688140675658e-07
6.422881484031677246e-01 9.395959228277206421e-02 1.411973149515688419e-03 4.357814490795135498e-01 5.243574827909469604e-02 4.177912604063749313e-03 9.527060389518737793e-02 1.013908237218856812e-01 8.323836373165249825e-04 7.223260402679443359e-01 1.356084598228335381e-03 3.245001733303070068e-01 3.045668601989746094e-01 3.386323107406497002e-03 3.798206336796283722e-03 5.080357193946838379e-02 2.282455563545227051e-02 3.599100559949874878e-02 6.629636627621948719e-04
2.724328041076660156e-01 1.527046710252761841e-01 1.660715788602828979e-02 9.881862998008728027e-01 6.373727321624755859e-02 1.647725328803062439e-02 5.796165764331817627e-02 1.483706831932067871e-01 2.212368417531251907e-03 9.708780795335769653e-02 1.879939693026244640e-03 7.900878787040710449e-03 1.425213217735290527e-01 2.741444408893585205e-01 6.049985438585281372e-02 4.442885890603065491e-02 8.250260353088378906e-02 4.741518199443817139e-02 1.242903759703040123e-03
4.993162772137793581e-09 1.775009650373249315e-07 1.078879652283148971e-09 4.565715417265892029e-02 4.895790425507584587e-06 4.137296400585910305e-06 9.999710321426391602e-01 9.917636816680897027e-06 2.728578983806073666e-04 1.853773667903624300e-08 7.847268668204065989e-11 1.695280786861985689e-07 1.482992138335248455e-05 2.004356589168310165e-03 5.030774325132369995e-02 3.717023901117499918e-06 1.091060936450958252e-01 8.056402293732389808e-06 6.477893634837528225e-07
5.065647883384372108e-07 1.289772171730874106e-06 1.789993930856326187e-08 6.448110938072204590e-01 1.307049678871408105e-04 5.342434451449662447e-05 9.990695118904113770e-01 2.436207796563394368e-05 6.483012693934142590e-04 1.818973771605669754e-07 6.988873924029803675e-10 8.138661655721080024e-07 4.193996937829069793e-05 1.340939663350582123e-03 6.817501783370971680e-02 1.348738624074030668e-05 7.860235869884490967e-02 2.070352638838812709e-05 1.072772420229739510e-06
6.067060098757792730e-07 1.627803101200697711e-07 1.371300868413527496e-07 5.920098163187503815e-03 1.332324899294690113e-07 9.993416666984558105e-01 2.558497653808444738e-04 6.138019671197980642e-06 2.598487772047519684e-04 3.315045432827901095e-06 4.077821847553453338e-12 1.366479152054012047e-10 3.123283931927289814e-06 3.271445864811539650e-03 9.960454106330871582e-01 5.167642425085716695e-10 4.371216637082397938e-04 3.161157655995339155e-04 5.056496377164876321e-08
2.740505151450634003e-03 2.277521271025761962e-04 3.056675632251426578e-05 9.991451501846313477e-01 2.546043542679399252e-04 3.517996668815612793e-01 1.753609161823987961e-03 3.256007097661495209e-03 1.186444278573617339e-04 5.034329951740801334e-04 6.399350382935153903e-09 1.242667764245197759e-07 1.669155666604638100e-03 1.756991818547248840e-02 1.996578872203826904e-01 8.249088750744704157e-06 4.354925826191902161e-03 2.412887103855609894e-02 1.084241603166447021e-06
2.276027575135231018e-02 6.093633826822042465e-03 7.708975463174283504e-04 9.657405614852905273e-01 5.202887579798698425e-03 6.277800202369689941e-01 1.734780333936214447e-02 1.795195601880550385e-02 5.077342968434095383e-03 4.976762458682060242e-03 7.377248493867227808e-06 5.047567537985742092e-05 1.299940887838602066e-02 5.750193819403648376e-02 2.294828742742538452e-01 4.456706228666007519e-04 1.829057000577449799e-02 4.998343437910079956e-02 2.171531668864190578e-04
1.460852949719537719e-08 6.428506164890546160e-12 5.874444859379452797e-21 1.893218470883084592e-09 4.996549354818746735e-11 6.141358255273843270e-12 2.716264901891918271e-08 7.574031428703165147e-07 1.475952532446357251e-18 1.000000000000000000e+00 2.914665253094873062e-16 4.585490226745605469e-01 5.975090289211948402e-07 1.144677243671679718e-18 6.718908859593445901e-16 1.003065146505832672e-03 8.341576734904876389e-11 1.038320984747542752e-08 9.584543373239065561e-21
2.523813163861632347e-03 1.039549351844470948e-05 7.952736247318625828e-09 2.570348806330002844e-05 1.020506147142441478e-06 5.681376933353021741e-07 5.134972525411285460e-05 2.644677180796861649e-03 3.002960380360519821e-10 9.999957084655761719e-01 1.005333913894901343e-07 2.356947958469390869e-01 1.523897890001535416e-02 1.154129014580007606e-09 4.816223864168023283e-09 1.083039492368698120e-02 2.099389121212880127e-06 4.502955998759716749e-04 6.162156340749902483e-10
2.516187123546842486e-05 4.693961273005697876e-07 1.747790687135417076e-13 5.068332029622979462e-05 1.318919307102817129e-09 3.913928736665184260e-08 3.515259834330208832e-07 4.340814484748989344e-04 3.580121970907755580e-14 1.000000000000000000e+00 1.818867140235269630e-10 7.875431329011917114e-02 2.158201386919245124e-04 4.116357602002018723e-11 2.376225882727567296e-10 1.058024587109684944e-03 1.251831349691201467e-07 1.591139516676776111e-05 2.076129930949840996e-14
1.717500253128889653e-09 1.521701376017148277e-10 9.190624287883766488e-18 2.207129617959324719e-11 2.044445636784075759e-06 2.114162711563949415e-08 1.319151073694229126e-01 6.968826255615567788e-06 7.954102265728124621e-09 9.999973773956298828e-01 7.017652518120920391e-12 9.487717151641845703e-01 5.921063711866736412e-05 4.294467961363388419e-17 3.209635180789587039e-14 8.672320842742919922e-02 1.787244769957396784e-07 2.360823536662337574e-08 6.306372091202661068e-11
1.417739596217870712e-02 7.414571009576320648e-04 2.840753040800336748e-06 1.182265812531113625e-03 6.146781379356980324e-04 1.730842195684090257e-04 8.548581041395664215e-03 2.570519037544727325e-02 5.338970368029549718e-06 9.991152882575988770e-01 4.312441160436719656e-05 4.290570616722106934e-01 5.651924014091491699e-02 1.798457219592819456e-06 8.683406122145242989e-06 7.675334066152572632e-02 5.793537711724638939e-04 6.023436319082975388e-03 3.850589564535766840e-06
5.473253130912780762e-01 2.100568823516368866e-02 3.351915438543073833e-05 1.267769606783986092e-03 9.156839805655181408e-04 6.499219580291537568e-06 2.356715733185410500e-03 1.970091834664344788e-02 2.670715730346273631e-06 8.773825168609619141e-01 4.475659807212650776e-05 4.820257425308227539e-01 9.175273776054382324e-01 4.167916358710499480e-06 5.854265623383980710e-07 4.346035420894622803e-02 3.863114397972822189e-05 1.485482603311538696e-02 2.756175126705784351e-05
2.394241285807487130e-14 8.342319890441984853e-12 2.162124866216539112e-15 9.999302625656127930e-01 2.928341129423885775e-15 5.724423606244116657e-18 5.938231013715267181e-03 4.079970240127295256e-04 3.527164200495995841e-15 2.959659184398333309e-10 4.598235506653448089e-23 1.457289580068359271e-17 7.512500843631642056e-09 2.630681730806827545e-03 9.528044756734743714e-05 1.971762813787747426e-12 9.999986886978149414e-01 8.440700173377990723e-02 5.671950576906202793e-18
2.674140353597920239e-10 3.965954648021963180e-11 8.136617768439435849e-11 9.999998807907104492e-01 3.046422489272337941e-11 1.411130934325655062e-10 8.750827983021736145e-04 1.407982053933665156e-04 2.999704163449828931e-13 8.196333567411784315e-08 2.718938472935253846e-20 4.407208509864078824e-16 2.733275437094562221e-07 1.464755623601377010e-04 1.433659251779317856e-02 4.220487240941261931e-12 9.913777112960815430e-01 3.031484957318753004e-04 1.405562833079090749e-17
2.376440912485122681e-03 8.382279474972165190e-07 2.916565045030239389e-10 9.997060894966125488e-01 1.608322001993656158e-02 4.501470903051085770e-05 2.018819795921444893e-03 4.432303285284433514e-06 4.045135337804595110e-10 9.985728263854980469e-01 8.137964260801489047e-12 2.757382392883300781e-01 4.090463917236775160e-04 9.819231649998982903e-09 1.015469169942662120e-04 2.669921377673745155e-03 1.924218813655897975e-04 1.082278140529524535e-05 3.356646286877679186e-13
1.683138361840974540e-05 7.371671381406486034e-05 1.732496821205131710e-05 7.154308557510375977e-01 1.308025912294397131e-05 5.800498001917731017e-06 1.658886671066284180e-01 6.055223941802978516e-02 2.013297671510372311e-05 7.137850625440478325e-04 3.154163508156671014e-08 1.192986746900714934e-05 1.693949219770729542e-03 5.133210495114326477e-02 9.159697592258453369e-02 1.741274172673001885e-04 9.900318384170532227e-01 3.729457259178161621e-01 2.909989007093827240e-06
9.895164370536804199e-01 2.697348361834883690e-03 1.376292431132242200e-07 8.278314471244812012e-01 4.860158264636993408e-01 3.221481165383011103e-06 3.557609319686889648e-01 9.280352969653904438e-05 3.823123406618833542e-04 2.180245701310923323e-06 3.076767461607232690e-05 4.459515586495399475e-02 1.637904642848297954e-04 2.390877343714237213e-04 3.454002318903803825e-03 7.552832248620688915e-04 6.633518636226654053e-02 3.941899649362312630e-06 1.456542213418288156e-05
1.585348099470138550e-01 6.558337211608886719e-01 1.496990762461791746e-06 9.679448604583740234e-01 4.615348007064312696e-04 5.071307782600342762e-07 2.566589415073394775e-01 1.089434474706649780e-01 1.729334471747279167e-03 3.332790947752073407e-05 7.759834825992584229e-02 9.177090396406129003e-05 1.450745505280792713e-03 2.327345609664916992e-01 8.190229709725826979e-05 5.606455961242318153e-04 1.823992878198623657e-01 5.991935177007690072e-05 2.565294562373310328e-05
3.858269154584575229e-17 1.092454252060726105e-11 2.395737400102222400e-16 1.806609202514852797e-11 3.025925321940847734e-13 1.968491334529193140e-18 1.000000000000000000e+00 5.678305683431972284e-07 9.992028772830963135e-02 4.705108356287080948e-15 1.209116184952563344e-08 4.664582053948151952e-09 1.069695887423449676e-09 7.297301607422923553e-08 2.999434173034387641e-06 1.415194361698013381e-08 9.997254014015197754e-01 6.244163408553049521e-09 3.455228637903928757e-03
2.506097953300923109e-04 4.138760734349489212e-03 2.420659810304641724e-01 3.135578334331512451e-02 5.362919764593243599e-04 2.154305184376426041e-05 9.383140206336975098e-01 2.962034046649932861e-01 3.759894520044326782e-02 3.478775965049862862e-03 1.656056032516062260e-03 3.013569163158535957e-03 2.165455557405948639e-02 8.712863922119140625e-02 2.160194329917430878e-02 4.238492622971534729e-02 8.575564622879028320e-01 2.023665457963943481e-01 8.260175585746765137e-03
5.822460055351257324e-01 1.932696700096130371e-01 4.729357361793518066e-02 4.915644824504852295e-01 4.559144377708435059e-02 1.706173643469810486e-02 8.186665177345275879e-02 2.253059744834899902e-01 1.939590903930366039e-03 7.559717297554016113e-01 6.659814622253179550e-03 3.043045997619628906e-01 4.152435064315795898e-01 2.835628390312194824e-02 1.501394342631101608e-02 8.188234269618988037e-02 3.080070577561855316e-02 1.149551197886466980e-01 2.822952345013618469e-03
5.626288270832446869e-07 3.465421514192712493e-06 2.066713733483993565e-07 9.858208894729614258e-01 1.817281400917636347e-07 2.868274329159703484e-08 6.028322130441665649e-02 2.132640592753887177e-02 9.094483033322831034e-08 6.222922093002125621e-05 1.668649246555631294e-11 1.591907761167021818e-08 1.624407450435683131e-04 2.559837698936462402e-02 3.773228451609611511e-02 1.760438863129820675e-06 9.968281388282775879e-01 1.103250086307525635e-01 2.779797503293934824e-09
8.156466707893842739e-17 1.209400288249007360e-11 8.587299301547959840e-14 2.641842966610852272e-09 3.691712192020746297e-13 1.022905772989609935e-16 1.000000000000000000e+00 1.321666932199150324e-04 1.174930576235055923e-02 1.526624529915587836e-12 6.807320040991271526e-09 3.142792415200545975e-10 1.832456142381033715e-08 5.716853138437727466e-06 2.277652583870803937e-06 5.222642016633471940e-07 9.999599456787109375e-01 2.356344921281561255e-04 4.419003380462527275e-05
1.003098039866966130e-16 4.394198980378627439e-12 5.877918052461794662e-14 6.970794497185295313e-10 3.175457943468962263e-13 1.284591742357727276e-18 9.999998807907104492e-01 1.004568548523820937e-04 1.287009217776358128e-05 3.778842690149719630e-12 3.505236378931186891e-10 2.596230785911757266e-09 2.785483310674408131e-08 1.756794603124944842e-07 2.102546659443760291e-06 1.859349481492245104e-06 9.999989271163940430e-01 3.300989988019864541e-07 4.539245855994522572e-05
9.490700847436528420e-08 5.474333875099546276e-09 6.942124284280148938e-13 8.758354397286893800e-07 8.635515114292502403e-04 1.338921062910003457e-08 2.617851197719573975e-01 1.319884904660284519e-04 8.135446982748817391e-09 9.996042847633361816e-01 1.894011891767632960e-10 9.933864474296569824e-01 6.310661410680040717e-05 5.449450612982076336e-11 4.563265321166909416e-10 5.558664202690124512e-01 1.685697934590280056e-04 1.682250876910984516e-05 1.621020123687699765e-10
4.178153350949287415e-03 4.670627822633832693e-05 1.699635654439646260e-09 9.999456405639648438e-01 3.803334266194724478e-06 1.424739548383513466e-05 4.722622179542668164e-05 6.614950834773480892e-04 2.580061338186556696e-11 9.997147917747497559e-01 5.833719618486554737e-11 2.895042998716235161e-04 3.875801106914877892e-03 1.243846509169088677e-05 7.142548565752804279e-05 1.553143556520808488e-05 2.257146261399611831e-04 6.640018546022474766e-05 9.829912491626791038e-13
1.430156844435259700e-04 4.605218691722257063e-06 6.292301402144317990e-11 1.122475805459544063e-04 1.672385110396135133e-07 8.403195579376188107e-07 1.340044582320842892e-05 1.626165700145065784e-03 3.323560177070916666e-11 9.999997615814208984e-01 1.485214262686440634e-08 1.647880971431732178e-01 9.322019759565591812e-04 2.210544636227496085e-09 1.321163445311412943e-08 5.894269328564405441e-03 2.859213282135897316e-06 1.165990324807353318e-04 1.116502550135844984e-11
1.709176558506442234e-06 4.457468349983173539e-08 4.268387486045183490e-16 3.069322019655373879e-06 6.865357615737366359e-09 9.546414325711793936e-09 2.741326170507818460e-06 7.969322177814319730e-05 5.172770577762525468e-14 1.000000000000000000e+00 8.627268170691149152e-12 2.777779996395111084e-01 5.289539694786071777e-05 5.317992682503380752e-13 1.125909868809893410e-11 3.776405239477753639e-03 7.822414005431710393e-08 1.945072426678962074e-06 4.330450013606979703e-15
2.570186730110890494e-09 1.441253289158339612e-06 4.139124243351943733e-08 5.587965915765380487e-06 1.722419398220154108e-07 4.316724755426548654e-09 9.999861717224121094e-01 4.015984479337930679e-03 4.426400959491729736e-01 1.489461567416583421e-07 8.325703674927353859e-05 1.180941671918844804e-05 3.204366294085048139e-05 5.305055528879165649e-04 9.815477533265948296e-04 8.719704783288761973e-05 9.886799454689025879e-01 2.214920241385698318e-03 1.463451981544494629e-02
2.672375931656034709e-10 6.574830422323429957e-07 4.611339576854334155e-08 9.833076968789100647e-03 2.943858845583235961e-08 6.524813328523393352e-11 9.999072551727294922e-01 1.168549293652176857e-03 6.476020644186064601e-05 4.182048130019211385e-08 3.279604499084598501e-08 1.247414758154263836e-07 2.884985224227420986e-05 1.454830868169665337e-03 7.645400473847985268e-04 4.195057044853456318e-05 9.939789772033691406e-01 2.326640060346107930e-05 7.722304872004315257e-06
1.203446342579184147e-09 6.066808297053305488e-13 9.552864617600272051e-20 6.522499918937683105e-01 6.988832354545593262e-01 1.272702263577230042e-07 9.999877214431762695e-01 1.200198116889025779e-13 9.197881445288658142e-03 4.231514010716308505e-12 4.651636606282927300e-13 1.725518261082470417e-03 2.114672881248225167e-10 1.855532741346088699e-11 5.013252120988909155e-06 9.044299833476543427e-03 1.187970974569907412e-05 6.043227585905697197e-06 2.214110006448777312e-09
3.355864807963371277e-02 2.229692472610622644e-05 5.578082351576085784e-08 9.611573219299316406e-01 8.128487467765808105e-01 3.205010725650936365e-04 2.311184853315353394e-01 2.573731399024836719e-05 1.037982801790349185e-04 1.629414409399032593e-02 1.249366192723755375e-07 7.682559490203857422e-01 5.404487601481378078e-04 2.043965878328890540e-06 2.880209358409047127e-04 1.649633496999740601e-01 1.232251804322004318e-02 1.931081293150782585e-03 2.281987008245778270e-07
8.563591676058468494e-12 1.689757445078043929e-09 9.526255652370085869e-14 5.122638322063721716e-05 8.126057764457073063e-06 1.003138891397803434e-11 9.999883174896240234e-01 1.080772290151799098e-05 3.796919827436795458e-07 2.286930975969880819e-05 1.925441403538563634e-11 1.209741085767745972e-02 1.351638202322646976e-04 5.031492023022110516e-08 6.508111027869745158e-07 2.660254389047622681e-02 3.967796638607978821e-02 2.793893827401916496e-07 6.629164328586512056e-09
5.831141471862792969e-01 5.494530200958251953e-01 2.147937379777431488e-02 1.229234933853149414e-01 1.935772597789764404e-02 4.112238995730876923e-03 1.646492183208465576e-01 4.865511953830718994e-01 9.388078935444355011e-03 2.376857250928878784e-01 1.663632318377494812e-02 2.247450649738311768e-01 5.094626545906066895e-01 7.096437364816665649e-02 5.435793660581111908e-03 1.042247712612152100e-01 5.569304898381233215e-02 1.538050323724746704e-01 6.719659082591533661e-03
1.078981254249811172e-02 1.993684796616435051e-03 1.010986961773596704e-04 9.969428181648254395e-01 1.592254452407360077e-02 1.924428716301918030e-02 1.655171513557434082e-01 4.712107591331005096e-03 4.771111067384481430e-03 1.110828132368624210e-03 4.868915311817545444e-06 7.296774128917604685e-05 4.150959663093090057e-03 1.092785689979791641e-02 6.172993406653404236e-02 1.373075880110263824e-03 6.737343966960906982e-02 9.404720040038228035e-04 5.830866575706750154e-05
8.877368643879890442e-03 1.874873298220336437e-03 2.201913011958822608e-04 9.980915188789367676e-01 8.360824547708034515e-03 2.280798554420471191e-02 1.043704822659492493e-01 6.982454098761081696e-03 2.526049036532640457e-03 1.258086180314421654e-03 2.426877699690521695e-06 2.918613245128653944e-05 4.886242561042308807e-03 1.385102607309818268e-02 7.794767618179321289e-02 8.054479258134961128e-04 7.041433453559875488e-02 1.407056348398327827e-03 3.256014679209329188e-05
5.064225039319580901e-09 1.924646397810647613e-07 2.966539774246212957e-12 1.000000000000000000e+00 3.120984581883590181e-09 1.030661643406033737e-15 8.843012154102325439e-02 6.074233533581718802e-05 2.717797542572952807e-09 3.933870451611198860e-10 1.342671904647901870e-13 2.493255879803136371e-15 2.392793021499528550e-07 1.710381358861923218e-03 4.734937704142794246e-07 3.203313392319273589e-09 6.903229951858520508e-01 5.587324873601584585e-12 1.075711039883776865e-13
1.447441944080196663e-09 7.011714042164385319e-04 1.106058244992880191e-09 9.864276051521301270e-01 6.778463346179819382e-10 2.698835512709996109e-12 9.969300627708435059e-01 4.456153139472007751e-03 9.460800356464460492e-06 4.498025063526256417e-09 3.997003616973415774e-09 6.389413737678539817e-12 2.161816610168898478e-06 9.525872468948364258e-01 2.054374635918065906e-05 6.199319955157989170e-07 4.740185737609863281e-01 5.033219622418982908e-06 1.843101848919559416e-08
6.385661777130735572e-08 1.121361553668975830e-02 6.293965348902474943e-09 9.943274855613708496e-01 1.729856080601166468e-08 3.785481303419935273e-11 9.734594821929931641e-01 1.043036021292209625e-02 2.265274997625965625e-05 8.179264909813355189e-08 5.144193693240595167e-08 1.788480197273401018e-10 5.824683739774627611e-06 9.301178455352783203e-01 9.491498531133402139e-06 4.262700258550466970e-06 1.289294809103012085e-01 6.830420602454978507e-07 4.103851836134708719e-08
1.479676575399935246e-04 2.490819315426051617e-04 1.721942794574715663e-06 1.458889804780483246e-02 1.538854558020830154e-02 1.262848491023760289e-05 9.600794911384582520e-01 3.936781082302331924e-03 6.086322246119379997e-04 3.242342919111251831e-02 1.009443531074794009e-05 3.627841770648956299e-01 1.715580746531486511e-02 6.129565008450299501e-05 2.973451919388025999e-04 1.630025953054428101e-01 6.154260039329528809e-02 5.873856716789305210e-04 6.280721572693437338e-05
1.585822495542288380e-08 9.655719622969627380e-05 8.919773624685607694e-15 9.989802241325378418e-01 2.078522811643779278e-05 3.470787546255849065e-10 9.998307228088378906e-01 4.908717343710122805e-08 8.643883280456066132e-03 3.763473213624912717e-11 5.615819631543672585e-08 6.366370985944058702e-09 1.133537352870916948e-08 5.749256233684718609e-04 2.942542323580710217e-06 7.213954177132109180e-06 1.130795353674329817e-04 3.842058962644223641e-11 1.518625651897309581e-07
1.326265659965062283e-16 9.840863340144709315e-14 6.810266032647873996e-21 1.050923685852467315e-07 2.952038994408212602e-05 4.934265344404276110e-13 1.000000000000000000e+00 7.279073177546280249e-13 3.476613492239266634e-04 1.281232878038579548e-13 2.136867106059068405e-14 9.778131061466410756e-05 2.740508708853894859e-09 5.752617479592991856e-11 1.082496083881778759e-07 7.316797855310142040e-04 2.012664299400057644e-05 2.316630443033318443e-09 1.152688167138649078e-09
5.210472954786382616e-05 1.587262190878391266e-02 4.876485036220401525e-06 9.983245730400085449e-01 8.387962225242517889e-06 9.989821592171210796e-08 2.095009684562683105e-01 1.396590173244476318e-01 8.766052815190050751e-06 7.681825809413567185e-05 1.884519349459878867e-07 4.368936146192936576e-08 1.241416088305413723e-03 8.536633253097534180e-01 1.858891220763325691e-03 7.925366662675514817e-05 4.980288147926330566e-01 6.861431058496236801e-03 2.456908418935199734e-07
2.021801844239234924e-02 2.245472222566604614e-01 2.219200396211817861e-04 9.947512745857238770e-01 2.146910410374403000e-03 3.911633684765547514e-04 2.446020208299160004e-02 1.690630614757537842e-01 6.539550668094307184e-05 1.952665741555392742e-03 2.900876097555737942e-05 2.260895962535869330e-05 1.547731552273035049e-02 9.578104019165039062e-01 3.767301561310887337e-03 5.199914332479238510e-03 1.694124378263950348e-02 2.738229557871818542e-02 1.819343378883786500e-05
9.163477225229144096e-04 2.497271299362182617e-01 7.619767711730673909e-05 8.733889460563659668e-01 1.786235079634934664e-04 7.164302223827689886e-05 7.223228812217712402e-01 1.085808947682380676e-01 2.463912824168801308e-03 4.278175765648484230e-04 1.065347751136869192e-04 1.503836756455712020e-05 2.549293218180537224e-03 9.169520139694213867e-01 1.643926603719592094e-03 1.280556432902812958e-03 5.727382004261016846e-02 1.408303622156381607e-03 5.227345172897912562e-05
2.329684048891067505e-01 2.931273877620697021e-01 1.129282638430595398e-02 2.409109473228454590e-01 1.234451495110988617e-02 6.532991770654916763e-03 1.447690129280090332e-01 4.644970297813415527e-01 3.637866582721471786e-03 6.786109805107116699e-01 1.341953873634338379e-02 2.675877213478088379e-01 3.373907506465911865e-01 9.454272687435150146e-02 1.446190010756254196e-02 1.582909077405929565e-01 8.409603685140609741e-02 2.195850014686584473e-01 3.682747483253479004e-03
1.760551822371780872e-03 2.174419932998716831e-04 2.352726596654974855e-06 9.965111613273620605e-01 1.831332407891750336e-02 1.656519481912255287e-03 5.777795314788818359e-01 6.098101148381829262e-04 4.350330214947462082e-03 1.248701155418530107e-04 9.893377637126832269e-07 7.179525709943845868e-05 7.875548908486962318e-04 1.718805171549320221e-03 3.201961889863014221e-02 1.054812106303870678e-03 7.056822627782821655e-02 1.423031499143689871e-04 1.570017593621741980e-05
4.507101699709892273e-02 3.052881220355629921e-03 6.587820826098322868e-05 9.924848675727844238e-01 9.185434877872467041e-02 5.302510410547256470e-02 2.186385840177536011e-01 2.130000386387109756e-03 1.769092306494712830e-02 1.504889922216534615e-03 2.653245974215678871e-05 8.806473342701792717e-04 4.177537746727466583e-03 4.520562477409839630e-03 5.427299812436103821e-02 4.625020083039999008e-03 4.003768786787986755e-02 1.169041963294148445e-03 2.761405194178223610e-04
1.402350502388571840e-08 9.669147427171509435e-11 8.571247010757954143e-14 2.925318479537963867e-01 7.997168722795322537e-07 1.272530312235176098e-06 9.374017119407653809e-01 4.426583927852334455e-06 1.368175017724126974e-09 9.023074507713317871e-01 2.112893405497987855e-15 1.836745504988357425e-04 5.929007238592021167e-05 3.244214896724884056e-09 2.270448749186471105e-04 1.002490080281859264e-05 4.256142769008874893e-03 1.368912649013509508e-06 8.037798399952722495e-13
4.499270258045185512e-20 8.158511849919834159e-19 4.826344419273328393e-22 2.403004145890008658e-06 6.035838197521528614e-14 2.881189187530403028e-18 1.000000000000000000e+00 1.811812389007627644e-08 2.700861452889502523e-14 2.706999346901994841e-10 1.808777434087266482e-23 7.518459743671712658e-10 1.812752437047038256e-08 4.960560434641436700e-11 9.315913871432712767e-07 1.001116167742566176e-08 9.967442750930786133e-01 7.486744557638758124e-11 3.865814166736691914e-16
7.316663247491916877e-11 1.131816376731542562e-10 1.919707170734263196e-14 1.423163193976506591e-04 2.428702146062278189e-06 2.275556854058891076e-09 9.991276860237121582e-01 7.924174497020430863e-06 1.071090860449430693e-08 1.506005078554153442e-01 1.505190422171689968e-13 2.336022257804870605e-02 8.618282299721613526e-05 5.041420059193058023e-10 1.220857029693434015e-06 4.030034877359867096e-03 6.130161695182323456e-03 8.512975000485312194e-07 8.035521553706459486e-11
5.675160791724920273e-03 7.819769137773491252e-13 4.942958058688941291e-25 1.000000000000000000e+00 2.386914938688278198e-01 2.250224339543985264e-14 5.834968987983302213e-07 2.838190354056426522e-16 9.782615689735152387e-12 1.556108685477227121e-15 2.262487286231422034e-20 3.424197123763628170e-12 2.857019362843132848e-13 4.640205320677326384e-13 6.088895446870745687e-12 8.225604375411421643e-08 3.581943417430011323e-07 2.427155520177288401e-20 2.096678480080770147e-19
7.580485572589168441e-08 6.801170737702477709e-12 1.321972261713667048e-16 1.000000000000000000e+00 1.694149318609561305e-07 1.257595237799322141e-13 2.707893145270645618e-05 4.028867461869367617e-09 1.196552947869966577e-12 1.835474914418933068e-12 1.545762911994213118e-20 3.008882092665979601e-18 1.618391975988231479e-09 5.284779902581249189e-08 1.351121454717940651e-07 4.778235099256455953e-12 3.680137172341346741e-02 5.377811335084605598e-15 1.446438521395312085e-19
1.523600965738296509e-01 3.756154477596282959e-01 9.514933481113985181e-05 9.977642297744750977e-01 1.650855503976345062e-02 4.704159509856253862e-04 4.786635562777519226e-02 5.610833317041397095e-02 1.164833432994782925e-03 2.616344485431909561e-03 1.610906329005956650e-03 5.439091473817825317e-04 1.692219451069831848e-02 5.645413398742675781e-01 6.958744488656520844e-04 1.403753459453582764e-02 8.665636181831359863e-03 8.022433612495660782e-04 3.038006252609193325e-04
1.862220516679613525e-10 7.318114861845970154e-03 5.824247334418330979e-11 2.032119035720825195e-01 2.343469819240939778e-12 3.298707227511465945e-12 9.977875947952270508e-01 6.880547851324081421e-03 1.502876401104913384e-08 2.376135399551060345e-10 4.792346207371789291e-12 9.329820580385519979e-14 2.171253754568169825e-07 9.999749660491943359e-01 1.095456241273495834e-06 6.841177935257292120e-08 2.764489129185676575e-02 4.928523674607276917e-03 2.846403668321784153e-12
2.426431310595944524e-04 1.705905888229608536e-03 3.220110784241114743e-06 9.649834595620632172e-03 3.626449964940547943e-03 4.768619328388012946e-05 7.113177180290222168e-01 5.746513605117797852e-02 3.219941572751849890e-04 8.475480079650878906e-01 8.724479266675189137e-05 5.903688073158264160e-01 2.948172017931938171e-02 1.151331089204177260e-04 2.234579151263460517e-04 3.205239474773406982e-01 4.671246185898780823e-02 3.510563867166638374e-03 6.766918522771447897e-05
3.063808660954236984e-03 1.809152308851480484e-04 2.107648953142415849e-07 8.242703676223754883e-01 5.826381384395062923e-04 4.607923328876495361e-04 5.751607194542884827e-02 3.666606033220887184e-03 1.303220642512314953e-06 9.950699806213378906e-01 1.919834318186985911e-07 5.780257284641265869e-02 1.200842019170522690e-02 1.500302823842503130e-05 1.196105498820543289e-03 3.840310731902718544e-03 7.605988066643476486e-03 6.852937513031065464e-04 8.115117822171669104e-08
4.628185331821441650e-01 4.508758895099163055e-03 2.962471853606984951e-06 9.999971389770507812e-01 9.769528359174728394e-02 1.288679486606270075e-04 1.644845702685415745e-03 4.792220424860715866e-04 4.199103568680584431e-05 3.604558587539941072e-04 2.742707010838785209e-06 1.381083566229790449e-04 2.740092109888792038e-03 6.687067914754152298e-03 5.740022170357406139e-04 5.165162496268749237e-03 2.800466259941458702e-03 2.428548214084003121e-05 4.414097020344343036e-06
7.256276011466979980e-01 5.956920981407165527e-01 8.215490379370748997e-04 5.888564586639404297e-01 6.751218438148498535e-02 4.774447588715702295e-04 3.395150601863861084e-01 1.694549918174743652e-01 5.604390054941177368e-02 4.374020267277956009e-03 4.236216247081756592e-01 6.643650680780410767e-02 3.512027859687805176e-02 5.750508606433868408e-02 1.930323196575045586e-03 3.246764093637466431e-02 1.095123663544654846e-01 2.557174302637577057e-03 6.815625354647636414e-03
9.055308503036485490e-09 1.407037302669778001e-06 3.772610739360970911e-07 8.725178486201912165e-05 1.067507355401176028e-06 2.809889432242584917e-09 9.987847208976745605e-01 8.313962817192077637e-02 1.016244132188148797e-04 9.601191850379109383e-04 1.288693852075084578e-06 1.612967578694224358e-03 1.013615983538329601e-03 5.287179374136030674e-04 5.762233049608767033e-04 2.035783417522907257e-02 9.851909279823303223e-01 1.484652399085462093e-03 6.512199615826830268e-05
9.824029207229614258e-01 1.444101054221391678e-02 7.815991125426080544e-07 1.104037743061780930e-02 8.686155676841735840e-01 5.406643595051718876e-07 3.647331893444061279e-01 2.023589186137542129e-04 9.028598287841305137e-05 1.060210634022951126e-04 2.003636654990259558e-05 8.395909070968627930e-01 2.082557650282979012e-03 4.990427441953215748e-06 1.776993059365850058e-07 4.995422437787055969e-02 1.721145119518041611e-03 3.486609421088360250e-05 7.984352123457938433e-06
5.510766277438960969e-05 1.369749370496720076e-04 2.635352700508519774e-07 3.477432727813720703e-01 1.436396222561597824e-02 4.281834990251809359e-04 9.969385862350463867e-01 5.841201345901936293e-05 2.659215033054351807e-02 7.568487490061670542e-06 1.787280325515894219e-06 5.594511749222874641e-04 2.058911341009661555e-04 2.085458021610975266e-03 2.842568233609199524e-02 2.141573233529925346e-03 1.517981570214033127e-02 2.009261806961148977e-04 1.250599452760070562e-04
8.804653584957122803e-02 2.482546027749776840e-03 3.606659811339341104e-05 6.687360405921936035e-01 5.737512111663818359e-01 9.760224260389804840e-03 8.075280785560607910e-01 7.110392325557768345e-04 8.330843597650527954e-02 9.024074533954262733e-04 3.478521539364010096e-04 1.154118999838829041e-01 3.158296924084424973e-03 1.863906392827630043e-03 4.843187332153320312e-02 5.303738266229629517e-02 7.137899845838546753e-02 4.769376944750547409e-03 2.554650651291012764e-03
2.223946647358846347e-20 1.512665832410575266e-19 4.390664114384453695e-23 5.076814773019577842e-07 4.344403805589536205e-06 2.529470047521533587e-21 1.000000000000000000e+00 2.698989686258923548e-12 3.296776263442269261e-12 3.906217363458530656e-12 4.160729386354882980e-21 2.539800107479095459e-02 6.040552946728894312e-09 1.946608428919291423e-14 2.559835373186492014e-12 2.497560903429985046e-02 7.867206819355487823e-03 3.048324925813972186e-10 1.622726979745830588e-15
4.892870505458779551e-13 9.906210237959484077e-14 4.162313973577001086e-15 7.202070206403732300e-02 1.110547382268123329e-04 3.885583227511337640e-15 9.999989271163940430e-01 2.688968825381721217e-09 5.922204060482272325e-09 1.282398631730075067e-10 2.494605467985908489e-16 6.664812099188566208e-04 1.743510580354268313e-07 4.864719183039767358e-10 5.509400580194778740e-07 1.625851495191454887e-03 1.990430057048797607e-01 4.168684242245035421e-08 6.268627977812357699e-12
2.631920041846955671e-20 9.036843986771691273e-21 6.019453057393089098e-26 2.114769748207123712e-10 5.907214363105595112e-04 1.729925595779452253e-19 1.000000000000000000e+00 9.991882707783162482e-15 6.591886064777341403e-11 1.736193307178002243e-11 5.748310317281486379e-21 9.439390301704406738e-01 1.185668008218954128e-09 5.196601725325561080e-18 5.644092341559111149e-16 4.052192866802215576e-01 9.655625035520642996e-06 4.331186104211681709e-11 4.424998054640991250e-16
2.045828150585293770e-03 2.877121733035892248e-04 6.812239462306024507e-06 5.423572659492492676e-02 1.381863653659820557e-01 4.260467831045389175e-04 9.716056585311889648e-01 1.055252272635698318e-03 4.555534105747938156e-03 2.406408078968524933e-03 9.406047865923028439e-06 1.470268517732620239e-01 8.630651049315929413e-03 3.108027449343353510e-04 7.846788503229618073e-03 4.407603293657302856e-02 7.071810215711593628e-02 1.380135188810527325e-03 2.281231281813234091e-04
4.452397823333740234e-01 3.038850380107760429e-03 1.050398054758261424e-06 3.979173898696899414e-01 5.914953351020812988e-01 8.188738138414919376e-05 2.222363948822021484e-01 9.521653992123901844e-04 8.636619895696640015e-05 1.030018702149391174e-01 9.738178050611168146e-06 7.904238700866699219e-01 1.366458926349878311e-02 1.502067971159704030e-05 4.969396468368358910e-05 1.113573983311653137e-01 9.237712249159812927e-03 7.518255733884871006e-04 3.929098056687507778e-06
8.279031515121459961e-01 9.122820943593978882e-02 2.141957229468971491e-04 4.354227781295776367e-01 4.426149129867553711e-01 7.490044808946549892e-04 2.946355640888214111e-01 1.990448497235774994e-02 4.704121965914964676e-03 2.778945863246917725e-02 2.747929189354181290e-03 4.377139806747436523e-01 4.926897212862968445e-02 2.713860943913459778e-03 1.680119195953011513e-03 7.545538246631622314e-02 5.303027853369712830e-02 2.532986458390951157e-03 1.261201454326510429e-03
4.250799611327238381e-05 6.428304004657547921e-07 4.979792933568205626e-08 3.217511996626853943e-02 5.152134895324707031e-01 1.970746097867959179e-06 9.781258702278137207e-01 6.310884054983034730e-05 2.160997973987832665e-04 5.572522059082984924e-04 2.116190671586082317e-07 8.169393539428710938e-01 4.644775181077420712e-04 5.987022177578182891e-06 4.180504038231447339e-05 4.428017437458038330e-01 6.264999508857727051e-02 2.221740782260894775e-02 5.313815563567914069e-06
2.142469165846705437e-03 9.182348037484189263e-08 3.726288375083264270e-11 9.695948362350463867e-01 2.151500135660171509e-01 3.445905447006225586e-02 7.841970920562744141e-01 8.750497215714858612e-09 1.020884234458208084e-02 5.808820979780193738e-09 1.772146145107011961e-11 7.407930297631537542e-06 2.856755259017518256e-07 1.166842366728815250e-06 4.078191891312599182e-02 5.511846211447846144e-06 1.280675409361720085e-03 1.227658958669053391e-05 6.414800282072974369e-07
1.947860000655055046e-03 2.743339064181782305e-05 1.604460157977882773e-05 9.784345626831054688e-01 1.052087871357798576e-03 7.632900476455688477e-01 2.253391779959201813e-02 4.184049903415143490e-04 1.390264602378010750e-03 8.707942324690520763e-04 5.132049007983141564e-09 3.679926066979533061e-06 8.114572265185415745e-04 8.992797811515629292e-04 4.627872109413146973e-01 1.072566101356642321e-05 9.770985692739486694e-03 4.101999569684267044e-03 4.097460987395606935e-06
2.058591693639755249e-01 3.204188542440533638e-03 1.191012233903165907e-05 5.583762004971504211e-02 1.995099484920501709e-01 7.862231694161891937e-03 9.260361790657043457e-01 6.190611165948212147e-04 7.021706551313400269e-02 3.948585945181548595e-04 8.491057087667286396e-05 4.373775422573089600e-02 2.964625367894768715e-03 1.727295108139514923e-03 6.510780006647109985e-02 2.784489654004573822e-03 3.611723706126213074e-02 1.233260380104184151e-03 4.597347229719161987e-03
7.188181281089782715e-01 3.654733067378401756e-03 3.881804957472922979e-07 9.959585070610046387e-01 5.085409283638000488e-01 5.229778253124095500e-05 8.655145019292831421e-02 2.323361259186640382e-04 1.635935041122138500e-04 1.759160426445305347e-03 1.125765356846386567e-05 5.488289892673492432e-02 2.241407753899693489e-03 2.044332213699817657e-04 7.150562014430761337e-04 1.710603013634681702e-02 2.173371985554695129e-02 2.054045398836024106e-05 7.824031854397617280e-06
5.410546064376831055e-01 1.952844206243753433e-03 2.245530623667946202e-07 9.941195249557495117e-01 5.786221623420715332e-01 9.565332584315910935e-05 2.211437076330184937e-01 1.025315068545751274e-04 8.769800770096480846e-04 3.302663681097328663e-04 1.281776530959177762e-05 3.268168121576309204e-02 7.228945614770054817e-04 2.092375070787966251e-04 1.738086342811584473e-03 1.421265490353107452e-02 2.969203889369964600e-02 1.726152368064504117e-05 2.105740713886916637e-05
6.880225811300988426e-08 9.827911921778120785e-12 2.892616701721806294e-13 3.936906523449579254e-06 3.526221811771392822e-01 1.949708838822061807e-09 7.667565941810607910e-01 1.508829399199385080e-07 7.295641868410029929e-09 4.356690943241119385e-01 3.020211034390762883e-13 9.997586607933044434e-01 1.061135571944760159e-05 1.475932397132506679e-11 2.469436287400039731e-11 8.374443650245666504e-01 7.685064338147640228e-05 4.854119470110163093e-05 1.123205087966150373e-11
2.443102857796475291e-06 4.017038784942528196e-11 6.340113078603362620e-16 1.530167995952069759e-03 8.488721251487731934e-01 7.568980997518792719e-09 2.260056696832180023e-02 2.781563868126113448e-09 7.054477661749825046e-12 9.974264502525329590e-01 3.249834602136623604e-15 9.998903274536132812e-01 3.591158019844442606e-07 1.593434721192457659e-13 3.826940066925521577e-12 5.498279929161071777e-01 2.249652482078090543e-07 1.341010033684142400e-06 2.028031292094947639e-15
2.516328640922438353e-05 2.147550367226358503e-05 2.320909118225245038e-07 2.683379861991852522e-04 3.508740337565541267e-04 7.084537628543330356e-06 1.348348259925842285e-01 2.991228923201560974e-02 2.771408617263659835e-06 9.990243911743164062e-01 2.321518650205689482e-06 7.952904701232910156e-01 2.595768775790929794e-03 1.595121034370095003e-06 1.511735081294318661e-05 3.157509267330169678e-01 8.599743247032165527e-03 2.226742682978510857e-03 3.360832181442674482e-07
1.007532321462001335e-10 2.792979557852959260e-06 3.982295737614549580e-08 1.884581595659255981e-01 1.908147195806009222e-09 5.192001342746443981e-12 9.997858405113220215e-01 1.717637176625430584e-03 1.222416904056444764e-05 6.484671910556016883e-09 3.829318639958501080e-09 1.170489705160093763e-09 1.306927424593595788e-05 4.542070254683494568e-02 3.279192605987191200e-04 5.765291007264750078e-06 9.955369234085083008e-01 1.480517676100134850e-04 4.412310943280317588e-07
4.435289769647927016e-16 2.338250469982594559e-12 9.213025166052315031e-17 1.278778945561498404e-04 1.879919864222756587e-08 2.330716239395226120e-16 1.000000000000000000e+00 6.994468293441968854e-08 1.783233116725568834e-08 2.653466613100619043e-10 5.970774208711136788e-15 5.263892489892896265e-06 8.208895110328739975e-07 2.725081671428597474e-08 5.798843858428881504e-07 1.637117820791900158e-04 2.837077081203460693e-01 7.815560421065015362e-10 7.545190860991368709e-11
1.052804121072256934e-21 1.107861109647684876e-17 1.358738819426974477e-22 1.475868455225182174e-10 2.843058843904344712e-10 1.500509831697740323e-20 1.000000000000000000e+00 2.451619129928417351e-09 1.649488878818772264e-11 2.825872313927391133e-10 7.837977294604004552e-19 3.233020834159106016e-04 7.057167863422364462e-07 2.772796640730657014e-13 3.712001539479814483e-11 9.623807854950428009e-04 5.900511518120765686e-02 6.491022563198667328e-12 1.435202868008134125e-13
8.116683899701913202e-15 3.037199380884203492e-10 6.251633208073260482e-17 4.808516427874565125e-02 1.133243276996154236e-08 8.550868753299731284e-14 9.999998807907104492e-01 1.366939361702179667e-08 6.621993975386430975e-07 2.205437915625552137e-11 1.625992291757495916e-15 2.482250627267035270e-09 8.034460563521861332e-08 2.986284698636154644e-06 3.693807457239017822e-06 1.910570063046179712e-06 7.588142063468694687e-03 4.697854258384204229e-11 3.644241158839989225e-11
1.367300774290924892e-05 2.598227001726627350e-02 2.439344370941398665e-07 9.999338388442993164e-01 1.115386567107634619e-06 2.252248165746095765e-09 3.779748454689979553e-02 7.178265601396560669e-02 1.572763466128890286e-07 7.290717803698498756e-06 5.699826832739063320e-09 4.571951151000064328e-10 2.098054537782445550e-04 9.681172370910644531e-01 9.321017569163814187e-05 1.791586873878259212e-05 1.036806479096412659e-01 3.865045728161931038e-04 3.818545923905958261e-09
1.367669668979942799e-03 4.071254807058721781e-06 1.056420142336866874e-11 9.999997615814208984e-01 8.266430995718110353e-06 4.111455780275719007e-07 7.562239716207841411e-06 1.644748226681258529e-05 2.469810651568177251e-13 9.994055032730102539e-01 5.903929417832437521e-14 6.259017391130328178e-05 5.544786108657717705e-04 9.161098546428547706e-07 4.850945970247266814e-06 8.844845069688744843e-06 7.219469262054190040e-05 4.174656851319014095e-07 1.110616894945629790e-15
2.019542577613719914e-08 3.757697028464580900e-16 1.925649485718312420e-20 1.709809452295303345e-01 9.172230362892150879e-01 1.529250250736913230e-12 9.676180481910705566e-01 2.280344695623076623e-13 2.170831570058595617e-11 2.442776349198538810e-06 3.263802988658786733e-20 9.942528605461120605e-01 2.220161610111404116e-09 1.317576954810805280e-16 7.022405660445096842e-12 1.259840428829193115e-01 3.163974179187789559e-05 2.841403556885779835e-07 1.389840114867927820e-16
4.722972235526867735e-08 2.373868703470010874e-15 9.800130228442539406e-20 6.562351584434509277e-01 8.944230079650878906e-01 3.597649305200900649e-12 9.901643395423889160e-01 4.193059744903027131e-13 3.168728612834570413e-10 1.513715233159018680e-07 3.839692011855371969e-19 9.306488037109375000e-01 2.947537325326266000e-09 1.652915445744210666e-15 2.220198469515821671e-10 4.500988870859146118e-02 1.382439368171617389e-04 2.512621506411960581e-07 2.253319821449726104e-15
7.177056431828532368e-06 1.422511197377018810e-13 2.010941623179955105e-18 9.973263740539550781e-01 9.342827200889587402e-01 7.085022846187172263e-11 9.803108572959899902e-01 1.139872267755248636e-12 2.165372414708599536e-08 8.875586932077794700e-10 3.591449143988040325e-17 1.226239427924156189e-01 2.131153697959575766e-09 2.027031835568834928e-13 2.428018319733382668e-07 2.556837396696209908e-03 1.894222572445869446e-03 2.400467202789968724e-08 7.908410525839931760e-14
8.249440725194290280e-05 2.849140257055182701e-09 1.091125881007726414e-18 1.000000000000000000e+00 2.661792444444421868e-12 1.578403518998072741e-10 3.203413923014153397e-11 1.335996842044551158e-07 7.768482102423967597e-24 1.000000000000000000e+00 7.060889237451153713e-22 1.462859557932461030e-07 3.737221413757652044e-05 1.947773886623593853e-11 2.719315606025674015e-10 9.651752314043804404e-11 1.289748419175396066e-09 4.708417655763241783e-09 1.014731750427450892e-25
1.096373773179948330e-03 6.765472182479470575e-09 4.549059745454915429e-20 1.000000000000000000e+00 2.466827879743505036e-07 2.964269996998114554e-13 2.966071832588568213e-11 4.960364341499712282e-10 2.352565919554706390e-23 9.990926980972290039e-01 7.554356853754397037e-24 1.217753631266305092e-08 4.322513177612563595e-06 2.827355016776778029e-10 2.577769248057748541e-11 1.836154339684981096e-08 1.070655830659461571e-08 6.980523472623068049e-13 1.922824574944905874e-26
5.268572643399238586e-02 1.351990164266680949e-07 6.601118523325011367e-12 1.439190208911895752e-01 9.801423549652099609e-01 7.912429822454214445e-09 6.746460795402526855e-01 2.372881446888186474e-08 6.948604891476861667e-07 6.684226718789432198e-06 9.771561337856837781e-11 9.716106057167053223e-01 1.666602429395425133e-06 8.582764499109885037e-10 1.858025022727360920e-08 2.465114742517471313e-01 1.787622459232807159e-03 1.408816024195402861e-04 5.142353765030804880e-10
4.111198650207370520e-04 4.333837423473596573e-04 4.975285992259159684e-05 2.300881966948509216e-02 3.932149556931108236e-04 1.861707460193429142e-05 9.686036109924316406e-01 1.586105860769748688e-02 2.637615660205483437e-03 1.197026358568109572e-04 1.400272740283980966e-04 1.135408412665128708e-03 3.919377923011779785e-03 5.938205868005752563e-03 1.652587205171585083e-01 1.373476814478635788e-03 9.808502793312072754e-01 2.453137654811143875e-03 8.351136930286884308e-03
2.202199766543344595e-06 8.698577585164457560e-05 5.762143991887569427e-03 1.040173810906708241e-03 1.314856945100473240e-05 5.080461207285225100e-08 9.972340464591979980e-01 6.826140731573104858e-02 9.238182567059993744e-03 8.717767923371866345e-05 7.986348646227270365e-05 3.981066111009567976e-04 2.684841398149728775e-03 3.383604576811194420e-03 5.248028784990310669e-03 5.571858491748571396e-03 9.800409078598022461e-01 2.006315626204013824e-03 5.159610882401466370e-03
4.663978838553850537e-12 1.861028331440195416e-09 1.297072310668667683e-10 2.689094117158674635e-06 1.100486546334877858e-08 1.789154002902748619e-12 9.999192953109741211e-01 1.236173044890165329e-02 1.895223391557010473e-07 6.051726522855460644e-04 6.232475091572098336e-10 1.564484206028282642e-03 1.337846188107505441e-04 2.221329168605734594e-06 1.473721113143255934e-05 8.953909389674663544e-03 9.866665005683898926e-01 1.337384037469746545e-05 1.499447961350597325e-07
9.363045692443847656e-01 7.867248314141761512e-06 3.131389190915573328e-13 1.154955461970530450e-04 9.074667096138000488e-01 9.107518558759686300e-12 6.817100197076797485e-02 1.691950188842383795e-07 7.531922863179829619e-10 6.936384597793221474e-04 3.666046632933017690e-12 9.972071051597595215e-01 1.505918189650401473e-04 3.538874705430461454e-12 3.803395112419484525e-14 2.132531628012657166e-02 1.141643451774143614e-06 6.840773636440644623e-08 5.697763441614434043e-12
6.986678346976304965e-09 2.674738143644550536e-13 2.836723176049122974e-20 2.808121513098171818e-09 4.833867028355598450e-02 1.781714775717091470e-10 1.916258223354816437e-02 2.339177518351220897e-09 3.714625178632968705e-13 9.999923706054687500e-01 1.140163521728227922e-16 9.999343156814575195e-01 1.203011379402596503e-07 5.276463531925718243e-18 1.408553190255143451e-16 5.919572114944458008e-01 3.168307172174422703e-09 8.791769090521484031e-09 1.254998293016555580e-16
9.682307839393615723e-01 4.025311209261417389e-04 3.943629311997653986e-10 4.073682357557117939e-04 8.072392344474792480e-01 1.080896150362775643e-09 8.089677989482879639e-02 1.096707728720502928e-05 6.985628431266377447e-08 1.845284481532871723e-03 3.103905132917361698e-09 9.838374257087707520e-01 1.834870199672877789e-03 1.890317236075134133e-09 1.163781224167159678e-11 2.843338623642921448e-02 1.132643319579074159e-05 1.482463972024561372e-06 3.485510546852310654e-09
1.169489337371487636e-06 4.400292411446571350e-03 1.381006864420442071e-08 9.999616146087646484e-01 1.204148958322548424e-07 6.738844898768192593e-11 1.078232452273368835e-01 4.546871781349182129e-02 1.117024410746125795e-07 2.741200887612649240e-06 6.866335833244363585e-10 5.642244657599881918e-11 9.063715697266161442e-05 9.254683256149291992e-01 4.018127583549357951e-05 3.390819074411410838e-06 3.073448836803436279e-01 5.170099757378920913e-05 8.794128758538022339e-10
3.250938653945922852e-01 2.042795270681381226e-01 3.081883769482374191e-03 9.176758527755737305e-01 3.415149077773094177e-02 4.473639186471700668e-03 8.168964833021163940e-02 2.203659713268280029e-01 1.034754561260342598e-03 4.116663634777069092e-01 2.286756644025444984e-03 5.307485908269882202e-02 2.249162495136260986e-01 1.442399770021438599e-01 2.021570317447185516e-02 5.564120784401893616e-02 7.993186265230178833e-02 5.717306211590766907e-02 6.302795372903347015e-04
9.141097543761134148e-04 4.217550158500671387e-03 1.418304673705961250e-08 3.793877363204956055e-01 1.294143544328107964e-06 1.447839736101741437e-06 5.195323610678315163e-04 9.681479632854461670e-02 1.148870998335382865e-09 9.997673630714416504e-01 5.915579208704002667e-07 4.982807859778404236e-02 1.197091303765773773e-02 6.684446125291287899e-04 7.153672868298599496e-06 1.143115013837814331e-02 9.463049354963004589e-04 1.076978910714387894e-02 2.857848402371132579e-09
7.251314857852027010e-21 7.879317196679990647e-19 2.410099241423421006e-25 1.068371489054698031e-07 2.632535855973117123e-10 2.095763011172716885e-15 1.000000000000000000e+00 4.384802796460890439e-13 9.977253398463226119e-12 5.451454392069177146e-12 1.837708054830393320e-25 5.240990308408299825e-09 2.289868072935519194e-09 6.747364711227887835e-13 1.982597552796505624e-08 3.724816011185794196e-08 2.199907175963744521e-04 3.581994997923360069e-13 1.073751771149856495e-16
4.608604296796325883e-12 4.137629554139659054e-17 2.879443505565671118e-17 1.000000000000000000e+00 8.017976560470430059e-11 5.333144872565753758e-05 2.849329575838055462e-06 3.365823592060834812e-11 2.856687325927809162e-13 1.958365246227181111e-14 7.352278940099421814e-30 9.786287323783447506e-24 1.020048108479887361e-11 1.821825329484383360e-10 1.249372609890997410e-03 2.008619520405365618e-17 3.701598034240305424e-04 1.127696339087158606e-10 2.849202768767457024e-22
2.921381940610562333e-13 8.668244841805503557e-18 2.284327421247660294e-17 1.000000000000000000e+00 7.005451991073941009e-13 1.502090877895934096e-12 2.232700126114650629e-06 5.633397637261339241e-10 2.593701242148618174e-17 4.267446008924310336e-15 3.564343080644559054e-32 1.135868645550486371e-26 9.127395887709166544e-12 9.589936622589334547e-10 2.363600651733577251e-05 1.472039037570792308e-18 1.613498479127883911e-01 2.059341873460532324e-13 1.634421958376761589e-26
8.894880920706782490e-08 5.034914707380266918e-10 1.022405077266697049e-11 5.404548719525337219e-03 4.957105219364166260e-01 6.151165132806113434e-10 9.993396401405334473e-01 1.022204187961506250e-07 1.109960066969506443e-05 5.678094794347998686e-07 1.615008404787232621e-10 8.000643849372863770e-01 5.217044872551923618e-06 1.341303335067323133e-08 3.520130462675297167e-07 3.389580547809600830e-01 2.301004715263843536e-02 8.172888774424791336e-04 2.993812842078114045e-08
7.330963126150891185e-05 2.352331165411669645e-07 7.613131458583666245e-08 9.998859167098999023e-01 2.661468833684921265e-02 5.773064799541316461e-07 6.679030060768127441e-01 1.361849444947438315e-05 1.704609348962549120e-05 2.284882157255196944e-06 1.084654810412644110e-09 1.043366355588659644e-04 4.794949563802219927e-05 4.065725534019293264e-06 9.276412893086671829e-04 1.195454620756208897e-03 2.848957479000091553e-01 2.927257128249038942e-06 2.468084048246055318e-08
1.468772552470909432e-05 1.170714540421613492e-06 1.801251983124529943e-07 1.697221696376800537e-01 7.579062639706535265e-06 9.977346658706665039e-01 4.278234671801328659e-03 8.122826329781673849e-06 6.187204853631556034e-04 1.355855033580155578e-06 1.850835110173143505e-11 7.818587444141655851e-10 3.827783530141459778e-06 1.728872768580913544e-03 8.020098209381103516e-01 4.511575113497201528e-09 1.390761928632855415e-03 1.140476088039577007e-03 4.808071594197826926e-07
1.800516765797510743e-04 1.314282271778210998e-04 1.434608129784464836e-04 9.989593029022216797e-01 1.303069439018145204e-05 5.222663749009370804e-04 1.530562154948711395e-02 3.995959833264350891e-02 5.312546704772103112e-07 4.874795675277709961e-03 8.855295385856720713e-10 5.706932526550190232e-08 2.210075967013835907e-03 1.532999724149703979e-01 5.280122756958007812e-01 1.227996199304470792e-05 1.753045618534088135e-01 7.598053216934204102e-01 6.126567253517123390e-09
2.235335414297878742e-04 1.414415601175278425e-04 3.814531373791396618e-05 9.999779462814331055e-01 4.893447112408466637e-06 4.094425457878969610e-05 1.566661288961768150e-03 4.181124642491340637e-02 9.232183018070827529e-09 6.763399578630924225e-04 3.372706627868815588e-11 1.057517962088638797e-09 8.316696621477603912e-04 5.046334266662597656e-01 2.728815674781799316e-01 3.774204515138990246e-06 3.027945570647716522e-02 9.303125739097595215e-01 1.579939651330519723e-10
9.890768527984619141e-01 2.022374792431946844e-05 2.769426181437051326e-12 9.999992847442626953e-01 8.991889357566833496e-01 2.158516698713697224e-10 9.232184966094791889e-04 6.841464994522539200e-08 1.777493374710559237e-09 6.018760814185952768e-07 2.742337468220057417e-10 8.082575164735317230e-03 8.291751328215468675e-06 2.217949770511040697e-07 1.911228366680006729e-07 2.551159821450710297e-03 7.670676568523049355e-04 6.281608566638396951e-10 1.279524663305720011e-11
4.619668288796674460e-06 5.691150363418273628e-06 9.843140560406027362e-07 9.998985528945922852e-01 1.969759523490210995e-06 2.029437382589094341e-06 1.076515763998031616e-01 5.410286132246255875e-03 2.154257344955112785e-06 1.827396226872224361e-05 2.490651608566540887e-11 4.738126557768396196e-10 1.559573720442131162e-04 1.004329510033130646e-02 4.389440268278121948e-02 4.669431632464693394e-07 7.416466474533081055e-01 9.256092016585171223e-05 1.436698648937806411e-09
9.818015247583389282e-02 2.844557352364063263e-02 1.683725276961922646e-04 9.988871216773986816e-01 1.450231205672025681e-02 3.505838103592395782e-03 5.670591071248054504e-02 1.823592558503150940e-02 2.180941170081496239e-03 3.088022582232952118e-03 9.094434062717482448e-05 7.869269029470160604e-05 1.370837353169918060e-02 7.912918925285339355e-02 2.842774987220764160e-02 1.421545166522264481e-03 4.612791910767555237e-02 8.478654199279844761e-04 1.636407832847908139e-04
1.292073875665664673e-01 6.749479507561773062e-05 1.502181930845836177e-06 9.999959468841552734e-01 1.626479323022067547e-03 3.130118711851537228e-04 2.208914374932646751e-03 1.085464900825172663e-04 2.526435537220095284e-06 2.678276359802111983e-05 1.243695701980129797e-09 1.310427535372582497e-07 4.221847921144217253e-04 9.922917233780026436e-04 6.322277337312698364e-02 4.779543814947828650e-06 6.737680640071630478e-03 2.167686034226790071e-05 2.363531415028319316e-08
2.670806860652646201e-21 7.554890627335128334e-20 2.377202466331726190e-16 9.999881982803344727e-01 1.282145937204072321e-15 5.194199934017331635e-27 9.999876022338867188e-01 3.729340447566897865e-10 5.267858372013329096e-17 3.259401806188636424e-18 3.898756523661543948e-28 8.237922822406634608e-17 8.690488433049647909e-12 5.200794656046170417e-11 2.690636380364708202e-09 1.630386971263053653e-11 9.999897480010986328e-01 4.597710507805866445e-15 2.341655256318709132e-20
1.372237565401945175e-26 2.543450126887890007e-22 1.610556945190120647e-18 8.198550939559936523e-01 3.286214090262718548e-21 1.728063362556260062e-29 9.999991655349731445e-01 7.577803939895488838e-10 1.091300726309704810e-18 1.869773920016495568e-20 2.262206904711149943e-31 6.518063673469950023e-21 2.331315750257051400e-13 1.131015836541848785e-10 4.402586739615799161e-09 5.993803679294265607e-14 1.000000000000000000e+00 3.457240995425442907e-15 1.426530158132236024e-20
3.087731942299627979e-24 2.275617970662134402e-20 1.029541217340163310e-16 1.077645346522331238e-01 1.544846482470974740e-16 6.694872991104199489e-27 1.000000000000000000e+00 2.049209690824227437e-09 2.815116541298508940e-15 5.693020935059459791e-18 1.619570758204481846e-25 2.610983125669527616e-14 1.000948542800861318e-11 5.298184807545069930e-11 2.793276276946698999e-09 7.427168879914347599e-10 9.999977350234985352e-01 9.879158038503255135e-13 9.117994025070792915e-17
5.837809876538813114e-04 1.039748894982039928e-06 1.085419469859516539e-07 9.999941587448120117e-01 1.425423542968928814e-03 6.789672374725341797e-02 3.074937034398317337e-03 1.530993540654890239e-05 4.973440809408202767e-05 9.231336662196554244e-06 9.206956724794324032e-11 7.699713933106977493e-08 7.976149208843708038e-05 2.967401633213739842e-05 2.182472310960292816e-02 4.814316071133362129e-06 2.283740788698196411e-03 1.223439903696998954e-04 1.985875108800883027e-08
3.280092962086200714e-03 3.012082539498806000e-03 5.890213884413242340e-03 8.243536353111267090e-01 9.099108283407986164e-04 7.258351147174835205e-02 1.195966675877571106e-01 8.171556144952774048e-02 1.009112340398132801e-03 3.057594224810600281e-02 9.751783181854989380e-06 1.120214437833055854e-04 1.889731921255588531e-02 1.368847638368606567e-01 7.392017245292663574e-01 8.030812605284154415e-04 2.147778123617172241e-01 3.911359608173370361e-01 4.501372313825413585e-05
2.631990611553192139e-01 2.180284587666392326e-03 1.136261857936915476e-07 9.990159273147583008e-01 4.488290548324584961e-01 1.888966289698146284e-05 1.063116919249296188e-02 3.014794201590120792e-04 2.255173967569135129e-06 2.698324024677276611e-01 7.053003514556621667e-07 2.466273158788681030e-01 6.556035485118627548e-03 7.517103222198784351e-05 7.364455086644738913e-05 8.049983531236648560e-02 3.985193092375993729e-03 1.281718577956780791e-04 6.734165225452670711e-08
2.732515921161342981e-14 8.130948359053036256e-09 3.110761916888165138e-17 1.000000000000000000e+00 1.400923249815174722e-15 1.218886579410615390e-21 5.926349386572837830e-02 1.455247111152857542e-04 3.844076410810214062e-14 1.099196254850109966e-12 1.593072614517292060e-21 3.538213762682300305e-23 1.473351995961991179e-09 3.430677652359008789e-01 2.003383237081379775e-08 2.351976577906478294e-13 9.639556407928466797e-01 6.927448892302123795e-11 1.014212417529346736e-19
2.131312237807492238e-09 1.926468087276589358e-07 2.617047203945510603e-13 9.999995231628417969e-01 1.864923682148855733e-08 3.294569912021261260e-12 3.830561041831970215e-01 3.921713505405932665e-05 4.981357992761559217e-09 3.145469463561312295e-06 7.401352187888802971e-16 4.850252144361633100e-12 2.352190449528279714e-06 1.845520804636180401e-03 2.208572595918667503e-06 8.042479748837649822e-08 4.713060334324836731e-02 6.104061700540341917e-11 2.812675900564290399e-14
9.823801928182662735e-13 1.109127789611363823e-09 5.119552498244206722e-17 1.000000000000000000e+00 1.562326548514014757e-12 1.510354353736978257e-18 7.983923703432083130e-02 2.482153468008618802e-05 4.641090571751160798e-13 1.735499854937927466e-09 3.670710903432093865e-21 2.855530665314467524e-18 2.328570580800715106e-08 3.338939044624567032e-03 5.391910917751374654e-08 4.588503535463139826e-11 5.748454928398132324e-01 1.694447425253098327e-12 2.565153770963825908e-19
8.334410376846790314e-03 2.832057187333703041e-03 1.827803067862987518e-02 3.569557145237922668e-02 2.299889028072357178e-01 1.104289316572248936e-03 8.263602256774902344e-01 4.054096341133117676e-02 8.692191913723945618e-03 9.355735033750534058e-02 6.982679478824138641e-04 6.759235262870788574e-01 1.080572828650474548e-01 1.573589397594332695e-03 3.730300348252058029e-03 3.402789235115051270e-01 1.816926449537277222e-01 1.834179088473320007e-02 2.405407838523387909e-03
9.998918771743774414e-01 1.558454800397157669e-02 7.218112614282290451e-07 1.985675917239859700e-04 8.893485069274902344e-01 7.272700774940688007e-10 2.628980875015258789e-01 7.951736733957659453e-06 9.443997441849205643e-06 1.798382101014794898e-07 9.000226555144763552e-07 8.308820128440856934e-01 3.478335856925696135e-04 1.107894149754429236e-07 2.953856048648617616e-10 1.401452231220901012e-03 6.525876233354210854e-05 1.775044644602985500e-08 2.208808609793777578e-06
1.106387752084217674e-16 4.859165636707619225e-17 1.932629148409598991e-24 4.029850606457330287e-05 1.031619518698789761e-07 3.169864357914775610e-04 1.000000000000000000e+00 5.097331986808225367e-19 2.937694371212273836e-04 6.902404178584121228e-22 6.710348654801647349e-25 1.043825594197549632e-15 3.632940457339251189e-16 1.565989671270529016e-09 8.371609728783369064e-04 1.332068136350450516e-13 1.334818389153724638e-08 1.066734894861198768e-10 2.230211458217890019e-13
2.864250503442633544e-12 4.487041380812906155e-12 1.904095530637093073e-18 1.907963451230898499e-05 3.665082913357764482e-04 8.031706549838091291e-11 1.000000000000000000e+00 3.096945876829293454e-12 2.022141416091471910e-05 8.210328982438327983e-14 2.535639714417847052e-16 4.801431714440695941e-06 6.130588925401525557e-09 3.117289981702242585e-09 1.664578303461894393e-05 4.316708327678497881e-06 1.970542070921510458e-04 5.275277437100100997e-10 4.362353256404105650e-10
1.585287973284721375e-03 6.053113564848899841e-02 9.599460781828383915e-08 9.999788999557495117e-01 1.058851703419350088e-04 6.881866454477858497e-08 1.887236163020133972e-02 1.580578461289405823e-02 2.341251047255354933e-06 5.046050064265727997e-04 2.493222552857332630e-07 6.146461828393512405e-07 1.571949454955756664e-03 5.543816089630126953e-01 1.356108168693026528e-05 5.011150497011840343e-04 1.325890049338340759e-02 6.188880433910526335e-06 8.649494986912031891e-08
1.339505711372933057e-16 5.153358295650889431e-11 2.616589065000164433e-16 7.762248515064129606e-07 4.369864747832963303e-10 7.285468445704639667e-15 1.000000000000000000e+00 9.473334898757457267e-07 4.883838755631586537e-07 6.919700923369020984e-10 3.770273752489589070e-13 3.169494391386251664e-07 2.451359932820196263e-06 4.333940921696921578e-07 2.334595819775131531e-06 2.756793037406168878e-05 2.423138767480850220e-01 1.057758103328865218e-09 3.865901376798319689e-09
9.071071445941925049e-02 1.306987716816365719e-03 1.996179162233602256e-05 9.258046746253967285e-01 5.847118794918060303e-03 2.076606266200542450e-02 5.160416662693023682e-02 5.382839124649763107e-03 5.219275772105902433e-05 9.409855604171752930e-01 1.401462213834747672e-06 2.549071609973907471e-02 3.360094502568244934e-02 1.972628815565258265e-04 2.542423829436302185e-02 2.329115988686680794e-03 8.766391314566135406e-03 2.463265787810087204e-03 2.875971631510765292e-06
7.997588836587965488e-04 1.040402275975793600e-05 2.430903577987919562e-06 9.995057582855224609e-01 5.432047764770686626e-04 3.494223114103078842e-03 5.061611905694007874e-02 1.175599754787981510e-03 3.777520987569005229e-06 8.538331091403961182e-02 1.184266795739574718e-09 3.036193993466440588e-05 1.606040867045521736e-03 1.986353890970349312e-04 8.877111971378326416e-02 5.955828601145185530e-05 6.039840728044509888e-02 2.687509695533663034e-04 1.109204550431286407e-08
1.767837238730862737e-04 1.383378673835977679e-07 2.210959280241064917e-15 2.193273603916168213e-02 1.305503246840089560e-06 1.423747164608357707e-08 3.907905465894145891e-06 5.972207418381003663e-06 7.652367543071417894e-15 1.000000000000000000e+00 5.145897813765842876e-13 4.320280849933624268e-01 1.154681303887628019e-04 4.073948210031597128e-13 2.253832953602596945e-10 1.313077751547098160e-03 8.908990878353506560e-08 9.029009220284933690e-07 9.530134978565215839e-16
6.013327922242597264e-25 8.105284742056001641e-18 4.225137912991083360e-29 2.546634050304419361e-07 4.248996987588071761e-13 3.849055778693943192e-15 1.000000000000000000e+00 2.996775766733867882e-17 3.502283561829244718e-06 6.487269834857818304e-24 1.251426851937266940e-24 3.455602264605191654e-17 5.594234394096946929e-16 1.827981144231216604e-08 7.854182513256091624e-06 2.379339130234581212e-12 4.415135776980605442e-07 3.649918502201046633e-14 9.123848425634639020e-15
1.685571805865038186e-05 1.046642735600471497e-01 1.121523651725908621e-09 9.997051358222961426e-01 8.628321523929116665e-08 3.505918055868306737e-10 3.072464314755052328e-04 1.297322213649749756e-01 1.973739227612014702e-11 6.432725349441170692e-04 2.770584629774308638e-11 3.132345272049974483e-09 2.616624115034937859e-04 9.991918206214904785e-01 7.466069860129209701e-07 6.098383892094716430e-05 1.174869248643517494e-03 5.830409354530274868e-04 3.825100826360117168e-12
3.547560051083564758e-02 6.181400418281555176e-01 5.350690484046936035e-01 9.209607839584350586e-01 3.565291175618767738e-03 7.712127408012747765e-04 4.795176535844802856e-02 2.575586736202239990e-01 2.379429497523233294e-04 6.332023534923791885e-03 2.558237640187144279e-03 3.421892179176211357e-04 2.981163188815116882e-02 9.334880113601684570e-01 1.155414618551731110e-02 3.881014510989189148e-02 2.476546727120876312e-02 2.797044254839420319e-02 3.367782337591052055e-04
9.378500282764434814e-02 1.046877950429916382e-01 2.264713123440742493e-02 9.406441450119018555e-02 4.608223587274551392e-02 7.837861776351928711e-03 6.736801266670227051e-01 2.341060489416122437e-01 4.906408488750457764e-02 1.186377927660942078e-01 1.404400356113910675e-02 1.883755177259445190e-01 1.666093319654464722e-01 3.415565192699432373e-02 3.055172041058540344e-02 1.228541880846023560e-01 1.729022860527038574e-01 6.780373305082321167e-02 1.940864510834217072e-02
9.782521985471248627e-03 1.478585302829742432e-01 9.586165547370910645e-01 9.999763965606689453e-01 4.346340137999504805e-04 2.470577237545512617e-05 2.219416201114654541e-04 2.581495232880115509e-02 2.395969431745470501e-07 2.584053072496317327e-05 6.301502253336366266e-06 3.346968924233806320e-08 2.022415166720747948e-03 9.842321872711181641e-01 4.281774628907442093e-03 4.581771325320005417e-03 5.053970380686223507e-04 2.653968147933483124e-02 1.247160753337084316e-06
3.076175460591912270e-03 8.880313485860824585e-02 9.095730185508728027e-01 9.999990463256835938e-01 6.209732237039133906e-05 2.774079348455416039e-06 9.821697858569677919e-06 1.017199084162712097e-02 1.734781651663297453e-09 1.709186221887648571e-06 1.234471369571110699e-07 2.738568816162967323e-10 4.187745216768234968e-04 9.978573918342590332e-01 8.807216654531657696e-04 9.407134493812918663e-04 3.869323336402885616e-05 3.003820590674877167e-02 1.611317834715464414e-08
9.855466487351804972e-06 1.566934670904629456e-08 7.340187485604943163e-11 7.363378070294857025e-03 6.229628324508666992e-01 1.134015548132083495e-07 9.714182019233703613e-01 1.251217099706991576e-06 9.307945219916291535e-06 4.243621951900422573e-04 6.378911288074107233e-10 9.465816020965576172e-01 5.010448148823343217e-05 3.167903628309431951e-08 3.805653250310570002e-07 4.848187863826751709e-01 5.683613475412130356e-03 6.527586956508457661e-04 4.267086950449083815e-08
2.113322017383012508e-10 2.785829726625888014e-11 1.031786714918224261e-15 9.842872619628906250e-01 6.912143435329198837e-04 1.425048338880852139e-12 9.999721050262451172e-01 1.563730145370811897e-09 7.448362566719879396e-07 2.595343384648174379e-10 1.598002363301185419e-14 3.988924072473309934e-05 1.381868770522487466e-07 1.139835337227168566e-08 7.821727194823324680e-06 5.542976432479918003e-04 1.565827615559101105e-02 1.579205322066457029e-09 2.626275932837707217e-11
8.905717642321514613e-18 7.703791786801953323e-17 3.275909938631623758e-23 5.184319452382624149e-04 6.644808763667242602e-06 2.870175691264565741e-18 1.000000000000000000e+00 1.487257176137693482e-13 2.447858138410197171e-09 1.454883949588130915e-14 2.495019227088728752e-20 1.997350409510545433e-05 4.509534134999881871e-10 1.122285749576013014e-12 4.296009770143882633e-09 2.490023616701364517e-04 8.240799652412533760e-04 8.974977878939416343e-12 1.110333562424773227e-14
2.479799254828662924e-09 1.012266417132275283e-15 1.623930348969480509e-20 6.253077611262369828e-09 9.778265953063964844e-01 6.586752085598057693e-13 9.926982522010803223e-01 5.587510773616584381e-14 9.378677390259326785e-09 1.400637870574428234e-06 6.956899144300670131e-18 9.999681711196899414e-01 5.870851804701260335e-09 2.566838427678866718e-18 4.120633308657409483e-17 6.258314847946166992e-01 2.526493005916563561e-07 1.673266858404076629e-08 3.211282490465407202e-14
2.102367613332489782e-09 3.870624784481504306e-16 1.831370631293849722e-22 4.110036684323858935e-07 9.031591415405273438e-01 8.024180278565218316e-13 7.140645291656255722e-03 2.408626249839063149e-12 2.388318714973254814e-16 9.998493194580078125e-01 3.844201939495504591e-21 9.999995231628417969e-01 1.250493819604514556e-09 9.884046279869366238e-19 1.963803701997855132e-18 8.120121955871582031e-01 2.169222718118035687e-10 6.625144877148159139e-09 5.283484492331052024e-21
7.226950060612580273e-07 1.067555603379705120e-13 2.646062730058338383e-21 9.752099686011206359e-06 9.678603410720825195e-01 9.618810739228655926e-13 1.428163889795541763e-02 9.121670432876705092e-12 6.178004207388690383e-15 9.746370911598205566e-01 2.448471156769212978e-19 9.999982118606567383e-01 1.819844008821291936e-08 2.500148934666218361e-17 9.573740433213214233e-18 6.266677975654602051e-01 1.925748227549206604e-09 1.570788832339076180e-08 3.253909585415225743e-19
4.364675287860109165e-10 1.609464783669523058e-09 4.969405789645442439e-11 9.999972581863403320e-01 1.233082524976225613e-10 7.965767192456667256e-15 4.633742272853851318e-01 1.530174922663718462e-04 1.626390272457811648e-10 6.391056572851994133e-09 1.398386280259029685e-16 8.192245845453985376e-14 1.100207327908719890e-06 2.240509929833933711e-04 6.144570943433791399e-05 3.487798272416853251e-09 9.992326498031616211e-01 1.728286314062188467e-08 3.231620429155340757e-14
1.877088979043706196e-12 3.043089044640900909e-11 3.128034398343360056e-13 9.999842643737792969e-01 5.198203846534799055e-12 6.472090737952933249e-17 9.793220162391662598e-01 1.374714065605076030e-05 2.239497823297575962e-11 1.644516883780866578e-10 8.849396361978850927e-19 1.762751457388272991e-14 1.432966882930486463e-07 3.098837623838335276e-05 1.547300780657678843e-05 1.280058170571862775e-09 9.993255138397216797e-01 2.075583593885710343e-10 4.385492332101932275e-15
1.072871609261727421e-12 9.399052647296457508e-10 1.358297480567871585e-12 9.994001388549804688e-01 2.365871604528835270e-12 7.767002017537499511e-16 9.753537774085998535e-01 2.861370739992707968e-04 8.742413737383714079e-11 7.752968933516513061e-09 1.707798085293716001e-17 3.699351006189628699e-14 5.902314228478644509e-07 2.734795212745666504e-03 5.179629079066216946e-05 8.764109438175182731e-09 9.992886781692504883e-01 8.573267962219688343e-08 8.267324135393175344e-14
3.072512845392338932e-05 2.411078559028112522e-10 1.121711504542334027e-17 9.777767658233642578e-01 9.772730469703674316e-01 4.415266516843985301e-07 9.881680607795715332e-01 1.551319185957855673e-12 2.812568563967943192e-03 3.273846749252129484e-09 2.430173076661823472e-11 7.584824413061141968e-02 1.489863787895728819e-09 5.571205649590460496e-11 2.699498224956187187e-07 4.555591195821762085e-02 7.171055767685174942e-05 4.281890596757875755e-06 4.783522467022294222e-09
3.185636887792497873e-05 1.865359990915749222e-07 3.528981086167856315e-15 5.372611805796623230e-02 2.108286321163177490e-02 3.565343353884031785e-09 9.471971425227820873e-04 1.353893594568944536e-06 1.856611435771537977e-12 9.999805688858032227e-01 2.835306859086395015e-12 9.930195212364196777e-01 1.282052835449576378e-05 3.050091429424028888e-11 1.309843344898808937e-10 2.663678526878356934e-01 8.762648349147639237e-07 2.413594529571128078e-06 8.618176532387399752e-15
3.164170481184669370e-09 1.854237495493783923e-15 2.738481525883392475e-24 2.300603315234184265e-02 9.743393659591674805e-01 1.985064456561103086e-12 9.999302625656127930e-01 1.048710367029916178e-16 1.976435896722250618e-06 1.183750038095954249e-12 5.277389147031165081e-18 4.015924036502838135e-01 8.401417582459824729e-12 3.947432938045136210e-16 7.762401138533547851e-11 1.490579638630151749e-02 3.212388037354685366e-06 7.279070124432962530e-10 1.868009056899683218e-13
7.509303486585849896e-06 3.187137917848303914e-05 1.158423579283862637e-08 9.990215301513671875e-01 2.831546007655560970e-04 1.775319105945527554e-06 9.512534141540527344e-01 7.864745566621422768e-05 6.026782793924212456e-04 9.441721431358018890e-07 9.769410169724324078e-09 2.604483313461969374e-07 3.994748476543463767e-05 1.957443542778491974e-03 2.797206863760948181e-03 3.843854210572317243e-05 4.039114713668823242e-02 3.629811260452697752e-07 3.727292892108380329e-07
1.094745312002487481e-05 4.482028089114464819e-05 2.547731448032664048e-08 9.989517927169799805e-01 3.210561408195644617e-04 1.926761569848167710e-06 9.370489120483398438e-01 1.379341119900345802e-04 6.318833329714834690e-04 1.766414015946793370e-06 1.930268744843033346e-08 4.030472382510197349e-07 6.441406731028109789e-05 2.561669796705245972e-03 3.177666105329990387e-03 5.491937554324977100e-05 5.546216294169425964e-02 5.750727041231584735e-07 5.484818643708422314e-07
4.612957418430596590e-04 9.915660484693944454e-05 1.296464688493870199e-06 9.996752738952636719e-01 1.708284602500498295e-03 1.409571268595755100e-04 3.074049949645996094e-01 9.747340227477252483e-04 4.570496676024049520e-04 7.551540329586714506e-05 5.496202604149402760e-08 1.913507503559230827e-06 5.593997193500399590e-04 2.914620330557227135e-03 1.610944233834743500e-02 1.302363234572112560e-04 1.220025420188903809e-01 1.701311157376039773e-05 8.934334800869692117e-07
