1.665435358881950378e-02 1.530251950025558472e-01 1.000000000000000000e+00 1.929580420255661011e-01 2.448333834763616323e-04 7.249852387758437544e-06 6.843067705631256104e-03 1.405796259641647339e-01 6.770458327309825108e-08 2.086834283545613289e-04 5.361634975997731090e-06 7.730254765192512423e-06 7.087676972150802612e-02 9.038232564926147461e-01 2.751975879073143005e-02 6.109352689236402512e-03 2.576742786914110184e-03 3.817408811300992966e-03 6.765447324141860008e-05
3.885146602988243103e-02 1.271461397409439087e-01 9.999998807907104492e-01 7.570462822914123535e-01 1.191070070490241051e-03 6.159818440210074186e-05 7.401084061712026596e-03 1.174638271331787109e-01 4.749994104713550769e-07 7.992282626219093800e-04 1.100128574762493372e-04 2.814955041685607284e-05 1.660154461860656738e-01 7.796027064323425293e-01 1.051247566938400269e-01 1.376303657889366150e-02 2.882542787119746208e-03 4.943284392356872559e-02 1.578651426825672388e-04
6.267480552196502686e-02 1.975346803665161133e-01 9.999994039535522461e-01 3.899346590042114258e-01 2.256787149235606194e-03 1.607431040611118078e-04 1.637554354965686798e-02 2.013833075761795044e-01 2.829202685461496003e-06 2.069566864520311356e-03 1.578388037160038948e-04 1.561516983201727271e-04 1.661431044340133667e-01 8.061705827713012695e-01 6.889982521533966064e-02 1.986340060830116272e-02 7.251403294503688812e-03 2.844241634011268616e-02 4.883303190581500530e-04
1.686451770365238190e-02 7.520601153373718262e-02 1.000000000000000000e+00 9.933238625526428223e-01 1.065694086719304323e-04 2.537518355438805884e-07 2.560225548222661018e-04 1.925249211490154266e-02 2.088852563142395979e-10 6.871312507428228855e-05 7.123190152924507856e-05 2.511038132979592774e-07 1.841365396976470947e-01 9.536234736442565918e-01 7.806452363729476929e-02 1.272975374013185501e-02 3.702294634422287345e-05 2.126547098159790039e-01 2.714823040150804445e-06
1.043576095253229141e-02 6.663312762975692749e-02 1.000000000000000000e+00 9.934050440788269043e-01 5.524294465431012213e-05 1.200990453753547627e-07 1.671099453233182430e-04 1.690337248146533966e-02 4.750938184527875308e-11 2.839801345544401556e-05 3.129357355646789074e-05 7.322146444721511216e-08 1.461739391088485718e-01 9.649913311004638672e-01 7.456494122743606567e-02 8.171360939741134644e-03 2.565563590906094760e-05 1.849703043699264526e-01 1.238930053659714758e-06
6.320908665657043457e-02 1.412816792726516724e-01 1.000000000000000000e+00 9.641928672790527344e-01 4.009635595139116049e-04 2.831540314218727872e-06 9.674347238615155220e-04 4.892322048544883728e-02 7.591419937114096683e-09 2.696647134143859148e-04 2.066503220703452826e-04 4.143440037296386436e-06 2.536074519157409668e-01 9.197375774383544922e-01 6.974048912525177002e-02 1.863103359937667847e-02 1.697164843790233135e-04 1.362680196762084961e-01 2.053857497230637819e-05
1.453507820770028047e-06 2.636172110214829445e-03 9.990774393081665039e-01 3.727259486913681030e-02 2.264304839627584442e-06 9.273281031951796649e-10 9.258742928504943848e-01 1.871546059846878052e-01 1.404064551024930552e-05 6.462873716372996569e-05 3.067195564199209912e-07 4.073573109053540975e-06 2.609386574476957321e-03 3.491754531860351562e-01 1.739286468364298344e-03 1.060248445719480515e-02 7.636018991470336914e-01 2.544529270380735397e-04 3.335325163789093494e-05
8.494690934199425119e-17 3.452100367715149609e-12 1.893318540169275366e-06 1.319190943149806117e-07 1.671681131194813208e-12 3.770772098699277972e-19 9.999963045120239258e-01 1.077978592365980148e-02 2.115624897491841239e-10 1.211633571074344218e-05 4.188285528399122992e-14 1.670005076448433101e-05 4.209604412608314306e-06 1.666910662834197865e-07 3.439166462726461759e-08 1.109089353121817112e-03 9.949412345886230469e-01 3.483238941726085613e-08 2.591984404887170967e-10
7.090057521256598952e-17 3.030639975087900950e-12 1.453462118661263958e-06 1.166620435810727940e-07 1.526577909222170959e-12 3.376516363759366888e-19 9.999965429306030273e-01 1.055283844470977783e-02 1.984653830167104616e-10 1.252860874956240878e-05 3.949123404049618979e-14 1.738962237141095102e-05 4.017791525257052854e-06 1.499442419117258396e-07 3.177828489242529031e-08 1.122892485000193119e-03 9.949464201927185059e-01 3.316599617164683877e-08 2.425478706769013115e-10
1.432667374610900879e-01 2.678575217723846436e-01 9.998608827590942383e-01 7.615797519683837891e-01 1.472448278218507767e-02 2.072218572720885277e-03 4.288949072360992432e-02 2.192036211490631104e-01 8.641769818495959044e-05 1.488093473017215729e-02 7.722774986177682877e-03 1.745423767715692520e-03 2.894593179225921631e-01 7.018199563026428223e-01 2.265730798244476318e-01 8.009380847215652466e-02 1.865153573453426361e-02 2.217721045017242432e-01 3.431075951084494591e-03
8.232805877923965454e-02 2.678430378437042236e-01 9.999809265136718750e-01 2.395492941141128540e-01 5.700902547687292099e-03 5.896703223697841167e-04 5.493760854005813599e-02 2.721875607967376709e-01 3.818735785898752511e-05 7.401979994028806686e-03 7.117263157851994038e-04 1.109192380681633949e-03 1.625076979398727417e-01 7.693912982940673828e-01 8.639991283416748047e-02 4.215830191969871521e-02 2.321907319128513336e-02 3.054409660398960114e-02 2.001014072448015213e-03
1.228257566690444946e-01 2.455318719148635864e-01 9.999469518661499023e-01 8.154797554016113281e-01 1.040788181126117706e-02 1.056380802765488625e-03 2.923698350787162781e-02 1.853595227003097534e-01 3.211108196410350502e-05 9.721606038510799408e-03 5.669923964887857437e-03 8.756111492402851582e-04 2.786290347576141357e-01 7.380428314208984375e-01 2.155045568943023682e-01 7.089398801326751709e-02 1.176548376679420471e-02 2.259690612554550171e-01 2.017518505454063416e-03
5.123634636402130127e-02 2.437700778245925903e-01 1.000000000000000000e+00 1.772669702768325806e-02 5.350683932192623615e-04 4.148648997670534300e-07 2.395630441606044769e-02 3.124315440654754639e-01 4.840857741328363772e-07 3.113594430033117533e-04 9.643814564697095193e-07 1.577356306370347738e-05 6.482105702161788940e-02 8.206735849380493164e-01 1.574525260366499424e-03 1.627472043037414551e-02 1.751006580889225006e-02 2.974189119413495064e-04 2.298305771546438336e-04
8.068922162055969238e-02 2.090472728013992310e-01 1.000000000000000000e+00 1.038039997220039368e-01 1.838248688727617264e-03 7.832005394448060542e-06 3.954118862748146057e-02 3.178199231624603271e-01 3.911980911652790383e-06 1.465494511649012566e-03 1.095785592042375356e-05 1.185666187666356564e-04 1.427888721227645874e-01 6.953324675559997559e-01 8.265330456197261810e-03 2.070430293679237366e-02 2.936729043722152710e-02 2.185696037486195564e-03 5.949064507149159908e-04
6.743019912391901016e-04 1.045319736003875732e-01 1.000000000000000000e+00 3.310664556920528412e-03 5.039679763285676017e-06 4.491233496217716947e-10 6.143560167402029037e-03 2.408943474292755127e-01 1.127638871167846446e-09 9.480922926741186529e-06 4.605123393730536918e-09 4.663925778913835529e-08 3.203192958608269691e-03 9.849447607994079590e-01 3.869982610922306776e-04 3.205789718776941299e-03 6.297664716839790344e-03 3.609806981330621056e-06 4.978239758202107623e-06
1.679831766523420811e-04 1.719558844342827797e-03 1.000000000000000000e+00 1.344341144431382418e-04 3.492477699182927608e-04 1.255569537228495847e-10 4.823793470859527588e-02 2.507414221763610840e-01 3.509211365937403571e-09 5.984450504183769226e-02 1.757944567692959481e-09 4.998463555239140987e-04 4.173846542835235596e-02 8.857634849846363068e-03 7.552276883870945312e-07 2.508515715599060059e-01 4.488092847168445587e-03 2.753990656856331043e-06 1.117399847316846717e-06
4.476026879274286330e-05 7.616781513206660748e-04 9.999794960021972656e-01 4.311605822294950485e-03 1.417285820934921503e-04 1.173951424959795986e-08 5.908162593841552734e-01 4.190486371517181396e-01 4.465528490982251242e-06 2.670378424227237701e-02 3.821127165792859159e-07 1.152735203504562378e-03 1.439615245908498764e-02 2.047438733279705048e-02 2.713159774430096149e-04 1.578956246376037598e-01 3.369872272014617920e-01 2.467065933160483837e-04 3.828862099908292294e-05
4.685277963289991021e-05 9.627989493310451508e-04 9.999709129333496094e-01 3.783086314797401428e-03 1.435477024642750621e-04 1.123483173159911530e-08 5.906853079795837402e-01 4.668557941913604736e-01 5.396549113356741145e-06 3.448199108242988586e-02 5.714284725399920717e-07 1.704586902633309364e-03 1.458904054015874863e-02 2.114821784198284149e-02 2.381989761488512158e-04 1.914993077516555786e-01 3.313411772251129150e-01 2.372511080466210842e-04 4.670805719797499478e-05
1.406088378280401230e-02 2.718046605587005615e-01 9.999996423721313477e-01 9.569752812385559082e-01 1.113755744881927967e-03 1.244977374881273136e-05 6.735151167958974838e-03 1.122452691197395325e-01 7.499953085243760142e-07 1.767060311976820230e-04 9.749867022037506104e-04 5.011961548007093370e-06 4.734998568892478943e-02 9.192219376564025879e-01 1.691602915525436401e-01 4.081968218088150024e-02 4.099240060895681381e-03 6.899560242891311646e-02 1.972171739907935262e-04
1.652960292994976044e-02 2.703852355480194092e-01 9.999997615814208984e-01 8.855011463165283203e-01 1.190870883874595165e-03 1.547169631521683186e-05 1.067897677421569824e-02 1.420986652374267578e-01 8.601617764725233428e-07 2.372968010604381561e-04 5.960154230706393719e-04 8.510932275385130197e-06 6.251119822263717651e-02 8.947538137435913086e-01 1.472828835248947144e-01 3.229552879929542542e-02 6.980725564062595367e-03 4.807905107736587524e-02 2.806221600621938705e-04
5.705385468900203705e-03 7.981392741203308105e-02 9.999998807907104492e-01 4.837744235992431641e-01 3.948030644096434116e-04 2.955904619739158079e-06 9.584847837686538696e-02 2.286981493234634399e-01 3.123605665678041987e-06 2.753704611677676439e-04 5.093510935694212094e-06 5.422508365882094949e-06 5.824466422200202942e-02 6.975100636482238770e-01 7.312713563442230225e-02 7.651835680007934570e-03 1.621017307043075562e-01 9.786079637706279755e-03 2.160478616133332253e-04
3.684526177494262811e-07 8.564038276672363281e-01 1.000000000000000000e+00 7.751490455120801926e-03 1.781895757248935785e-13 6.213755532489661026e-18 1.990439528753995546e-07 8.162365294992923737e-03 3.175525368958332640e-20 8.155079394981182284e-14 3.068677717531567706e-14 1.517232712082117017e-17 1.709028367713472107e-07 9.999998807907104492e-01 1.507980726955793216e-07 3.191968289684155025e-07 1.801655935551593757e-09 1.891174716828203373e-10 3.198596520366026909e-15
8.221300668083131313e-04 9.866940975189208984e-01 1.000000000000000000e+00 2.271804660558700562e-01 2.416039937558345230e-11 9.353839724264220723e-14 9.629146688894252293e-07 4.576243460178375244e-02 7.325480402778581095e-17 5.853514895015621278e-11 4.930479288733913279e-11 9.458726120056826225e-13 8.238128066295757890e-05 9.999930858612060547e-01 3.352256499056238681e-07 4.913063548883656040e-06 2.393979237069743249e-08 3.007850750691432040e-07 5.669520842382924641e-13
6.993214185513352277e-08 9.969204664230346680e-01 1.000000000000000000e+00 5.086971521377563477e-01 8.304597947292042918e-16 2.404402883453251684e-20 3.823319438822636585e-09 5.097283050417900085e-03 2.865965589686860393e-24 4.091297182797093846e-17 1.543178325196740280e-14 7.939865169619995703e-21 3.877399734619757510e-09 1.000000000000000000e+00 4.231019978817585070e-09 1.687165784858279949e-08 9.630766670265522578e-12 1.202594551719116112e-10 6.379502778308163069e-19
6.275922656059265137e-01 3.256414830684661865e-01 9.793949723243713379e-01 3.853865563869476318e-01 1.956037878990173340e-01 6.669907830655574799e-03 2.520414590835571289e-01 2.640313804149627686e-01 5.404335912317037582e-03 5.008314549922943115e-02 1.839534938335418701e-02 1.316221207380294800e-01 2.659187018871307373e-01 2.762146890163421631e-01 3.934578225016593933e-02 1.519267857074737549e-01 9.345667064189910889e-02 5.162798240780830383e-02 9.657164104282855988e-03
2.213943377137184143e-02 1.276529766619205475e-02 9.341349005699157715e-01 2.351179718971252441e-02 6.377774477005004883e-02 2.535650855861604214e-04 4.874560534954071045e-01 2.396322339773178101e-01 6.276780623011291027e-04 5.615570545196533203e-01 7.589700981043279171e-04 4.843222200870513916e-01 2.640582025051116943e-01 5.602555815130472183e-03 1.475331722758710384e-03 3.386615514755249023e-01 6.972005963325500488e-02 1.404642127454280853e-02 1.487288624048233032e-03
4.927459657192230225e-01 5.374563336372375488e-01 9.795715808868408203e-01 2.843119502067565918e-01 4.046685621142387390e-02 6.355220917612314224e-03 1.734538376331329346e-01 4.278471767902374268e-01 3.956354223191738129e-03 7.585266232490539551e-02 2.143307588994503021e-02 7.057794928550720215e-02 3.388127386569976807e-01 4.834386408329010010e-01 3.127961605787277222e-02 1.136955395340919495e-01 6.302746385335922241e-02 8.110042661428451538e-02 9.169895201921463013e-03
8.288235403597354889e-05 1.698173731565475464e-01 1.000000000000000000e+00 2.704704413190484047e-03 3.019121948000247357e-07 4.624167715405747003e-10 1.016077119857072830e-03 9.711357206106185913e-02 1.517846126564137421e-10 7.289482368832977954e-07 3.409369675466678018e-09 2.692125189440730537e-09 2.014300989685580134e-04 9.991188645362854004e-01 1.392992126056924462e-04 4.958834615536034107e-04 1.206404340337030590e-04 3.253258000768255442e-07 7.670075774512952194e-08
1.935565450139620225e-07 9.212645292282104492e-01 1.000000000000000000e+00 1.739581860601902008e-02 3.061942789161359313e-14 7.410013691208616168e-19 6.079960002125517349e-08 5.631169769912958145e-03 1.836149310843963425e-21 9.628363271875928914e-15 1.794777942530547538e-14 1.076527383967084305e-18 5.977381078992038965e-08 1.000000000000000000e+00 6.457730705733411014e-08 1.363264487963533611e-07 4.100452477562299691e-10 1.000964311437257948e-10 3.939925579154502939e-16
4.724671889562159777e-04 1.041818559169769287e-01 1.000000000000000000e+00 4.203656688332557678e-03 1.837799936765804887e-05 1.378611114155603445e-09 4.904609639197587967e-03 2.094513326883316040e-01 1.605549582173182444e-09 5.230700844549573958e-05 3.617486754592391662e-08 2.723611771671130555e-07 3.808003617450594902e-03 9.844107627868652344e-01 2.433989575365558267e-04 8.469030261039733887e-03 1.336528686806559563e-03 3.243265837227227166e-06 1.455960614293871913e-06
2.862765541067346931e-06 9.983263611793518066e-01 9.999996423721313477e-01 9.830122590065002441e-01 3.183749704843696904e-12 1.382505492465019303e-13 2.247490556328557432e-05 3.268122673034667969e-02 9.618452139360106345e-15 1.187055553679428055e-12 1.510206715238382458e-08 2.885538437016757843e-15 1.535567264454584802e-07 9.999994039535522461e-01 3.136537429782038089e-08 7.316931487366673537e-07 1.334493049398588482e-07 3.210248564755602274e-07 2.474260318928011432e-14
2.802978087856899947e-06 9.982584118843078613e-01 9.999996423721313477e-01 9.820778965950012207e-01 3.403504257940004329e-12 1.527366286831893794e-13 2.571214099589269608e-05 3.286430984735488892e-02 1.202821428748649182e-14 1.302972378429412270e-12 1.616168887608182558e-08 3.136993508178116154e-15 1.582879747275001137e-07 9.999994039535522461e-01 3.340559473485882336e-08 7.530901484642527066e-07 1.491844159318134189e-07 3.263309906742506428e-07 2.863128232221366642e-14
1.089287934519234113e-06 9.987075328826904297e-01 9.999986886978149414e-01 9.428186416625976562e-01 3.934209457778087282e-13 4.953281979459128737e-14 6.257698260014876723e-05 3.820921480655670166e-02 1.167821942664806767e-14 6.328451760025111117e-13 6.655287876355941989e-09 1.144102648449434045e-15 8.255042871496698353e-08 9.999995231628417969e-01 1.631067370055916399e-08 2.389392932400369318e-07 1.470504997769239708e-07 1.510796323600516189e-07 9.450386403064749835e-15
3.300259122624993324e-04 2.535945735871791840e-03 1.000000000000000000e+00 5.211324691772460938e-01 6.813039362896233797e-05 1.898446981840606895e-07 2.576315104961395264e-01 1.325295567512512207e-01 2.664998874024604447e-06 4.911405630991794169e-05 9.966237612957229430e-09 7.354940976256330032e-07 2.411041408777236938e-02 2.387561947107315063e-01 1.574683375656604767e-02 1.660547102801501751e-03 6.467750072479248047e-01 2.132243389496579766e-04 2.193998989241663367e-05
3.959120476793032140e-06 5.540830372297023132e-08 6.334771285310125677e-08 8.795543635642388836e-07 1.712944867904298007e-05 1.495347532909363508e-05 2.161233313381671906e-02 5.842661485075950623e-04 5.996599838908878155e-08 9.999920129776000977e-01 5.560286897576816045e-09 6.141431331634521484e-01 2.667432650923728943e-03 3.277936255763336248e-11 1.918958680846571951e-08 4.534319415688514709e-02 4.658472334995167330e-06 1.355775839328998700e-05 3.210359533767359608e-09
4.877336323261260986e-06 6.564868613168073352e-07 8.814338059437432094e-08 6.766621663700789213e-05 2.557442896068096161e-02 7.105950117111206055e-01 7.544499635696411133e-01 6.060495707060908899e-06 6.988754612393677235e-04 2.695504389703273773e-02 5.093623300922445196e-10 8.066117763519287109e-03 6.524004274979233742e-04 4.743281181163183646e-07 1.678078842815011740e-04 3.230074653401970863e-03 2.124513703165575862e-04 2.268495009047910571e-04 2.499615447959513403e-06
3.186168521642684937e-02 4.261532127857208252e-01 1.671778255380677175e-14 1.000000000000000000e+00 8.739208112729102140e-08 1.247614521526882632e-15 1.445892028328898959e-08 5.094955849926918745e-05 2.611604593742928096e-15 5.042235379226767122e-11 6.649072785414045228e-12 1.502957812729317083e-14 4.491503489134629490e-07 9.968400001525878906e-01 1.640460635171300807e-13 5.535765694730798714e-07 8.687038643984124064e-09 8.346191793240365087e-11 3.473434571311050621e-15
4.216012731194496155e-02 5.393117666244506836e-01 2.741578834883785093e-14 1.000000000000000000e+00 7.549736125156414346e-08 2.175453141399822342e-15 1.319763054397071755e-08 1.196639423142187297e-04 9.863309035620590470e-16 1.074144176382851867e-10 5.620898711755639710e-12 3.499483756702788384e-14 8.781060500950843561e-07 9.983505010604858398e-01 2.573973748986463361e-13 6.891638690831314307e-07 9.081513319131317985e-09 4.923499941078546271e-10 2.743460518576110521e-15
5.965452175587415695e-03 5.653717517852783203e-01 1.036478235595487962e-13 1.000000000000000000e+00 4.622311777779941622e-08 3.166461360896619635e-15 1.441874530883069383e-07 2.246647200081497431e-04 1.680659904052406867e-14 1.389473397450657899e-10 1.598800432323077558e-11 3.274094726888818196e-14 5.070287443231791258e-07 9.986245632171630859e-01 8.353254069351501165e-13 7.545049243162793573e-07 4.774864947876267252e-08 4.195226110947913867e-10 1.196341796108743236e-14
1.127149971580365673e-05 1.599275507032871246e-03 9.999870061874389648e-01 4.996975660324096680e-01 4.352039832156151533e-05 3.079152932627948758e-08 8.330378532409667969e-01 8.810807764530181885e-02 5.929838516749441624e-05 6.486149231932358816e-06 5.115446555237213033e-08 1.380957542096439283e-06 3.543725470080971718e-03 2.013741880655288696e-01 3.922285046428442001e-03 4.009750206023454666e-03 4.736507236957550049e-01 1.455838173569645733e-05 1.433047782484209165e-05
8.681264705955982208e-03 2.415156486677005887e-04 9.999929666519165039e-01 1.212474016938358545e-04 5.858819466084241867e-03 4.215785338601563126e-07 1.855692081153392792e-02 5.080040171742439270e-02 3.603755160952459846e-08 9.670279622077941895e-01 1.810811198765804875e-07 1.776784062385559082e-01 2.992386817932128906e-01 3.000779724970925599e-05 1.085495568986516446e-06 1.716476827859878540e-01 3.284192061983048916e-04 1.863206125563010573e-04 7.606793701597780455e-07
3.553481539711356163e-03 1.873242259025573730e-01 1.000000000000000000e+00 1.321859061717987061e-01 2.605732006486505270e-04 1.091611238734913059e-06 3.992022201418876648e-02 1.777781993150711060e-01 4.834560058952774853e-06 7.421850023092702031e-05 2.567523551988415420e-06 1.524956246612418909e-06 1.265866681933403015e-02 8.926870822906494141e-01 5.007175728678703308e-03 1.465039141476154327e-02 1.986577920615673065e-02 1.132605175371281803e-04 1.037070542224682868e-04
7.071865838952362537e-04 5.089104524813592434e-05 7.289781365216185804e-07 5.063056960352696478e-05 3.803034126758575439e-01 2.673266408237395808e-06 9.873586297035217285e-01 2.873905577871482819e-05 2.570185810327529907e-03 7.594726048409938812e-05 2.675602900126250461e-06 7.910358309745788574e-01 3.911433741450309753e-03 4.264316828539449489e-07 5.698514542018529028e-06 9.336905926465988159e-02 1.318004075437784195e-02 2.029095594480168074e-05 9.915830742102116346e-05
4.339250881457701325e-05 8.265777826309204102e-01 1.000000000000000000e+00 1.000000000000000000e+00 4.125431996016004632e-09 6.170771359170768022e-12 8.040969001754660894e-10 1.172850461443886161e-04 2.710812976965508301e-17 7.097675854168816745e-13 1.626434653623221038e-09 1.590702463955158408e-16 2.496258559858688386e-07 9.999994039535522461e-01 1.875576174370507943e-07 9.879210847429931164e-05 8.893968894696513416e-11 5.064047854830278084e-06 5.355050035132577491e-14
1.413376012351363897e-04 4.936718940734863281e-01 1.000000000000000000e+00 1.000000000000000000e+00 9.515823506944798282e-08 9.427991026766946447e-11 5.103905298398103696e-09 1.899595954455435276e-04 1.925419179765719933e-15 2.415390283616591915e-11 2.185321257286432228e-08 6.197998420108628143e-15 4.299891770642716438e-06 9.999889135360717773e-01 1.398973472532816231e-05 1.159682055003941059e-03 1.618870482111844922e-09 1.030125931720249355e-04 1.151509096408709354e-11
1.345623433589935303e-01 7.683373987674713135e-03 9.959528446197509766e-01 2.334778755903244019e-01 3.224783837795257568e-01 4.743384124594740570e-05 5.881536006927490234e-01 1.258030999451875687e-02 1.481096842326223850e-03 1.715993566904217005e-04 1.420451098965713754e-05 2.801933512091636658e-02 1.011215709149837494e-02 5.086779594421386719e-03 3.782750340178608894e-03 7.831525057554244995e-02 2.703494727611541748e-01 9.502436150796711445e-04 4.405541694723069668e-04
2.743580564856529236e-02 1.441746205091476440e-01 9.954357743263244629e-01 9.928949475288391113e-01 1.153551507741212845e-02 2.584896174084860831e-05 1.089050993323326111e-01 1.891982741653919220e-02 7.696284446865320206e-04 6.700887024635449052e-05 1.317610265687108040e-03 3.423053567530587316e-05 4.453592002391815186e-03 4.510228931903839111e-01 5.473379511386156082e-03 3.690227866172790527e-02 1.674810238182544708e-02 4.690920104621909559e-05 2.755012537818402052e-04
1.490807562731788494e-06 1.707272604107856750e-02 1.000000000000000000e+00 4.682169237639755011e-04 1.066569211616297252e-06 4.989195076632313430e-06 8.176865577697753906e-01 2.614114992320537567e-02 5.231479008216410875e-05 6.260515306166780647e-07 8.226574088610050239e-09 2.055364056730013544e-08 3.122780981357209384e-05 9.288039207458496094e-01 3.907733480446040630e-04 2.727367100305855274e-04 3.029546933248639107e-03 1.939043841048260219e-06 3.546191146597266197e-05
9.998880624771118164e-01 3.278094828128814697e-01 1.000000000000000000e+00 3.374170546521781944e-06 5.300229531712830067e-05 6.180013640590120705e-13 1.552869216538965702e-03 1.355414241552352905e-01 5.119170087830582361e-10 9.793555477699555922e-08 1.153388495822582627e-11 1.137007984652882442e-05 6.127805709838867188e-01 2.781713148579001427e-03 1.177600551793833716e-11 1.670054552960209548e-05 2.765983663266524673e-05 1.474828792424887070e-08 3.101622041867813095e-06
9.997680783271789551e-01 2.831534445285797119e-01 1.000000000000000000e+00 3.733348137302527903e-07 8.849366395224933513e-07 4.433801109243127583e-16 6.805059965699911118e-04 2.226350009441375732e-01 1.303803245922274812e-11 9.986611537726730603e-10 6.516616639481911250e-15 1.652977843491498788e-08 2.557584047317504883e-01 2.443456556648015976e-03 1.074568765132427606e-13 1.657297048041073140e-06 3.687390199047513306e-05 4.616049556482870742e-11 3.511044610604585614e-07
9.978778362274169922e-01 4.301207363605499268e-01 1.000000000000000000e+00 1.384692639112472534e-01 1.003128709271550179e-03 4.656421470627947201e-09 2.540925015637185425e-05 2.654822729527950287e-02 1.386954613658009094e-11 1.970099583559203893e-05 1.626062385184923187e-06 4.460514173842966557e-04 8.262984156608581543e-01 8.607082366943359375e-01 2.495806711522163823e-06 9.145378135144710541e-04 8.980181291917688213e-07 1.007914822548627853e-02 2.406679868727223948e-07
4.019214771687984467e-03 9.715543389320373535e-01 9.707648158073425293e-01 9.747903347015380859e-01 1.191166461467219051e-06 2.183778065045771655e-07 4.135931376367807388e-03 1.218568608164787292e-01 1.287107807002030313e-07 9.205870696860074531e-07 8.005043491721153259e-05 7.393565226720966166e-08 2.923467254731804132e-04 9.977154731750488281e-01 9.590375157131347805e-06 6.091499235481023788e-04 1.648021861910820007e-04 9.893314563669264317e-05 2.898981321663995914e-08
5.189915001392364502e-02 8.320344686508178711e-01 8.142381310462951660e-01 8.407893180847167969e-01 9.361146367155015469e-04 3.232327289879322052e-04 7.432881742715835571e-02 2.872235774993896484e-01 2.320582570973783731e-04 1.715904683806002140e-03 3.603868419304490089e-03 3.422991430852562189e-04 2.004523575305938721e-02 9.398498535156250000e-01 2.926407847553491592e-03 2.280982956290245056e-02 9.883591905236244202e-03 8.464206941425800323e-03 8.312503632623702288e-05
2.116684988141059875e-02 7.237417101860046387e-01 3.084639310836791992e-01 8.717780709266662598e-01 1.261128811165690422e-03 3.076125285588204861e-04 1.509540379047393799e-01 2.449243217706680298e-01 7.127977441996335983e-04 3.627814585343003273e-03 2.679753117263317108e-03 3.488116781227290630e-04 1.636929251253604889e-02 9.274616837501525879e-01 3.040831768885254860e-03 2.420135959982872009e-02 2.018577232956886292e-02 5.262793973088264465e-03 1.700847060419619083e-04
7.305800914764404297e-02 5.069122463464736938e-02 9.834318757057189941e-01 2.980610132217407227e-01 4.445515573024749756e-02 1.472114324569702148e-01 2.428516745567321777e-01 1.870846897363662720e-01 1.224748603999614716e-02 2.391597628593444824e-01 1.139673986472189426e-03 2.674973383545875549e-02 1.649421304464340210e-01 1.155993863940238953e-01 1.594211608171463013e-01 4.426189139485359192e-02 6.139548122882843018e-02 5.297069624066352844e-02 9.773722849786281586e-03
1.589632593095302582e-02 8.474291115999221802e-02 1.000000000000000000e+00 9.691996574401855469e-01 5.415265331976115704e-05 1.411036123499798123e-07 1.238592813024297357e-04 2.596358582377433777e-02 3.171950202496276461e-11 1.882309152279049158e-05 1.013919154502218589e-05 8.673300300188202527e-08 1.392840445041656494e-01 9.693294167518615723e-01 3.774392977356910706e-02 4.820057190954685211e-03 2.440572461637202650e-05 5.702677741646766663e-02 1.551047830616880674e-06
4.824395318792085163e-07 1.184165477752685547e-03 1.000000000000000000e+00 1.699577660474460572e-05 8.885605495834170142e-08 3.917319446600231458e-08 7.784419059753417969e-01 4.893028736114501953e-02 5.034233909100294113e-04 5.225875270298274700e-07 1.770121917966938074e-12 5.982272011095801645e-09 5.231668910710141063e-05 1.133203692734241486e-02 7.707876648055389524e-06 6.483102333731949329e-04 5.512294918298721313e-02 6.163405341652605784e-09 6.481241871370002627e-05
1.450283166409579060e-20 1.444542614637119174e-25 0.000000000000000000e+00 4.270914608843316695e-15 1.310535669326782227e-01 8.336495049832137738e-09 1.000000000000000000e+00 5.015896475754103599e-33 5.987581610679626465e-01 6.112150006953830702e-25 1.354475594637811255e-28 3.958770321332849562e-05 2.211938462771342993e-22 1.268411051878578612e-25 1.339413728888817160e-16 6.718125611371306150e-09 4.793037509817679980e-17 6.949460131704457422e-14 4.926514044259998337e-14
5.021281191541640890e-16 5.759366815024221311e-23 3.477490295037752540e-38 4.604531748833400051e-14 8.021449446678161621e-01 2.402262633607876730e-12 1.000000000000000000e+00 1.258104990492991703e-30 5.595564842224121094e-01 6.745020570700308107e-25 3.038665336336753384e-25 1.528598950244486332e-03 7.844370237516303054e-21 4.823670259690719685e-24 1.549167144595359723e-15 2.415753286300059699e-08 4.618752500281557774e-15 9.044941377367270163e-15 9.614518382827785814e-13
6.278786305035375173e-16 5.777108561839906020e-21 5.960817517827103254e-34 1.655514484180664603e-12 1.126955747604370117e-01 3.793832377141370671e-07 1.000000000000000000e+00 3.456110414893303595e-28 4.833424985408782959e-01 3.095684314978807111e-22 5.164095491945021425e-25 1.394228092976845801e-05 1.085297152821371504e-19 9.433644303759225931e-21 3.658989073101331924e-13 3.114229540912560878e-09 1.845928229336161325e-14 3.776385454345998482e-12 6.910975264284857644e-12
2.188269607722759247e-02 2.635519206523895264e-01 9.999997615814208984e-01 3.562333807349205017e-02 1.403809292241930962e-03 9.575113836035598069e-06 8.109673857688903809e-02 4.112061262130737305e-01 2.796687658701557666e-05 1.946562668308615685e-03 2.910727562266401947e-05 1.497134508099406958e-04 4.001874476671218872e-02 8.285636305809020996e-01 1.070073153823614120e-02 3.996019065380096436e-02 6.101490184664726257e-02 8.794909226708114147e-04 1.417845371179282665e-03
9.713924373500049114e-04 9.382536411285400391e-01 1.000000000000000000e+00 8.697276115417480469e-01 1.046932766257668845e-06 6.796318618995655925e-09 1.244668965227901936e-04 8.430068939924240112e-02 3.694350728111750470e-11 6.430199306350914412e-08 4.092196832061745226e-06 2.194668224930751421e-09 2.780516224447637796e-04 9.998245835304260254e-01 3.595453163143247366e-04 7.933673332445323467e-04 1.042247458826750517e-05 1.835969742387533188e-04 1.345716071909919265e-08
3.748289775103330612e-03 1.075690835714340210e-01 1.000000000000000000e+00 8.430777117609977722e-03 5.972932558506727219e-04 1.247696843620360596e-07 3.642376512289047241e-02 3.668926954269409180e-01 4.068220675890188431e-07 1.857561990618705750e-03 9.780037544260267168e-07 3.250074223615229130e-05 3.236271068453788757e-02 7.315310239791870117e-01 8.651376701891422272e-04 6.654511392116546631e-02 2.011221274733543396e-02 5.971843347651883960e-05 7.315340917557477951e-05
1.300212554633617401e-02 4.185474216938018799e-01 1.000000000000000000e+00 8.114527463912963867e-01 1.855408918345347047e-04 4.048349637741921470e-06 7.109314901754260063e-04 7.487563788890838623e-02 9.700856118399769912e-09 2.224240779469255358e-05 5.186647831578738987e-05 7.504332870666985400e-07 2.058157883584499359e-02 9.847265481948852539e-01 4.257468879222869873e-02 1.141629368066787720e-02 3.836289979517459869e-04 9.103282354772090912e-03 2.165979094570502639e-05
9.518779814243316650e-03 4.209396243095397949e-01 1.000000000000000000e+00 8.356176018714904785e-01 1.105986229958944023e-04 1.889145210043352563e-06 4.264943709131330252e-04 6.355799734592437744e-02 3.071549237176895986e-09 1.079972753359470516e-05 2.859523010556586087e-05 2.877563360925705638e-07 1.524203643202781677e-02 9.893003106117248535e-01 3.555453196167945862e-02 8.946968242526054382e-03 2.251639380119740963e-04 6.758973468095064163e-03 1.151487322204047814e-05
3.166838549077510834e-03 1.368160396814346313e-01 1.000000000000000000e+00 2.440891414880752563e-02 1.292431988986209035e-05 2.747046501383465511e-08 8.031608886085450649e-04 7.480096071958541870e-02 1.431795654260881179e-10 1.064133266481803730e-05 6.320409084992206772e-08 1.175410488940542564e-07 1.544032618403434753e-02 9.920691251754760742e-01 2.161274896934628487e-03 1.764191780239343643e-03 2.676445583347231150e-04 1.316231209784746170e-04 1.259094688066397794e-06
8.313409090042114258e-01 1.475189812481403351e-03 2.888263843487948179e-04 9.709695577621459961e-01 6.342397537082433701e-03 1.065225456841289997e-03 1.008691545575857162e-02 2.868469106033444405e-03 2.836602789102471434e-06 6.633928976953029633e-03 1.807629388395071146e-07 1.303458353504538536e-03 4.875253140926361084e-02 5.286168307065963745e-03 5.709740519523620605e-01 8.777929906500503421e-05 1.794156804680824280e-02 2.095920965075492859e-03 3.666428654014453059e-07
9.993017911911010742e-01 4.023496585432440042e-04 5.315116169413158786e-08 9.217143654823303223e-01 7.452781498432159424e-02 3.882777946273563430e-06 1.635520346462726593e-02 5.295945084071718156e-05 6.013379447722400073e-07 6.748367468389915302e-06 9.838449166466034512e-09 4.927588626742362976e-03 1.417406601831316948e-03 8.835834159981459379e-05 1.703118160367012024e-02 1.047492696670815349e-05 4.566484130918979645e-03 3.329277433294919319e-06 5.902888133846317942e-08
9.998399019241333008e-01 5.349168714019469917e-05 5.407718717265197483e-09 9.999992847442626953e-01 2.098924666643142700e-02 5.304893857527304135e-09 8.762091056269127876e-06 3.313686192996101454e-06 3.531140874493687853e-12 2.515012056392151862e-06 8.826956526819529358e-12 1.281292588828364387e-05 2.246273448690772057e-03 2.067420791718177497e-05 6.053906981833279133e-04 1.376660407004237641e-06 2.614342083688825369e-04 2.091049680075229844e-07 6.085595352298134308e-13
8.437385559082031250e-01 9.994501471519470215e-01 1.000000000000000000e+00 1.803445369005203247e-01 2.218406881804302344e-11 1.125015675778641422e-13 2.990109919664973859e-07 4.113325774669647217e-01 5.688945383094186521e-16 7.052977646360147901e-10 8.274314566847351671e-10 6.220756798569482271e-09 1.496781129390001297e-02 9.998811483383178711e-01 2.122447217978162826e-10 2.299912011949345469e-06 6.772560734447097275e-09 5.577152933256002143e-06 1.207764628325530554e-13
9.792391657829284668e-01 9.981564879417419434e-01 1.000000000000000000e+00 4.619127139449119568e-02 9.499384612254857529e-10 5.565454238957989741e-13 1.473174961574841291e-06 4.527140259742736816e-01 2.530144842282418954e-14 9.582278970299284993e-09 3.704966999862335797e-09 2.706943291741481517e-07 1.096418872475624084e-01 9.991851449012756348e-01 4.676222187249834406e-10 8.416553100687451661e-06 3.853380903251490963e-08 1.146022805187385529e-05 6.549360880014898356e-12
9.902963042259216309e-01 9.989746809005737305e-01 1.000000000000000000e+00 3.494372963905334473e-02 4.375410866952478273e-10 2.165920302268573017e-13 9.021572395795374177e-07 4.904850721359252930e-01 1.442312455991572040e-14 4.735246861287123465e-09 2.306947743946352603e-09 2.634845088778092759e-07 1.096028462052345276e-01 9.990651011466979980e-01 7.627348752592411074e-11 4.489740149438148364e-06 1.812749061969043396e-08 8.152130249072797596e-06 2.133102722234880844e-12
4.725740384816301196e-15 3.788769225112655070e-14 1.167145866639926647e-20 8.504129792907594212e-16 4.465602614800445735e-05 1.000000000000000000e+00 6.038084476855942739e-10 3.350365824175327186e-20 1.329607698608015198e-06 5.587088125480477174e-09 6.667681633628571636e-26 1.974193811898894424e-12 3.309261230929200215e-13 3.811531795614104060e-16 2.779328156510274539e-11 1.111523980495965347e-11 4.103116958475766171e-15 3.059753839185219704e-10 4.674793538383958946e-11
8.887138800480615108e-14 9.734032156705207939e-13 1.292392158931678896e-18 1.502679816516028222e-14 1.002698481897823513e-04 1.000000000000000000e+00 1.612522226857038277e-09 1.122340161807874328e-18 6.273667622735956684e-06 7.779572541721790913e-09 1.218262271734779860e-23 8.916504687372928117e-12 2.227500302265372767e-12 1.994105462623397412e-14 2.393013565082924288e-10 6.265427759943875685e-11 5.764327546103203970e-14 2.395380338526820196e-09 6.391077667089462011e-10
9.457959724646150534e-15 4.251648132950341941e-13 1.169941381681186424e-19 1.913330034374930940e-16 8.089322946034371853e-04 1.000000000000000000e+00 1.829200790837148816e-09 4.611452428096141770e-20 1.745238841976970434e-05 1.114608316754583939e-08 5.244580406306779291e-24 1.045057443360697391e-10 4.785703083820536108e-13 1.661328203446119979e-16 1.582670626498750011e-12 1.116571834991475498e-09 2.397000114468341748e-15 4.520660235041162878e-10 3.189048580765074803e-09
7.586110383272171021e-02 3.320117294788360596e-01 9.999315738677978516e-01 1.011860966682434082e-01 1.066312566399574280e-02 4.845139046665281057e-04 1.918813288211822510e-01 4.568729698657989502e-01 1.017346978187561035e-03 1.699461787939071655e-02 9.626233950257301331e-04 3.358062123879790306e-03 1.098426356911659241e-01 6.653292179107666016e-01 4.564299806952476501e-02 9.493683278560638428e-02 1.316271275281906128e-01 9.048809297382831573e-03 1.015521585941314697e-02
9.702607989311218262e-02 3.469221889972686768e-01 9.997798800468444824e-01 1.242932304739952087e-01 1.604335196316242218e-02 1.075704698450863361e-03 2.258945852518081665e-01 4.661848247051239014e-01 2.113282680511474609e-03 2.644282020628452301e-02 1.972738653421401978e-03 6.361322011798620224e-03 1.338510066270828247e-01 6.211183071136474609e-01 6.085816770792007446e-02 1.124783679842948914e-01 1.528285443782806396e-01 1.468556001782417297e-02 1.500024739652872086e-02
1.064446493983268738e-01 3.523280322551727295e-01 9.996562004089355469e-01 1.341994553804397583e-01 1.870864443480968475e-02 1.451482647098600864e-03 2.401978373527526855e-01 4.696183204650878906e-01 2.781719900667667389e-03 3.124294243752956390e-02 2.589530777186155319e-03 8.112846873700618744e-03 1.438598036766052246e-01 6.022268533706665039e-01 6.777766346931457520e-02 1.195867806673049927e-01 1.615140736103057861e-01 1.764847151935100555e-02 1.727579347789287567e-02
6.009519100189208984e-02 3.163298964500427246e-01 9.668915271759033203e-01 2.532966136932373047e-01 1.982053555548191071e-02 5.374354310333728790e-03 6.041171550750732422e-01 4.457303583621978760e-01 3.321611136198043823e-02 2.829033881425857544e-02 1.683847978711128235e-02 1.214827504009008408e-02 1.184632033109664917e-01 5.273798108100891113e-01 1.498720794916152954e-01 1.090976148843765259e-01 3.214364051818847656e-01 5.880342796444892883e-02 3.592441603541374207e-02
4.036013036966323853e-02 2.385622411966323853e-01 9.995104074478149414e-01 1.331858932971954346e-01 6.715226918458938599e-03 1.499544945545494556e-03 6.155555844306945801e-01 5.237416028976440430e-01 3.820723667740821838e-02 1.095278654247522354e-02 1.903381547890603542e-03 3.104537958279252052e-03 8.367314189672470093e-02 3.448124527931213379e-01 7.228083163499832153e-02 7.952616363763809204e-02 5.130444765090942383e-01 1.560954935848712921e-02 3.800966218113899231e-02
1.478401105850934982e-02 3.440212085843086243e-02 9.953376054763793945e-01 1.512370109558105469e-01 3.477709740400314331e-02 8.164431783370673656e-04 6.177203655242919922e-01 3.375288248062133789e-01 9.507196955382823944e-03 2.761938981711864471e-02 2.997763513121753931e-04 2.058882452547550201e-02 1.053203865885734558e-01 9.726924449205398560e-02 2.946756966412067413e-02 1.448550373315811157e-01 4.779576659202575684e-01 1.093469746410846710e-02 6.564143113791942596e-03
8.535639196634292603e-02 4.459587931632995605e-01 9.986355900764465332e-01 9.748866558074951172e-01 7.792704738676548004e-03 1.007582992315292358e-03 5.187787581235170364e-03 1.288437992334365845e-01 2.067456262011546642e-05 2.648623194545507431e-03 6.677462253719568253e-03 2.133290836354717612e-04 5.626453459262847900e-02 9.367255568504333496e-01 6.548860669136047363e-02 8.966235816478729248e-02 3.378280205652117729e-03 1.002115160226821899e-01 6.159821059554815292e-04
4.379029851406812668e-03 4.742172360420227051e-02 1.000000000000000000e+00 4.468897823244333267e-03 1.396494102664291859e-03 7.477650854070816422e-08 3.505590930581092834e-02 3.090204298496246338e-01 1.610725490763798007e-07 1.009052898734807968e-02 4.508798951974313240e-07 1.453843578929081559e-04 6.746418029069900513e-02 3.313368856906890869e-01 1.796290016500279307e-04 1.168066933751106262e-01 1.199106406420469284e-02 5.083036739961244166e-05 2.289143594680353999e-05
1.619163900613784790e-01 2.903687357902526855e-01 9.064524173736572266e-01 2.492261081933975220e-01 7.067997474223375320e-03 3.253924893215298653e-03 2.336326427757740021e-02 3.482669889926910400e-01 1.372256956528872252e-04 5.539824962615966797e-01 3.718025516718626022e-03 6.616914272308349609e-02 2.218985557556152344e-01 5.726965069770812988e-01 1.511817798018455505e-02 9.970921277999877930e-02 1.094790734350681305e-02 9.899918735027313232e-02 4.785010823979973793e-04
9.383613942191004753e-04 3.124037903035059571e-05 3.384323932209554187e-08 9.999158382415771484e-01 2.640778757631778717e-02 1.275741122663021088e-02 1.818549633026123047e-01 5.534805609386239666e-07 4.780405201017856598e-03 2.759055739431914844e-08 1.351397327375991608e-09 1.355574141825854895e-07 3.412681280678953044e-06 1.123313122661784291e-04 1.878694165498018265e-04 3.016675145772751421e-05 1.876699679996818304e-04 1.255231296681813546e-07 1.706570742499025073e-07
1.016201451420783997e-02 2.171690866816788912e-04 2.089770134716673056e-09 9.999998807907104492e-01 1.550882309675216675e-02 2.811091690091416240e-05 4.670375492423772812e-03 2.773309461190365255e-06 1.651468846830539405e-05 1.124258005802403204e-06 8.562669462364169704e-10 2.188800891644859803e-07 2.334937562409322709e-05 9.406417375430464745e-04 4.482446456677280366e-06 9.087404032470658422e-05 5.123795563122257590e-05 3.802150150278293950e-09 7.685478031760339945e-09
1.200671680271625519e-02 2.945763117168098688e-04 2.464460635565046687e-09 9.999995231628417969e-01 1.470889896154403687e-02 3.165271846228279173e-05 5.373692139983177185e-03 6.743966423528036103e-06 1.019569208438042551e-05 1.065581363945966586e-05 1.090542101067626390e-09 1.031596525535860565e-06 7.135638588806614280e-05 8.192569366656243801e-04 7.688473488087765872e-06 1.367296063108369708e-04 1.140941967605613172e-04 1.348447309368339120e-08 1.100163427025790952e-08
1.880510337650775909e-02 1.802780628204345703e-01 9.999979734420776367e-01 3.359227627515792847e-02 3.149182884953916073e-04 6.790742645534919575e-06 1.680235378444194794e-03 1.507125645875930786e-01 4.826939559166021354e-08 3.704017773270606995e-02 5.246762157185003161e-06 2.429030573694035411e-04 6.251762807369232178e-02 8.664728403091430664e-01 7.514975150115787983e-04 1.913596875965595245e-02 3.643629897851496935e-04 1.769649214111268520e-03 4.799554972123587504e-06
7.385239005088806152e-03 2.880623638629913330e-01 1.000000000000000000e+00 1.777084916830062866e-01 4.083752719452604651e-05 2.553806268679181812e-07 4.634101060219109058e-04 7.054157555103302002e-02 4.429292765895098682e-10 1.430160227755550295e-05 8.365677786059677601e-07 2.674771053534641396e-07 1.973565295338630676e-02 9.921563863754272461e-01 5.232406780123710632e-03 2.864002948626875877e-03 1.715921534923836589e-04 7.784728077240288258e-04 1.601174744791933335e-06
2.288181101903319359e-03 1.168961375951766968e-01 1.000000000000000000e+00 2.528202906250953674e-02 5.913018412684323266e-06 1.270235472361491702e-08 6.354016368277370930e-04 6.441055238246917725e-02 4.133075132140007213e-11 4.720388915302464738e-06 2.966370438173271395e-08 5.042694439794104255e-08 1.218890119343996048e-02 9.926692247390747070e-01 2.545414958149194717e-03 1.110397046431899071e-03 2.082920109387487173e-04 1.139625237556174397e-04 8.119861263367056381e-07
6.954547762870788574e-02 1.317530572414398193e-01 9.999355077743530273e-01 9.425534605979919434e-01 5.571605172008275986e-03 4.410416004247963428e-04 2.471633814275264740e-02 1.058432534337043762e-01 1.315209465246880427e-05 9.048185311257839203e-03 3.446403658017516136e-03 3.596080350689589977e-04 3.117042183876037598e-01 6.972493529319763184e-01 2.596354484558105469e-01 6.621833145618438721e-02 6.951760035008192062e-03 3.725698888301849365e-01 4.088477580808103085e-04
1.442530155181884766e-01 2.720978856086730957e-01 9.998675584793090820e-01 7.379583716392517090e-01 1.460721157491207123e-02 2.180874813348054886e-03 4.327613487839698792e-02 2.263984829187393188e-01 8.738542965147644281e-05 1.475483365356922150e-02 7.127159740775823593e-03 1.804373459890484810e-03 2.871147692203521729e-01 7.027626633644104004e-01 2.209810763597488403e-01 7.760249823331832886e-02 1.920408941805362701e-02 2.103273421525955200e-01 3.538743359968066216e-03
2.166736721992492676e-01 3.296368420124053955e-01 9.975559711456298828e-01 5.738472342491149902e-01 3.916463255882263184e-02 1.342147029936313629e-02 1.267009228467941284e-01 3.314321339130401611e-01 1.597226364538073540e-03 5.149258673191070557e-02 1.902402937412261963e-02 1.352815702557563782e-02 3.176791071891784668e-01 5.740878582000732422e-01 2.549722790718078613e-01 1.185712441802024841e-01 6.840588897466659546e-02 2.141996622085571289e-01 1.502674166113138199e-02
1.999625283133354969e-07 5.908237977973588607e-16 2.948542646788520336e-21 3.924332850147038698e-04 9.776956439018249512e-01 5.461515571389408130e-13 4.747952222824096680e-01 2.205403177787945701e-12 2.952544621553226944e-13 1.080352696590125561e-03 1.851915219838446412e-19 9.999810457229614258e-01 7.206008012516917915e-10 1.207394379636373858e-16 2.811660435115474581e-15 7.419530749320983887e-01 3.933213974960381165e-06 1.300424919463694096e-04 1.680564321678265139e-17
1.703501517624772532e-08 4.466989051256633147e-17 6.286292452009475826e-22 2.564190072007477283e-04 9.780848026275634766e-01 4.038435235634470211e-14 9.485262632369995117e-01 9.002318205122983308e-13 1.721797617676434911e-12 1.701192741165868938e-05 6.210455236941939300e-20 9.999104738235473633e-01 1.550847367193242121e-10 1.030279790365499657e-16 7.938314854636155382e-15 8.057284355163574219e-01 3.582250428735278547e-05 7.880495977587997913e-04 1.017193528377114743e-16
1.938548734869982582e-07 5.032897655490170541e-14 6.044304275285723095e-18 8.911185897886753082e-03 9.007246494293212891e-01 8.985511987247285504e-12 9.448003172874450684e-01 7.617393937842109608e-10 1.457014092709485453e-10 1.045158714987337589e-04 6.644229670403178478e-16 9.963476061820983887e-01 6.623451564991000851e-09 3.016802844861554700e-13 1.937695143228168604e-11 7.323917746543884277e-01 3.703864058479666710e-03 2.160400301218032837e-01 3.058342966898164317e-13
4.117527604103088379e-02 5.560021847486495972e-02 1.975395679473876953e-01 6.903235912322998047e-01 1.230068132281303406e-02 1.083360761404037476e-01 2.425658404827117920e-01 2.374242246150970459e-01 9.533460251986980438e-03 1.117542684078216553e-01 1.331309322267770767e-03 4.246766213327646255e-03 1.149215847253799438e-01 3.022021353244781494e-01 5.815914869308471680e-01 2.072166092693805695e-02 2.445390224456787109e-01 4.264614284038543701e-01 2.089404501020908356e-03
7.923623919486999512e-02 3.554918467998504639e-01 9.987639188766479492e-01 9.553051590919494629e-01 1.708769612014293671e-02 2.364838961511850357e-03 2.750163339078426361e-02 1.735301762819290161e-01 2.304040972376242280e-04 5.203914362937211990e-03 2.011539973318576813e-02 4.708154301624745131e-04 9.138709306716918945e-02 8.561784029006958008e-01 2.128997147083282471e-01 1.582913100719451904e-01 1.252245251089334488e-02 2.175534814596176147e-01 3.215391421690583229e-03
1.844774484634399414e-01 3.524195849895477295e-01 9.981639981269836426e-01 8.011864423751831055e-01 3.794494271278381348e-02 7.173872552812099457e-03 7.733401656150817871e-02 2.586391270160675049e-01 8.570930222049355507e-04 3.014408610761165619e-02 3.889883309602737427e-02 6.291273515671491623e-03 2.651495337486267090e-01 6.764562726020812988e-01 2.948072552680969238e-01 1.632911562919616699e-01 3.532565385103225708e-02 2.754003703594207764e-01 1.168928015977144241e-02
1.136375349375384758e-08 1.444651364680693550e-12 1.586463599378973299e-12 3.855874538421630859e-01 2.090903290081769228e-04 1.000000000000000000e+00 1.870750793386832811e-06 7.726745675576407457e-14 4.832376434933394194e-04 1.611356854154186169e-13 6.079699954082326564e-21 1.836849391394310832e-14 1.014317657643815096e-10 9.875837925221730984e-10 1.612659434613306075e-05 1.463955172364972412e-11 3.947267941839527339e-06 2.915547520387917757e-05 1.451053513457090105e-11
2.256531006423756480e-04 1.091078274839674123e-06 2.946751692434190772e-06 9.997485280036926270e-01 3.872706089168787003e-03 9.471100568771362305e-01 4.469979554414749146e-03 2.394473767708404921e-06 2.757176756858825684e-03 5.255818535943035386e-08 1.972801956517944433e-11 3.711764673397510705e-09 2.224465606559533626e-05 7.148347503971308470e-05 1.256826147437095642e-02 1.704472424535197206e-06 1.331756822764873505e-03 1.496503537055104971e-04 1.470527450919689727e-07
3.870986402034759521e-03 2.750739513430744410e-04 1.407900010235607624e-03 9.635146260261535645e-01 1.310757640749216080e-02 9.811297059059143066e-01 5.645210389047861099e-03 2.321908541489392519e-04 1.578688062727451324e-02 1.466265894123353064e-05 9.120226707182155224e-08 1.484097765569458716e-06 8.972017094492912292e-04 6.448600441217422485e-03 5.148194730281829834e-02 8.292702113976702094e-05 4.923078231513500214e-03 1.058492157608270645e-02 3.562759593478403986e-05
4.714059286925476044e-06 4.685137055061318927e-23 1.327116245960697040e-38 1.000000000000000000e+00 9.999858140945434570e-01 4.868583783330237872e-20 4.633877426385879517e-03 1.203810739311964192e-25 2.039378231483149952e-18 4.050044669209537651e-14 7.818507719261701367e-34 9.678218960762023926e-01 6.457188996499729200e-19 6.518267526319823225e-27 4.709659834062412115e-19 5.898036528378725052e-03 1.180140962731002219e-08 7.454399002639142818e-15 5.137710119449695894e-31
6.714871153235435486e-03 2.058598186606125827e-18 1.507208041739101015e-38 1.000000000000000000e+00 9.995207786560058594e-01 3.641191980996161666e-18 5.905737339162442368e-07 3.104464717479303742e-26 4.214668978402835720e-13 4.753025440066229487e-21 9.254819458369702262e-28 4.127310715418275322e-10 6.488990859878125329e-20 3.229224456063047685e-21 7.344222330225562575e-18 4.074953778854251141e-07 5.081840157017403214e-11 2.388672300123421036e-25 9.824735023797335485e-25
1.921282149851322174e-02 6.142737685697896577e-13 2.048406300675433322e-26 1.000000000000000000e+00 1.013817787170410156e-01 1.037323663415307216e-15 2.243143448765749781e-08 8.380430160081760258e-17 1.104182188933246211e-13 5.227543772714311667e-16 2.976227297427806546e-22 1.880022694597180410e-13 2.117365663226525307e-13 6.030433314166416814e-13 4.537619466369463561e-13 1.952370354274535202e-08 4.051956992157101922e-08 1.244411846384160295e-21 5.224022403971350223e-21
9.997114539146423340e-01 7.802033424377441406e-02 2.785116848258439859e-08 1.177979100930315326e-07 2.706052910070866346e-04 5.691342508384877874e-09 2.668879330158233643e-01 5.522092396859079599e-05 2.725234329700469971e-01 2.291819328092969954e-05 1.129153224610490724e-05 1.243577674031257629e-01 8.694193325936794281e-03 2.452994474211322995e-09 1.409771691746053435e-11 1.267262905457755551e-05 4.395417272462509573e-05 8.041973131867052871e-08 6.469849944114685059e-01
9.988502264022827148e-01 2.118043750524520874e-01 9.550439426675438881e-05 1.181455263576935977e-05 2.969185588881373405e-03 2.172252209220459918e-07 9.589371085166931152e-02 6.245709024369716644e-03 7.088992744684219360e-02 5.238538142293691635e-04 8.554792293580248952e-05 1.411822736263275146e-01 2.737210988998413086e-01 2.033600821960135363e-06 9.173503734416499356e-09 6.572141428478062153e-04 4.171628388576209545e-04 8.537841495126485825e-06 2.228006869554519653e-01
9.918972253799438477e-01 4.218268096446990967e-01 7.610600441694259644e-04 1.448307593818753958e-04 6.813193904235959053e-04 1.082574044630746357e-06 5.330523476004600525e-03 7.630204409360885620e-02 1.601343974471092224e-04 2.406019950285553932e-03 6.181247954373247921e-06 7.805856317281723022e-02 9.837164878845214844e-01 8.755082671996206045e-05 6.916052797123484197e-08 3.745465073734521866e-03 5.636683636112138629e-05 7.429077522829174995e-04 3.086551150772720575e-04
1.300048315897583961e-03 5.593069791793823242e-01 1.000000000000000000e+00 1.015641819685697556e-02 8.386192007492354605e-08 7.705108773237157038e-11 1.455415040254592896e-04 9.131132066249847412e-02 4.886651847058054443e-12 1.144507706385411439e-07 1.507839852976644579e-09 1.333710586415293164e-09 1.063778297975659370e-03 9.995042085647583008e-01 6.669400318060070276e-05 2.145390899386256933e-04 2.558361120463814586e-05 1.081661821444868110e-06 8.607409007765909337e-09
9.999961853027343750e-01 9.959474205970764160e-01 1.000000000000000000e+00 4.134089522267458960e-06 2.933468051802279319e-11 2.283052094858741349e-20 9.791907729095328250e-09 2.985146641731262207e-01 1.729325114353527040e-19 8.791466361325606105e-13 1.491274983749370057e-15 5.373316458445742683e-09 7.490079998970031738e-01 9.821809530258178711e-01 2.213481320841514596e-16 2.445180768972932128e-08 6.845227162877165483e-11 7.490448261648907646e-10 4.130184489228340416e-14
1.595123961806166335e-07 8.256091387011110783e-04 9.499525471801106846e-11 8.010860681533813477e-01 3.205667962902225554e-05 4.257891123415902257e-05 9.985932707786560059e-01 1.323808618280963856e-07 8.759263902902603149e-03 1.367832513921030113e-10 1.450374265132836626e-09 2.977939228543391437e-09 2.796092246626358246e-08 8.194309659302234650e-03 9.013583621708676219e-06 1.236125967807311099e-06 4.802320290764328092e-06 1.856614195716588256e-09 2.462672341607685667e-07
2.671597831849226168e-09 9.999767541885375977e-01 1.000000000000000000e+00 9.866150021553039551e-01 4.260034438375791318e-20 3.871052085737593702e-24 7.247272920674063812e-11 3.645100165158510208e-03 8.776030024188254275e-29 1.484844735340412236e-21 2.415125984264873335e-16 2.300733291156810100e-25 1.637145800870154488e-11 1.000000000000000000e+00 5.294605899541782179e-12 6.447345435312001882e-11 1.745777425345065165e-14 6.913770771166394269e-12 1.383983192753692811e-24
9.194144513458013535e-05 1.155294739874079823e-04 8.831629753112792969e-01 2.493350580334663391e-02 2.255093306303024292e-02 3.777759047807194293e-06 8.974173069000244141e-01 4.371463507413864136e-02 3.510101814754307270e-04 3.606460057199001312e-03 1.356805682917183731e-06 5.963641032576560974e-02 1.811091043055057526e-02 1.452350988984107971e-03 4.807921941392123699e-04 2.123260051012039185e-01 4.280686676502227783e-01 2.437585964798927307e-03 8.233761764131486416e-05
9.991720914840698242e-01 2.438378334045410156e-02 9.998331069946289062e-01 1.646437012823298573e-04 8.611530661582946777e-01 2.101930407505392395e-09 1.134698987007141113e-01 7.637091912329196930e-04 1.692224458338387194e-07 2.458017434037174098e-06 5.365013748814817518e-07 6.417739987373352051e-01 2.168875187635421753e-02 1.095024272217415273e-04 7.371848464998720374e-09 5.744752939790487289e-03 1.546600979054346681e-04 1.511364189354935661e-06 3.876647042488912120e-06
3.297337098047137260e-04 2.856217324733734131e-03 6.676731705665588379e-01 1.185703324154019356e-03 4.007149836979806423e-04 2.385343213973101228e-05 9.963744282722473145e-01 5.580436810851097107e-02 3.000143766403198242e-01 1.779930898919701576e-04 1.013254281133413315e-03 2.603246131911873817e-03 5.491195712238550186e-03 4.801633767783641815e-03 1.196520682424306870e-02 6.542257498949766159e-03 8.100054264068603516e-01 2.231234917417168617e-03 1.980670988559722900e-01
3.987039482169881191e-30 6.229603175652834776e-20 8.897208783972714629e-30 1.642944003066304504e-09 3.977489251290710554e-20 3.091496460692267738e-21 1.000000000000000000e+00 1.234346046869675556e-14 8.006107443669918666e-10 3.855502207485296847e-25 2.969778003862290085e-27 1.268471674853068715e-21 1.000061561746935432e-14 9.087772667726312648e-08 8.728196917218156159e-06 2.947560306997085849e-16 7.842849940061569214e-02 1.310284265832741771e-16 4.175686612110896759e-16
3.585212031626101337e-37 1.049895600623368061e-30 0.000000000000000000e+00 1.000000000000000000e+00 1.768476866979250495e-36 0.000000000000000000e+00 9.966241121292114258e-01 1.366462561389080767e-15 1.513718635087773799e-31 3.806368257397649180e-34 0.000000000000000000e+00 0.000000000000000000e+00 8.023676238680249253e-24 7.088750593464698824e-12 1.571911501241464784e-17 2.623734247762054803e-32 1.000000000000000000e+00 2.510372189880393898e-34 0.000000000000000000e+00
8.867310775624928643e-14 3.126813261436489633e-12 3.824104729166673267e-14 8.673220872879028320e-01 2.391432829540462990e-08 5.502471850556134303e-13 9.999985694885253906e-01 1.705185503908523970e-08 4.269219644470467756e-08 1.643505535657563410e-12 2.055547792661214027e-16 3.749975885369849493e-10 6.256696138962070108e-08 5.608856099570402876e-07 2.840246888808906078e-04 1.894267285251771682e-07 5.687022209167480469e-01 1.074759503616462553e-09 8.858428747482438581e-12
3.071175888180732727e-04 2.240744233131408691e-02 9.997865557670593262e-01 4.090889543294906616e-02 3.971175174228847027e-04 1.767865906003862619e-04 9.009500145912170410e-01 1.259257942438125610e-01 7.602253463119268417e-03 1.486471446696668863e-04 1.388714372296817601e-05 4.608197923516854644e-05 6.156177725642919540e-03 3.427110314369201660e-01 2.991010062396526337e-02 1.111669093370437622e-02 2.002754211425781250e-01 6.754864007234573364e-04 3.543289843946695328e-03
4.154385067522525787e-03 2.552289962768554688e-01 1.000000000000000000e+00 3.251987323164939880e-02 4.657671161112375557e-05 3.795146312768338248e-07 6.093802675604820251e-02 2.793512940406799316e-01 3.815781383309513330e-06 5.100571070215664804e-05 2.265026296299765818e-06 1.504335273239121307e-06 7.685599848628044128e-03 9.448089599609375000e-01 3.233397379517555237e-03 6.179068703204393387e-03 2.355343848466873169e-02 5.268200766295194626e-05 6.158960604807361960e-05
3.942487455788068473e-05 7.201668620109558105e-01 1.000000000000000000e+00 2.396722137928009033e-02 3.969674811088452770e-09 3.711060278521749467e-11 1.185547589557245374e-04 5.521788448095321655e-02 1.407157051470930842e-12 4.124141472772180350e-09 1.641453084566535381e-09 1.209291868031758810e-11 2.413644506304990500e-05 9.999713897705078125e-01 4.448634717846289277e-05 3.594662121031433344e-05 1.973081680262112059e-06 2.522217528166947886e-07 4.652992435794089943e-10
3.600199124775826931e-05 9.653933644294738770e-01 1.000000000000000000e+00 5.779387950897216797e-01 6.298644938951269978e-10 8.984513437046426354e-13 5.421665264293551445e-06 3.423812985420227051e-02 2.530587798162185591e-15 6.686415310319659966e-11 3.447985896798400063e-09 1.990321698685376672e-13 6.238763944566017017e-06 9.999963045120239258e-01 6.721300906065152958e-06 1.837258423620369285e-05 1.300785328339770786e-07 5.928162067903031129e-07 5.912871754720772088e-12
6.958604353712871671e-05 7.336277514696121216e-02 9.994409680366516113e-01 3.991379216313362122e-02 2.974561357405036688e-05 4.704946150013711303e-06 9.422618746757507324e-01 2.122791856527328491e-01 1.854819827713072300e-03 2.398113792878575623e-05 5.930104453000240028e-05 3.270736215199576691e-06 2.019705716520547867e-03 8.009300231933593750e-01 1.443901378661394119e-02 6.906054448336362839e-03 2.835297286510467529e-01 2.275145379826426506e-03 1.382474089041352272e-03
2.695513430517326725e-11 6.216905035216768738e-08 8.267277735285460949e-05 1.622278432478196919e-06 2.025924317194949253e-07 1.113885783610157887e-08 9.999874830245971680e-01 1.260948018170893192e-03 1.677162072155624628e-04 3.988684966316213831e-06 1.471554433862820588e-09 4.722112862509675324e-05 1.422074623405933380e-03 3.053395266761071980e-05 1.082924645743332803e-04 1.175681478343904018e-03 1.927457153797149658e-01 3.064271140829077922e-06 7.483452918677357957e-06
2.632465912029147148e-04 1.532180816866457462e-03 4.015484154224395752e-01 1.880055177025496960e-03 1.236551557667553425e-03 5.368613983591785654e-06 2.093486785888671875e-01 2.106449306011199951e-01 9.142777344095520675e-06 9.765987396240234375e-01 1.681622052274178714e-05 5.801480412483215332e-01 3.865184634923934937e-02 1.148725976236164570e-03 7.277816621353849769e-05 4.355803132057189941e-01 1.334945671260356903e-02 4.110178910195827484e-03 1.215778411278733984e-05
8.469194872304797173e-04 6.967819295823574066e-03 9.975892305374145508e-01 4.656941629946231842e-03 9.863343089818954468e-03 8.025323040783405304e-06 4.188415110111236572e-01 2.969221472740173340e-01 9.933813271345570683e-05 2.644075155258178711e-01 1.475248245697002858e-05 8.937076479196548462e-02 4.940457269549369812e-02 1.269647665321826935e-02 2.586549089755862951e-04 4.053251743316650391e-01 6.649503111839294434e-02 1.009500818327069283e-03 1.751869422150775790e-04
3.208914771676063538e-02 2.065285444259643555e-01 9.969546794891357422e-01 9.999922513961791992e-01 4.715272807516157627e-04 4.777741196448914707e-05 2.135843169526197016e-05 7.601881865411996841e-03 8.472447632357216207e-08 2.597773709567263722e-05 1.658905057411175221e-05 8.143523189119150629e-08 4.282980691641569138e-03 9.819902181625366211e-01 1.514174975454807281e-03 1.322736404836177826e-02 2.798119930957909673e-05 9.412517771124839783e-03 1.347018951491918415e-06
9.998519420623779297e-01 9.515597224235534668e-01 9.999989271163940430e-01 4.185120924375951290e-04 2.968903345390572213e-06 3.744427337637468156e-11 3.859317439491860569e-05 2.772587537765502930e-01 8.147892777143894705e-11 2.402566451564780436e-06 1.740569466335273319e-08 1.273120404221117496e-03 8.947001099586486816e-01 3.373307287693023682e-01 3.847091256670154280e-10 4.958892168360762298e-05 9.226831707564997487e-07 2.255664730910211802e-05 3.965507033854009933e-08
9.999920129776000977e-01 5.816538333892822266e-01 9.984195232391357422e-01 6.959720622035092674e-07 1.546135717944707721e-05 2.350174091794721143e-13 2.330043935216963291e-05 6.956848315894603729e-03 4.328235686523740355e-12 5.003470505471341312e-06 4.671504502673506920e-11 5.456423759460449219e-02 9.971041083335876465e-01 3.150452539557591081e-05 1.396232305120315154e-13 3.069929516641423106e-05 1.166701135701941894e-08 1.019034698401810601e-06 2.130874499073343031e-08
1.355441781925037503e-04 2.153187245130538940e-01 1.000000000000000000e+00 1.708465861156582832e-03 7.923638634110830026e-08 1.534270453740216311e-11 3.023501194547861814e-04 8.740028738975524902e-02 3.471241306549077699e-12 1.388346788644412300e-07 2.997609660493338879e-10 4.299442191157964999e-10 2.790288999676704407e-04 9.994999170303344727e-01 7.839504542062059045e-05 2.388031571172177792e-04 6.667556590400636196e-05 1.557032192067708820e-07 1.697200247008368024e-08
4.505678532495949185e-07 4.453274868865264580e-07 2.314956363989040256e-04 7.037133723497390747e-02 3.865039208903908730e-03 1.931654056534171104e-03 9.954558610916137695e-01 1.461199076402408537e-06 5.487187299877405167e-03 3.310557517011147866e-08 2.913033356199967727e-11 5.054003395343897864e-06 7.240330887725576758e-06 9.655222675064578652e-05 1.558656222186982632e-03 2.567710762377828360e-04 2.942119957879185677e-03 1.721445914881769568e-05 1.117088800128840376e-06
9.999969005584716797e-01 1.120246946811676025e-01 1.000000000000000000e+00 4.251080820694141948e-09 4.701278157881461084e-05 3.162455106814343608e-14 4.420045390725135803e-02 1.210988048114813864e-04 1.108889409806579351e-05 1.679649308528041729e-08 7.543751734395698350e-11 1.361249480396509171e-03 5.146858841180801392e-02 8.680479446354638640e-09 1.449036944680705524e-15 3.051228532058303244e-07 4.191981588519411162e-06 6.594976734858315481e-12 1.794721558690071106e-02
9.999986886978149414e-01 2.590956687927246094e-01 1.000000000000000000e+00 2.058019710204916919e-08 1.182958112622145563e-05 1.856281968330659787e-16 1.001206910586915910e-04 2.562802098691463470e-02 7.116084522855448125e-13 2.582895231029169736e-09 1.776258414171779515e-14 5.460520696942694485e-06 9.239712953567504883e-01 1.391120604239404202e-04 1.692371193339381637e-15 1.150015918938152026e-06 2.407162185136257904e-07 2.205994414916645496e-10 2.134867997938272310e-07
8.444724678993225098e-01 3.086657524108886719e-01 1.000000000000000000e+00 2.638865262269973755e-03 2.463582204654812813e-03 3.364411327311245259e-07 7.080075144767761230e-02 4.454008340835571289e-01 1.579873423906974494e-05 1.616622903384268284e-04 4.189685114397434518e-07 1.990081073017790914e-04 1.809614747762680054e-01 1.004746332764625549e-01 1.139183041232172400e-05 5.768045783042907715e-03 2.633761987090110779e-02 2.319630220881663263e-05 1.072954619303345680e-03
3.424599021673202515e-02 2.623006701469421387e-01 1.000000000000000000e+00 9.655058383941650391e-03 1.015110901789739728e-04 2.634947975366230821e-07 2.467228919267654419e-01 6.048271656036376953e-01 1.080423462553881109e-04 7.115375774446874857e-05 1.297796643484616652e-07 2.937924136858782731e-06 2.669625170528888702e-02 4.199797809123992920e-01 1.165406196378171444e-03 1.201055757701396942e-02 4.261763393878936768e-01 2.125133687513880432e-05 1.966619398444890976e-03
6.911731325089931488e-03 5.686947144567966461e-03 9.999995231628417969e-01 9.841008782386779785e-01 6.378224934451282024e-04 3.218321071472018957e-04 4.824357572942972183e-03 1.553318928927183151e-02 1.552093976897594985e-06 1.207970926770940423e-04 1.922782075780560263e-06 9.678853984951274469e-07 5.646552518010139465e-02 3.758267462253570557e-01 1.702288687229156494e-01 8.703893399797379971e-04 2.323803724721074104e-03 2.903592586517333984e-02 4.688664830609923229e-06
2.619687616825103760e-01 6.431375443935394287e-02 1.000000000000000000e+00 1.083785574883222580e-02 6.637972593307495117e-02 7.997567763595725410e-08 1.880936622619628906e-01 1.557093858718872070e-01 1.743924485708703287e-06 1.124973568948917091e-04 1.240329368101811269e-07 2.077883342280983925e-03 3.991757333278656006e-02 5.644618347287178040e-02 3.654281317722052336e-05 4.295508190989494324e-02 8.124102652072906494e-02 2.810352088999934494e-05 5.150897777639329433e-05
5.705582443624734879e-03 3.376050852239131927e-03 1.000000000000000000e+00 2.253598533570766449e-03 3.548798710107803345e-02 1.562612150785014364e-09 4.903108179569244385e-01 6.603508442640304565e-02 3.538997077612293651e-07 2.652717193996068090e-05 9.525928934550620397e-10 1.795392483472824097e-03 8.695314638316631317e-03 2.744108438491821289e-03 3.011856733792228624e-06 5.038773268461227417e-02 3.241952359676361084e-01 2.419563315925188363e-06 2.446637381581240334e-06
7.580458521842956543e-01 2.746330201625823975e-01 9.981441497802734375e-01 3.616495728492736816e-01 1.892502456903457642e-01 9.397182613611221313e-03 1.996293067932128906e-01 1.469166874885559082e-01 5.685817915946245193e-03 9.818362072110176086e-03 9.091006591916084290e-03 5.447496101260185242e-02 2.507366240024566650e-01 2.547037005424499512e-01 8.672823011875152588e-02 5.893449485301971436e-02 3.887379541993141174e-02 4.527445137500762939e-02 2.305376343429088593e-02
8.332605361938476562e-01 3.250270783901214600e-01 9.998522996902465820e-01 3.822207450866699219e-01 1.387761831283569336e-01 5.189999938011169434e-04 5.841199308633804321e-02 1.539129167795181274e-01 1.554261980345472693e-04 5.611302331089973450e-03 4.243170376867055893e-03 3.288537636399269104e-02 3.116364777088165283e-01 4.038143455982208252e-01 8.480093441903591156e-03 6.908401101827621460e-02 1.063679810613393784e-02 2.834385074675083160e-02 2.205994445830583572e-03
4.620280839780588756e-32 1.764931529759631061e-29 2.522225973746712127e-27 1.000000000000000000e+00 2.265064178829693677e-32 0.000000000000000000e+00 9.753344655036926270e-01 2.801333600851996231e-12 3.399437127662758743e-30 7.657343384488098773e-27 0.000000000000000000e+00 1.302754335846778657e-37 1.529901975780101700e-18 1.782280703230276764e-12 6.344674351871359974e-12 4.977945518949690454e-25 1.000000000000000000e+00 1.170096352838037240e-21 8.791073045080009223e-37
5.733862053602933884e-04 3.076609689742326736e-03 9.999998807907104492e-01 6.551375845447182655e-04 3.587679238989949226e-03 7.209837349364534020e-08 1.672469377517700195e-01 2.303431183099746704e-01 1.100310214496857952e-06 8.424090594053268433e-02 9.983097726262712968e-08 2.940892474725842476e-03 5.757214128971099854e-02 7.234705612063407898e-03 8.402741514146327972e-06 2.852347791194915771e-01 2.261494658887386322e-02 2.417604628135450184e-05 1.467914171371376142e-05
1.285027596168220043e-03 1.962139084935188293e-02 1.000000000000000000e+00 3.953917883336544037e-03 2.571343677118420601e-03 1.459396941072554910e-07 1.412265598773956299e-01 3.373231291770935059e-01 2.527119704609503970e-06 1.363543141633272171e-02 4.339793235885736067e-07 4.766328784171491861e-04 4.581092298030853271e-02 1.166881546378135681e-01 1.197130186483263969e-04 1.844662874937057495e-01 5.734251439571380615e-02 5.770451025455258787e-05 5.475784200825728476e-05
5.746611207723617554e-02 3.372467160224914551e-01 9.999777078628540039e-01 1.122593507170677185e-01 4.888436291366815567e-03 2.297493047080934048e-04 6.046689301729202271e-02 3.013201951980590820e-01 6.173985457280650735e-05 8.590646088123321533e-03 4.612192569766193628e-04 1.092989346943795681e-03 1.076588705182075500e-01 8.436055779457092285e-01 3.195737302303314209e-02 5.049794912338256836e-02 2.258361689746379852e-02 7.240626029670238495e-03 1.455929945223033428e-03
3.445924085099250078e-04 1.019440591335296631e-03 9.999814033508300781e-01 4.094747710041701794e-04 6.735434290021657944e-03 1.314932205787044950e-06 2.919351756572723389e-01 1.585185378789901733e-01 7.554411695309681818e-06 3.270654678344726562e-01 4.694369124536024174e-07 3.984691202640533447e-02 5.772375315427780151e-02 1.442247070372104645e-03 1.078453624359099194e-05 3.746862709522247314e-01 1.793134585022926331e-02 9.324270649813115597e-05 1.912528750835917890e-05
1.114190581574803218e-05 4.931826697429642081e-05 9.999963045120239258e-01 5.305306331138126552e-05 2.758638700470328331e-03 1.820861506018900400e-08 5.421947240829467773e-01 8.977396786212921143e-02 1.010261144074320327e-06 3.709638863801956177e-02 7.091695675143228073e-09 2.337609417736530304e-02 1.676243916153907776e-02 1.523415412520989776e-04 4.729684235371678369e-07 3.713317811489105225e-01 3.958076611161231995e-02 7.467861451004864648e-06 1.561576823405630421e-06
2.528093988075852394e-03 9.576766387908719480e-06 9.951215386390686035e-01 4.072758019901812077e-05 2.733565634116530418e-04 3.048485552881174954e-07 1.136245788075029850e-03 1.008282136172056198e-02 5.569837369101549029e-10 9.998431205749511719e-01 8.016291985768475570e-08 3.398860692977905273e-01 1.605512052774429321e-01 3.600880233989300905e-07 2.993022860664495965e-07 8.294520527124404907e-02 2.478777969372458756e-05 6.593210855498909950e-04 4.693130772892573077e-09
1.971453602891415358e-04 2.965191754356055753e-07 7.258206009864807129e-01 3.376379027031362057e-06 6.053298420738428831e-06 3.911495838337941677e-08 9.777962986845523119e-05 2.546562813222408295e-03 5.761112507191024079e-12 9.999983310699462891e-01 3.142584414916882452e-09 3.448451459407806396e-01 3.399143740534782410e-02 4.714879153766560194e-09 8.510895099789195228e-09 4.293194785714149475e-02 1.351655214421043638e-06 1.803062914405018091e-04 2.443069704871625447e-11
5.130450153956189752e-05 7.610198338170448551e-08 5.551662296056747437e-02 1.307277443629573099e-06 6.776502914362936281e-07 3.458829311853151012e-08 3.189323979313485324e-05 1.560537028126418591e-03 1.567376762233452236e-12 9.999998807907104492e-01 1.116569614545426248e-09 3.288152515888214111e-01 1.004216726869344711e-02 7.881352237504302138e-10 2.412537947193982291e-09 2.958408929407596588e-02 4.593397022745193681e-07 9.758038504514843225e-05 2.602886005689808435e-12
3.009931824635714293e-04 3.040949195565190166e-05 9.999982118606567383e-01 9.999994039535522461e-01 2.596270178401027806e-06 8.926286682253703475e-06 2.921840678027365357e-05 1.754462136887013912e-04 1.808430488692280846e-10 1.057121153280604631e-06 1.783496406115858690e-10 3.820385327535369413e-11 6.207113154232501984e-03 1.434434205293655396e-01 4.053897783160209656e-02 1.171718122350284830e-05 9.103868251258973032e-06 3.182580322027206421e-02 1.171192726134862028e-10
9.819073602557182312e-04 3.276123199611902237e-03 1.000000000000000000e+00 9.445394873619079590e-01 1.190878392662853003e-04 1.086925180970865767e-06 2.962600998580455780e-02 6.034622341394424438e-02 1.184482414373633219e-07 1.634386717341840267e-04 1.159179987553216051e-07 5.496579547070723493e-07 5.070752277970314026e-02 3.755373060703277588e-01 1.150765120983123779e-01 9.003488812595605850e-04 1.358393430709838867e-01 2.107663080096244812e-02 2.788758592942031100e-06
2.164056058973073959e-03 4.302488639950752258e-02 1.000000000000000000e+00 9.999332427978515625e-01 2.273672362207435071e-05 6.084867010258676601e-08 4.125872146687470376e-05 5.878404248505830765e-03 6.928387030757932052e-11 1.677315822234959342e-06 1.816995609260629863e-05 1.068246269220196609e-09 1.896958611905574799e-02 9.883359074592590332e-01 8.690980821847915649e-02 1.297563780099153519e-02 6.720615601807367057e-06 1.583964824676513672e-01 2.727726382545370143e-07
1.017260146909393370e-04 1.115029590437188745e-04 5.376647095545195043e-05 9.995056390762329102e-01 4.885478119831532240e-06 2.038603706751018763e-04 8.406297303736209869e-03 4.175545275211334229e-02 9.288283564501398359e-08 3.772645490244030952e-03 1.610465233392588402e-10 1.051183851075165876e-08 1.353172119706869125e-03 2.525858283042907715e-01 5.149353742599487305e-01 6.907147053425433114e-06 1.131053343415260315e-01 8.979213833808898926e-01 8.669984175035949647e-10
1.030051953421207145e-05 5.416022304416401312e-06 8.943941907091357280e-07 9.999997615814208984e-01 5.827989468798477901e-08 1.089813736143696588e-06 9.073496767086908221e-05 1.223773602396249771e-02 9.095748459975183664e-12 2.829882578225806355e-05 3.537378147290461822e-15 2.349797602590325551e-13 5.297728057485073805e-05 6.272456645965576172e-01 1.997972428798675537e-01 3.427693329172143422e-08 6.555197294801473618e-03 9.792252182960510254e-01 3.426989933692260737e-14
1.035605146171292290e-05 6.164570095279486850e-06 1.839430410655040760e-06 9.999957084655761719e-01 8.521278971329593332e-08 3.955022293666843325e-06 6.168310646899044514e-04 1.517821103334426880e-02 1.060646431794154410e-10 2.618695434648543596e-04 2.920650917295763982e-14 4.943764148057638863e-12 1.384447241434827447e-04 3.575337231159210205e-01 3.807182908058166504e-01 1.003180969405548240e-07 3.022989071905612946e-02 9.682222604751586914e-01 2.576331346610533091e-13
9.996421337127685547e-01 2.147421799600124359e-02 1.885997136241712724e-07 9.271007776260375977e-01 8.559744954109191895e-01 5.850676743079930020e-08 1.616601832211017609e-02 1.657263928791508079e-04 5.544637247112405021e-07 8.720575351617299020e-06 1.120247725339140743e-05 2.237277179956436157e-01 1.168830320239067078e-03 7.755185652058571577e-05 2.281067509102285840e-06 4.376500379294157028e-03 1.558918273076415062e-03 1.582441996106354054e-06 1.835827561080805026e-07
4.280146677047014236e-03 8.450363576412200928e-02 8.140588551759719849e-02 9.999779462814331055e-01 2.222709445049986243e-04 1.550250453874468803e-05 1.450380514143034816e-04 4.139399901032447815e-02 2.380837393900492316e-08 2.400056473561562598e-05 3.482781494312803261e-07 9.222151042820314615e-09 1.186354667879641056e-03 9.964702129364013672e-01 2.987204119563102722e-03 1.123615773394703865e-03 4.888901021331548691e-04 1.062747016549110413e-01 4.615175441813335055e-08
8.442776650190353394e-02 8.919795602560043335e-02 1.239657253026962280e-01 9.999547004699707031e-01 3.384591778740286827e-03 9.340597316622734070e-04 5.021093529649078846e-04 3.644273057579994202e-02 5.095299002277897671e-06 7.985191768966615200e-04 1.574975249241106212e-05 3.189140443282667547e-06 1.770825125277042389e-02 8.832698464393615723e-01 9.346812963485717773e-03 6.475602742284536362e-03 1.838897936977446079e-03 8.777482807636260986e-02 1.237177821167279035e-05
4.011788405478000641e-03 3.499854574329219759e-05 1.148930368799483404e-05 1.000000000000000000e+00 2.977371150336693972e-05 2.286980598000809550e-04 3.848116466542705894e-05 1.443218439817428589e-03 1.236303148743900238e-08 5.898790914216078818e-05 4.247322112072016154e-12 2.425885881063294391e-10 6.062663742341101170e-04 2.173071354627609253e-02 1.352494489401578903e-02 1.209082597597443964e-06 1.086806529201567173e-03 1.659072004258632660e-02 2.686547928565374832e-10
5.715326551580801606e-06 7.588858430551681522e-09 4.169366629724891027e-09 1.000000000000000000e+00 6.169635753394686617e-07 2.076513046631589532e-04 3.435641338001005352e-05 7.177357474574819207e-06 1.328419818591441981e-09 1.028862612884040573e-07 1.689299183510702601e-17 1.556513164885364731e-14 1.939478579515707679e-06 3.285077036707662046e-05 1.441870722919702530e-02 4.123243135811804905e-10 1.440807711333036423e-03 1.816423900891095400e-05 4.371839939761382188e-14
1.316233538091182709e-04 8.469126623822376132e-05 1.990461169043555856e-05 9.999890327453613281e-01 2.231918870165827684e-06 2.204613701906055212e-05 9.911258239299058914e-04 3.402451798319816589e-02 2.843895785531458387e-09 4.056209290865808725e-04 7.406606578053143153e-12 2.562382805937346575e-10 5.235236603766679764e-04 5.341965556144714355e-01 2.680661380290985107e-01 1.755796233737783041e-06 2.361679822206497192e-02 9.456596374511718750e-01 3.586278149447785779e-11
2.491878403816372156e-04 4.562312969937920570e-04 9.995581507682800293e-01 1.581343676662072539e-04 1.585377380251884460e-02 1.456043946745921858e-06 6.667298674583435059e-01 1.033608615398406982e-01 6.104329804657027125e-05 9.747572243213653564e-02 1.481681010773172602e-06 2.116326391696929932e-01 7.354953140020370483e-02 1.714286045171320438e-04 6.241353730729315430e-06 4.031561017036437988e-01 4.395371675491333008e-02 6.853178638266399503e-05 5.676211367244832218e-05
9.998039603233337402e-01 1.034639179706573486e-01 2.714270260185003281e-03 2.244283705949783325e-01 7.462642192840576172e-01 1.005136454068633611e-07 2.047770097851753235e-02 5.463451961986720562e-04 1.742200652188330423e-06 5.201658950682030991e-06 3.895498957717791200e-05 2.723353207111358643e-01 7.140533067286014557e-03 9.658751077950000763e-04 7.277326972143782768e-07 3.276393981650471687e-03 3.157708852086216211e-04 8.034098755160812289e-06 3.520544169077766128e-06
5.625876784324645996e-01 4.880060628056526184e-02 2.712853252887725830e-03 9.999289512634277344e-01 6.769786775112152100e-02 7.595844799652695656e-04 4.341421183198690414e-03 3.753899596631526947e-03 1.731360534904524684e-04 1.835769857279956341e-03 7.272189395735040307e-05 4.054933961015194654e-04 1.947714947164058685e-02 8.318665623664855957e-02 2.544940449297428131e-03 1.624892093241214752e-02 3.932415973395109177e-03 2.882047265302389860e-04 4.708008418674580753e-05
1.854373987697499615e-09 3.030884224153318485e-11 1.277590121369354126e-12 6.053681289586165803e-08 1.247149892151355743e-02 9.999996423721313477e-01 1.292307162657380104e-03 4.974718011661882766e-14 4.938121419399976730e-03 2.193232928604516019e-09 2.631984318950429869e-17 5.577018313829285034e-08 3.762305189614068013e-10 5.545244818883077187e-10 6.243975292363757035e-08 9.025843183962933836e-08 1.178391073608509032e-08 2.289905751240439713e-06 3.928467862124307430e-08
9.780637919902801514e-03 3.060850986003060825e-06 1.230955892772556126e-10 1.789102097973227501e-04 6.505937576293945312e-01 1.815507459923537681e-07 1.738494634628295898e-01 1.257931216969154775e-05 1.571405050526664127e-07 6.086806654930114746e-01 1.769861146527773599e-09 9.966133236885070801e-01 1.279315329156816006e-03 6.708071320637998269e-10 2.680994037884687486e-10 3.068712353706359863e-01 3.418574488023295999e-05 4.092017115908674896e-05 2.990900638266680289e-09
8.033656049519777298e-04 8.445300636594765820e-07 2.514968788780436171e-11 9.998307228088378906e-01 1.665373682044446468e-03 6.302415840764297172e-06 6.844133022241294384e-04 7.512254796893103048e-06 3.668958192815097163e-11 9.995247125625610352e-01 9.077701697973727946e-13 7.927700132131576538e-02 3.301294345874339342e-04 1.926605364133138210e-08 3.300690150354057550e-05 1.135715632699429989e-03 2.202324540121480823e-04 4.596653525368310511e-06 5.041641068384908331e-14
3.407820414746964843e-10 2.491020401036654662e-16 4.447649017943048129e-20 2.423582918709143996e-04 9.837440848350524902e-01 4.598553478717803955e-02 9.780737757682800293e-01 2.387690322405510530e-16 8.150580339133739471e-03 1.549384509580420399e-09 1.395919508558388349e-15 1.130628306418657303e-02 5.665837590762556886e-12 1.459683513552981638e-15 3.622508543132951786e-11 3.247236600145697594e-03 4.939589004493427637e-08 4.494919267017394304e-04 4.241902384904960854e-10
2.014794908689054864e-08 4.251451485781307382e-14 3.638791668294655290e-17 2.418281510472297668e-03 9.781208634376525879e-01 8.115799166262149811e-03 9.750526547431945801e-01 1.760783088344125558e-13 6.420642603188753128e-03 1.063080432572860445e-07 3.627157710468786878e-13 6.400737166404724121e-02 4.132375552856615286e-10 1.606483636439406948e-13 1.432394647338242066e-09 2.053035236895084381e-02 1.918104544529342093e-06 3.775526303797960281e-03 5.928306290314822036e-09
2.439782520013977773e-06 1.726823729073358269e-15 3.816567750710603558e-23 9.999477863311767578e-01 9.930781722068786621e-01 3.199264028808102012e-05 4.767330586910247803e-01 1.621544124704769559e-16 1.625723052711691707e-05 2.076046973220613268e-10 1.542813127768712201e-18 1.656154519878327847e-03 4.330779224820391349e-12 2.401895594326557181e-16 1.130604387888922702e-09 2.208582125604152679e-03 8.948592949309386313e-06 5.935538865742273629e-06 3.329017698441502637e-14
