5.876332943444140255e-05 2.269068034365773201e-03 1.282774507999420166e-01 1.256646122783422470e-03 2.521823917049914598e-04 3.221842052880674601e-04 9.972437620162963867e-01 3.959568589925765991e-02 4.697339832782745361e-01 3.580312477424740791e-04 8.675199933350086212e-04 1.458506099879741669e-03 4.103220999240875244e-03 1.708865910768508911e-02 3.575835376977920532e-02 6.183922756463289261e-03 4.450234770774841309e-01 1.279558427631855011e-02 1.184181869029998779e-01
7.023343641776591539e-05 2.439896576106548309e-03 1.438573449850082397e-01 1.189149101264774799e-03 2.555384417064487934e-04 3.347314195707440376e-04 9.971256852149963379e-01 3.910492733120918274e-02 4.839068651199340820e-01 3.655842447187751532e-04 9.310561581514775753e-04 1.528915483504533768e-03 3.977739252150058746e-03 1.590739190578460693e-02 3.443863987922668457e-02 5.991678684949874878e-03 4.503862559795379639e-01 1.259927731007337570e-02 1.336910128593444824e-01
5.447943840408697724e-05 2.131337532773613930e-03 1.081057563424110413e-01 1.175187644548714161e-03 2.234208368463441730e-04 2.589823852758854628e-04 9.974574446678161621e-01 3.945284709334373474e-02 4.774324297904968262e-01 3.113885177299380302e-04 9.346784208901226521e-04 1.357243629172444344e-03 3.873236244544386864e-03 1.633039675652980804e-02 3.495427966117858887e-02 5.720506887882947922e-03 4.755587875843048096e-01 1.228562835603952408e-02 1.213472038507461548e-01
2.725827740505337715e-03 3.248214852646924555e-05 4.619568727548539755e-09 9.226390830008313060e-06 1.241121068596839905e-01 3.398528497200459242e-05 4.938755035400390625e-01 1.694582315394654870e-04 1.002914505079388618e-04 6.493112444877624512e-01 1.145380679190566298e-06 9.705600738525390625e-01 1.753062754869461060e-02 4.698459843410773829e-09 1.522890435978752066e-08 2.472830265760421753e-01 1.866808888735249639e-04 1.047910045599564910e-04 8.961522325989790261e-06
3.718151152133941650e-01 9.283745661377906799e-03 9.979695677757263184e-01 3.211673581972718239e-03 3.257310390472412109e-02 2.267133459099568427e-05 2.389783225953578949e-02 8.281535655260086060e-02 3.833635673800017685e-06 8.464432954788208008e-01 5.449305172078311443e-05 3.963078856468200684e-01 6.822402477264404297e-01 9.138885652646422386e-04 5.206728383200243115e-05 1.205625906586647034e-01 1.370628131553530693e-03 7.495000492781400681e-03 5.379504000302404165e-05
3.033093921840190887e-02 2.228277269750833511e-03 8.934335112571716309e-01 1.938806381076574326e-03 3.251474350690841675e-02 6.715727795381098986e-05 9.315823018550872803e-02 7.609868049621582031e-02 1.499205791333224624e-05 9.369155764579772949e-01 7.089963037287816405e-05 6.594876646995544434e-01 2.699655294418334961e-01 2.134896203642711043e-04 5.050779145676642656e-05 2.896062731742858887e-01 3.495104843750596046e-03 7.082351483404636383e-03 3.193707016180269420e-05
3.287135958671569824e-01 1.265149861574172974e-01 2.335205301642417908e-02 4.504362344741821289e-01 3.909311294555664062e-01 2.325885556638240814e-02 4.885516762733459473e-01 1.479603499174118042e-01 4.846005141735076904e-02 2.148436009883880615e-01 2.593487687408924103e-02 4.837155640125274658e-01 1.691418290138244629e-01 3.992550447583198547e-02 4.333607479929924011e-02 2.863102555274963379e-01 1.904790103435516357e-01 9.755366295576095581e-02 1.618471555411815643e-02
7.508328557014465332e-01 2.849174439907073975e-01 8.154051611199975014e-04 9.869376420974731445e-01 3.899326324462890625e-01 1.281710108742117882e-03 7.672598212957382202e-02 5.008877441287040710e-02 8.743875660002231598e-03 3.148418292403221130e-02 1.947871595621109009e-02 7.763531059026718140e-02 6.072873622179031372e-02 1.135956719517707825e-01 2.415023744106292725e-03 1.636795699596405029e-01 2.951364405453205109e-02 3.165014553815126419e-03 2.799673937261104584e-03
6.947253942489624023e-01 6.957699656486511230e-01 4.487133324146270752e-01 4.636041820049285889e-01 4.682843759655952454e-02 6.894644349813461304e-03 1.450463831424713135e-01 4.507579803466796875e-01 8.956599980592727661e-03 4.983225464820861816e-02 6.784813851118087769e-02 1.132356300950050354e-01 3.065492212772369385e-01 4.264107048511505127e-01 1.085337717086076736e-02 8.860027790069580078e-02 5.007568374276161194e-02 6.618076562881469727e-02 8.657668717205524445e-03
6.257923692464828491e-02 1.740369829349219799e-03 1.606385694685741328e-06 5.915804067626595497e-04 1.443959772586822510e-02 9.173529542749747634e-05 5.620384961366653442e-02 1.066370308399200439e-02 4.358785008662380278e-05 9.749499559402465820e-01 5.770638381363824010e-05 7.471390366554260254e-01 1.169572323560714722e-01 7.036234705992683303e-07 1.224504330821218900e-06 1.397204548120498657e-01 5.937622045166790485e-04 2.800252055749297142e-03 2.492395833542104810e-05
8.420326709747314453e-01 2.509998083114624023e-01 4.822350165341049433e-04 9.929005056619644165e-03 3.654697909951210022e-02 2.286564122186973691e-04 8.255833387374877930e-02 7.530409842729568481e-02 1.059401314705610275e-03 2.559429407119750977e-01 1.831239787861704826e-03 5.494662523269653320e-01 7.162863016128540039e-01 3.510287788230925798e-04 3.774931610678322613e-05 5.977834388613700867e-02 2.863342640921473503e-03 1.513156108558177948e-02 2.467728219926357269e-03
2.018824815750122070e-01 9.259565174579620361e-02 9.246900677680969238e-01 8.684127926826477051e-01 2.719556726515293121e-02 1.920798420906066895e-02 1.025528758764266968e-01 1.404737085103988647e-01 1.381569192744791508e-03 1.308845281600952148e-01 4.513849038630723953e-03 9.554826654493808746e-03 2.903932034969329834e-01 2.900007367134094238e-01 3.823171257972717285e-01 6.273443251848220825e-02 6.904268264770507812e-02 3.073050379753112793e-01 2.060580300167202950e-03
3.465482965111732483e-03 1.905030367197468877e-04 5.790146587969502434e-06 1.882551470771431923e-03 3.309360444545745850e-01 5.005171056836843491e-03 5.907571315765380859e-01 2.152781933546066284e-03 3.435092512518167496e-03 5.860887169837951660e-01 6.145338556962087750e-05 9.131490588188171387e-01 2.069490775465965271e-02 1.149663694377522916e-05 6.068529910407960415e-05 4.310920536518096924e-01 7.034770678728818893e-03 6.724317092448472977e-03 2.773992309812456369e-04
3.522503903147233828e-12 6.827122422947695668e-09 1.533439308404922485e-01 3.014315664768218994e-02 4.321964564013569543e-09 2.148027103952322714e-14 9.997938275337219238e-01 2.303683664649724960e-03 2.201732627327146474e-07 4.062231884205402821e-09 8.037127387228171216e-12 5.909580025331706565e-08 3.230815855204127729e-05 1.462694053770974278e-04 4.523757888819091022e-05 9.629165288060903549e-05 9.955170750617980957e-01 1.653594836170668714e-06 7.105333565959881525e-08
1.579917073249816895e-01 1.209159642457962036e-01 2.831970807164907455e-03 4.826858043670654297e-01 1.067902706563472748e-02 1.385711785405874252e-02 6.782820820808410645e-02 2.488718777894973755e-01 7.425259100273251534e-04 9.340564608573913574e-01 4.692873917520046234e-03 2.399410009384155273e-01 2.048562318086624146e-01 2.196810953319072723e-02 1.638301834464073181e-02 8.640560507774353027e-02 4.189546406269073486e-02 1.146549358963966370e-01 6.116343429312109947e-04
7.144622097452868460e-19 5.821883773682312579e-14 5.558066831711739602e-18 2.938885018011205830e-06 9.037957882096492312e-11 9.403959680192794379e-15 1.000000000000000000e+00 5.405357050847214850e-09 5.257502948552428279e-07 1.250393560393858738e-13 4.201812019879975569e-16 9.943258438838142865e-10 2.677210098056548304e-08 3.138875399599783123e-07 2.507826684450265020e-05 2.864494774712511571e-07 2.033713907003402710e-01 5.900901434152672209e-10 2.626968365060378119e-10
1.497101867389133423e-13 1.863031506843526586e-09 9.668871993921100287e-18 6.847849221003343700e-08 2.975729671561566647e-07 2.467752722168370383e-07 1.000000000000000000e+00 2.287726778849030751e-11 2.256381660699844360e-01 2.701893613357708723e-13 3.132453931659062718e-12 7.094784137962051318e-08 1.864747661839416537e-10 2.231931603091652505e-06 7.356361493293661624e-06 7.849891403566289227e-07 1.716245833449647762e-06 6.748848591087153181e-07 4.304445610614493489e-06
6.780881434679031372e-02 5.955592263489961624e-03 3.998762622359208763e-06 7.825293540954589844e-01 3.112860620021820068e-01 2.441981050651520491e-04 5.331620946526527405e-02 5.526921246200799942e-03 2.197095636802259833e-05 9.186169505119323730e-01 3.379728150321170688e-05 7.994646430015563965e-01 2.146320976316928864e-02 2.599476429168134928e-04 1.690131903160363436e-04 2.883584797382354736e-01 5.288924090564250946e-03 6.708951666951179504e-03 2.130652546838973649e-06
8.750444650650024414e-02 1.905771344900131226e-02 2.555739592935424298e-05 8.080655825324356556e-04 1.159187257289886475e-01 1.178962629637680948e-04 8.001969456672668457e-01 1.627618633210659027e-02 6.184901110827922821e-03 4.471538215875625610e-02 1.554307877086102962e-03 7.450573444366455078e-01 1.725796461105346680e-01 6.420390855055302382e-05 7.156661740737035871e-05 1.475135833024978638e-01 6.186014786362648010e-02 1.110677956603467464e-03 3.749931929633021355e-03
2.748879790459568540e-09 2.088639348585275002e-06 2.725251664961736431e-13 2.856376912774294397e-09 5.522095761989476159e-06 1.010065602713439148e-06 9.987599849700927734e-01 4.816642322111874819e-04 6.586546078324317932e-05 5.367386341094970703e-01 4.064520453539444134e-08 2.463149726390838623e-01 1.005048491060733795e-02 2.840722657104777227e-10 4.870468472972788732e-09 9.965679049491882324e-02 2.014861966017633677e-04 4.781166467182629276e-07 9.287356078857555985e-06
2.374267622784476117e-11 1.453722546784774750e-07 3.115070007497777738e-11 1.993757869911405578e-08 3.832162320804854971e-08 2.395618859535320055e-12 1.000000000000000000e+00 7.426203956129029393e-05 5.429836455732584000e-03 1.460986620571702588e-08 8.664005690661724657e-07 1.088456192519515753e-04 5.971131758997216821e-05 4.999888460588408634e-06 8.194612746592611074e-05 1.183250205940566957e-04 8.889455199241638184e-01 3.684058924591226969e-07 1.185681321658194065e-03
1.850952867243904620e-05 1.301364904726654004e-09 1.227059149479388898e-15 9.168676137924194336e-01 8.849979639053344727e-01 7.638847421276295790e-08 9.967288970947265625e-01 9.449125509819467084e-11 4.218287358526140451e-04 5.022592119985347381e-09 1.849991514146775984e-11 6.443368643522262573e-02 5.116452328479681455e-08 1.030713847605113642e-09 8.593634447606746107e-06 1.561357174068689346e-02 6.523400661535561085e-04 6.005614068271825090e-07 6.825391363207700124e-09
9.686454534530639648e-01 2.465476840734481812e-02 5.703948424695681751e-09 2.530276219658844639e-07 2.668968169018626213e-03 4.542337990187661489e-07 4.664145708084106445e-01 8.880434324964880943e-05 1.560077443718910217e-02 3.356233611702919006e-02 4.019334301119670272e-05 7.653641104698181152e-01 1.206522732973098755e-01 1.021525086741803534e-09 2.922467823296415190e-10 2.178479218855500221e-03 1.589383464306592941e-05 1.194519995806331281e-06 9.042031317949295044e-02
7.048467546701431274e-02 1.249527325853705406e-03 9.796484512492042995e-09 1.134521951939859719e-07 2.294137084390968084e-04 8.805764082353562117e-05 9.481350779533386230e-01 3.850538632832467556e-06 3.760986030101776123e-01 2.474657492712140083e-03 1.275753402296686545e-05 1.940949410200119019e-01 9.285897249355912209e-04 3.561856809497498944e-09 4.572888556708676333e-08 2.460394753143191338e-04 7.078532507875934243e-05 9.583993232809007168e-06 7.397295832633972168e-01
3.380338661372661591e-03 8.147135959006845951e-04 7.567989257495355560e-08 1.018456593155860901e-01 3.055923283100128174e-01 7.187099456787109375e-01 2.783854901790618896e-01 4.568552867567632347e-06 1.661603003740310669e-01 3.034243418369442225e-04 8.029977834667079151e-06 8.841340430080890656e-03 1.274791720788925886e-04 1.019943883875384927e-04 3.886173362843692303e-04 5.489454139024019241e-03 3.135730803478509188e-04 1.404195674695074558e-03 1.368353608995676041e-03
8.732398152351379395e-01 5.017535090446472168e-01 2.710332572460174561e-01 2.966539002954959869e-02 8.339255303144454956e-02 2.050278941169381142e-03 4.078571200370788574e-01 1.990315467119216919e-01 8.896826207637786865e-02 4.617132991552352905e-02 2.375494502484798431e-02 3.664437234401702881e-01 2.919671833515167236e-01 2.027300745248794556e-02 1.238277065567672253e-03 4.683568701148033142e-02 5.460199713706970215e-02 7.612959481775760651e-03 8.945515006780624390e-02
9.993754029273986816e-01 4.385083541274070740e-02 5.644438715535216033e-06 9.495193958282470703e-01 6.175401806831359863e-01 6.067077720217639580e-07 9.141427464783191681e-03 1.315895933657884598e-03 8.629256740277924109e-07 1.097306085284799337e-04 2.803309689625166357e-05 1.290678083896636963e-01 1.221131253987550735e-02 6.414591916836798191e-04 3.272488538641482592e-05 3.713655052706599236e-03 2.655499381944537163e-03 1.761488238116726279e-05 6.107569561208947562e-07
9.999748468399047852e-01 2.328170463442802429e-02 7.100861565412230902e-12 4.597349616233259439e-04 8.315961360931396484e-01 4.360335877084953182e-12 1.027609221637248993e-02 1.139539472205797210e-05 7.992440487214480527e-09 2.305731641172314994e-06 1.972015084561462572e-08 8.775799870491027832e-01 9.333053603768348694e-04 4.577869638922038575e-09 7.101030917791573138e-14 1.198651851154863834e-03 1.114935685109230690e-06 7.671096646788555518e-09 1.886427458686057435e-09
9.980280995368957520e-01 4.598888044711202383e-04 1.044326083943225569e-10 1.881028991192579269e-03 9.785487055778503418e-01 1.652118858386231182e-10 2.894337475299835205e-01 3.660925926851632539e-07 3.464247413376142504e-07 3.062495750327798305e-07 1.491004475440149690e-08 9.482606053352355957e-01 1.987365612876601517e-05 2.794453779486616440e-09 2.937802084934659774e-11 1.849434897303581238e-02 4.861925481236539781e-05 1.406745724352731486e-07 4.418814647522140149e-09
9.501825571060180664e-01 2.379032412136439234e-05 3.645791307738122100e-11 7.563741382909938693e-05 9.845460653305053711e-01 7.190956163860562356e-11 7.370970845222473145e-01 3.222526601120989653e-08 1.243783799509401433e-06 1.177683728315059852e-07 2.371545404500352561e-09 9.854618310928344727e-01 5.095113920106086880e-06 1.325563964149623075e-10 6.139565852242290234e-12 3.263221308588981628e-02 5.750811760663054883e-05 8.314219712701742537e-08 6.203351610167828767e-09
6.439047212092319228e-12 2.505884566517124767e-08 3.222016186840703789e-12 7.683953029413714830e-09 4.495728589404279774e-08 1.025780918539886954e-10 9.999905824661254883e-01 3.719082102179527283e-03 6.408835361071396619e-06 1.261102873831987381e-02 1.755861056551566435e-08 2.511995658278465271e-02 2.813702914863824844e-03 3.227028955166133528e-08 1.963632740853427094e-07 4.088976979255676270e-02 8.623979985713958740e-02 6.176181841510697268e-07 1.783258881005167495e-06
8.608427643775939941e-01 1.095301806926727295e-01 1.036840785673120990e-06 1.906045828945934772e-03 1.029933482641354203e-04 4.463892651074274909e-07 3.136789309792220592e-04 2.069348841905593872e-02 1.370678432977001648e-07 6.657703518867492676e-01 3.165085900036501698e-06 3.534470796585083008e-01 9.679560065269470215e-01 5.070649422123096883e-06 3.145266092019483040e-08 9.377609938383102417e-03 3.391265408936305903e-06 2.191244065761566162e-02 4.333488050178857520e-06
2.159242171728692483e-07 8.322986189135406221e-10 1.642111011106390031e-16 1.016065187542380954e-08 3.262202312726003584e-07 2.504198093333798170e-08 1.211800190503709018e-04 1.743028406053781509e-05 1.069709078260761004e-11 1.000000000000000000e+00 3.659067840389162996e-12 7.264971733093261719e-01 3.490365634206682444e-05 1.011934380216951597e-15 7.259758657944537230e-13 1.792226172983646393e-02 2.901520623765918572e-08 3.896347493537177797e-07 8.551422374034056695e-14
2.515354892238974571e-03 2.223654064437141642e-06 4.386952769368929195e-13 7.567778652628476266e-07 1.836503855884075165e-02 8.369952730902241456e-09 4.428463429212570190e-02 2.433435292914509773e-05 1.372396685184185117e-08 9.896107912063598633e-01 1.758739487378591093e-09 9.906094074249267578e-01 3.187408205121755600e-03 1.249671698587417890e-12 6.297050012503413452e-13 1.620009839534759521e-01 1.597014374965510797e-06 2.915244522228022106e-06 1.183900866230658266e-09
4.035556223243474960e-03 6.571991284509692832e-10 1.061300756342307544e-20 3.295306735817682409e-11 2.570430040359497070e-01 5.184910278899224068e-10 9.996860027313232422e-01 2.704656767974643648e-17 8.716011643409729004e-01 5.100070214238139332e-13 1.332903058759438153e-11 9.063711166381835938e-01 2.130012746043297156e-12 6.391762236051173668e-17 4.053522247677784907e-14 3.312056151116848923e-06 2.480206040544885582e-09 7.001090679414900819e-11 9.437073604203760624e-04
1.325823273390369650e-08 6.667618453502655029e-02 4.752095605908834841e-08 3.995795920491218567e-02 1.525852333372768044e-09 2.369422540116072895e-11 9.715266227722167969e-01 2.817032039165496826e-01 1.293535206059459597e-06 2.039953142229933292e-05 1.860103004958091333e-08 1.608174500233872095e-07 6.596036837436258793e-05 9.673267006874084473e-01 3.290459062554873526e-06 3.368686302565038204e-04 4.270731210708618164e-01 5.658252630382776260e-04 5.271025393938089110e-09
9.577516913414001465e-01 2.592533826828002930e-02 1.714215258630247263e-08 3.694874237680778606e-07 2.033114433288574219e-03 1.063153945324302185e-06 6.997500658035278320e-01 5.106868775328621268e-05 7.615602761507034302e-02 6.933799479156732559e-03 6.560750625794753432e-05 6.637870073318481445e-01 2.744167484343051910e-02 4.844813439319750614e-09 2.122254150194180511e-09 1.031558611430227757e-03 5.613371467916294932e-05 1.841650941969419364e-06 3.299815356731414795e-01
2.425348013639450073e-02 1.257338677532970905e-03 4.217164573105947056e-08 3.856345074382261373e-07 5.326566224539419636e-06 3.635263128671795130e-04 9.533563256263732910e-01 2.018521854552091099e-06 6.784496307373046875e-01 6.904193287482485175e-05 2.634634029163862579e-06 4.678570665419101715e-03 1.235012314282357693e-05 5.490250742923308280e-08 6.472755558206699789e-07 2.381426838837796822e-06 5.449438467621803284e-04 6.016842962708324194e-05 9.739446640014648438e-01
9.121233820915222168e-01 9.368923492729663849e-03 2.244373853432790611e-10 4.771050754470707034e-08 1.326251731370575726e-05 3.766049871956056450e-07 9.388718605041503906e-01 5.775465865553996991e-07 6.677700877189636230e-01 6.895090336911380291e-06 3.785505668929545209e-06 3.736957535147666931e-02 1.290292948397109285e-05 1.084503820081295089e-09 7.081406017128699659e-10 6.437671800085809082e-07 1.152575860032811761e-04 3.873465743708948139e-07 9.310666322708129883e-01
1.755647099344059825e-05 4.493715241551399231e-04 7.550287409685552120e-05 1.981630222871899605e-03 1.829312095651403069e-04 4.218478352413512766e-06 9.802185893058776855e-01 3.171102404594421387e-01 1.735669677145779133e-03 8.177880942821502686e-02 2.625728084240108728e-04 6.640177220106124878e-02 1.783198677003383636e-02 4.949277266860008240e-03 5.626126192510128021e-03 1.343876868486404419e-01 8.612317442893981934e-01 1.190739404410123825e-02 1.263971673324704170e-03
1.091994363378034905e-06 5.180256266612559557e-05 1.568180050526279956e-05 7.284522871486842632e-04 2.903666063502896577e-05 3.339856107231753413e-07 9.930422306060791016e-01 1.841037124395370483e-01 8.740744669921696186e-04 9.101673960685729980e-03 3.957068111049011350e-05 1.060550007969141006e-02 5.875877104699611664e-03 3.112909384071826935e-03 3.212549956515431404e-03 5.589780583977699280e-02 9.491591453552246094e-01 7.525770924985408783e-03 5.801304359920322895e-04
6.649524948443286121e-06 2.251233672723174095e-04 1.806959335226565599e-05 7.623508572578430176e-04 8.125908789224922657e-05 1.220626472786534578e-06 9.808061122894287109e-01 3.959186971187591553e-01 4.453450965229421854e-04 3.014463186264038086e-01 8.191299275495111942e-05 1.588474512100219727e-01 1.270944904536008835e-02 1.377228181809186935e-03 1.593847759068012238e-03 1.956464648246765137e-01 7.909146547317504883e-01 6.776751019060611725e-03 3.163937653880566359e-04
9.788743406534194946e-02 2.033613026142120361e-01 7.047738134860992432e-02 2.076233476400375366e-01 4.190041869878768921e-02 2.822763659060001373e-02 6.092080473899841309e-01 4.641716182231903076e-01 1.049104630947113037e-01 1.720840632915496826e-01 4.775190353393554688e-02 1.396823525428771973e-01 2.510341405868530273e-01 3.428951799869537354e-01 1.842107623815536499e-01 1.758428514003753662e-01 3.496347665786743164e-01 5.369591116905212402e-01 4.268239066004753113e-02
1.471240906880666444e-08 1.327786547378195792e-09 1.566627924121707233e-14 2.429394214686908526e-07 1.433899342373479158e-06 1.643405411755338719e-08 1.700031571090221405e-02 2.068204339593648911e-04 2.933715770314648807e-10 9.999990463256835938e-01 2.539993215755487199e-11 8.761165142059326172e-01 3.504915002849884331e-05 7.988415701501438981e-13 4.061098957119924080e-10 9.589117020368576050e-02 2.079647128994110972e-05 6.260518603085074574e-06 4.209465241655774292e-12
1.672388236784172477e-07 1.671985744300386045e-10 1.150456196264674249e-17 2.113525532365656545e-08 7.683652325507495107e-11 1.855130216110723040e-10 5.071042252779989212e-08 8.676270226715132594e-06 8.069132317076004035e-17 1.000000000000000000e+00 7.335348013682782553e-14 1.716324985027313232e-01 7.166920113377273083e-06 2.591338748144717723e-16 5.860320095949639319e-14 7.804437191225588322e-04 7.973099958036300450e-10 1.878072879435421783e-07 2.664146093783226649e-18
7.541604638099670410e-01 1.867138296365737915e-01 2.720605607464676723e-07 9.914526162901893258e-05 1.433558179996907711e-03 3.727812327269930393e-06 9.443603157997131348e-01 7.446354138664901257e-04 6.561362743377685547e-01 2.864140515157487243e-05 1.979296095669269562e-02 5.410843342542648315e-02 3.846136969514191151e-04 1.317829628533218056e-05 5.106068329041590914e-06 1.632615749258548021e-04 3.259644284844398499e-02 4.339110455475747585e-05 5.100418329238891602e-01
5.271494737826287746e-04 3.812187816947698593e-03 2.215939894085749984e-04 5.069496110081672668e-03 7.606312166899442673e-03 1.900829956866800785e-04 8.357411623001098633e-01 1.391427367925643921e-01 2.060321392491459846e-03 6.300945878028869629e-01 7.013090653344988823e-04 5.608991384506225586e-01 9.326691925525665283e-02 4.847788077313452959e-04 1.009071012958884239e-03 3.347751796245574951e-01 1.166125684976577759e-01 5.645298864692449570e-03 8.886022260412573814e-04
2.153280889615416527e-03 1.991797471418976784e-03 5.422489630291238427e-05 6.765311118215322495e-04 1.201500296592712402e-01 6.432937979698181152e-01 3.398942649364471436e-01 2.273873891681432724e-03 5.193142592906951904e-02 4.460820257663726807e-01 1.124619739130139351e-04 2.288962006568908691e-01 2.221037633717060089e-02 4.609071766026318073e-05 8.914902573451399803e-04 1.035754829645156860e-01 2.798968460410833359e-03 4.922001156955957413e-03 1.158818788826465607e-02
8.777760267257690430e-01 1.838732212781906128e-01 2.257609012303873897e-04 1.007778197526931763e-02 4.702053032815456390e-03 2.820748522935900837e-05 4.430939443409442902e-03 4.541805014014244080e-02 1.123198035202221945e-05 2.782606184482574463e-01 1.120629895012825727e-04 4.155755341053009033e-01 9.211545586585998535e-01 1.422464411007240415e-04 5.682608389179222286e-06 2.378636784851551056e-02 1.405079819960519671e-04 3.133095055818557739e-02 8.021297253435477614e-05
9.159904122352600098e-01 2.801561057567596436e-01 2.010400057770311832e-04 1.224322477355599403e-03 1.766562112607061863e-03 5.066139692644355819e-06 3.737242892384529114e-03 3.712027147412300110e-02 1.168107792182127014e-05 6.263302266597747803e-02 2.516820677556097507e-05 4.249759912490844727e-01 9.825236201286315918e-01 7.583530532428994775e-05 9.029361649481870700e-07 1.687883399426937103e-02 8.496695227222517133e-05 1.571324281394481659e-02 6.009858043398708105e-05
3.501113653182983398e-01 1.312555093318223953e-02 3.646935510914772749e-05 2.117526344954967499e-02 6.973302806727588177e-04 1.401408080710098147e-04 3.195440163835883141e-03 4.198644310235977173e-02 2.389396058788406663e-06 9.897621273994445801e-01 1.095840125344693661e-04 3.009397089481353760e-01 3.468455970287322998e-01 2.195032902818638831e-05 1.088197041099192575e-05 2.769018150866031647e-02 2.247013471787795424e-04 1.924994401633739471e-02 1.558630356157664210e-05
4.261958226561546326e-02 1.381597248837351799e-04 1.021499315356777515e-06 7.259926199913024902e-01 7.442187070846557617e-01 1.254376955330371857e-03 5.292366743087768555e-01 3.465990303084254265e-04 9.677126072347164154e-04 1.958998478949069977e-02 5.729155418521258980e-06 6.577603220939636230e-01 1.475647208280861378e-03 4.909172639600001276e-05 7.617169758304953575e-04 3.526019454002380371e-01 9.342740476131439209e-02 9.428095817565917969e-02 2.172976383008062840e-05
3.635503817349672318e-04 8.244229299236849329e-09 4.137403527421090743e-12 6.821527332067489624e-02 8.394162654876708984e-01 9.339284900988786831e-08 6.193941235542297363e-01 8.605080097368045244e-07 1.168387413486016158e-07 8.072495460510253906e-03 8.759439007466340854e-11 9.832103252410888672e-01 7.799164450261741877e-06 3.756298827539694685e-09 3.208482013405955513e-08 5.853745341300964355e-01 8.055408485233783722e-03 4.933358728885650635e-02 1.742159527751141468e-09
4.483600605453830212e-06 2.435583679183395134e-11 5.331487611419036265e-14 1.017516013234853745e-03 9.031765460968017578e-01 3.279978288972529299e-09 8.700668811798095703e-01 1.566447593859265908e-08 3.829290662338280526e-08 1.308079226873815060e-03 4.063719575685825758e-13 9.987333416938781738e-01 8.153795079124392942e-07 3.631612371934878070e-11 3.543620119561552428e-10 6.949411034584045410e-01 4.900986095890402794e-04 2.051628893241286278e-03 4.355176289050355365e-11
8.503434401063714176e-08 2.413849786719879376e-09 3.834909243213832706e-17 1.795201455934147816e-06 4.282241661712760106e-06 2.594710002412625727e-10 4.084570682607591152e-04 1.219080513692460954e-05 1.378014184965498101e-13 1.000000000000000000e+00 3.365666306851672340e-13 9.719923734664916992e-01 3.828440185316139832e-06 2.338066535084032393e-13 3.205551492649338918e-12 1.270808875560760498e-01 3.772009620206517866e-07 5.791759463136259001e-07 3.034881357046005299e-15
3.174820684126444803e-10 7.512349076144175797e-11 7.706911912072503344e-16 3.848467500233709870e-08 1.277761839446611702e-06 5.480722126138815042e-11 3.786582127213478088e-02 9.587678505340591073e-05 8.515428813471448422e-12 9.999986886978149414e-01 7.764614689056981156e-13 9.877356886863708496e-01 2.547698386479169130e-06 6.192675495661492668e-13 3.170855245038239900e-11 3.585873842239379883e-01 4.178467133897356689e-05 2.180345518354442902e-06 8.971014713423167142e-14
4.081792056995691906e-15 2.400872744786339588e-21 4.110997900531889185e-30 5.479451527928835830e-13 1.239419332705438137e-03 1.558536817917094880e-17 3.337175119668245316e-03 3.789609685084238677e-13 1.450968599445972183e-21 1.000000000000000000e+00 2.170707474375889328e-26 9.999998807907104492e-01 4.225046094236128980e-12 2.010826908488088262e-25 1.013158515263407313e-23 8.912574648857116699e-01 3.890557580960019024e-12 5.114022053054334549e-12 2.815143509364884521e-26
2.764220880635548383e-06 7.582026591990143061e-05 9.832537345086378444e-13 9.349152445793151855e-03 4.689575949790025788e-10 2.189897374549332199e-09 1.166612582892412320e-05 2.492208965122699738e-02 6.811315834270859071e-14 9.999997615814208984e-01 7.223980857951062262e-10 4.150188341736793518e-02 3.843736485578119755e-04 2.594874104033806361e-06 5.101958855391330871e-09 5.187979899346828461e-03 1.664123010414186865e-05 6.492218817584216595e-04 1.212672133934014629e-13
7.630409527337178588e-06 1.198349934838915942e-07 2.184292353720894593e-15 2.422855504846666008e-05 4.672457906695903773e-11 3.182097696452501623e-09 3.704544937477294297e-08 2.094542869599536061e-04 2.896001411497716588e-16 1.000000000000000000e+00 9.155573001129457822e-12 4.910026863217353821e-02 9.181956556858494878e-05 3.559860956361959872e-12 9.517910765088899439e-12 4.453351139090955257e-04 1.658662718284631410e-08 6.402573035302339122e-06 2.532652864487591575e-16
4.107538552489131689e-05 5.772046279162168503e-06 4.116225386257589547e-14 1.720208092592656612e-03 6.326129203815256119e-11 1.100048052649071906e-08 8.287256747507854016e-08 1.604686607606709003e-03 1.116811141009782082e-15 1.000000000000000000e+00 8.619639724205541143e-11 1.791746914386749268e-02 4.306283080950379372e-04 1.941929728133118260e-09 1.673431115900569921e-10 3.728189039975404739e-04 9.774222320402259356e-08 8.935410733101889491e-05 3.343416072698699587e-15
2.012579512766787815e-11 1.455428659535851210e-13 2.609126773106501553e-21 1.587406595060514292e-10 1.817462569331240729e-10 1.109423899861398943e-13 6.682021194137632847e-06 1.851420734055864159e-06 6.104226066039676973e-18 1.000000000000000000e+00 5.623350489914323460e-17 9.357218742370605469e-01 6.958022424896626035e-08 1.654325863134868708e-18 1.401821316497501094e-15 3.027963079512119293e-02 6.005593800040287533e-09 2.252752118181433616e-08 4.127234791556950846e-20
1.566480018616589476e-12 3.974769020593637431e-15 4.004474102789886482e-24 7.211390772726700149e-12 1.112149608517576382e-11 4.353639234603960684e-15 9.386749297846108675e-07 2.717286520237394143e-07 4.930410041122321456e-20 1.000000000000000000e+00 4.386220323832872844e-19 9.433012008666992188e-01 1.100081536975494600e-08 4.387236722010547377e-21 9.957812799330773278e-18 1.566580310463905334e-02 2.913840557727809255e-10 1.869720378522288229e-09 1.532486506652733428e-22
2.745700151615682039e-12 1.184272762456495612e-14 4.265914597465889153e-23 2.266894831570720470e-11 2.535757714916542227e-11 9.549427424488353411e-15 2.013452103710733354e-06 5.645487703986873385e-07 1.927789137006697144e-19 1.000000000000000000e+00 2.192762952854317289e-18 9.457500576972961426e-01 1.740347066458980407e-08 4.608920156822478458e-20 6.983598714676534248e-17 2.197243459522724152e-02 1.049214271020559863e-09 4.923097929321329502e-09 8.665186446503752441e-22
1.928046167165575753e-08 4.241393014581262833e-07 6.764397930680843274e-10 2.268870275656809099e-06 1.803193117666523904e-05 8.050368194290058454e-08 9.694403409957885742e-01 1.980507187545299530e-02 3.383076546015217900e-06 9.725708961486816406e-01 1.536819809189182706e-07 8.481287956237792969e-01 2.155321650207042694e-03 3.869976339387903863e-08 3.743309093806601595e-07 3.680487871170043945e-01 2.211495488882064819e-02 8.779486961429938674e-05 6.643247729698487092e-07
1.002625678665935993e-03 4.858782049268484116e-04 1.564239792060106993e-04 9.424923658370971680e-01 7.472645957022905350e-04 2.943208217620849609e-01 1.771059185266494751e-01 5.175185855478048325e-03 3.192460397258400917e-03 3.994447470176964998e-04 2.223596169415031909e-07 2.095918262057239190e-06 1.101060886867344379e-03 2.477146312594413757e-02 4.283583164215087891e-01 2.579906868049874902e-05 6.559476256370544434e-02 5.568224471062421799e-03 2.020408282987773418e-05
3.022424310827886984e-09 1.272150171871544444e-07 2.429893974920105393e-08 6.312332116067409515e-04 1.403199121341458522e-07 7.790356448822421953e-08 9.995347261428833008e-01 1.736732549034059048e-03 6.859932909719645977e-04 1.556260258439579047e-07 3.945634219348903571e-08 3.776483765705052065e-07 6.048188151908107102e-05 1.058956841006875038e-03 2.517564781010150909e-02 1.378036358801182359e-05 9.935572743415832520e-01 2.501419221516698599e-04 7.163311965996399522e-05
2.934546500910073519e-05 6.581728812307119370e-04 4.342699355674994877e-07 1.949762008734978735e-05 4.232159117236733437e-04 1.041836299009446520e-06 9.896132349967956543e-01 9.537021815776824951e-02 6.548754172399640083e-04 1.191900074481964111e-01 2.937761601060628891e-04 5.222181081771850586e-01 1.064952388405799866e-01 2.463852615619543940e-05 5.966925164102576673e-05 2.073569297790527344e-01 3.151589334011077881e-01 2.635537530295550823e-04 8.126449538394808769e-04
4.589973017573356628e-02 1.170952431857585907e-02 1.068073208443820477e-03 3.148323893547058105e-01 1.939404197037220001e-02 2.393539249897003174e-02 2.149285674095153809e-01 1.010535284876823425e-01 1.367856515571475029e-03 9.487613439559936523e-01 1.117234816774725914e-03 2.931137084960937500e-01 9.826866537332534790e-02 2.883431036025285721e-03 3.616902977228164673e-02 8.893292397260665894e-02 7.271362096071243286e-02 6.790857017040252686e-02 4.745205806102603674e-04
5.622126627713441849e-04 9.791300399228930473e-04 1.484434615122154355e-04 4.045484960079193115e-02 7.545330096036195755e-03 2.823181566782295704e-04 9.400404691696166992e-01 7.857035845518112183e-02 2.372012473642826080e-03 1.186979711055755615e-01 1.766511268215253949e-04 1.621962636709213257e-01 4.641436785459518433e-02 3.188500879332423210e-03 1.957551948726177216e-02 1.122997999191284180e-01 4.416593313217163086e-01 1.965004578232765198e-02 9.619792690500617027e-04
7.667326927185058594e-02 2.761600613594055176e-01 1.294488203711807728e-03 4.628312885761260986e-01 1.544728642329573631e-03 1.515552517957985401e-03 5.480976402759552002e-02 4.861166477203369141e-01 1.965322007890790701e-04 7.949087023735046387e-01 2.428824314847588539e-03 7.742127776145935059e-02 1.673472076654434204e-01 2.444608062505722046e-01 5.898064933717250824e-03 7.548948377370834351e-02 3.867923840880393982e-02 2.079290002584457397e-01 2.415363560430705547e-04
1.040048748254776001e-01 6.200200915336608887e-01 1.384700275957584381e-02 4.909151494503021240e-01 6.573774386197328568e-03 3.558002412319183350e-03 1.966264098882675171e-01 5.909401178359985352e-01 3.501281607896089554e-03 6.545444577932357788e-02 4.911514464765787125e-03 1.116849109530448914e-02 1.338427066802978516e-01 7.980265021324157715e-01 3.562144562602043152e-02 6.305087357759475708e-02 1.226117312908172607e-01 1.849641352891921997e-01 9.951232932507991791e-04
1.352397203445434570e-01 5.241048932075500488e-01 3.414003551006317139e-02 3.947952687740325928e-01 1.732564158737659454e-02 1.244890782982110977e-02 3.676008582115173340e-01 5.722510814666748047e-01 2.052169106900691986e-02 9.438952058553695679e-02 2.016118168830871582e-02 3.742486611008644104e-02 1.799793541431427002e-01 6.295594573020935059e-01 9.583343565464019775e-02 1.042200848460197449e-01 2.201253175735473633e-01 2.993370294570922852e-01 6.045180838555097580e-03
2.730828896346793044e-07 1.238752544985288750e-09 6.336320594461149897e-15 4.584847556543536484e-05 1.055168360471725464e-02 1.610641064964113411e-09 6.985708326101303101e-02 2.237334001620183699e-06 3.738325968227762530e-11 9.998710155487060547e-01 6.314778886427896420e-13 9.983927607536315918e-01 5.035245067119831219e-06 5.310231421251643269e-12 7.444454080962614739e-11 5.643295049667358398e-01 8.577340850024484098e-06 9.131615115620661527e-06 3.946716000888250697e-13
1.479067141190171242e-03 3.898948125424794853e-05 5.325606178274711056e-09 1.319972852797945961e-05 2.282516943523660302e-04 1.168235257864580490e-06 1.492164377123117447e-02 5.377480294555425644e-03 5.294969582791964058e-07 9.991005659103393555e-01 1.591830937286431435e-06 7.400662899017333984e-01 4.357305914163589478e-02 4.904690875662254257e-09 2.156518874585344747e-08 1.070442497730255127e-01 1.407536474289372563e-04 6.750166648998856544e-04 3.287361778347985819e-07
5.631953627016628161e-06 9.705178172225714661e-07 3.145700921969307728e-10 2.799510730255860835e-05 2.995618706336244941e-05 4.705601099885825533e-07 9.102168492972850800e-03 3.066938603296875954e-03 1.088468692955757433e-08 9.999872446060180664e-01 2.916590347012970597e-08 8.028973937034606934e-01 4.163809644524008036e-04 6.860933154939630185e-09 1.516379626309571904e-07 1.738056242465972900e-01 2.573053061496466398e-04 2.770616847556084394e-04 9.524421251683179435e-10
4.207161068916320801e-02 5.451904144138097763e-05 6.307234912128478754e-08 2.345605986192822456e-03 7.758184075355529785e-01 4.311273642088053748e-06 3.190167248249053955e-01 8.799802890280261636e-05 1.165557296189945191e-05 1.234446913003921509e-01 2.673695007615606301e-07 9.892277717590332031e-01 2.930697519332170486e-03 2.914788979069271591e-07 5.236166700228750415e-08 3.484475910663604736e-01 5.246633663773536682e-04 4.897905746474862099e-04 3.829112813491519773e-07
8.648473769426345825e-03 6.722672260366380215e-04 9.638847942028405669e-09 9.178659319877624512e-01 1.370158656754938420e-06 2.394651892245747149e-05 1.953588616743218154e-05 3.820198355242609978e-03 6.706877414552891992e-11 9.999904632568359375e-01 2.013119981825184368e-08 1.557832397520542145e-02 1.515724137425422668e-02 3.635153234426979907e-06 4.951436039846157655e-06 3.582296194508671761e-04 2.070945083687547594e-05 6.686290726065635681e-04 7.520793710025230894e-11
7.790368350413245935e-09 2.032821200259604666e-08 1.231667545731340851e-10 5.265650088404072449e-06 4.002104979008436203e-04 5.463006047534690879e-09 9.879301786422729492e-01 5.889491294510662556e-04 7.609666567987005692e-07 3.128071129322052002e-01 9.504790732250967267e-09 9.356925487518310547e-01 1.705550239421427250e-03 6.486156500784545642e-09 7.026344661653638468e-08 5.321514606475830078e-01 1.786881871521472931e-02 4.206417361274361610e-05 8.657879391194001073e-08
4.268466398116288474e-07 3.967273731753095944e-10 6.820522373017419990e-17 4.953325927203877654e-08 3.795009445584085483e-11 2.096452039745955176e-10 2.509285046414788667e-08 1.525964762549847364e-05 5.168333655072173912e-17 1.000000000000000000e+00 1.849040804366777757e-13 1.056346297264099121e-01 1.137901745096314698e-05 1.047023990606381870e-15 1.196963264182143716e-13 5.116360262036323547e-04 9.388678723354360045e-10 4.089326921530300751e-07 3.470767132211248821e-18
3.677160620441100036e-08 1.113393405249851753e-11 1.550204451830968065e-19 3.094382305945941880e-09 8.015583639539580751e-13 6.370223359225546389e-12 1.356960765974690730e-09 2.324219167348928750e-06 1.303531955337295373e-19 1.000000000000000000e+00 1.590812472359183060e-15 7.915124297142028809e-02 1.703584985079942271e-06 3.905400499680805406e-18 9.908789410932226059e-16 1.584620476933196187e-04 3.262778242030250908e-11 3.694144368182605831e-08 5.451304413657716137e-21
6.246053203540213872e-07 7.415293379331444612e-10 2.128253792131072956e-16 8.024659337024786510e-08 7.249029154721142731e-11 4.124965646834510835e-10 4.140166254273935920e-08 2.134649912477470934e-05 1.578985880712263298e-16 1.000000000000000000e+00 4.285892929618839720e-13 1.105360686779022217e-01 1.532248279545456171e-05 2.890550966240371979e-15 2.989434600472046233e-13 6.075125420466065407e-04 1.705685703790038588e-09 6.069803930586203933e-07 1.121437790477640230e-17
4.940743744373321533e-01 1.356446593999862671e-01 9.224449284374713898e-03 4.481989890336990356e-02 2.545786090195178986e-02 3.454173449426889420e-03 7.033882290124893188e-02 1.658050417900085449e-01 2.144251950085163116e-03 7.216705083847045898e-01 8.386871777474880219e-03 4.520417153835296631e-01 6.769842505455017090e-01 3.012366360053420067e-03 1.587982522323727608e-03 1.454709172248840332e-01 9.600158780813217163e-03 1.143320947885513306e-01 5.231563001871109009e-03
3.740136697888374329e-02 1.690777763724327087e-02 1.151561264123301953e-06 9.858521223068237305e-01 2.571854201960377395e-05 5.794752723886631429e-05 1.766526402207091451e-04 4.864631965756416321e-02 4.246226925630480764e-09 9.951316118240356445e-01 6.308889055617328268e-07 5.002922844141721725e-03 5.549986287951469421e-02 6.008343771100044250e-03 8.821117808111011982e-05 1.168842078186571598e-03 6.205784738995134830e-04 1.355544012039899826e-02 5.905555156004993478e-09
9.997748732566833496e-01 3.515613973140716553e-01 6.957973528187721968e-05 9.454829096794128418e-01 1.952280662953853607e-02 2.971104251514589123e-08 8.078663086052983999e-05 1.039492432028055191e-02 1.294932050477370922e-09 1.696362451184540987e-04 1.487985173298511654e-06 3.069588914513587952e-02 5.110046267509460449e-01 7.902647368609905243e-03 6.643222150159999728e-07 6.024327594786882401e-04 2.450661850161850452e-05 3.715672937687486410e-04 2.979593993757134740e-08
3.411170910112559795e-04 4.264427698217332363e-04 3.678944334387779236e-02 1.805231790058314800e-03 5.943827331066131592e-02 8.477368101011961699e-05 8.928146362304687500e-01 3.671607375144958496e-02 1.884319353848695755e-03 8.886760473251342773e-02 7.760741573292762041e-05 6.825696229934692383e-01 8.403640240430831909e-02 2.255874860566109419e-04 2.125488244928419590e-04 3.884616196155548096e-01 1.107336580753326416e-01 2.282450208440423012e-03 4.742703167721629143e-04
7.455368041992187500e-01 4.771045744419097900e-01 6.412705779075622559e-02 1.092063933610916138e-01 7.438536733388900757e-02 1.013289857655763626e-02 1.832191497087478638e-01 3.452368676662445068e-01 1.898970641195774078e-02 1.794451177120208740e-01 2.622590027749538422e-02 3.394101262092590332e-01 6.666769981384277344e-01 4.746731370687484741e-02 7.617272902280092239e-03 1.236049160361289978e-01 4.271417483687400818e-02 1.232606023550033569e-01 1.879264041781425476e-02
4.950284957885742188e-02 8.978246152400970459e-02 3.557898453436791897e-04 2.999745905399322510e-01 1.874735695309937000e-03 3.151969751343131065e-03 3.607302531599998474e-02 2.623914480209350586e-01 1.378546876367181540e-04 9.720625281333923340e-01 1.969714183360338211e-03 1.969052553176879883e-01 1.127736344933509827e-01 1.899112761020660400e-02 3.895423607900738716e-03 8.877360820770263672e-02 2.379615232348442078e-02 9.376925230026245117e-02 1.238688419107347727e-04
2.383785602638416326e-24 2.320677503619966860e-20 6.989253977716609567e-23 8.029622799998747951e-11 1.107984210666445018e-16 7.845376319160385723e-24 1.000000000000000000e+00 2.355283641009009443e-06 4.912118126398348425e-15 8.286400010604211275e-09 2.130831798220804324e-21 1.067422488176816842e-07 3.736241538376816607e-09 1.054135077838136425e-12 6.514333517060322265e-10 5.273152964946348220e-06 9.999420642852783203e-01 7.474602187196310865e-11 2.983706802746452676e-15
1.696789386675431522e-19 7.034468652477683858e-20 2.142029064260482557e-29 3.034834981992143126e-15 5.500443918155135947e-14 1.608608928385209731e-20 1.844734797487035394e-04 8.919855787326014251e-08 1.511538778631132592e-22 1.000000000000000000e+00 1.917392852227888802e-23 9.986656904220581055e-01 1.155248986750567752e-11 5.522396312311631292e-24 2.159448531564731129e-20 1.781882792711257935e-01 3.525204572696338801e-09 3.921313274091176027e-11 2.694942677824579459e-26
1.081768276251128405e-17 2.589338722617286477e-19 3.079056905947274576e-28 4.179467915418205726e-14 3.110173507625546563e-10 7.252263627552276797e-19 6.205022335052490234e-03 1.565118523672026640e-08 3.103775205637600173e-20 1.000000000000000000e+00 8.584672778161999268e-23 9.998912811279296875e-01 7.333638557538435521e-11 8.358916564305850110e-23 4.114109438563780323e-20 4.771497845649719238e-01 1.262491622355810250e-08 5.679906892042119182e-11 8.074492291611871171e-24
6.528825033456087112e-04 1.345331111224368215e-04 2.156457696855795803e-07 5.913394852541387081e-05 6.103139370679855347e-03 1.487069879658520222e-03 3.243494629859924316e-01 5.952781531959772110e-03 5.843003746122121811e-04 9.922749400138854980e-01 2.695649709494318813e-05 7.065443992614746094e-01 2.315296791493892670e-02 1.445392143750723335e-07 4.042913587909424677e-06 1.809283494949340820e-01 8.343295776285231113e-04 5.776070756837725639e-04 8.728922693990170956e-05
4.295551116229034960e-05 2.051588126050774008e-06 2.099565243884882193e-10 3.750373252842109650e-06 3.978349850513041019e-04 3.601555727072991431e-05 3.663722425699234009e-02 9.395248489454388618e-04 2.320799239896587096e-06 9.999099969863891602e-01 2.133514414026649320e-07 7.574275135993957520e-01 2.331821247935295105e-03 3.046604357681559350e-10 3.554785976689345262e-08 1.080077216029167175e-01 4.153747795498929918e-05 6.549079989781603217e-05 1.006202907660735946e-07
7.496521575376391411e-04 8.143347076838836074e-05 1.141062710985352169e-07 9.562705963617190719e-05 3.687574295327067375e-03 6.784997531212866306e-04 1.191071793437004089e-01 5.959034897387027740e-03 1.163303895737044513e-04 9.981422424316406250e-01 1.522442744317231700e-05 6.846787929534912109e-01 1.463102735579013824e-02 9.228542552364160656e-08 3.317812797831720673e-06 1.548057198524475098e-01 5.382877425290644169e-04 7.088562706485390663e-04 1.220593821926740929e-05
1.224343959549401006e-09 3.950971494415256302e-13 2.757689350181046899e-22 3.734810637839869329e-12 3.800062042813578955e-09 6.549963349478105101e-11 1.137858362199040130e-05 2.001363270665024174e-07 6.625503148367925185e-15 1.000000000000000000e+00 5.626099773572653708e-16 8.504425287246704102e-01 1.442651864635990933e-06 8.842734423808759302e-22 1.053344530606458758e-17 5.658161826431751251e-03 4.399333675131344989e-11 1.415158545903238974e-09 1.077801614341691616e-17
3.417689725756645203e-02 3.242455204599536955e-05 3.149239766533917795e-12 7.562819703821332951e-09 3.017108829226344824e-04 1.033804082339884189e-07 5.970502272248268127e-02 4.745551268570125103e-05 7.768625437165610492e-06 9.727286696434020996e-01 3.166049964420381002e-07 8.325617909431457520e-01 2.359170913696289062e-01 2.398854769339320292e-13 1.556300986520209317e-12 1.438988745212554932e-02 2.382087274099831120e-07 1.630167730581888463e-06 1.214213079947512597e-05
6.248023360967636108e-03 1.688219890638720244e-05 2.346101923844656767e-10 9.042382203006127384e-07 1.248694170499220490e-04 7.434488225044333376e-07 4.698004107922315598e-03 4.940938670188188553e-04 2.653206649938510964e-07 9.996055960655212402e-01 1.982248534204700263e-07 6.846136450767517090e-01 7.676959782838821411e-02 2.117557518221957480e-11 2.180414460095647655e-10 2.997300587594509125e-02 1.947910732269519940e-06 5.562619844567961991e-05 2.305900324017784442e-07
5.522084762924536067e-15 8.598895900879810483e-12 2.491442653313608036e-13 2.896300799193340936e-08 2.362645357134596225e-10 1.215199883536528802e-14 9.998799562454223633e-01 3.974048793315887451e-02 2.008400806774446323e-10 8.625278472900390625e-01 1.499963564813300287e-12 2.574555873870849609e-01 1.073017392627662048e-05 1.993464060490168777e-09 1.718602149480830121e-08 1.173880174756050110e-01 5.669113993644714355e-01 2.972662969114026055e-06 8.632720233103796659e-11
3.091286870926523989e-08 4.572601142172061373e-07 5.386330315104714828e-08 1.508742207079194486e-05 1.105914361687609926e-05 6.032921362475462956e-08 7.504816055297851562e-01 8.336376398801803589e-02 4.720036770322622033e-07 9.981557726860046387e-01 9.501604125716767157e-08 8.675230741500854492e-01 6.191252032294869423e-04 3.794744429796992335e-07 2.593928911664988846e-06 4.468056559562683105e-01 3.636870160698890686e-02 3.932588733732700348e-04 6.413332442889441154e-08
7.187931623775511980e-05 5.765214518760330975e-05 1.945603253261651844e-05 7.597900694236159325e-04 8.049886673688888550e-04 4.939249265589751303e-05 1.881165206432342529e-01 5.485783889889717102e-02 1.486118162574712187e-05 9.977241158485412598e-01 9.291351489082444459e-06 7.269958257675170898e-01 6.941011175513267517e-03 8.356735634151846170e-06 9.786488226382061839e-05 3.057574033737182617e-01 1.614385843276977539e-02 5.295380484312772751e-03 2.786661070786067285e-06
9.999775886535644531e-01 8.515915870666503906e-01 2.795052367332573340e-08 2.692707255482673645e-02 3.696856787428259850e-03 1.145968667182195588e-10 2.440349635435268283e-04 8.809526450932025909e-03 2.671328935832661955e-08 2.700033519431599416e-06 3.944050604332005605e-06 6.444317102432250977e-02 2.825378775596618652e-01 2.724344667512923479e-04 1.597105954431743413e-11 1.220494159497320652e-04 1.750312662807118613e-06 1.849186787694634404e-06 3.036235440845302946e-08
8.877000072970986366e-04 2.267606854438781738e-01 2.744304401858244091e-05 4.653614596463739872e-04 7.150473538786172867e-04 9.999511241912841797e-01 5.601424723863601685e-03 7.804789493093267083e-05 6.981812883168458939e-03 2.390574263699818403e-05 8.995077678264351562e-07 7.502890184696298093e-06 4.786661520483903587e-05 1.958663165569305420e-01 6.398399127647280693e-04 1.726998743833974004e-05 2.153526656911708415e-05 8.815759210847318172e-04 2.706757222767919302e-04
3.060917370021343231e-02 4.537219405174255371e-01 1.550229848362505436e-03 2.370737120509147644e-02 2.945511974394321442e-02 7.420389652252197266e-01 4.154886603355407715e-01 7.628947496414184570e-02 7.387509942054748535e-02 6.365535408258438110e-02 3.526869229972362518e-03 4.557970911264419556e-02 3.273863717913627625e-02 1.373859494924545288e-01 1.168226823210716248e-02 2.657356113195419312e-02 1.639333367347717285e-02 2.198203466832637787e-02 1.019113138318061829e-02
2.865948545149876736e-07 5.009387678001075983e-05 3.878092846854030995e-10 1.383690832881256938e-04 7.808317263879871462e-07 1.698323970344972622e-08 6.868762522935867310e-02 6.975626945495605469e-02 4.253807972531831183e-08 9.998074173927307129e-01 9.286582525191988680e-08 5.540031790733337402e-01 7.803362095728516579e-04 3.647244511739700101e-06 3.822581788881507237e-07 2.318436056375503540e-01 7.806062232702970505e-03 7.234210497699677944e-04 4.634934214209351921e-09
8.025756708524012240e-13 2.665431243775717718e-11 1.652095835488623723e-15 1.198620314113441054e-08 9.035847625682436046e-09 1.445671273664350664e-12 6.373392939567565918e-01 4.209795035421848297e-03 1.399566660481577074e-11 9.999930858612060547e-01 9.687300874666737727e-13 9.713337421417236328e-01 1.880800482467748225e-06 8.262603275188684648e-12 2.018084865884617329e-10 4.557344913482666016e-01 1.970119075849652290e-03 4.858821739617269486e-06 3.538771380963423585e-13
4.106103908270597458e-03 5.670983809977769852e-03 2.820630307098781486e-08 1.820739358663558960e-01 3.066256795136723667e-07 4.969601377524668351e-06 8.542792056687176228e-05 7.976308465003967285e-02 4.724148294776853163e-10 9.999105930328369141e-01 8.370792556888773106e-07 3.311882168054580688e-02 1.913854666054248810e-02 2.252105332445353270e-04 1.723436298561864533e-06 5.102022551000118256e-03 1.087694763555191457e-04 1.717488095164299011e-02 2.549139566099256626e-09
2.441426913719624281e-04 5.110089550726115704e-04 8.555397471354808658e-06 8.862787217367440462e-05 1.600172668695449829e-01 9.924041628837585449e-01 7.474586367607116699e-02 5.749111369368620217e-05 6.385346502065658569e-02 4.662141948938369751e-02 2.978582642754190601e-06 2.911344356834888458e-02 1.917289337143301964e-03 1.802178849175106734e-05 3.431188815739005804e-04 2.239331416785717010e-02 2.163178869523108006e-04 1.725378562696278095e-03 7.322948426008224487e-03
9.245801717042922974e-03 3.825065493583679199e-02 8.399754762649536133e-02 9.999331235885620117e-01 7.196262595243752003e-04 1.364393247058615088e-04 7.090859580785036087e-04 5.489654093980789185e-02 3.251340956467174692e-07 2.420869277557358146e-04 8.769830515120702330e-07 7.414847402742452687e-08 4.761430434882640839e-03 9.731265902519226074e-01 2.028711512684822083e-02 1.536746858619153500e-03 2.092357259243726730e-03 3.448964953422546387e-01 4.634742367670696694e-07
4.542636489190954308e-08 1.580613938345631908e-11 2.925778410148862269e-19 4.048016144508892467e-09 1.151065028882902741e-12 9.360382260958921563e-12 1.798981075218364367e-09 2.802839162541204132e-06 2.461732412952086549e-19 1.000000000000000000e+00 2.550600857365199758e-15 8.128624409437179565e-02 2.007799366765539162e-06 6.893024257399325334e-18 1.658157097380057090e-15 1.740736333886161447e-04 4.555140639683763482e-11 4.602078362836437009e-08 1.057986136999056725e-20
6.047407630831003189e-03 8.358158520422875881e-04 4.151697212364524603e-04 8.733616471290588379e-01 1.613978594541549683e-01 3.755191282834857702e-04 8.313347101211547852e-01 6.370484828948974609e-03 6.167381536215543747e-03 3.199040656909346581e-03 8.194768452085554600e-05 6.313171237707138062e-02 1.011803466826677322e-02 2.109600463882088661e-03 2.770457603037357330e-02 8.568557351827621460e-02 3.296384811401367188e-01 6.591663695871829987e-03 3.537325537763535976e-04
1.508309566133902990e-08 5.997532470658484272e-10 2.885984333456104167e-11 1.143880490417359397e-05 7.600720971822738647e-03 3.644008428338452177e-09 9.489808082580566406e-01 4.350495873950421810e-05 6.171489985717926174e-08 4.026511311531066895e-01 1.622207923546170605e-10 9.927228093147277832e-01 2.583480672910809517e-04 1.595569898427129374e-09 8.740955514952020167e-09 7.389910221099853516e-01 4.124362021684646606e-03 1.135516213253140450e-04 2.326718373524272465e-09
1.448936415293644586e-09 9.492039671762453681e-16 1.208475332023027795e-19 8.425180908488982823e-07 9.747444391250610352e-01 5.795379519839662444e-15 9.986699819564819336e-01 2.494014922967829895e-13 2.223700334980094340e-09 6.126322560362496006e-09 7.479196699498290312e-18 9.997604489326477051e-01 1.069516253338065326e-09 3.596262871931955917e-16 3.400033660717308344e-15 5.690528154373168945e-01 2.966103056678548455e-05 5.816546035930514336e-07 2.368704936513664483e-14
8.289394527673721313e-02 1.304511725902557373e-01 6.770525360479950905e-04 3.478886783123016357e-01 1.337015768513083458e-03 2.868235809728503227e-03 2.977015264332294464e-02 3.330081403255462646e-01 1.143235567724332213e-04 9.553444981575012207e-01 2.072263043373823166e-03 1.553558260202407837e-01 1.578212231397628784e-01 3.758048266172409058e-02 3.641679883003234863e-03 7.354621589183807373e-02 2.145265974104404449e-02 1.532493233680725098e-01 1.614587963558733463e-04
3.762012347579002380e-02 1.219896506518125534e-02 4.011596902273595333e-04 5.552565213292837143e-03 2.216600626707077026e-01 8.876635134220123291e-02 6.765012145042419434e-01 1.099997665733098984e-02 1.443004012107849121e-01 1.964429318904876709e-01 3.795402357354760170e-03 5.132367014884948730e-01 8.520790189504623413e-02 4.844441427849233150e-04 2.696280134841799736e-03 1.719465702772140503e-01 2.100599929690361023e-02 1.699476316571235657e-02 3.962798416614532471e-02
1.892652107926551253e-05 2.631236668548808666e-07 3.069837136229769392e-14 1.085056737792911008e-06 2.259830012917518616e-02 6.089614998927572742e-07 9.999934434890747070e-01 3.925675756688562501e-11 5.321281552314758301e-01 1.604259260157281375e-11 8.354481551009484974e-09 8.241158910095691681e-03 1.130523052950138663e-08 7.334628548960608896e-08 9.022023004945367575e-05 1.407281888532452285e-05 2.872538243536837399e-05 7.369529839706956409e-07 1.533820875920355320e-03
1.296175085008144379e-02 3.256633877754211426e-03 4.878161780652590096e-05 6.534823682159185410e-03 1.445248350501060486e-02 4.610605072230100632e-03 1.184994578361511230e-01 5.868126451969146729e-02 7.974389009177684784e-04 9.900528788566589355e-01 6.434022798202931881e-04 5.533332824707031250e-01 5.670427903532981873e-02 6.264750118134543300e-05 4.257946275174617767e-04 2.032686918973922729e-01 8.635543286800384521e-03 1.450989115983247757e-02 2.022912231041118503e-04
2.085719443857669830e-02 6.496678572148084641e-03 1.023103959596483037e-05 3.850856050848960876e-02 1.459148770663887262e-04 6.486171041615307331e-04 3.267674706876277924e-03 8.241517096757888794e-02 2.577591885710717179e-06 9.990444779396057129e-01 1.304192555835470557e-04 2.062731832265853882e-01 4.683166742324829102e-02 1.827241358114406466e-04 1.454528392059728503e-04 4.182147234678268433e-02 1.923519652336835861e-03 1.979412324726581573e-02 2.756573394435690716e-06
8.044101414270699024e-04 3.082814873778261244e-05 1.102858870893896892e-08 3.389730991329997778e-04 4.783187250723131001e-06 1.185356813948601484e-05 1.844277721829712391e-04 5.607227794826030731e-03 5.643972400548591395e-09 9.999936819076538086e-01 4.796942221219069324e-07 2.285321801900863647e-01 3.889605868607759476e-03 4.910496542720466095e-08 4.199886518563289428e-07 1.671318151056766510e-02 3.284754347987473011e-05 6.724736304022371769e-04 1.747414213326692334e-09
8.130008936859667301e-04 1.312204694841057062e-04 9.030358405492933116e-11 8.597878813743591309e-01 2.512552891857922077e-04 8.771871193857805338e-07 2.517598040867596865e-04 4.326719208620488644e-04 3.870014725348980278e-11 9.999716281890869141e-01 5.745057318762292198e-09 5.188032388687133789e-01 1.338759553618729115e-03 4.895837264484725893e-07 2.798755360799987102e-07 4.482296854257583618e-02 3.058795846300199628e-05 1.497821212979033589e-04 6.120741066761858917e-12
2.751640044152736664e-03 3.277498472016304731e-04 3.877257113344967365e-04 9.999752044677734375e-01 3.079083398915827274e-05 1.276450784644111991e-04 1.211410271935164928e-03 3.136382997035980225e-02 7.149964886821180698e-08 2.955971052870154381e-03 1.165375018707948129e-09 1.438912544671211435e-08 3.559201257303357124e-03 2.697250247001647949e-01 1.704336106777191162e-01 2.305381713085807860e-05 2.224643714725971222e-02 7.117047905921936035e-01 2.928484343911463839e-09
1.443502604961395264e-01 7.654702640138566494e-04 1.888579504338849802e-06 9.566360712051391602e-01 7.848408818244934082e-01 1.557401847094297409e-03 3.009444475173950195e-01 2.793943858705461025e-04 2.300403313711285591e-03 1.341985445469617844e-02 2.006531576626002789e-05 4.396404623985290527e-01 1.874507521279156208e-03 1.473126030759885907e-04 1.210964983329176903e-03 2.631176114082336426e-01 7.529259473085403442e-02 1.304008904844522476e-02 2.471166226314380765e-05
2.697784111660439521e-06 2.356251798119046725e-06 1.932339704913133005e-11 5.272564163050219577e-09 1.427377719664946198e-04 3.923840949937584810e-07 9.006440043449401855e-01 5.992625374346971512e-04 2.221556860604323447e-05 9.269520044326782227e-01 3.134292683171224780e-07 8.738582730293273926e-01 5.243314057588577271e-02 1.480672355558265707e-11 2.064721310590655889e-10 1.154391840100288391e-01 7.537352939834818244e-05 1.643685095586988609e-06 8.845115189615171403e-06
6.267956905503524467e-06 2.454774161719797121e-08 7.354709153977942448e-14 1.169732513517374173e-06 5.636775046724551430e-09 1.671199889585750498e-08 1.174869566966663115e-06 1.298503048019483685e-04 1.106087674251389485e-13 1.000000000000000000e+00 5.032415803518652808e-11 1.741347461938858032e-01 9.860604041023179889e-05 6.831967717252362959e-13 4.029009417760853751e-11 2.416678471490740776e-03 5.950876058591347828e-08 5.986897122056689113e-06 1.002838813374392832e-14
2.599267363548278809e-01 2.926196157932281494e-01 2.849528193473815918e-01 2.782062888145446777e-01 4.483589529991149902e-02 2.824020199477672577e-02 2.026684582233428955e-01 4.559153914451599121e-01 1.064238511025905609e-02 6.832954883575439453e-01 3.552385419607162476e-02 3.290710747241973877e-01 3.334909975528717041e-01 1.835107356309890747e-01 5.262966081500053406e-02 2.279361933469772339e-01 1.131696999073028564e-01 2.348466813564300537e-01 1.232605800032615662e-02
2.269799209697609399e-10 3.990392016817168042e-09 3.671100229363233325e-11 1.625487493583932519e-04 2.505201882740948349e-05 2.980386770712328826e-10 9.999852180480957031e-01 2.480298644513823092e-05 1.778320211087702774e-06 4.833343155041802675e-06 9.119326821460660426e-11 3.904340788722038269e-03 3.852894587907940149e-04 9.463826700084609911e-07 3.485482739051803946e-05 4.879409912973642349e-03 2.521856725215911865e-01 2.723416855587856844e-06 8.766286896388919558e-08
9.452051363822988606e-10 3.045590801775688305e-08 4.872163783531391346e-11 2.354751131861121394e-06 9.181776476907543838e-07 1.631620505371245144e-09 8.297693729400634766e-01 4.811996221542358398e-02 2.423617750935136428e-08 9.993620514869689941e-01 3.513008328681621606e-09 9.072131514549255371e-01 1.019770788843743503e-04 3.018410055233289313e-08 2.392081057678296929e-07 4.430467784404754639e-01 3.047893941402435303e-02 1.798109879018738866e-04 2.330946768935859836e-09
1.904688979266211390e-04 3.814093361143022776e-04 2.925465560110751539e-05 9.992566704750061035e-01 2.310822856088634580e-05 3.526317595969885588e-05 2.222432196140289307e-02 8.300628513097763062e-02 9.060674415195535403e-07 1.922896364703774452e-03 3.192578201804963101e-09 1.445567221480814624e-07 2.124780090525746346e-03 1.170339286327362061e-01 2.431420832872390747e-01 1.535977571620605886e-05 6.091207861900329590e-01 5.455786585807800293e-01 2.000473386942758225e-08
1.122168153524398804e-01 4.654119908809661865e-01 1.216995157301425934e-02 4.797056019306182861e-01 6.739800330251455307e-03 4.363253712654113770e-03 1.703253239393234253e-01 5.773038864135742188e-01 2.676267409697175026e-03 3.551303446292877197e-01 7.920701988041400909e-03 5.044832080602645874e-02 1.982032805681228638e-01 5.890889763832092285e-01 3.015031851828098297e-02 1.052741557359695435e-01 1.171997636556625366e-01 2.412075698375701904e-01 1.657086657360196114e-03
9.481984761805506423e-07 3.001747063535731286e-05 6.237747207649135817e-09 1.597507252881769091e-05 3.595402813516557217e-05 4.078304982613190077e-07 6.797218918800354004e-01 5.909309536218643188e-02 7.215296136564575136e-06 9.951879978179931641e-01 3.134793814751901664e-06 7.863376736640930176e-01 3.784993663430213928e-03 3.407847373182448791e-07 1.241355789716180880e-06 3.385103344917297363e-01 1.925496384501457214e-02 3.230694273952394724e-04 1.390034981341159437e-06
4.741448356071487069e-05 4.219914444547612220e-06 8.781038118854667118e-10 1.590955207575461827e-06 1.474029268138110638e-03 4.431474953889846802e-04 2.296034544706344604e-01 5.747996037825942039e-04 5.446817158372141421e-05 9.990776777267456055e-01 5.186231533116369974e-07 7.621580958366394043e-01 5.763720721006393433e-03 3.826578776067179888e-10 4.885412607791295159e-08 1.216638833284378052e-01 4.078801794094033539e-05 3.662944436655379832e-05 4.167570750723825768e-06
9.997447133064270020e-01 8.384990906051825732e-07 7.176838693680762191e-16 9.208059782395139337e-05 9.991928935050964355e-01 1.336597026701841391e-15 4.552573263645172119e-01 1.219218215969819497e-11 3.177207663629388890e-10 9.062499882472874191e-12 4.774907140688011697e-13 9.912422895431518555e-01 6.141461561526284640e-09 4.471982612236184707e-14 5.960598907794889285e-16 4.709994886070489883e-03 8.554414989703218453e-07 7.792009398821519994e-11 1.676383505752263026e-13
9.200874728776398115e-09 7.036172089414094444e-09 8.564653326825766300e-12 1.028666432034697209e-07 1.687302626669406891e-02 3.027194050986281582e-10 9.995219707489013672e-01 9.468664643463853281e-07 6.241150913410820067e-06 3.003522033395711333e-05 1.525971793370217711e-09 9.406678676605224609e-01 6.792157073505222797e-04 2.965394318987790712e-10 2.880845118014008222e-09 2.230536341667175293e-01 3.322821110486984253e-03 4.446116292911028722e-07 1.355291061599928071e-07
5.708832740783691406e-01 4.601667635142803192e-03 5.905720854570972733e-07 2.900248364312574267e-05 1.502895355224609375e-01 1.162013973043940496e-06 3.115073740482330322e-01 1.125852344557642937e-03 2.658936427906155586e-04 5.860405415296554565e-02 3.633816231740638614e-05 9.381300806999206543e-01 1.176697686314582825e-01 1.450784878898048191e-07 7.475536634160562244e-09 7.087043672800064087e-02 2.394445327809080482e-04 5.648058504448272288e-05 1.710312208160758018e-04
5.427914485335350037e-02 1.332169165834784508e-03 8.702793934389774222e-07 9.970423579216003418e-01 5.582484300248324871e-05 3.814071533270180225e-04 2.585488837212324142e-04 4.914913792163133621e-03 7.832397841411875561e-09 9.989958405494689941e-01 5.309350470383833454e-08 5.085491575300693512e-03 3.343060240149497986e-02 8.826722478261217475e-05 3.999751643277704716e-04 2.239869209006428719e-04 3.532666305545717478e-04 1.413757912814617157e-03 1.853903586201965936e-09
2.525324816815555096e-04 4.549933146336115897e-05 2.490531691989872343e-08 4.144505146541632712e-05 1.182900625281035900e-03 3.901361560565419495e-05 1.217355355620384216e-01 8.993784897029399872e-03 2.639992817421443760e-05 9.983134269714355469e-01 7.839784302632324398e-06 7.664304971694946289e-01 1.088146027177572250e-02 5.309360417982134095e-08 9.175167292596597690e-07 1.936814785003662109e-01 1.210494432598352432e-03 7.299695862457156181e-04 3.218210622435435653e-06
1.386921582025024691e-07 2.092295517286402173e-06 1.069747579407476223e-08 4.533134866505861282e-03 1.076199347153306007e-03 1.471212929260445890e-08 9.998630285263061523e-01 1.351294049527496099e-04 2.001575048780068755e-04 8.051294571487233043e-06 2.005702555152311106e-07 1.753025688230991364e-02 7.089480641297996044e-04 4.655250813812017441e-05 5.614423425868153572e-04 1.784265413880348206e-02 2.909762859344482422e-01 2.935708107543177903e-05 1.316790712735382840e-05
1.130658620240865275e-05 6.205138106452068314e-06 7.972300954861566424e-05 1.437323371646925807e-04 8.354710042476654053e-02 2.238397020846605301e-03 9.480844140052795410e-01 4.207474412396550179e-04 3.355292603373527527e-03 9.166941046714782715e-03 1.125284484260191675e-06 4.342060387134552002e-01 7.446465548127889633e-03 7.676933819311670959e-06 5.279697506921365857e-05 1.851818412542343140e-01 1.111655030399560928e-02 1.044916920363903046e-03 8.083563443506136537e-05
1.375216379528865218e-05 1.096388473342813086e-06 1.151551862763403045e-13 4.828993769478984177e-05 9.955013524631795008e-08 1.317674644951694063e-07 2.440435309836175293e-05 4.865043738391250372e-04 4.556303251357363138e-12 1.000000000000000000e+00 4.757206295558091824e-10 2.768113017082214355e-01 2.719927579164505005e-04 9.080118601456632632e-11 7.615025832130584149e-10 8.077846840023994446e-03 1.353099719381134491e-06 1.806444379326421767e-05 6.320875897344868655e-13
3.436604049056768417e-03 7.216047029942274094e-03 3.081959221162833273e-07 1.106478348374366760e-01 4.354015982244163752e-05 9.499158477410674095e-05 2.712779911234974861e-03 6.430508941411972046e-02 2.471942934789694846e-07 9.995602965354919434e-01 1.786736174835823476e-05 1.553880274295806885e-01 1.992086879909038544e-02 2.257458545500412583e-04 4.340869054431095719e-05 3.583405911922454834e-02 1.506500761024653912e-03 9.806714020669460297e-03 1.812442178561468609e-07
9.992087483406066895e-01 1.123509209719486535e-04 2.301262999604425374e-11 7.465509325265884399e-02 9.893100261688232422e-01 3.823709057715340975e-11 2.151737213134765625e-01 6.506182614884892246e-08 7.597493123512322200e-08 1.147533623679919401e-08 3.359420075454977450e-09 8.317639231681823730e-01 2.185277026001131162e-06 3.193053155214897743e-09 9.311583171189852237e-10 5.075806286185979843e-03 2.193255349993705750e-04 2.546560473604131403e-08 4.607290660096907686e-10
2.109665889292955399e-03 1.847824205469805747e-05 6.363174907164648175e-05 9.999972581863403320e-01 9.351451881229877472e-04 2.078324556350708008e-02 1.827467232942581177e-03 1.873837027233093977e-04 2.514023617550265044e-05 2.170126754208467901e-05 8.232298731591924934e-10 3.658711733578456915e-08 4.022041102871298790e-04 9.982754709199070930e-04 3.538449853658676147e-02 1.845777660491876304e-05 3.352056024596095085e-03 4.473544249776750803e-04 4.559571920026428415e-08
