7.257128600031137466e-04 5.304857622832059860e-03 1.627503843337763101e-05 2.578728599473834038e-04 2.621984574943780899e-03 2.102627149724867195e-06 9.352627396583557129e-01 2.692310512065887451e-01 7.486919639632105827e-04 1.036835461854934692e-01 9.466368355788290501e-04 6.741607189178466797e-01 1.635628938674926758e-01 2.826499403454363346e-04 2.476421941537410021e-04 2.859517037868499756e-01 6.051308512687683105e-01 9.721344686113297939e-04 1.605471246875822544e-03
9.999986886978149414e-01 9.873334784060716629e-05 6.201214180692879094e-15 7.904674112796783447e-02 9.986724853515625000e-01 1.543293182864387963e-14 3.867106884717941284e-02 5.010857839771176714e-10 3.207811516414693642e-10 2.308378748566708438e-12 1.836092944351719325e-10 7.468257546424865723e-01 1.659982551416305796e-08 1.004176880536888916e-10 1.998100307171873924e-13 5.118625704199075699e-04 3.169057663399144076e-06 3.187251157443782290e-11 9.423180551831888963e-13
2.497510011301162791e-12 5.135102954835490952e-13 9.837926480404934892e-12 1.451249606497170570e-15 1.125948037952184677e-04 4.392708206069073640e-07 9.998095631599426270e-01 3.247969948549922492e-11 2.660832433321047574e-05 7.581944601042778231e-07 6.389229872236679326e-16 1.801449954509735107e-01 1.817877819121349603e-05 2.118331859945172895e-16 1.061071735575062902e-13 7.529588183388113976e-04 8.965157860529870959e-08 1.604250066122858698e-11 2.292561518402180809e-08
3.122188729776098626e-08 1.747971900556422042e-08 1.698203595879022032e-05 1.907040877210247620e-13 2.163454337278380990e-05 1.659823055888409726e-06 9.988533258438110352e-01 3.518690050441364292e-08 1.834308612160384655e-03 3.311835826025344431e-05 6.996561750099994370e-12 4.773528873920440674e-02 6.120037287473678589e-04 3.018938452090808022e-13 4.967396285970870906e-11 5.362022784538567066e-04 2.207479838034487329e-06 1.449787095930687997e-10 2.117197436746209860e-04
7.639516976922850518e-27 1.381792805560644435e-18 1.000000000000000000e+00 1.907560483594326869e-21 1.320083499111441381e-22 2.402766980230808258e-02 9.949166774749755859e-01 4.914959961641056005e-18 1.091223955154418945e-01 5.410813909420382225e-24 0.000000000000000000e+00 1.144043312977336325e-27 5.619350921079908693e-21 2.306893197871321282e-18 1.988419838668247647e-14 3.121460009186435955e-17 2.210925131862495618e-08 3.796660814212915116e-22 9.731462569106952287e-07
3.107314324391537183e-37 1.079598981476917828e-26 1.000000000000000000e+00 1.615125476447900405e-29 2.773573559517889998e-25 1.000000000000000000e+00 2.126433886587619781e-03 9.426910236419349957e-30 9.653492271900177002e-02 5.352101598679503061e-32 0.000000000000000000e+00 3.666737953016378121e-35 9.171656057997049317e-30 6.711113356841645967e-26 8.614452128518322593e-17 1.360034697013199138e-23 8.642834508514919689e-15 4.020830967259296966e-27 4.673650266795448260e-08
2.613577116126087787e-23 3.063559041348464438e-19 1.000000000000000000e+00 2.832643505516036886e-22 7.998657481798551738e-14 1.532888263463973999e-01 9.998252987861633301e-01 2.544863671602874867e-17 7.282475125975906849e-04 9.624986151515226018e-15 2.608186865604491523e-32 9.439721411225870940e-15 3.254463891303252532e-14 1.347991459233600107e-20 1.471373987005277634e-14 5.622596138676883015e-11 9.455309452066629206e-11 2.694284160907654789e-19 1.797239512768555869e-08
1.222488208441063762e-04 9.950000047683715820e-01 2.590412506833672523e-03 9.999996423721313477e-01 8.329842371423978875e-11 2.480128901999768126e-14 1.727080700675287517e-07 5.847686901688575745e-03 4.821114600611240905e-16 2.833294308803718797e-13 2.878498550629160491e-10 1.063978837353334386e-15 1.471443056288990192e-08 9.999991655349731445e-01 3.835913791466749601e-12 1.856150362300468259e-07 1.315266673351800364e-09 6.188968892928414789e-09 4.493944948360715196e-16
1.232535723829641938e-04 9.949755668640136719e-01 2.621419960632920265e-03 9.999996423721313477e-01 8.427807063338121907e-11 2.495764621986314158e-14 1.724822311643947614e-07 5.820113699883222580e-03 4.857852007720436013e-16 2.861720734513573117e-13 2.905105878081570836e-10 1.077835661095704299e-15 1.480476985449286076e-08 9.999991655349731445e-01 3.856837158672243859e-12 1.872528940793927177e-07 1.312184694235440929e-09 6.207256930679250218e-09 4.534169484234637851e-16
1.494839228689670563e-02 3.385400341358035803e-04 1.285910257138311863e-03 7.631679181940853596e-04 1.597238733666017652e-04 6.526635843329131603e-05 2.251298865303397179e-03 2.628599479794502258e-02 5.488648753271263558e-07 9.995958209037780762e-01 2.003300141950603575e-05 3.485576212406158447e-01 1.072804182767868042e-01 3.031030473721330054e-06 7.139176886994391680e-06 5.608474090695381165e-02 1.838124298956245184e-04 6.449578795582056046e-03 8.476947641611332074e-07
2.366606146097183228e-02 1.657515764236450195e-03 2.105661842506378889e-04 1.303339749574661255e-01 4.398845136165618896e-01 3.188502509146928787e-03 3.261751830577850342e-01 8.702889084815979004e-03 6.416261312551796436e-04 8.013424277305603027e-01 1.303931348957121372e-04 8.904135227203369141e-01 2.237347140908241272e-02 2.966964675579220057e-04 1.014504698105156422e-03 4.007579684257507324e-01 1.838861219584941864e-02 2.631315402686595917e-02 7.931664731586351991e-05
1.690472848713397980e-02 1.054483130574226379e-01 9.999551773071289062e-01 4.922521486878395081e-02 9.745823219418525696e-03 3.041474155907053500e-05 3.072363138198852539e-01 4.701282680034637451e-01 4.279509594198316336e-04 3.989472612738609314e-02 1.741388987284153700e-04 5.299594253301620483e-03 1.091245412826538086e-01 2.610184550285339355e-01 9.301822632551193237e-03 1.944064199924468994e-01 2.059056609869003296e-01 3.477201098576188087e-03 3.202477470040321350e-03
1.312050881097093225e-04 2.276237588375806808e-03 3.808906476479023695e-04 2.317710313946008682e-03 4.465670790523290634e-04 1.811483525671064854e-05 9.810555577278137207e-01 1.681238412857055664e-01 8.408360928297042847e-02 2.016050042584538460e-03 5.795782897621393204e-03 7.627704180777072906e-03 1.206732913851737976e-02 1.842213608324527740e-02 2.321738563477993011e-02 3.277229145169258118e-02 9.454028606414794922e-01 4.532070457935333252e-02 4.834034666419029236e-02
5.894898250699043274e-02 5.360267823562026024e-04 1.241960999323055148e-04 6.982026696205139160e-01 1.211709249764680862e-02 3.240826481487601995e-05 8.255668878555297852e-01 6.191936321556568146e-03 4.227479803375899792e-04 7.006499072303995490e-05 1.513269762654090300e-05 2.758712274953722954e-03 3.827390028163790703e-03 7.498314138501882553e-03 2.542645931243896484e-01 9.756376384757459164e-04 9.395173788070678711e-01 4.885945236310362816e-04 8.861528476700186729e-05
9.159805178642272949e-01 3.202812075614929199e-01 9.626144543290138245e-03 3.155369162559509277e-01 2.694325745105743408e-01 3.233543364331126213e-03 2.279651314020156860e-01 1.571944206953048706e-01 8.893999271094799042e-03 4.430884495377540588e-02 2.547078765928745270e-02 3.755930662155151367e-01 2.417218834161758423e-01 3.220347687602043152e-02 1.061700470745563507e-02 6.387095898389816284e-02 8.231513947248458862e-02 2.276694029569625854e-02 5.571454297751188278e-03
7.811396718025207520e-01 5.164880156517028809e-01 1.877178438007831573e-02 7.973605394363403320e-02 1.069242954254150391e-01 6.955770775675773621e-03 4.182970523834228516e-01 3.343160152435302734e-01 1.828665733337402344e-01 6.309419870376586914e-02 1.472660899162292480e-01 2.849001884460449219e-01 3.368922472000122070e-01 3.300817683339118958e-02 7.791819982230663300e-03 8.912535756826400757e-02 1.356237679719924927e-01 3.661849349737167358e-02 1.240298599004745483e-01
4.508892595767974854e-01 4.189881086349487305e-01 9.784767404198646545e-03 4.706740379333496094e-02 6.977975368499755859e-02 4.807869903743267059e-03 7.122418880462646484e-01 3.213809430599212646e-01 2.696802914142608643e-01 4.681064561009407043e-02 2.333802580833435059e-01 2.838527858257293701e-01 1.998486965894699097e-01 3.051855415105819702e-02 2.212239056825637817e-02 1.091646552085876465e-01 3.967134058475494385e-01 3.698709979653358459e-02 2.133148461580276489e-01
8.927853107452392578e-01 4.958201646804809570e-01 2.997210016474127769e-03 1.238077040761709213e-02 3.165863454341888428e-02 3.737922233995050192e-04 1.355348080396652222e-01 2.126927226781845093e-01 8.901643566787242889e-03 7.013060152530670166e-02 5.386526696383953094e-03 4.082694649696350098e-01 7.752282023429870605e-01 3.299872623756527901e-03 1.543515973025932908e-04 6.232461333274841309e-02 1.193908881396055222e-02 2.047748677432537079e-02 7.729501463472843170e-03
4.964164923876523972e-03 3.403267764952033758e-04 8.528383688144458574e-08 1.057013645768165588e-01 1.280454671359620988e-05 3.023261961061507463e-04 2.817190834321081638e-04 6.634271237999200821e-03 2.108790475574551238e-08 9.999815225601196289e-01 6.095455091781332158e-07 7.558172196149826050e-02 9.470479562878608704e-03 1.673883389230468310e-06 3.765425208257511258e-05 2.674690680578351021e-03 1.155510617536492646e-04 1.086258329451084137e-03 8.742105706005531829e-09
4.734109104731487605e-09 2.500827669948968435e-12 4.888512616082300353e-21 3.783844904070576831e-10 1.535133999086557566e-11 9.232098592548698690e-12 2.543342425553873909e-08 8.534255471204232890e-07 2.108944327794012718e-18 1.000000000000000000e+00 2.685238703094961323e-16 3.255523741245269775e-01 7.923667908471543342e-07 2.454016110306673915e-19 2.294135533381273058e-16 7.817388395778834820e-04 3.905161263806355976e-11 7.929879863866062806e-09 1.569428355448899173e-20
5.779972611641426283e-10 7.604661800449108444e-14 2.086340865159402499e-24 4.052618518546324822e-10 3.283755307058842943e-15 1.470875287887252192e-13 1.915156748466539938e-11 9.448634585851323209e-08 1.777911357904321865e-23 1.000000000000000000e+00 3.650007089687774428e-19 5.597807466983795166e-02 4.407386455795858637e-08 1.617271282505519378e-21 4.522988020673615546e-18 1.842956407926976681e-05 4.294787995292453919e-13 3.172012097429899313e-10 3.270400376297379167e-25
7.220171391963958740e-03 1.477211946621537209e-03 1.525309344287961721e-04 1.030722539871931076e-02 1.981844305992126465e-01 6.325491704046726227e-04 5.975093245506286621e-01 2.827238664031028748e-02 1.934359548613429070e-03 5.460296869277954102e-01 3.741614054888486862e-04 8.862565755844116211e-01 6.018112227320671082e-02 2.760028582997620106e-04 3.235953336115926504e-04 4.793972969055175781e-01 5.230273306369781494e-02 2.016671933233737946e-02 4.150660533923655748e-04
2.767432888504117727e-04 6.254885192902293056e-06 1.882343447778822565e-10 1.242569851456210017e-04 2.060386918856238481e-07 9.128368674282683060e-07 1.764255466696340591e-05 2.318176906555891037e-03 4.759808519549935113e-11 9.999995231628417969e-01 2.844792312828303693e-08 1.581699699163436890e-01 1.617492991499602795e-03 2.925458542080150437e-09 1.711787689373522880e-08 6.294297054409980774e-03 3.821312930085696280e-06 1.928162091644480824e-04 2.575036711638389875e-11
8.383503154618665576e-05 1.674756931606680155e-04 1.841341581894084811e-04 5.587702989578247070e-01 8.621175948064774275e-05 3.500131424516439438e-05 6.681467294692993164e-01 5.719010531902313232e-02 1.709374773781746626e-04 1.708470750600099564e-03 9.221554364557960071e-07 9.350243635708466172e-05 6.813082378357648849e-03 2.980840578675270081e-02 1.014431491494178772e-01 1.107376418076455593e-03 9.680790305137634277e-01 1.289765816181898117e-02 4.299292777432128787e-05
9.704847335815429688e-01 2.896163096011150628e-05 3.959739654224581074e-12 9.999998807907104492e-01 9.442297816276550293e-01 1.577486474779732362e-09 9.774779900908470154e-04 3.484641197815108171e-08 1.361932646659624879e-07 1.709586001652496634e-07 4.790396967990773192e-09 3.102636197581887245e-03 1.449494789085292723e-06 9.455148415327130351e-07 9.409733081611193484e-08 8.229907602071762085e-03 3.396145475562661886e-04 5.408407055540465080e-10 2.727710002314864823e-10
6.397483348846435547e-01 4.592675832100212574e-04 5.089685473080862721e-08 9.905722737312316895e-01 9.168365597724914551e-01 2.020953797909896821e-05 1.733929663896560669e-01 1.216575310536427423e-05 3.852430090773850679e-04 1.040305432979948819e-04 4.578720108838751912e-06 2.699269354343414307e-01 1.290382351726293564e-04 1.847591556725092232e-05 7.636404188815504313e-05 1.224185675382614136e-01 1.427398063242435455e-02 7.714367529843002558e-05 1.690619569671980571e-06
4.336713850498199463e-01 8.392916992306709290e-03 5.421636524260975420e-05 9.992252588272094727e-01 5.708557963371276855e-01 3.067161887884140015e-03 5.285529047250747681e-02 5.889076273888349533e-04 8.450184948742389679e-03 1.598290400579571724e-03 2.155830297851935029e-04 1.887675933539867401e-02 3.215238684788346291e-03 3.501138649880886078e-03 2.107903594151139259e-03 7.432261109352111816e-02 1.281448639929294586e-02 2.125192550010979176e-04 2.430101012578234076e-04
1.800921629182994366e-03 1.132923862314783037e-04 1.111682976784322818e-07 9.219586849212646484e-01 1.065620593726634979e-02 4.608857125276699662e-05 7.173426449298858643e-02 1.414133701473474503e-03 6.267516141633677762e-07 9.855437278747558594e-01 9.320972793602777529e-08 4.074856638908386230e-01 6.268030963838100433e-03 7.567340162495383993e-06 2.842901740223169327e-04 4.448391497135162354e-02 1.035928539931774139e-02 7.215641671791672707e-04 2.242548902131602517e-08
2.181011885404586792e-01 2.558285370469093323e-02 9.961791336536407471e-03 7.887715101242065430e-01 3.413237929344177246e-01 6.556027382612228394e-02 4.118714928627014160e-01 3.655137866735458374e-02 3.281209245324134827e-02 1.156302616000175476e-01 3.406239440664649010e-03 2.340860366821289062e-01 7.883149385452270508e-02 1.047661155462265015e-02 9.293286502361297607e-02 1.319688409566879272e-01 1.408465802669525146e-01 3.831775858998298645e-02 3.611482214182615280e-03
1.304180771112442017e-01 2.463719062507152557e-02 4.517048969864845276e-02 1.573271900415420532e-01 5.946771707385778427e-03 1.077877916395664215e-02 2.428255230188369751e-02 1.608135998249053955e-01 2.290083357365801930e-04 9.883819222450256348e-01 1.528176711872220039e-03 2.774083912372589111e-01 1.851009726524353027e-01 4.134664777666330338e-03 6.382215768098831177e-03 7.034863531589508057e-02 1.092742290347814560e-02 6.426711380481719971e-02 2.624914923217147589e-04
5.581830046139657497e-04 8.309278882734361105e-07 2.438363400081300369e-11 1.178742223828521674e-07 4.046109318733215332e-01 7.322503159379323279e-10 9.555806517601013184e-01 7.346550319198286161e-07 9.951147148967720568e-06 5.821371814818121493e-05 8.366361825551393849e-09 9.928315877914428711e-01 1.251652953214943409e-03 4.470607564699413672e-11 4.629663319377641528e-11 1.577413678169250488e-01 6.878547719679772854e-04 3.073165828482160578e-07 1.952231372115420527e-07
3.690721988677978516e-01 6.412429269403219223e-03 1.792735929484479129e-06 7.973890751600265503e-05 3.769503440707921982e-03 1.456748236705607269e-06 1.907156594097614288e-02 9.946556761860847473e-03 8.400225851801224053e-06 8.691900372505187988e-01 2.608906106615904719e-05 7.778264880180358887e-01 7.616693973541259766e-01 3.732540108103421517e-07 6.023331877713644644e-08 8.242214471101760864e-02 1.037932233884930611e-04 1.660710666328668594e-03 2.796559601847548038e-05
9.998860359191894531e-01 1.403238158673048019e-02 1.347241328913950653e-12 7.613498951286601368e-07 7.608387619256973267e-02 7.067726395457163413e-13 1.056160428561270237e-03 1.811538641049992293e-05 1.700163065887494440e-10 4.993082256987690926e-04 1.371586594300922002e-10 9.517616033554077148e-01 1.335552334785461426e-01 1.563850958452572826e-11 8.204492814258671526e-17 7.001974736340343952e-04 1.035307217733816287e-08 4.131898734271999274e-08 4.495295524709064239e-10
9.398841704921778728e-09 5.467365440381399821e-07 3.497859424328453315e-08 3.679839670658111572e-01 9.840628933943662560e-08 4.311577136983935077e-11 9.992629885673522949e-01 2.509969344828277826e-04 5.619147941615665331e-06 1.337489141661762915e-08 4.524958630014452865e-09 7.098384458004147746e-08 1.381822312396252528e-05 5.843242979608476162e-04 2.406078390777111053e-03 5.702423550246749073e-06 9.966802597045898438e-01 1.587708538863807917e-06 1.345786245110502932e-06
2.077092424140267364e-29 4.707666328786159318e-19 1.066714009557644956e-30 1.485253142696763007e-09 1.041963815779484680e-15 3.373081469949340642e-25 1.000000000000000000e+00 4.336569149024534220e-14 6.716734807232782600e-11 1.470427663888144868e-19 5.604100608417634538e-24 2.128805486924234547e-13 2.969347641032515916e-12 1.029514407752118998e-11 9.964136460371975090e-11 7.020460213169599228e-09 1.594489789567887783e-03 4.882782304940498207e-17 2.025023239871231204e-16
5.532084777951240540e-02 8.082815445959568024e-03 6.886695337016135454e-05 2.409014478325843811e-02 4.136168360710144043e-01 5.681827678927220404e-05 9.643389582633972168e-01 1.848634448833763599e-03 9.794684499502182007e-02 1.413651043549180031e-04 1.706275902688503265e-02 4.583541154861450195e-01 4.235452972352504730e-03 9.394331718795001507e-04 5.276216194033622742e-03 9.356347471475601196e-02 3.115198314189910889e-01 2.309228992089629173e-03 2.519190497696399689e-02
1.482286257669329643e-03 9.615694172680377960e-03 6.815350498072803020e-04 9.882859885692596436e-03 6.552921142429113388e-03 1.303024182561784983e-04 9.830160737037658691e-01 7.577817142009735107e-02 7.582598179578781128e-02 3.362215356901288033e-03 1.511464919894933701e-02 6.589668989181518555e-02 2.877007797360420227e-02 1.327842939645051956e-02 3.927241265773773193e-02 4.973642900586128235e-02 7.727064490318298340e-01 9.454366751015186310e-03 8.202297240495681763e-02
1.540555565761417164e-17 8.958345133411316219e-14 3.220968481623849577e-14 2.285504336896337918e-07 1.968263605486159085e-13 1.565246476912206513e-16 9.999998807907104492e-01 1.269935364689445123e-05 3.439357669776654802e-07 1.497428266453160184e-12 1.653572976245340498e-13 5.119265775177517241e-11 2.752370065195464122e-08 3.590949120280129137e-07 2.793542444123886526e-05 5.891078558306617197e-08 9.999840259552001953e-01 4.401496767059143167e-08 1.378294172127425554e-07
1.441019195913382640e-19 5.933022627878370425e-13 3.146807602481918901e-16 1.560893414520592160e-09 2.269883066230438118e-12 1.415410689586775461e-15 1.000000000000000000e+00 4.214523414702853188e-07 2.844421565532684326e-02 6.442652536681539588e-14 2.436828863694451286e-11 1.130947335781229413e-09 6.282043329974840162e-09 1.175740521830448415e-06 9.667426638770848513e-06 4.287400656721729320e-07 6.716853976249694824e-01 1.440685508669048431e-07 1.396419293087092228e-06
1.246529287032992661e-16 2.191544471938366989e-12 6.272340599373729211e-18 1.727290199760034284e-09 1.647782994496083120e-07 9.207870577121468614e-11 1.000000000000000000e+00 4.825055285873069977e-11 5.086566135287284851e-02 1.898857156582001160e-12 8.305069956401900377e-13 2.812840648402925581e-06 1.018339101932497215e-08 7.020032111171303768e-09 1.259913801732182037e-06 6.079037484596483409e-05 2.318904626008588821e-05 1.354217431526194559e-07 5.086066039439174347e-07
3.468141585472039878e-05 2.845636117854155600e-06 8.225494241287378827e-08 4.529968835413455963e-03 3.082661656662821770e-03 9.999926090240478516e-01 4.011195269413292408e-04 1.391355510804714868e-07 5.154233891516923904e-03 1.540529524390876759e-06 5.835021354982927733e-11 1.589541795965487836e-07 5.209686150919878855e-06 3.447831477387808263e-05 3.040213137865066528e-03 7.903328764768957626e-07 1.683991868048906326e-04 2.900494961068034172e-03 4.577493200486060232e-06
1.032127855404851857e-10 3.246502025544550918e-11 3.798977920302848074e-15 8.882144797439650574e-09 1.690215244889259338e-02 1.166791774309672292e-09 9.994655251502990723e-01 1.592840170872023009e-08 2.770335640889243223e-06 1.285195467062294483e-04 1.383612061728323184e-11 9.828221201896667480e-01 7.116868073353543878e-05 6.694244225786960545e-13 2.678809951639493647e-11 4.959365427494049072e-01 9.084776684176176786e-05 1.772269371258516912e-07 4.487005877962246814e-09
1.247780524737951424e-12 1.212369010753043265e-17 9.873282115550315467e-24 1.180649123853072524e-04 2.084690928459167480e-01 2.789502353064965412e-12 9.999997615814208984e-01 7.648215175805740500e-17 3.309749843083409360e-07 1.399086840033880036e-14 1.129653461089498847e-21 1.714659505523741245e-03 1.324239329303367185e-11 1.616474500166554563e-15 4.842438450225472479e-09 9.079537994693964720e-05 3.569347427401226014e-06 1.291227125221894312e-10 3.367051510652294133e-14
1.027960709447123949e-14 2.561636341415207685e-13 6.481578830451161497e-17 3.708024322986602783e-02 1.673496541343411081e-08 1.993537062858208309e-12 1.000000000000000000e+00 1.457087006606627710e-09 2.088165373947958869e-08 8.523629935544563274e-13 3.442166328556462198e-19 3.266217296626905409e-10 3.035800943962385645e-08 3.876436949212802574e-07 4.038074694108217955e-04 2.623005812552037241e-08 1.120209619402885437e-01 2.300131890509149457e-10 1.809843507699637755e-12
6.981850674492307007e-06 3.250362351536750793e-05 3.589856028556823730e-01 3.985473215579986572e-01 1.675334533501882106e-05 2.353927357034990564e-06 8.594594597816467285e-01 4.703022912144660950e-02 3.068042133236303926e-05 5.357440677471458912e-04 7.021522208106034668e-08 2.634597876749467105e-05 7.534985896199941635e-03 1.484036818146705627e-02 3.341385722160339355e-02 1.162623171694576740e-03 9.737140536308288574e-01 3.604952245950698853e-03 3.317839218652807176e-05
3.941404167562723160e-03 4.573454498313367367e-05 3.285391256213188171e-03 9.992033839225769043e-01 1.211095228791236877e-02 1.287465565837919712e-03 2.161058783531188965e-01 7.994956104084849358e-04 2.776762703433632851e-04 3.405956958886235952e-04 7.713928340535858297e-08 6.798424146836623549e-05 2.411189721897244453e-03 6.417685654014348984e-04 4.095961898565292358e-02 8.704183856025338173e-04 1.197425723075866699e-01 7.487078983103856444e-05 1.161189743470458779e-06
5.998359527438879013e-03 3.590972119127400219e-05 1.921298009577299126e-09 9.999998807907104492e-01 1.023928634822368622e-04 1.599719325895421207e-05 7.338397699641063809e-05 4.098648423678241670e-05 1.047866238224059998e-09 1.811491996049880981e-01 8.078127468162665803e-13 6.738744673384644557e-07 9.565641521476209164e-04 5.733600846724584699e-05 1.865300000645220280e-04 7.696396096434909850e-06 2.341518993489444256e-04 5.331111765372043010e-07 1.868288076328772362e-12
7.434381246566772461e-01 3.964894403907237574e-06 2.779551999535553181e-14 9.994890689849853516e-01 3.156180241603578907e-07 6.891123227603657142e-09 1.176244737166598497e-07 3.323826831547194161e-06 1.982941319562657478e-16 9.999949932098388672e-01 3.610353847344682440e-15 2.046519424766302109e-03 1.203407440334558487e-02 2.322844694369052831e-11 5.093769295250183404e-10 3.520687812397227390e-07 1.105097346965067118e-08 3.844821492293704068e-07 1.056371118293341282e-16
1.110260784626007080e-01 2.834299266396556050e-07 2.340632877625205841e-16 9.999941587448120117e-01 1.133998867031138502e-10 3.652663171926917585e-10 1.124671883401262562e-10 4.733429932457511313e-07 9.120476066447993797e-22 1.000000000000000000e+00 1.484110911430391194e-18 4.166220242041163146e-05 3.725805319845676422e-03 1.548540267369558077e-12 1.475017850915971707e-11 3.030077966315047888e-09 1.040282512909662671e-10 8.618879832056336454e-08 1.279981925388486773e-21
9.953348040580749512e-01 5.961318314075469971e-02 1.219152068188122939e-07 2.336846850812435150e-02 1.098526120185852051e-01 9.094323445424379315e-07 5.013537406921386719e-02 2.058186335489153862e-03 3.152601493638940156e-05 1.053389161825180054e-02 1.657669963606167585e-05 5.303473472595214844e-01 4.237026348710060120e-02 5.611778760794550180e-06 3.222886846288020024e-07 3.461113199591636658e-03 5.298341275192797184e-04 3.201296203769743443e-05 1.950111800397280604e-05
1.286133652911303216e-07 8.213223736674990505e-06 1.465569443581671294e-08 9.851024150848388672e-01 9.862828846962656826e-06 4.069267234285689483e-08 9.960802197456359863e-01 1.930380531121045351e-04 1.475648168707266450e-04 2.664241378624865320e-07 3.146710669810204308e-09 6.434910204689003876e-08 5.416489511844702065e-05 4.104441031813621521e-03 4.864545073360204697e-03 2.010141724895220250e-05 2.480183392763137817e-01 7.453058969986159354e-07 3.148865346247475827e-07
3.915437555406242609e-04 1.474166992920800112e-07 5.989470031053656385e-11 3.244094317778944969e-03 8.964450359344482422e-01 5.289821842779929284e-07 9.652591943740844727e-01 7.898862008914875332e-08 3.155647427774965763e-04 1.285485723201418296e-05 4.245951590320373725e-09 9.106402993202209473e-01 1.622145464352797717e-05 5.421309623443448800e-09 5.169545715943968389e-07 1.643507033586502075e-01 1.530442736111581326e-03 4.363351763458922505e-05 4.279916936411609640e-07
2.164991449462403360e-20 8.430124358869863481e-18 2.284082902637923357e-25 8.120706035651950247e-16 1.366159096960473107e-07 5.506407996250761684e-17 9.999998807907104492e-01 2.648050528852863295e-11 1.232121071836900228e-10 3.443316927587147802e-06 2.359798222284140964e-18 8.695759773254394531e-01 3.783737156481947750e-06 6.157049742409130893e-20 2.151828968984426278e-17 2.142205536365509033e-01 2.593080353108234704e-06 5.183152626715703537e-13 5.558385376318655813e-14
3.377485736835023067e-13 2.259290814775272784e-17 4.531609103459386653e-24 4.437801309157413110e-13 5.641000866889953613e-01 9.999977350234985352e-01 2.785678952932357788e-03 3.294236126617349024e-20 1.543804391985759139e-04 1.652808236940472852e-07 1.814362159088560531e-22 1.212217321153730154e-04 2.839820392730452170e-12 4.482823581022158517e-20 8.235795366810707424e-15 6.387923804140882567e-06 1.508631435921670150e-12 5.388259616267987440e-09 2.415536520805616760e-12
5.612711628799615937e-09 3.850222185519669438e-08 2.422746170349654449e-10 1.193435091408900917e-04 3.172255310346372426e-05 1.321112996777173976e-08 9.986451268196105957e-01 1.030224375426769257e-03 1.066872300725663081e-06 7.396344095468521118e-02 3.273740833975580244e-09 2.311751395463943481e-01 1.441779430024325848e-03 2.389851090356387431e-07 1.335245633526938036e-05 7.298593223094940186e-02 1.102082580327987671e-01 5.633142791339196265e-05 1.977313104362110607e-07
2.728746267166570760e-06 1.930884354806039482e-05 2.964960277296313507e-09 1.549156991131894756e-06 5.410396028310060501e-03 3.645212650299072266e-01 9.001941084861755371e-01 1.545817212900146842e-05 1.158896461129188538e-02 2.285625971853733063e-02 1.157827682618517429e-07 2.936654910445213318e-02 1.854841015301644802e-03 2.044910303311553434e-07 7.556220225524157286e-06 1.317046303302049637e-02 5.970174970570951700e-05 6.415249663405120373e-05 6.758702220395207405e-04
2.377938926656497642e-06 3.633919050116674043e-07 9.140863413414912486e-12 1.997441216872175573e-07 8.494912181049585342e-04 4.107103159185498953e-04 6.155139207839965820e-01 6.272210157476365566e-05 9.167163625534158200e-06 9.981893897056579590e-01 1.265428117847022804e-08 7.949804067611694336e-01 1.906447694636881351e-03 2.119780219411726563e-11 5.768290733954017924e-09 9.968291968107223511e-02 1.270504799322225153e-05 3.909489805664634332e-06 8.529658543920959346e-07
2.644514552230248228e-06 1.029886880132835358e-05 8.049320321390496247e-09 1.850808155722916126e-03 4.388852685224264860e-04 1.256599080079467967e-05 9.841462969779968262e-01 1.246207044459879398e-03 4.309645373723469675e-05 2.552649974822998047e-01 9.306938153486044030e-08 8.777177333831787109e-02 6.099406629800796509e-03 2.682411604837398045e-06 9.791090269573032856e-05 2.907566353678703308e-02 1.906639710068702698e-02 9.241372754331678152e-05 2.460810947013669647e-06
1.825643153097189497e-06 2.027918633018543915e-08 1.130637272694912099e-08 9.914216399192810059e-01 5.797992344014346600e-07 9.857317805290222168e-01 9.496441634837538004e-05 3.767487669392721727e-06 1.441365930077154189e-05 5.037994128542777617e-07 3.022555079487676544e-14 4.818872297723819642e-12 2.356092409172561020e-06 1.051982835633680224e-04 7.704129815101623535e-01 2.338993165817981890e-10 2.831883612088859081e-04 9.821773273870348930e-04 1.768534985124858849e-09
4.668640148954017466e-13 1.354633074610017069e-17 2.979373905806552118e-22 3.215638548135757446e-02 1.916880876251525478e-08 1.000000000000000000e+00 4.846065215780015478e-11 1.212677668028738598e-19 2.591142447272432037e-07 5.076917169290416644e-19 6.548160870521121243e-31 4.009198748523436165e-23 1.054278298404022918e-15 4.697159545000162417e-13 2.286898507009027526e-06 2.164678930287223170e-19 1.342126743075766626e-09 3.905432208739512134e-07 3.553631438998850964e-17
8.271905651901579129e-16 6.072043562060729614e-16 6.027763270592296644e-21 3.288747052465623710e-10 1.832124903178300457e-11 1.000000000000000000e+00 3.315819298820021910e-13 1.336720961828851716e-20 2.030054879753606656e-08 2.259064374082586392e-19 4.355645029189431930e-32 9.452969531069960777e-25 2.623674131644477132e-17 2.302274065835163697e-10 2.451589898555539548e-05 2.860834491260504635e-22 1.221871562262499822e-12 2.114259700647380669e-08 5.243301761906793857e-16
7.761716915410943329e-06 7.105890108505263925e-05 1.875547133386135101e-02 4.839696921408176422e-03 7.377891452051699162e-04 3.365395125001668930e-03 9.956825971603393555e-01 4.256090149283409119e-03 8.370421826839447021e-03 3.503612533677369356e-04 9.141384111899242271e-07 8.215145207941532135e-04 9.135576896369457245e-03 6.671528797596693039e-03 5.066775158047676086e-02 2.642391715198755264e-03 1.208642050623893738e-01 1.368812285363674164e-03 6.593707948923110962e-04
7.084327517077326775e-04 5.679860987584106624e-05 1.416273071042084553e-10 3.453950725429422164e-08 1.132029690779745579e-03 2.431809261906892061e-04 7.768734693527221680e-01 7.573124457849189639e-05 4.005349706858396530e-03 8.154535293579101562e-01 2.526739308450487442e-06 6.790717244148254395e-01 8.145326375961303711e-02 1.178713654459428994e-10 4.998661040644947207e-09 3.058322519063949585e-02 9.002123078971635550e-06 6.896036666148575023e-06 1.586984144523739815e-03
1.177931920892660855e-07 4.600285929967640186e-09 3.527567811695362515e-15 2.625075157247636071e-10 1.252112415386363864e-04 5.202415195526555181e-05 3.144616186618804932e-01 2.974994004034670070e-06 1.572769519952998962e-06 9.999073743820190430e-01 1.225102658208854223e-10 8.636996746063232422e-01 4.370385140646249056e-04 2.349436673381171022e-15 2.745417608529532316e-12 5.843595787882804871e-02 8.703112541752489051e-08 7.989380179651561775e-08 5.131188984819345933e-08
9.590204954147338867e-01 8.503378182649612427e-02 9.829088449478149414e-01 1.420036051422357559e-02 7.114847898483276367e-01 1.871924723673146218e-05 3.763653635978698730e-01 1.351740211248397827e-02 3.413096710573881865e-04 3.451880475040525198e-04 3.886158810928463936e-04 4.590492844581604004e-01 5.965925008058547974e-02 4.750936292111873627e-03 1.423958601662889123e-04 4.807146266102790833e-02 1.859137415885925293e-02 6.021641311235725880e-04 1.045735436491668224e-03
5.276503507047891617e-03 1.457446138374507427e-03 5.050980020314455032e-03 8.078813552856445312e-02 1.116049960255622864e-01 4.664388252422213554e-04 9.388415813446044922e-01 1.816129311919212341e-02 5.907371174544095993e-03 1.318887434899806976e-02 1.543543912703171372e-04 2.560816705226898193e-01 5.372051522135734558e-02 2.176818205043673515e-03 1.992861740291118622e-02 1.122536584734916687e-01 3.227591216564178467e-01 8.157008327543735504e-03 1.284050638787448406e-03
5.551409441977739334e-03 1.304667733847963973e-07 5.965863111682956355e-13 9.155734915111679584e-06 9.116947054862976074e-01 1.968102569804841551e-09 9.998001456260681152e-01 2.517201724838713517e-10 7.867634296417236328e-03 9.529445808842407217e-12 3.791852165591080848e-09 2.818672657012939453e-01 1.756344119030472939e-07 2.539709997861905322e-09 3.157169430778594688e-06 8.281556656584143639e-04 1.875998801551759243e-03 6.400453145261053578e-08 1.473711199651006609e-05
3.788946196436882019e-02 6.329206377267837524e-02 6.459635496139526367e-02 2.364831417798995972e-02 8.436921983957290649e-02 8.942362666130065918e-01 1.587423384189605713e-01 2.095003984868526459e-02 3.391468226909637451e-01 5.396333336830139160e-02 6.115548778325319290e-03 5.659330263733863831e-02 4.300394654273986816e-02 2.936322055757045746e-02 1.326953768730163574e-01 3.518180549144744873e-02 4.183328151702880859e-02 8.615016192197799683e-02 3.034497201442718506e-01
6.479080021381378174e-02 3.811506927013397217e-02 3.930453676730394363e-03 2.622423134744167328e-02 9.648323804140090942e-02 4.447448626160621643e-02 5.140481591224670410e-01 1.493979841470718384e-01 4.643166810274124146e-02 7.803825736045837402e-01 1.575040258467197418e-02 5.308363437652587891e-01 2.155986130237579346e-01 2.386799547821283340e-03 9.271323680877685547e-03 2.775209844112396240e-01 6.086926162242889404e-02 4.742289334535598755e-02 2.365581505000591278e-02
1.777836978435516357e-01 1.930420398712158203e-01 2.063426077365875244e-01 1.119390204548835754e-01 1.030419692397117615e-01 3.215211927890777588e-01 4.900823235511779785e-01 2.099541276693344116e-01 3.538066744804382324e-01 1.876352578401565552e-01 6.480745226144790649e-02 1.886299848556518555e-01 1.892912387847900391e-01 9.586079418659210205e-02 1.825069189071655273e-01 1.164250448346138000e-01 1.915766149759292603e-01 1.775040179491043091e-01 3.037618398666381836e-01
5.687779776053503156e-05 2.924438922491390258e-05 5.304831018904110351e-10 1.478429840062744915e-05 5.629096995107829571e-04 1.420301414327695966e-04 1.037362813949584961e-01 2.996437950059771538e-03 1.501903170719742775e-05 9.995951056480407715e-01 1.309584718001133297e-06 6.660556197166442871e-01 5.753278732299804688e-03 5.186733265105658575e-09 1.617209903770344681e-07 1.164140999317169189e-01 1.389927201671525836e-04 8.170104410964995623e-05 9.321591960542718880e-07
2.932037887148908339e-06 1.590183160260494333e-06 7.258765637174757757e-12 4.655695562405526289e-08 1.695866114459931850e-03 5.283969454467296600e-03 5.149586796760559082e-01 4.714171882369555533e-05 1.010119740385562181e-04 9.938476681709289551e-01 2.184371084013037034e-08 6.697341799736022949e-01 2.332411473616957664e-03 3.363231221298335072e-11 4.939077591359364305e-09 8.471889048814773560e-02 5.854784831171855330e-06 3.900001502188388258e-06 9.951479114533867687e-06
5.278709522826829925e-07 6.530911633717551013e-08 2.660735401536357125e-13 2.249118891128887299e-09 7.952413870953023434e-04 2.106951083987951279e-03 4.632162451744079590e-01 4.647929017664864659e-06 3.815684976871125400e-05 9.975643157958984375e-01 9.747999074605218084e-10 7.201629877090454102e-01 9.057640563696622849e-04 2.276611516492665910e-13 1.421523315725536918e-10 5.658219382166862488e-02 4.581217183385888347e-07 5.715685915674839634e-07 2.659073516042553820e-06
2.289336553076282144e-04 3.448301644226603457e-09 1.262644572230797735e-10 9.999896287918090820e-01 1.192044463138586252e-09 9.965596109395846725e-05 2.181395757361315191e-06 3.463009761617286131e-06 3.698241985951788643e-15 9.999996423721313477e-01 6.015371896282394591e-17 9.047333833223092370e-07 7.827246008673682809e-05 3.096791267864773545e-09 1.218525809235870838e-03 2.181692604352747367e-09 9.248116725757427048e-07 2.404427959845634177e-06 1.527342058579403217e-18
2.040254621533676982e-04 8.477497613057494164e-05 4.963913816027343273e-04 9.581167101860046387e-01 1.064170828612986952e-05 1.781438104808330536e-02 2.774734422564506531e-02 1.703596487641334534e-02 7.495223144360352308e-06 3.420278057456016541e-02 8.731940503992063896e-09 1.010242840493447147e-06 2.368956338614225388e-03 5.264433473348617554e-02 8.704883456230163574e-01 1.224491461471188813e-05 8.939028531312942505e-02 3.169918358325958252e-01 4.963454003359402122e-08
9.972984194755554199e-01 1.064620632678270340e-02 5.051959888078272343e-04 9.926453828811645508e-01 2.651529759168624878e-02 4.960472779202973470e-06 2.919194812420755625e-04 2.392913447692990303e-03 2.761481265878273916e-09 4.465727135539054871e-03 2.107180705479549943e-07 1.216789986938238144e-02 2.985290288925170898e-01 3.021796932443976402e-03 8.894536644220352173e-03 2.860735403373837471e-04 1.219509285874664783e-03 1.631484483368694782e-03 1.089289103362034439e-08
7.998937368392944336e-01 5.916120484471321106e-03 1.304129511117935181e-01 2.056582644581794739e-02 8.974800705909729004e-01 3.945096523239044473e-06 6.638585329055786133e-01 3.632420557551085949e-04 5.718754837289452553e-04 2.178601607738528401e-05 4.663630897994153202e-05 6.754803061485290527e-01 2.063312800601124763e-03 1.078283748938702047e-04 5.641152893076650798e-05 7.619921118021011353e-02 2.341041900217533112e-02 2.545851748436689377e-04 1.733560930006206036e-04
6.433789621951291338e-06 6.068038373996387236e-07 8.207760515688278247e-07 8.460626850137487054e-05 1.926368027925491333e-01 7.955122072189624305e-08 9.730494618415832520e-01 1.131120006903074682e-04 3.160138658131472766e-05 2.601969754323363304e-03 1.397543343273355276e-07 9.763423800468444824e-01 3.320913761854171753e-03 2.612548541947035119e-07 2.085016177488796529e-07 5.340313315391540527e-01 2.131021767854690552e-02 2.189035440096631646e-04 1.764688249750179239e-06
9.604757428169250488e-01 6.664499247605037979e-12 1.582406129606098397e-22 3.703956918954531830e-09 9.999504089355468750e-01 2.033835783721333683e-21 8.666581511497497559e-01 5.063248299181192255e-17 1.280048116114596013e-13 4.109588713709262653e-14 2.980570530806948044e-20 9.999761581420898438e-01 4.328417398807848926e-12 1.512214195027295581e-21 2.527710710998047962e-24 7.210863754153251648e-03 6.650716088962838057e-10 2.985831457839698000e-14 8.931570551981400079e-19
8.529514074325561523e-03 7.512550950050354004e-01 6.502377800643444061e-04 6.317571401596069336e-01 1.288981729885563254e-04 7.473184086848050356e-05 6.304836273193359375e-02 4.844321906566619873e-01 4.139330485486425459e-05 1.627851394005119801e-03 6.648172711720690131e-05 4.195676956442184746e-05 1.149141509085893631e-02 9.884241223335266113e-01 2.139917109161615372e-03 4.322737921029329300e-03 1.971536688506603241e-02 2.169014699757099152e-02 4.731403805635636672e-06
5.004723370075225830e-02 7.037501931190490723e-01 6.852579303085803986e-03 5.232459902763366699e-01 2.154546556994318962e-03 1.664707902818918228e-03 1.544349640607833862e-01 5.577050447463989258e-01 1.270508044399321079e-03 1.017215847969055176e-02 1.553680398501455784e-03 1.155664096586406231e-03 5.135078355669975281e-02 9.285118579864501953e-01 2.076932974159717560e-02 2.101016230881214142e-02 6.760372966527938843e-02 1.050129160284996033e-01 2.363829116802662611e-04
1.331643015146255493e-02 6.864700913429260254e-01 9.397893445566296577e-04 2.737753465771675110e-02 1.029299804940819740e-03 8.586050271987915039e-01 2.545993626117706299e-01 3.207866102457046509e-02 2.057208120822906494e-02 7.697475957684218884e-04 6.663507083430886269e-04 3.542366903275251389e-04 2.077650045976042747e-03 7.698924541473388672e-01 4.268507938832044601e-03 9.114119457080960274e-04 2.350060036405920982e-03 1.151419430971145630e-02 8.477838127873837948e-04
3.336013421062489215e-08 3.659354419482951926e-08 4.881743013301909073e-12 4.962325661495015083e-09 4.281347990036010742e-02 9.998461008071899414e-01 1.034751068800687790e-02 2.286446587618229387e-09 5.927735473960638046e-04 8.742894977331161499e-02 2.525600605388089726e-12 3.517692210152745247e-03 6.031809789419639856e-06 2.114248359719184123e-11 4.045547541409177938e-08 1.677943626418709755e-03 4.390086161265571718e-08 1.211769813380669802e-06 3.835109509964240715e-06
6.881006129333400168e-07 7.958202985491880099e-08 3.847944369823191879e-13 3.221443556356007321e-09 7.859714678488671780e-04 1.527887885458767414e-03 4.709748327732086182e-01 6.856984327896498144e-06 3.717298386618494987e-05 9.979088306427001953e-01 1.490864320885521010e-09 7.403452992439270020e-01 1.061364659108221531e-03 3.392632854336274928e-13 1.812958255742458391e-10 6.255120038986206055e-02 6.193582180458179209e-07 7.011911975496332161e-07 2.577884743004688062e-06
1.025090682560403366e-06 6.466652848757803440e-07 3.706044846008005322e-11 2.500279805417449097e-08 9.681795723736286163e-03 6.044519543647766113e-01 2.375757098197937012e-01 1.214823441841872409e-06 9.816469391807913780e-04 8.606383800506591797e-01 1.982740416295314390e-09 1.904521286487579346e-01 3.853980451822280884e-04 3.781800567148607684e-11 2.465764303849482530e-08 2.372609078884124756e-02 1.566264359098568093e-06 5.115909516462124884e-06 5.887831503059715033e-05
4.437658240874498006e-09 2.085390304884526813e-09 9.513876231964646379e-13 6.843284836577367969e-07 4.588792566210031509e-03 3.576005995273590088e-01 9.969097971916198730e-01 2.733911881602768545e-11 3.275890946388244629e-01 1.006864902564075237e-08 5.348695878565346007e-12 1.562270626891404390e-04 1.808032301653383911e-08 3.141728655009501381e-08 1.260949557035928592e-05 3.210205250070430338e-05 1.086906422642641701e-06 4.499153146753087640e-05 5.024126949138008058e-05
1.909038246594718657e-06 1.409712666600171360e-07 1.304203164735617815e-12 1.185976294948432042e-08 6.124650244601070881e-04 3.077157598454505205e-04 3.880899548530578613e-01 2.708334977796766907e-05 1.878328293969389051e-05 9.993194341659545898e-01 6.307918187786754061e-09 8.060162663459777832e-01 1.750862691551446915e-03 8.820994607493248818e-13 3.132791526194722564e-10 8.195002377033233643e-02 1.498659116805356462e-06 1.337969706582953222e-06 1.156389203060825821e-06
2.665613862973259529e-07 1.139517493697894679e-07 9.942902501336448040e-09 9.983032941818237305e-01 6.838627541583264247e-06 7.962423609342295094e-08 9.613322019577026367e-01 1.099885121220722795e-04 3.354816499268054031e-06 3.696386556839570403e-07 5.242942364980240910e-12 1.626348655747733574e-08 4.231317507219500840e-05 2.129267377313226461e-04 9.493565186858177185e-03 2.634304792081820779e-06 7.106326818466186523e-01 8.800829505162255373e-07 3.454311947592714205e-09
2.774032298475503922e-03 9.372150525450706482e-04 2.821275835174219537e-08 2.517659140721661970e-06 4.058059304952621460e-03 1.678043190622702241e-05 7.011673450469970703e-01 5.291619338095188141e-03 7.946671685203909874e-04 6.268460750579833984e-01 1.244614250026643276e-04 8.069426417350769043e-01 2.553807497024536133e-01 3.979175389190459100e-08 1.051368698767873866e-07 1.257500350475311279e-01 1.050148275680840015e-03 1.100047738873399794e-04 6.645444664172828197e-04
3.066999837756156921e-03 6.399325793609023094e-04 2.118169504683464766e-05 9.740401292219758034e-04 2.097661793231964111e-01 9.493502229452133179e-02 5.781211256980895996e-01 2.663333201780915260e-03 1.720929145812988281e-02 5.247483849525451660e-01 1.216688542626798153e-04 6.896070837974548340e-01 2.915798313915729523e-02 1.905950375657994300e-05 2.227924560429528356e-04 2.647757828235626221e-01 5.453716032207012177e-03 5.831213667988777161e-03 2.295465441420674324e-03
3.501597166177816689e-05 2.817729546222835779e-05 3.146280391774780583e-08 2.041149709839373827e-04 6.118779629468917847e-02 2.340082392038311809e-05 9.990592598915100098e-01 2.165000478271394968e-05 1.341208443045616150e-02 2.446414509904570878e-05 3.229084768463508226e-06 1.425619274377822876e-01 1.480109756812453270e-03 1.502374561823671684e-05 3.965470241382718086e-04 2.508567087352275848e-02 1.489858701825141907e-02 8.351387077709659934e-05 4.176144429948180914e-04
5.019012549317691807e-12 6.644882669278040499e-14 2.248860894431591658e-17 1.551773570751535658e-10 1.066178642213344574e-02 1.000000000000000000e+00 2.097672695526853204e-04 1.468634568964677184e-18 1.085490267723798752e-02 8.980872989727828326e-11 8.785982078969378919e-21 2.346672900443991239e-08 8.356122326198811567e-13 7.889834076867108248e-14 1.213222300400218501e-10 1.044896968949160510e-08 1.380830866315463368e-11 1.247801435511064483e-07 2.835117740573878109e-08
5.555532422985010044e-11 9.035893371424699727e-14 1.036911181531051523e-17 1.361886347694962751e-06 5.850113462656736374e-03 9.999949932098388672e-01 1.811577938497066498e-02 1.779192209399290330e-17 7.629137486219406128e-03 6.289259477793018860e-13 7.942349942631922571e-21 4.869119551997869166e-10 1.000423160112118293e-12 7.915511995859603189e-12 4.709210088549298234e-08 1.131514881791417793e-09 1.407102878658861300e-09 8.160236006915511098e-07 3.501560985608165311e-10
2.528659504008601289e-10 7.683948827696615580e-14 1.096810307536221448e-17 8.011991958767339383e-09 5.803108215332031250e-01 9.999985694885253906e-01 1.325368182733654976e-03 2.453897130715315819e-17 4.371381551027297974e-02 2.325965020588682819e-08 8.260009702814658021e-18 5.098800829728133976e-05 1.840180091638998761e-11 6.434163487780862264e-15 1.721000772447744964e-11 8.970740054792258888e-06 4.964784694472257343e-10 7.311434728762833402e-07 3.389381575402694580e-08
3.212410956621170044e-04 1.078512519598007202e-01 2.506987220840528607e-05 8.544968962669372559e-01 8.450113091384992003e-05 6.936152203707024455e-06 2.319080531597137451e-01 2.853674292564392090e-01 5.582537050941027701e-05 1.200636923313140869e-01 1.429682924936059862e-05 3.578173345886170864e-04 1.155640650540590286e-02 7.970901131629943848e-01 9.567504748702049255e-04 1.011776831001043320e-02 1.264924407005310059e-01 4.365085624158382416e-03 6.181058779475279152e-06
3.870392101816833019e-04 7.719123386777937412e-04 9.727480154708700866e-09 3.230429487302899361e-03 8.862106129527091980e-03 9.999859333038330078e-01 4.502657975535839796e-04 2.643077152697514975e-07 5.260637961328029633e-03 5.111076916364254430e-06 3.250718583203138223e-09 1.475399130868026987e-06 7.649746294191572815e-06 3.012237139046192169e-04 7.319618453038856387e-05 5.287877229420701042e-06 3.859523530991282314e-06 5.115757230669260025e-04 1.511815753474365920e-05
1.508854438725393265e-05 1.852340915320382919e-06 1.406867422559798797e-08 2.716524534207565011e-07 6.556452251970767975e-03 9.993230104446411133e-01 2.937223948538303375e-02 8.317558863879526143e-10 2.442521005868911743e-01 5.363163654692471027e-05 3.573136786449992996e-10 9.612661087885499001e-04 1.164544528364785947e-06 3.774994539185172471e-09 2.093920329571119510e-06 3.535153155098669231e-05 4.708985841261892347e-07 3.045363337150774896e-05 5.889527127146720886e-02
6.753200523235136643e-07 1.490622594246815424e-07 9.297184550005610504e-11 6.120988167822360992e-03 3.741511842235922813e-03 8.655609488487243652e-01 9.184907078742980957e-01 2.965825807166311279e-09 2.976094000041484833e-02 4.393819974524149075e-09 7.411821156821929435e-12 2.917920767231407808e-07 1.153162045852695883e-07 1.614821667317301035e-05 3.111657686531543732e-03 1.436834281776100397e-06 4.217809328110888600e-05 8.454440830973908305e-05 1.695958189884549938e-06
1.561721063580989721e-07 2.239467100650927023e-08 1.073331146184131057e-10 2.160667662565174396e-07 1.035426110029220581e-01 9.999997615814208984e-01 6.786039739381521940e-05 9.208639059621326339e-12 2.519503422081470490e-02 6.738315278198570013e-06 6.809942150118319937e-13 1.766900641086976975e-05 7.028502579942141892e-08 1.904805424501887501e-09 2.662179099388595205e-07 2.932188181148376316e-05 1.247191221409593709e-07 3.075344648095779121e-05 5.637490176013670862e-05
5.604791804216802120e-04 1.863822224549949169e-03 9.993220567703247070e-01 3.764194203540682793e-03 6.759837735444307327e-03 1.781460642814636230e-01 7.215501666069030762e-01 1.058441679924726486e-02 1.621524095535278320e-01 2.401707926765084267e-03 1.174109638668596745e-05 2.150344429537653923e-03 6.536461878567934036e-03 3.503931220620870590e-03 1.410035602748394012e-02 1.625271700322628021e-02 9.717689454555511475e-02 1.296748872846364975e-03 2.271621115505695343e-02
1.082747709006071091e-03 2.738461771514266729e-04 1.485635607423319016e-06 2.483649179339408875e-03 1.192180206999182701e-03 1.671563077252358198e-04 3.489853069186210632e-02 2.930161915719509125e-02 8.054682439251337200e-06 9.991481304168701172e-01 2.096701427944935858e-05 6.223438978195190430e-01 9.357993490993976593e-03 8.331804565386846662e-06 6.827041943324729800e-05 1.855269670486450195e-01 4.195949062705039978e-03 6.058452185243368149e-03 1.950107616721652448e-06
2.019193917512893677e-01 3.403711616992950439e-01 5.645905807614326477e-02 1.161210611462593079e-01 3.832038119435310364e-02 8.542069233953952789e-03 6.172262430191040039e-01 5.105425715446472168e-01 1.039081811904907227e-01 1.579445302486419678e-01 9.959419816732406616e-02 2.171427458524703979e-01 2.599878609180450439e-01 1.298301815986633301e-01 6.810081005096435547e-02 1.797104775905609131e-01 4.201015532016754150e-01 1.448729634284973145e-01 6.325439363718032837e-02
5.007937550544738770e-01 4.384352564811706543e-01 1.316447407007217407e-01 1.665689051151275635e-01 5.418283864855766296e-02 1.843323372304439545e-02 2.785647809505462646e-01 4.317512810230255127e-01 3.675676137208938599e-02 3.121160268783569336e-01 4.506335034966468811e-02 3.002917468547821045e-01 5.350457429885864258e-01 8.963847905397415161e-02 3.277331218123435974e-02 1.772275716066360474e-01 1.135284453630447388e-01 2.030988931655883789e-01 2.949940040707588196e-02
6.326295551843941212e-04 1.507789595052599907e-03 4.729980602860450745e-02 1.311995205469429493e-03 1.193048618733882904e-02 1.870284759206697345e-04 7.100429534912109375e-01 1.874986439943313599e-01 1.352860941551625729e-03 7.435047030448913574e-01 3.360777627676725388e-04 6.366938352584838867e-01 1.201323047280311584e-01 3.597117611207067966e-04 3.267667489126324654e-04 4.391759634017944336e-01 5.912128090858459473e-02 4.488949198275804520e-03 7.432200363837182522e-04
1.013255328871309757e-03 1.523441605968400836e-04 3.661456275949603878e-06 3.725008293986320496e-02 4.737942479550838470e-03 2.612969372421503067e-03 5.937899947166442871e-01 1.315154787153005600e-02 1.903929951367899776e-04 9.567095041275024414e-01 1.091463673219550401e-05 2.691880762577056885e-01 2.548683807253837585e-02 3.840139106614515185e-05 3.893069457262754440e-03 5.257645621895790100e-02 2.786490879952907562e-02 6.227474659681320190e-03 2.884173954953439534e-05
3.529576702021586243e-07 1.992080979107413441e-05 2.484041949912807468e-08 3.535907808327465318e-06 4.840012115892022848e-05 1.812662844713486265e-06 9.910535216331481934e-01 3.999027982354164124e-02 1.974642218556255102e-04 7.221513390541076660e-01 1.065525520971277729e-05 4.660497903823852539e-01 2.683039009571075439e-02 8.883137638804328162e-07 3.915332854376174510e-06 2.697054147720336914e-01 3.165263310074806213e-02 1.157421793323010206e-04 7.568706496385857463e-05
1.321214284644156578e-07 2.709012181245640249e-11 4.666210529080672131e-09 9.999862909317016602e-01 1.822237846726970645e-11 1.892589731141924858e-03 1.849506043072324246e-05 3.670798605526215397e-06 3.037611937158068987e-13 6.799548864364624023e-01 4.343824280135718458e-20 1.285443756646187374e-12 1.738341893542383332e-06 5.643852546199923381e-06 9.629255533218383789e-01 1.808394254655676381e-12 7.793194527039304376e-05 2.282860950799658895e-04 1.496966642317960642e-18
5.397019162416312466e-14 8.478404068222589185e-14 1.779571347633054011e-18 1.128307303588371724e-06 3.722181318721595744e-08 1.821587325423479342e-08 9.999995231628417969e-01 7.318568862046959111e-09 4.541404141633620384e-09 1.882003925857134163e-05 2.060059401158200750e-18 3.213208856323035434e-06 5.135505944053875282e-06 2.663237130828832733e-10 7.466458100680029020e-06 1.830133669500355609e-06 6.065819761715829372e-04 8.842726550994939316e-09 3.438864644433881068e-12
3.954053195975859580e-10 1.029542784358739027e-09 5.835569805157092560e-10 9.851922988891601562e-01 1.390207671203569362e-10 1.384423409245272296e-10 1.900071352720260620e-01 1.308041275478899479e-03 1.798218379756022500e-10 2.394231614744057879e-06 5.266756104216265433e-16 3.311164883945671988e-11 6.601648692594608292e-06 7.700968417339026928e-04 1.230773422867059708e-02 2.734599746645471896e-08 9.997792840003967285e-01 6.955879507586359978e-04 1.811135009327502488e-12
3.556043608114123344e-03 8.698099918547086418e-06 9.570014919413338816e-11 7.598864031024277210e-04 2.988706526707574085e-08 5.667448021995369345e-07 1.774833322087943088e-06 9.892799425870180130e-04 1.722599168342553444e-12 9.999997615814208984e-01 2.945620858341158055e-09 6.026307120919227600e-02 4.981404636055231094e-03 4.246273332952910096e-10 2.874829263532774348e-09 5.339495255611836910e-04 2.348607921476286720e-07 7.724791794316843152e-05 8.877965203268889383e-12
8.128179237246513367e-03 2.731230854988098145e-02 5.853756447322666645e-04 4.644327983260154724e-02 1.045482419431209564e-02 1.598737202584743500e-03 3.576630353927612305e-01 3.040540218353271484e-01 2.523687202483415604e-03 9.054614901542663574e-01 3.408880438655614853e-03 5.270497202873229980e-01 8.479729294776916504e-02 8.479175157845020294e-03 6.501623429358005524e-03 3.264093995094299316e-01 1.479897350072860718e-01 6.469660997390747070e-02 1.009005587548017502e-03
1.051304944367210730e-25 5.808008139191068721e-18 2.724887537341697742e-28 5.976183470300143607e-20 9.641695967512405627e-17 6.967987423671554607e-22 1.000000000000000000e+00 4.334641289460705593e-06 1.476998319656364078e-13 3.574801087379455566e-01 1.215624007822470056e-18 4.337363317608833313e-02 4.962980256095761433e-06 1.450266525862099966e-20 1.284831831530520792e-18 3.864285722374916077e-02 6.835556268924847245e-05 5.450177594933276748e-15 9.345097666622198540e-15
1.244240662243026666e-14 1.274532701600605833e-09 6.401027568810441386e-19 2.962867995393025922e-07 3.210137433651283345e-10 4.033397971170415985e-08 1.000000000000000000e+00 4.120552163366930642e-11 1.567474007606506348e-02 2.563533568162115230e-16 3.794728948929536327e-14 6.285820822182763834e-12 1.266386995268931059e-11 3.703803813550621271e-04 9.031214867718517780e-04 1.663832127629660818e-10 1.520117075415328145e-05 4.344745363482616085e-08 6.957112645977758802e-07
1.197556108699575803e-22 1.571139046898238265e-16 1.502129119535911528e-22 2.682473576598454201e-09 1.008935565946316153e-15 5.720422358024279674e-09 1.000000000000000000e+00 1.376774128730717806e-13 3.872527304338291287e-05 1.604214208263594993e-21 4.693115278712362152e-23 8.095389180388029771e-20 3.091601478402879188e-14 1.578347291797399521e-04 4.518745467066764832e-03 1.116819611339254625e-15 8.313454600283876061e-05 1.987282838289416986e-10 6.777874268781847178e-12
8.622602957163161275e-14 2.231871236218693766e-13 5.133535159318803102e-17 3.967489756178110838e-04 4.505452455560998715e-09 9.752444624900817871e-01 9.992455244064331055e-01 7.616216007476014904e-14 8.687601803103461862e-05 6.422606146732050963e-17 2.122750227480289905e-22 5.780580319003912919e-17 1.005732389730562559e-12 3.687408707264694385e-06 2.095001563429832458e-02 4.165349570253371048e-14 3.330735125928185880e-06 4.522036078924429603e-08 7.957139287750880641e-12
7.472107245121151209e-05 1.168455412425828399e-07 2.846688995639112818e-10 5.517949350178241730e-03 3.205771790817379951e-04 5.476672053337097168e-01 3.538598120212554932e-02 3.097947228525299579e-06 1.432943918189266697e-06 9.951392412185668945e-01 2.694665150737574066e-11 2.184254815801978111e-03 7.101700757630169392e-04 3.877014709274817506e-09 1.167265465483069420e-03 3.338016904308460653e-05 1.403595888405106962e-05 1.829385655582882464e-05 7.651515865347846557e-09
1.001620386631429938e-08 5.850716022770541258e-10 8.516163468863524599e-11 1.146646318375132978e-04 8.404058782218726265e-09 9.999995231628417969e-01 8.250460155068140011e-07 2.331235871011472227e-09 1.341617371508618817e-05 1.627907124657212989e-07 2.473078390329236462e-16 3.260485956745051705e-13 2.513802499493067444e-08 4.442399222170934081e-05 9.960811734199523926e-01 1.991138373971801379e-13 1.335094225396460388e-06 1.658228211454115808e-05 3.572427909048769834e-10
4.577944491757079959e-05 5.747917697362936451e-09 3.785790257671006742e-12 1.118880882859230042e-01 1.111182427848689258e-05 4.321037232875823975e-02 4.341186024248600006e-03 9.143676606981898658e-07 3.905463508147022367e-09 9.999662637710571289e-01 2.274029489018891681e-13 1.284142490476369858e-03 2.135028626071289182e-04 4.800600195142834536e-11 3.020349249709397554e-04 3.860683136736042798e-06 2.551369789216550998e-06 1.370004497402987909e-06 7.154876083964589739e-12
1.536310883238911629e-04 9.993228786697727628e-07 5.191461696085752919e-07 9.983561635017395020e-01 4.599816384143196046e-05 7.995690248208120465e-05 4.995574653148651123e-01 2.115968527505174279e-04 8.229445484175812453e-06 9.515911187918391079e-07 2.808306191759424308e-11 1.719910436293048406e-08 4.653612995753064752e-05 8.358274353668093681e-04 4.247928261756896973e-01 2.361006323781111860e-07 5.455963611602783203e-01 1.317338410444790497e-05 1.136409899515911093e-08
8.425391861237585545e-04 5.668481753673404455e-05 3.031953854648605784e-11 3.024340244905943109e-08 4.744121906696818769e-05 3.752484190044924617e-07 9.997137188911437988e-01 1.379140535107126198e-08 8.185008168220520020e-01 7.033786886267989757e-08 3.062267296627396718e-06 1.715555973351001740e-02 1.529866580085581518e-07 1.214367273405514425e-08 3.937436758860712871e-07 4.644481123250443488e-06 5.131153156980872154e-04 9.667796803114470094e-06 7.146976590156555176e-01
3.242471441626548767e-02 2.854376565665006638e-03 6.852290823644580087e-08 4.154182079219026491e-06 1.336239464581012726e-02 2.156740492864628322e-06 9.983293414115905762e-01 1.619971953914500773e-05 4.654330611228942871e-01 6.045636837370693684e-06 5.977961118333041668e-04 2.416621148586273193e-01 3.094075946137309074e-04 2.389286692050518468e-06 2.899578976212069392e-05 1.594102708622813225e-03 2.004065550863742828e-02 3.354387081344611943e-05 2.581440806388854980e-01
1.470493990927934647e-02 3.932028747044569172e-08 1.327583740639778909e-13 2.754685192485339940e-05 9.901202917098999023e-01 9.120113553251485428e-10 9.671472907066345215e-01 1.441501362720032375e-10 1.528855063952505589e-04 3.213516208688815823e-08 2.336643378786362746e-10 9.863719344139099121e-01 1.645413334472323186e-07 4.051184301218091477e-12 9.143238943742915126e-11 8.300615847110748291e-02 3.962226401199586689e-05 4.615669411123235477e-07 3.485911292955279350e-08
1.610680629371212639e-17 2.790390141171883442e-09 1.544513416904860556e-20 1.007495822880066783e-10 3.458486101670654733e-12 1.564607000124254018e-17 1.000000000000000000e+00 3.381154245474249365e-09 3.340537846088409424e-02 2.568907992212443765e-16 8.424934638817660471e-10 2.809487531507670610e-09 4.872789394205767621e-10 6.177613158797612414e-07 2.116825498887919821e-06 5.144143955249091960e-08 5.381904169917106628e-02 1.141743144472684435e-09 1.014831468637567014e-05
4.049523340654559433e-06 2.070198734660522177e-10 1.090957725852069467e-21 1.724678512255318347e-14 2.219763211905956268e-02 6.441476041799121255e-13 9.999992847442626953e-01 1.924852726482243620e-16 6.668719053268432617e-01 3.388472973888355388e-14 1.279766223549749782e-11 7.646486759185791016e-01 2.088466205529826425e-10 6.373695287984035458e-17 5.351067625027766672e-14 1.284308109461562708e-05 4.819001375722109515e-08 7.608920438162414257e-12 8.131841314025223255e-04
5.952489664196036756e-05 7.840448021888732910e-01 1.321533545706188306e-05 5.525100044906139374e-03 2.378959652560297400e-05 1.103494223207235336e-02 9.514988660812377930e-01 2.114300243556499481e-02 8.356584236025810242e-03 1.576166687300428748e-04 4.007901952718384564e-05 6.132289854576811194e-05 2.159185241907835007e-04 9.118722081184387207e-01 5.278630851535126567e-05 5.764334346167743206e-04 7.648676401004195213e-04 1.148392620962113142e-04 2.444042911520227790e-05
3.800462522463021742e-08 9.819980263710021973e-01 9.000147155324711434e-11 1.757192658260464668e-04 6.601710497711188452e-12 1.566215796628966928e-04 9.919235110282897949e-01 1.944156538229435682e-04 2.776202563836704940e-05 1.411003779094865962e-11 7.358011977487421973e-09 6.194707290532730504e-13 1.622790568589493887e-09 9.999213218688964844e-01 5.285916149233571559e-09 1.207007271908366874e-09 2.728371555349440314e-07 1.967083278486825293e-07 2.185281400279848185e-10
2.852850222723191109e-08 5.783330834674416110e-06 6.102786720418862387e-09 4.971266207576263696e-07 1.312138738285284489e-05 2.872895896434783936e-01 9.930914640426635742e-01 1.099314346220126026e-07 3.858614563941955566e-01 8.436986576043636887e-08 3.711049689769652105e-09 5.214980319578899071e-06 5.752076503995340317e-07 5.522951323655433953e-05 1.342021569143980742e-04 1.263142439711373299e-05 2.881713407987263054e-05 9.918502764776349068e-04 2.351239696145057678e-02
3.567665979830407005e-30 1.012816898432103772e-26 1.493276838987959553e-25 9.999110698699951172e-01 2.599041407314304379e-23 3.354691899933877844e-33 1.000000000000000000e+00 1.270488976610334442e-13 1.138508418439717462e-22 3.906325310861259177e-25 0.000000000000000000e+00 6.190071961538332077e-26 8.641940465239092775e-16 3.687651854884788083e-13 1.102181235168586682e-09 6.116393479260025733e-18 9.999998807907104492e-01 4.167623904448769788e-21 5.110041513975973177e-28
1.547058879589643769e-15 5.451856956335821014e-13 3.542623795035847489e-19 1.838650121044338448e-07 7.149623115765280090e-07 4.288366028655597045e-15 1.000000000000000000e+00 1.052783381305655297e-11 1.421149499947205186e-04 5.192565017761853301e-16 2.885932053227346916e-13 2.778262569336220622e-06 2.418638178625087676e-09 4.456615965153787329e-09 3.493648910080082715e-05 2.767032356132403947e-06 2.527679502964019775e-02 5.553522086643170041e-10 5.817805259766828385e-08
1.000000000000000000e+00 1.797726750373840332e-02 4.482647586456778299e-11 3.560198820196092129e-05 9.528816938400268555e-01 8.744780005914658261e-15 8.302615024149417877e-03 2.792652367133996449e-07 6.356696835574382476e-10 1.852319408968128300e-10 7.540633673031038597e-10 8.372528553009033203e-01 5.171076190890744328e-05 8.438668652743785970e-10 5.455562395137209149e-16 5.148005220689810812e-05 1.033055099242119468e-07 1.476979996639649073e-11 1.766629204036362921e-10
5.329428071983611116e-16 8.003726905642070614e-21 5.430944294652149286e-28 4.132221645818134372e-16 8.645990490913391113e-01 1.000000000000000000e+00 4.718811833299696445e-04 6.979681545062205199e-25 9.207815164700150490e-04 6.857191259257433558e-09 3.705720016445577148e-26 1.338233996648341417e-04 3.103818827524191040e-15 1.991711871982258196e-24 5.807672820850255037e-19 6.349550858431030065e-06 4.108755656805638048e-15 6.872385993617058375e-11 5.723171502686197343e-13
8.824199509115115969e-15 3.497853161369297712e-19 4.132263270874400270e-26 2.619296711695181211e-15 8.496756553649902344e-01 9.999974966049194336e-01 3.588787745684385300e-03 3.572815158360338831e-22 6.014193641021847725e-04 3.413425702092354186e-07 1.222661985661469010e-23 2.179407048970460892e-03 2.103690892275508761e-13 5.336407365548578560e-23 9.397060444636175393e-18 6.849160854471847415e-05 7.757534984395922373e-14 2.618034677936975640e-10 3.398295317022514972e-12
2.903677732285503410e-13 1.188711148925659141e-17 1.399047576422632710e-24 1.930114922055192750e-11 7.941215634346008301e-01 6.133515387773513794e-02 9.980931878089904785e-01 1.202689268261704722e-20 9.088019281625747681e-02 9.434282348397271534e-12 1.100388158368606514e-19 1.508374512195587158e-02 3.213728924904984963e-13 2.969597527617034642e-19 1.093549621515588210e-13 5.158659405424259603e-05 1.965905736811546234e-11 5.401924685344283716e-09 4.077553850123649681e-10
1.605549582173182444e-09 3.185347452472342411e-08 2.038171805907040834e-05 7.726925015449523926e-01 5.601217978323802527e-08 2.449840621920884587e-06 9.976375102996826172e-01 6.601234781555831432e-05 5.221872925176285207e-06 2.573163904173725314e-09 2.159155829389164394e-13 3.583064747680886342e-11 9.595278243068605661e-06 3.302056342363357544e-03 9.507363289594650269e-02 4.429364253155654296e-08 7.837243080139160156e-01 3.575916480258456431e-06 9.542301171450162656e-09
2.080199192278087139e-04 3.901561722159385681e-04 3.596591469090526516e-09 4.877280071377754211e-02 2.271068224217742682e-04 9.999448060989379883e-01 3.706147253978997469e-04 6.765145030840358231e-07 7.429120014421641827e-04 1.123661377278040163e-07 5.384463014346252407e-11 2.295574841326697424e-09 1.888730594146181829e-06 3.354318672791123390e-03 3.291931643616408110e-04 5.231295574503747048e-08 5.020352546125650406e-06 1.215163865708746016e-04 8.585374189351568930e-07
1.542556707367914726e-11 7.455796535715819573e-10 5.234086818475813807e-13 5.343730232615362397e-12 3.667033524834550917e-05 1.000000000000000000e+00 3.975183293647432947e-09 5.931653277358147681e-17 1.033211941830813885e-03 3.170952042608199406e-11 6.072192643788554281e-20 4.479944193391816043e-12 1.794930523657534138e-12 1.444939445871540329e-10 3.415450322563629015e-08 4.316037111040671448e-11 5.267680822790277162e-12 8.701568532387682353e-08 7.674531843804288656e-06
1.121355186484152000e-08 4.757469418414927986e-10 6.403971797297458579e-11 1.000000000000000000e+00 2.359387352157682471e-08 1.536876936825137818e-07 8.096521720290184021e-03 4.000887656729901209e-06 6.544063957392154407e-09 1.560839679726200302e-09 1.140188444680084144e-18 5.142730363705738574e-16 1.549264680988926557e-07 2.489364851498976350e-05 3.981912508606910706e-03 4.279444507093721484e-11 1.392690688371658325e-01 1.095594193145643658e-08 1.098180926620631603e-14
1.669714041054248810e-02 2.131627639755606651e-03 2.153201876353705302e-06 9.763391017913818359e-01 4.424887709319591522e-03 9.364169239997863770e-01 2.793955616652965546e-03 1.903664960991591215e-04 3.154256846755743027e-03 2.196517561969812959e-05 1.090982024720688059e-07 1.149513764175935648e-06 4.785380442626774311e-04 1.110832393169403076e-02 6.339916493743658066e-03 2.464957105985376984e-05 5.125653697177767754e-04 2.376331249251961708e-03 5.237004734226502478e-05
4.062474445731822925e-08 7.415851399628081708e-08 7.773954223411205788e-12 9.999972581863403320e-01 2.995392947013897356e-07 4.276686922821681947e-06 3.725880384445190430e-01 1.074916895049682353e-06 3.670116257126210257e-06 2.981216939978992286e-10 2.463155928747744368e-15 1.889627506117957934e-14 6.715092837339398102e-08 3.565664228517562151e-04 2.560590626671910286e-03 5.247539625052866086e-10 7.264727260917425156e-03 3.990384023211390740e-09 1.378854235650761595e-11
2.735325507763342046e-11 4.246349806339994731e-16 1.710023124360705107e-22 9.450874927097174805e-07 5.339919328689575195e-01 2.981023761172707509e-10 9.999983310699462891e-01 2.024613884729690961e-16 1.058604721038136631e-05 2.917283927449110248e-13 1.798309780241947454e-19 1.838549226522445679e-02 9.291122038401766758e-11 1.330040885810974700e-15 6.898682181066817520e-10 2.413142501609399915e-04 6.577420776920916978e-07 3.185818553408381604e-10 2.320965685267961653e-12
4.881157122511499960e-19 2.043957503354243513e-18 6.558999403899657754e-27 9.994051593242847531e-12 1.183658750960603356e-04 5.079954469230929526e-13 1.000000000000000000e+00 3.939050620589768848e-18 3.195021463398006745e-06 5.909116774656364944e-16 2.845847850622635171e-21 1.106781710404902697e-04 2.163680346001228827e-11 1.780537502860322072e-16 1.364631758288270547e-11 2.297697392350528389e-05 2.640534546571871033e-08 1.116908757321788404e-12 2.973364555871466086e-13
1.786344127214887721e-27 6.797842238674073546e-18 8.944606658931552413e-24 1.899593145203936316e-15 1.282106761930261810e-15 5.705451133220658991e-20 1.000000000000000000e+00 3.038113163822409035e-11 8.612436940893530846e-04 2.286463532461517232e-17 8.703072288880313724e-17 2.081199795833654775e-11 1.823257517186149812e-10 2.126949727454530148e-10 9.825489755144189985e-09 5.144045545080189186e-08 1.209300011396408081e-03 2.342139329702952466e-11 1.781002234579887045e-09
3.962168050250514106e-14 9.366890807915514983e-14 7.247304970585705497e-21 3.337512737289216602e-07 1.157054284703917801e-04 1.306605918216519058e-05 9.999998807907104492e-01 9.282348195340179089e-16 5.889071151614189148e-02 2.326888444567024733e-15 9.138712583309531109e-17 1.976732448838447453e-07 5.422324481779705607e-12 7.111251032476673117e-10 5.863753813173389062e-06 4.795880954588938039e-07 4.082382432102349412e-08 6.193906898488421575e-08 8.897337977487040916e-09
1.843597942752239760e-06 1.915299888903109621e-14 2.466256868759520700e-24 1.001009309220535215e-06 9.984783530235290527e-01 8.167150983284798826e-12 9.999496936798095703e-01 1.319229646165049744e-19 1.469967365264892578e-01 2.168963783762890732e-16 1.899815110187764305e-14 6.793677806854248047e-01 3.568498307179174267e-14 2.997416004527983925e-17 7.032284043279046770e-12 1.030830666422843933e-03 2.714333291464754438e-08 7.992984607518849316e-10 8.250159666545187065e-09
4.339441659340081969e-07 6.843027121512801347e-13 1.559109741788601147e-22 2.208660587754707194e-09 9.206809997558593750e-01 9.879705054061105329e-09 9.999572038650512695e-01 2.360437632897644455e-18 9.003522396087646484e-01 1.057082210393495147e-13 3.105545063730036359e-13 7.800236344337463379e-01 1.050313915701428513e-12 1.685894673545556850e-16 6.119294307382894260e-12 1.263354788534343243e-04 2.824079414764923968e-09 4.861799851596515509e-09 2.070931259368080646e-06
2.345469063413929689e-08 3.249526116633205675e-06 3.770114531471328943e-17 1.000000000000000000e+00 5.214473276282660663e-06 3.018051845764258001e-13 9.374378323554992676e-01 6.792301388003352258e-09 2.829958248184993863e-05 1.331393112077861041e-12 1.441027592391508350e-11 8.227027999824221283e-13 8.394185901927642135e-10 5.283072096062824130e-05 8.584946975531693170e-09 1.229811203984354506e-07 7.202828419394791126e-05 1.330304630694926007e-15 2.273966605292887522e-11
3.780522206398018170e-08 2.983715094160288572e-04 1.009536641701511486e-14 1.000000000000000000e+00 7.212767627606808674e-08 6.645418265151248338e-13 3.579069674015045166e-01 9.273507544094172772e-07 7.318319603655254468e-07 1.036163082418495307e-11 1.935117170670519471e-11 8.850021308512163315e-15 6.283600750833784332e-09 4.803496226668357849e-02 1.411877392776261786e-09 1.719474163053291704e-08 3.211108196410350502e-05 1.881585605910136155e-14 4.697619029880861774e-12
2.260029077660874464e-06 2.486707307980395854e-05 2.867144281114712032e-18 1.000000000000000000e+00 7.853320566937327385e-04 4.631080675193688378e-13 8.109354376792907715e-01 9.974294723491539116e-10 2.608473005238920450e-05 4.880581702670916400e-11 1.404000388172121916e-10 1.240284541736969004e-09 1.494388945921798495e-09 2.018990744545590132e-05 3.249768509849815246e-10 1.531900488771498203e-05 4.681395239458652213e-06 5.172636450095327749e-16 4.599044062247870102e-11
8.595883846282958984e-01 6.737856194376945496e-03 2.881258978959522210e-06 2.671671211719512939e-01 8.250712156295776367e-01 3.815277523244731128e-05 5.162572264671325684e-01 3.197143669240176678e-04 2.069530310109257698e-03 2.325145178474485874e-04 1.261805446119979024e-04 5.657159090042114258e-01 1.587922801263630390e-03 7.141676906030625105e-05 2.089980407617986202e-04 6.089938059449195862e-02 2.700045146048069000e-02 2.436002250760793686e-04 1.014746012515388429e-04
1.134192189056193456e-05 8.263880590675398707e-05 1.031324092792829106e-08 9.530491232872009277e-01 1.869774860097095370e-04 4.245050877216272056e-05 9.224954247474670410e-01 3.095435968134552240e-04 1.864729129010811448e-04 2.375507261604070663e-03 3.927492553401634723e-09 2.449797284498345107e-05 4.960428341291844845e-04 1.493412302806973457e-03 2.413837239146232605e-03 2.002430119318887591e-04 1.425774116069078445e-02 2.797375373120303266e-06 2.047825944373471430e-07
1.149734907812671736e-05 1.009544866974465549e-04 2.079428407242289722e-09 1.548089358038851060e-06 2.545349416323006153e-04 2.309939873157418333e-06 8.884072899818420410e-01 1.906857453286647797e-02 9.522413165541365743e-05 9.221015572547912598e-01 1.488126417825696990e-05 7.793910503387451172e-01 4.572216793894767761e-02 3.473181564572769275e-08 1.476299757996457629e-07 2.377195656299591064e-01 4.030239768326282501e-03 7.195345096988603473e-05 4.294359678169712424e-05
2.956270327558740973e-05 2.142357118373183766e-07 3.485159426677708616e-12 6.513019798148889095e-06 3.219043520630293642e-08 1.089960761646580067e-07 4.185601937933824956e-06 4.238726396579295397e-04 2.152064550869914328e-12 1.000000000000000000e+00 8.094070969022482132e-10 1.700047552585601807e-01 3.047015925403684378e-04 2.100541615646100979e-11 6.282183662165152782e-10 3.804559353739023209e-03 3.531798711264855228e-07 2.702467827475629747e-05 3.198648485837340960e-13
3.347671590745449066e-04 2.574047073267138330e-07 2.385288494499704370e-11 9.607095989849767648e-07 1.482353084725218650e-08 9.170372017308636714e-09 2.126057324858265929e-06 3.924256598111242056e-04 4.159278444663266905e-13 9.999998807907104492e-01 7.838147908501014172e-10 1.733586192131042480e-01 3.668451216071844101e-03 2.300239209176990762e-12 1.600780792643252681e-11 3.080666530877351761e-03 3.936095893664059986e-08 4.597737643052823842e-05 1.017110224169059940e-12
3.795518750848714262e-06 2.747244431944295684e-09 4.509711407882669928e-15 1.290178914814532618e-07 1.998278764681060693e-10 6.462850254962404506e-10 9.500245568005993846e-08 5.038290692027658224e-05 6.595215050119124321e-16 1.000000000000000000e+00 2.787800155654163170e-12 1.137682124972343445e-01 7.090342114679515362e-05 1.068323015229917516e-14 6.064957021843786489e-13 8.652023971080780029e-04 3.243404433916907692e-09 2.293417765031335875e-06 1.624311407813228960e-16
2.616378522255630168e-13 1.036702668155697893e-11 8.906367475410736272e-17 5.143101500237889923e-09 1.800987956812605262e-05 5.873760642316483427e-07 9.999998807907104492e-01 2.616719124368116489e-12 6.795283555984497070e-01 9.063883324444965695e-12 1.320309313268541729e-12 3.101442416664212942e-05 9.324537808552690876e-10 2.886785699374172509e-09 1.958591838047141209e-06 2.896212936320807785e-05 1.111875576498277951e-06 4.934706339554395527e-06 1.545370651001576334e-05
7.293836541688580866e-12 2.900975019557404389e-14 5.695836047172653685e-21 3.063296838412554735e-11 1.016326062381267548e-02 1.568301208317279816e-02 9.998086094856262207e-01 7.906023239744147991e-19 8.137665390968322754e-01 1.172217271167008690e-12 3.029788214108614195e-17 7.144759292714297771e-04 2.961122558091389134e-13 4.149393756516057616e-15 2.204135485239788750e-10 1.052786956279305741e-06 1.995277693067620817e-10 9.195825612096086843e-08 3.455814294284209609e-06
6.668463524428513978e-13 3.013830938286554684e-12 2.796459158327575280e-16 6.123702100957473249e-10 2.631637289596255869e-05 3.166554088238626719e-04 9.999964237213134766e-01 1.340271887613833646e-13 7.546470165252685547e-01 1.387420300175135068e-11 4.262355510317901441e-14 1.398732092638965696e-05 1.104603006285564959e-10 2.003587296073305879e-10 3.153827208279835759e-07 3.145502660117927007e-06 9.086473085062607424e-08 5.165079073776723817e-06 4.584244015859439969e-05
3.908947771922156099e-33 2.401315706652092583e-26 3.284066965067406447e-31 1.675994870095403808e-15 3.028370877045170591e-22 2.012103272336412237e-30 1.000000000000000000e+00 6.317736611638480326e-11 6.617666584828385610e-17 7.385469526034396789e-17 1.136742955152514984e-28 1.053521487171145410e-13 1.476929342714150550e-11 1.052201055980000154e-15 9.236765866060814290e-12 4.948889562039759937e-11 9.999445676803588867e-01 1.556386148324457008e-17 2.680425628623729648e-18
6.937844800369913585e-33 6.475438696216539875e-28 3.018333301527299146e-32 1.511217691783917072e-12 1.125571276298935638e-21 7.547877908692068152e-31 1.000000000000000000e+00 7.143090914769889554e-13 2.998716611624374021e-19 2.049046706223581874e-19 3.810365305532429589e-33 5.845715299763196496e-15 1.160373988735863282e-12 2.287441590817799932e-16 3.062741726900242156e-11 9.772073558331206833e-13 9.999796152114868164e-01 6.033727840576043514e-19 3.634289510982401839e-21
8.327720374233797335e-32 1.487447888751755143e-27 2.028843816524890664e-30 5.341959166682563875e-11 6.603477139909760911e-22 8.304028755790714459e-31 1.000000000000000000e+00 3.102114398689792552e-11 1.516421232391566012e-19 1.286146821229811654e-17 1.062428956490705455e-31 9.373016719596647534e-15 5.716189782796476937e-13 8.641347012780422731e-16 5.093542948531037950e-11 9.641057917286754986e-12 9.999997615814208984e-01 2.733659870920345436e-16 3.708276535469365349e-20
1.720173507928848267e-01 2.755533158779144287e-01 1.080913692712783813e-01 2.140743136405944824e-01 4.721495881676673889e-02 3.817623481154441833e-02 5.074881315231323242e-01 4.522165656089782715e-01 9.700277447700500488e-02 2.045549303293228149e-01 4.638856276869773865e-02 1.699843257665634155e-01 3.037417232990264893e-01 2.943503260612487793e-01 1.638706177473068237e-01 1.604593098163604736e-01 2.727933526039123535e-01 4.283894896507263184e-01 4.901248216629028320e-02
6.617046892642974854e-04 2.558022271841764450e-03 4.001927445642650127e-04 9.301773309707641602e-01 2.167345082852989435e-04 1.619928865693509579e-03 1.107531711459159851e-01 1.480789929628372192e-01 7.318997813854366541e-05 9.375993162393569946e-03 9.966237257685861550e-07 4.744502075482159853e-05 1.006383914500474930e-02 2.061392664909362793e-01 4.604058861732482910e-01 5.272680427879095078e-04 6.034961938858032227e-01 7.657370567321777344e-01 5.429706561699276790e-06
1.154727339744567871e-01 1.447480469942092896e-01 1.291773319244384766e-01 1.347403377294540405e-01 1.597675830125808716e-01 7.531391382217407227e-01 2.700694799423217773e-01 1.209555193781852722e-01 2.731512188911437988e-01 1.227001100778579712e-01 2.679876051843166351e-02 9.791234135627746582e-02 1.387735456228256226e-01 1.414421796798706055e-01 3.163993358612060547e-01 7.550124078989028931e-02 1.267133355140686035e-01 1.635942757129669189e-01 1.610691994428634644e-01
2.310691904483519465e-08 8.920984555516042747e-07 1.632464829981472576e-08 9.710823069326579571e-04 3.794653821387328207e-06 8.109298534691333771e-03 9.998316764831542969e-01 9.173809303320012987e-06 1.029898785054683685e-02 2.068827065215828043e-08 8.329338885282311367e-10 4.733010072754950670e-08 6.738302545272745192e-06 2.529810555279254913e-02 1.748019605875015259e-01 9.043314435075444635e-07 1.158122625201940536e-02 1.812336122384294868e-04 2.270714503538329154e-05
3.300293610664084554e-05 4.280992470739874989e-06 1.253579995363907074e-08 1.534884721040725708e-01 6.222240626811981201e-02 3.049349470529705286e-04 9.934819340705871582e-01 1.844209873524960130e-05 2.295669866725802422e-03 9.225162648363038898e-05 4.173760714820673456e-08 1.224170718342065811e-02 3.838648262899369001e-04 2.798979767248965800e-05 3.029549727216362953e-03 9.157258085906505585e-03 1.511868182569742203e-02 3.117901505902409554e-04 8.370398063561879098e-06
9.401284623891115189e-04 9.820522665977478027e-01 1.110316266011990294e-11 1.000000000000000000e+00 2.067984811171541537e-10 2.411893230082118094e-17 2.149951860985765961e-08 9.166183881461620331e-04 4.408534844345470851e-17 1.128576873339441622e-13 1.012616032691759926e-11 1.458107794043072224e-16 3.494403433279558158e-09 9.999918937683105469e-01 3.112640252153370951e-15 4.298232880728392047e-08 3.972687734332680520e-10 3.448535207395408975e-11 2.801315965837792633e-17
3.248372580856084824e-03 4.418613389134407043e-02 9.999940395355224609e-01 4.754230380058288574e-02 5.254866555333137512e-04 1.975324121303856373e-04 7.947660684585571289e-01 3.713559210300445557e-01 2.602687291800975800e-02 1.037717214785516262e-03 2.719650547078344971e-05 1.502104714745655656e-04 2.129166759550571442e-02 1.308102756738662720e-01 2.125641144812107086e-02 1.911302097141742706e-02 5.847304463386535645e-01 1.282509998418390751e-03 1.183794997632503510e-02
2.508030892342527629e-12 9.220967359894333137e-14 3.613225986762721207e-19 6.828494036881238571e-08 3.883808851242065430e-02 1.336877721769269556e-05 9.999988079071044922e-01 1.037287982152404128e-15 5.208416581153869629e-01 6.313345571155870584e-13 1.551643064251831405e-14 1.669559977017343044e-03 4.003820539000280121e-11 3.161589913480700176e-12 1.133119411633742857e-07 1.335437264060601592e-04 5.365627941955608549e-08 1.300279677707294468e-06 1.107049101278789749e-07
