4.806644630894177286e-16 1.394132036105621281e-14 2.057876967830040842e-17 4.767679797623713966e-07 1.093516388550597185e-09 2.397838126514707791e-14 9.999691247940063477e-01 2.490583028702531010e-05 5.466197373210635035e-12 3.214523494243621826e-01 1.983191061933199488e-16 5.564205721020698547e-02 1.689019200057373382e-06 8.540543272594902646e-12 2.367709406314588705e-08 1.023454591631889343e-02 7.724571973085403442e-02 6.301793291640933603e-07 2.498352002708315034e-13
1.183630526924162041e-08 2.619389594116228182e-09 4.286180410417728126e-05 3.982645324640543549e-08 4.538391367532312870e-04 6.862840851162843592e-10 5.446609258651733398e-01 3.726974129676818848e-03 3.008052251729509408e-09 9.945941567420959473e-01 6.157723636546208468e-11 9.924741387367248535e-01 1.392999314703047276e-03 2.459045467251286254e-10 8.998259082293458277e-11 7.029815316200256348e-01 2.737579343374818563e-04 2.902065716625656933e-06 2.421822187237410162e-10
1.229926478117704391e-03 3.353836985908742463e-09 1.055825457445258575e-12 3.121406733989715576e-01 9.644379615783691406e-01 6.830822130154956540e-09 9.646490216255187988e-01 1.889430611967668483e-09 9.332841727882623672e-06 4.416702026333041431e-08 4.107440082501412348e-11 7.961956858634948730e-01 1.913539051656698575e-07 4.189397162512875639e-10 1.211490143759874627e-06 5.816324800252914429e-02 7.209992501884698868e-03 1.973529288079589605e-05 1.995507092900083990e-09
9.966005682945251465e-01 1.601516851224005222e-03 5.380410561528492508e-10 1.000000000000000000e+00 1.090652272105216980e-01 3.817560711993905898e-10 3.104131110376329161e-06 3.109579893134650774e-06 3.321325159344468148e-10 1.318460704169410747e-06 3.453218377913458426e-09 5.497069196280790493e-06 2.124092425219714642e-04 4.601536784321069717e-04 1.306727313021838199e-07 3.416528052184730768e-04 3.918016591342166066e-05 4.958323973625056169e-09 2.517297759130343593e-10
1.331485062837600708e-02 3.278543939813971519e-03 3.398275002837181091e-03 5.526386499404907227e-01 3.594288602471351624e-02 9.863710999488830566e-01 2.122536860406398773e-02 1.525041065178811550e-03 4.925660043954849243e-02 3.435748512856662273e-04 7.438094598910538480e-06 8.885609713615849614e-05 3.841819474473595619e-03 2.161613479256629944e-02 8.734624087810516357e-02 6.587693351320922375e-04 1.641509309411048889e-02 4.062392190098762512e-02 7.483274093829095364e-04
9.317755699157714844e-03 3.174690157175064087e-02 7.115492820739746094e-01 4.915256500244140625e-01 7.155173458158969879e-03 2.993823494762182236e-03 3.752924501895904541e-01 2.966029942035675049e-01 4.887802992016077042e-03 2.812513522803783417e-02 4.783193871844559908e-04 4.618474282324314117e-03 9.266286343336105347e-02 2.608979940414428711e-01 2.076622545719146729e-01 2.308833785355091095e-02 7.630331516265869141e-01 3.507119417190551758e-01 5.385793745517730713e-03
9.954203963279724121e-01 3.239814937114715576e-01 9.361957907676696777e-01 1.006893739104270935e-01 3.195303678512573242e-01 1.189567228720989078e-05 4.615103453397750854e-02 1.830022782087326050e-02 6.575877341674640775e-05 2.141160803148522973e-04 9.757850202731788158e-04 1.836811751127243042e-01 7.490849494934082031e-02 4.940607398748397827e-02 4.003538924735039473e-05 1.054297573864459991e-02 2.280811080709099770e-03 4.757520218845456839e-04 5.200704326853156090e-04
1.000000000000000000e+00 1.161092999524271363e-09 1.383374679009952131e-26 9.999998807907104492e-01 9.985985159873962402e-01 2.171141321989262432e-23 3.287538675067480654e-06 1.312434703814808129e-17 3.078471815323088413e-19 1.321339199065130049e-20 1.790532602273329745e-20 3.902101016137748957e-04 5.246237811036037757e-14 4.190047526336001388e-16 3.673717946909053293e-16 3.370215218012617697e-09 6.688322784498268447e-09 1.028447327493299875e-21 1.560460271658339519e-22
4.144865332032787730e-13 5.582759000177060031e-18 1.411023510483064457e-21 9.999475479125976562e-01 2.513055735731128948e-11 1.000000000000000000e+00 1.179392694616865356e-10 2.048479302716376890e-16 4.579406631677329642e-09 1.933394681524027590e-18 2.396523356114637638e-31 9.062609107692329533e-26 8.603295857570036204e-15 1.512986437524066474e-11 5.543919745832681656e-03 1.858863658152926887e-21 6.670970886801796951e-09 7.793818923573780921e-08 4.044229220415300545e-19
1.860008796831548461e-14 8.105029711933393886e-20 8.784382033783714334e-19 1.000000000000000000e+00 1.151266311016224675e-13 5.103571454334598911e-10 4.880993742517603096e-07 1.615124874121409704e-11 1.152542759359839262e-17 5.200017848906507076e-16 2.428184701360020848e-34 1.119940010833838411e-27 6.853699465597662410e-13 1.680771494205757222e-11 9.585155930835753679e-05 3.375316628753738219e-20 1.946830935776233673e-02 1.294636273185822972e-12 4.521931746141612069e-27
2.077716254253458850e-12 2.568965563983077456e-17 2.283498668991943415e-18 1.000000000000000000e+00 1.393930970650103518e-09 2.431160737614845857e-06 1.802081824280321598e-03 1.544743499781731089e-12 4.127639549600381486e-11 3.376972129937125949e-16 2.292240856844715919e-28 7.811221418754702290e-22 1.392900226583615453e-12 3.670659262655640021e-11 2.283664071001112461e-04 5.916063503615034275e-16 1.729953684844076633e-03 1.761011719477248438e-13 2.929015529777300258e-20
1.873568743467330933e-01 1.557848154334351420e-04 1.678900275692285504e-06 9.978224039077758789e-01 9.345382452011108398e-02 3.280225768685340881e-02 8.873554319143295288e-02 6.224838580237701535e-05 3.028304316103458405e-03 3.434026439208537340e-05 1.856754039408770041e-07 1.497138582635670900e-04 3.637233457993716002e-04 2.269223914481699467e-04 8.658991008996963501e-02 2.392678725300356746e-04 1.250223815441131592e-02 1.147864968515932560e-04 2.598410537757445127e-05
2.687920277821831405e-05 4.657507446381714544e-08 6.735635382781879343e-10 9.712046384811401367e-01 1.445461064577102661e-03 9.998574256896972656e-01 4.489542916417121887e-04 3.274622883964184439e-08 2.242893679067492485e-03 2.212802385770373803e-08 2.595710647292082118e-13 9.660708899517089776e-10 9.744845783643540926e-07 2.192564352299086750e-06 6.909185554832220078e-03 4.221944749360773130e-08 3.405651659704744816e-04 5.244970670901238918e-04 6.246250450203660876e-08
2.080820035189390182e-03 5.377570676083631707e-13 2.902180963525467487e-18 1.000000000000000000e+00 3.783840835094451904e-01 5.984367817291058600e-06 4.849581746384501457e-04 1.624709650941292410e-14 2.419414535381747555e-08 9.274717495746931384e-13 2.255258826276959620e-19 1.286150208557046426e-08 1.096567350811206154e-10 2.168756168575980414e-13 1.960784175025764853e-06 2.561792484812031034e-07 1.040816096065100282e-05 3.016568331931646085e-12 5.000467474445234595e-15
2.286037215526448563e-06 5.118860890718224255e-09 5.731598785944360883e-15 3.580973100270057330e-07 6.292941723273770549e-10 2.814443345044992384e-09 2.168969217564153951e-07 5.949062688159756362e-05 4.384221359164577198e-15 1.000000000000000000e+00 5.581892153355694219e-12 1.326720714569091797e-01 4.233101208228617907e-05 6.183749123650147950e-14 4.286476121967419672e-12 1.178062986582517624e-03 1.122701309697049510e-08 2.220136593678034842e-06 3.892212477933464218e-16
2.103015035390853882e-01 5.637028440833091736e-02 1.922865211963653564e-02 1.324934214353561401e-01 9.565871953964233398e-02 5.561198592185974121e-01 5.151346921920776367e-01 3.093900159001350403e-02 2.475239932537078857e-01 2.795981056988239288e-02 5.399271380156278610e-03 4.618624970316886902e-02 4.098543524742126465e-02 5.052192509174346924e-02 2.870907187461853027e-01 1.215771399438381195e-02 9.249193221330642700e-02 8.149897307157516479e-02 1.020256951451301575e-01
8.165595680475234985e-02 9.823509491980075836e-03 9.112835861742496490e-03 7.656219005584716797e-01 1.875654235482215881e-02 1.879024356603622437e-01 2.781535685062408447e-01 6.536573916673660278e-02 8.831730112433433533e-03 2.134018391370773315e-01 1.918718771776184440e-04 1.175366993993520737e-02 6.719226390123367310e-02 3.494890034198760986e-02 5.816184282302856445e-01 6.632995791733264923e-03 1.370275616645812988e-01 5.706994608044624329e-02 7.837468292564153671e-04
8.380734470847528428e-06 6.654677351704274546e-13 2.742996051699078321e-18 1.000000000000000000e+00 1.231729670515824271e-12 7.354513664736828105e-10 2.268727523555003067e-12 6.988380429895357793e-10 2.359124035804170750e-25 9.996341466903686523e-01 1.350120525365754856e-30 5.710299295452704246e-15 3.590877213355270214e-07 1.230047591560534670e-10 5.626353072329948191e-07 1.353183922336506639e-14 1.076932654164863834e-09 3.145941007698382919e-10 2.585848241159205100e-31
2.543079666793346405e-02 2.085795626044273376e-03 1.080589754565153271e-05 1.000000000000000000e+00 9.072959801414981484e-05 1.556606002850458026e-05 3.819360244960989803e-06 3.820285666733980179e-03 8.267908579995264517e-10 3.257546268287114799e-05 2.185627512307775078e-10 4.028258004939999637e-10 1.737598213367164135e-03 8.028237223625183105e-01 5.926713347434997559e-04 1.659329245740082115e-05 1.433576981071382761e-04 2.217466756701469421e-02 9.425136227037000936e-10
1.846427221607882529e-05 3.117803931695917186e-11 1.239386683773222305e-19 1.000000000000000000e+00 2.535353473831492011e-07 3.766796652371340315e-08 5.634751554239869620e-10 1.379987487129530344e-12 7.462154944523971545e-14 1.049916226956429041e-14 6.079803258573308876e-25 1.826892844750003936e-20 2.089485945377944631e-10 1.725058673684998212e-08 5.556937132666917023e-09 5.447065324834521327e-13 2.133496490586139771e-09 2.620037399655907734e-14 6.426739056434974426e-20
6.579856872558593750e-01 1.133136748876495403e-07 1.815044161021778049e-18 1.000000000000000000e+00 8.172355294227600098e-01 2.902608979993975824e-13 2.395519913989119232e-06 1.032685117974274647e-10 1.281509078542020230e-13 4.477489710552617908e-06 4.989965324690465338e-16 1.955025654751807451e-04 3.599455737912649056e-07 1.031321583688793453e-09 8.282220742561463567e-11 9.518906008452177048e-04 3.989556262240512297e-06 4.461582470659253286e-13 2.758274946152575923e-17
4.489715865929611027e-05 1.556313758421801197e-11 8.524380555694515293e-20 1.000000000000000000e+00 2.065882435999810696e-04 5.352398968483385033e-09 8.413888281211256981e-06 1.384524873221382180e-12 1.351859856696391304e-11 1.167275998081862554e-11 3.104553635908387991e-22 3.024486992233774152e-14 4.504685235939831500e-10 2.961048073402139380e-10 9.565557235191590735e-08 5.354448551209145535e-10 9.680838957137893885e-07 1.451543103413394185e-15 1.930623419676821809e-18
3.613270238567167780e-10 7.105741606824433204e-15 2.762540205770822893e-24 1.000000000000000000e+00 1.609207060937478673e-06 2.047089956924643024e-15 1.337675452232360840e-01 1.487288346950152440e-13 1.781748013018891186e-11 2.885086968455871301e-15 3.748976649515547346e-24 2.114416317797591883e-16 2.117495848802386504e-12 2.171026379504947812e-11 6.429091925497232296e-09 3.181280933128860511e-11 5.023070261813700199e-04 1.277992624677749932e-19 9.742127742278952904e-21
4.047948465313311317e-08 1.695579115480738697e-12 7.203795449121297364e-25 7.864170267584115944e-22 3.771900447501055431e-16 3.720382153460377594e-07 9.995261430740356445e-01 1.177690697839938195e-22 9.422560930252075195e-01 1.386426153867975283e-14 5.502029810694110056e-21 2.834025636389014835e-08 3.004592334009279599e-18 1.696558578217685103e-24 9.889888372192492707e-20 2.556372938568845811e-18 4.161151403916235614e-13 7.381340547465975455e-14 9.999917745590209961e-01
6.962954657296904770e-10 2.461024266320332998e-11 4.611815723960018681e-15 6.526187688269411216e-17 1.154834149315331349e-12 9.954358935356140137e-01 6.639077514410018921e-02 4.081645391255641354e-18 7.674317955970764160e-01 3.820975480461896723e-11 1.035535001145947051e-18 2.231169027311352693e-09 2.098280181333719852e-14 6.143026213442395565e-18 3.682984635582781108e-13 1.766642557341369796e-14 6.688367221174829069e-11 1.068295119033280116e-09 9.998183846473693848e-01
4.514076188206672668e-02 2.853397047147154808e-03 6.957371283533575479e-07 2.550107410570490174e-06 1.077651511877775192e-03 1.415020087733864784e-03 9.062322974205017090e-01 5.285526276566088200e-05 3.788343966007232666e-01 1.132935006171464920e-02 8.877513755578547716e-05 1.936982274055480957e-01 3.698079613968729973e-03 1.747944082808317035e-07 2.426081664452794939e-06 1.390437362715601921e-03 4.268250777386128902e-04 1.315118424827232957e-04 6.419303417205810547e-01
1.324463433892419939e-12 3.193618613614131792e-17 4.807433845653370298e-23 1.038429964239639958e-08 9.564538300037384033e-02 1.000000000000000000e+00 4.791738206222362351e-07 4.180519520951500778e-22 1.356360386125743389e-03 5.930442768808941167e-13 7.711170075760690106e-25 1.031149957086974212e-10 5.852408554112399977e-15 2.538309919609617229e-17 3.370387736262303591e-13 6.915729100498424486e-10 3.654332045299746312e-12 3.558361427735690086e-08 2.925744282261666385e-12
7.142486720113083720e-05 3.003037767484784126e-03 2.418861413389095105e-07 1.842468045651912689e-02 6.401827558875083923e-04 2.583331167697906494e-01 9.634722471237182617e-01 9.016759577207267284e-05 3.555866330862045288e-02 4.382683982839807868e-06 6.073874487810826395e-07 7.618956715305102989e-06 4.428246393217705190e-05 4.701933637261390686e-02 1.363500114530324936e-02 4.965985499438829720e-05 1.116791157983243465e-03 2.558736887294799089e-04 2.319459017599001527e-04
7.409806244140781928e-07 6.386985660356003791e-06 8.681060421622532886e-07 3.855308750644326210e-04 2.005703026952687651e-05 9.940344691276550293e-01 5.532220005989074707e-01 4.438770702108740807e-06 1.008900534361600876e-02 1.841925012513456750e-07 1.665534099526411183e-10 3.531424042080288928e-08 5.380710717872716486e-06 2.546795271337032318e-02 1.195748895406723022e-01 2.372723599819437368e-07 6.025645998306572437e-04 1.036993227899074554e-03 4.928855196340009570e-05
2.033161639047875724e-09 1.506236541742866919e-12 6.268128078706726349e-19 1.854606607176734201e-10 1.635413679479391647e-11 7.141950225664217555e-12 5.490774057648195594e-08 2.081268348774756305e-06 4.989579924699464632e-18 1.000000000000000000e+00 7.279241800630254899e-16 3.785494863986968994e-01 1.342188397757126950e-06 6.946659682293029340e-19 7.753828008229734971e-16 1.880237716250121593e-03 1.308569919089563882e-10 1.348285305624585817e-08 4.907498430624309704e-20
4.015777260065078735e-02 7.167832925915718079e-03 5.163728594779968262e-01 9.932982325553894043e-01 1.560331508517265320e-02 6.394884735345840454e-02 5.449065938591957092e-02 2.861892431974411011e-02 1.796504831872880459e-03 7.715631276369094849e-03 7.574495975859463215e-05 3.700511297211050987e-04 5.851802974939346313e-02 6.394420564174652100e-02 2.059563547372817993e-01 7.278010249137878418e-03 2.693168446421623230e-02 4.751507192850112915e-02 1.748928480083122849e-04
9.863915853202342987e-03 7.390506652882322669e-05 1.170545419881818816e-05 9.999998807907104492e-01 3.481495659798383713e-04 3.003891615662723780e-04 1.340296439593657851e-04 3.754505887627601624e-04 4.114566110047235270e-08 8.140283753164112568e-04 8.708563037362893056e-11 3.654757563253951957e-08 1.060841022990643978e-03 2.874241210520267487e-03 4.766704980283975601e-03 1.583715493325144053e-05 1.410341123118996620e-03 1.207282330142334104e-04 4.865656766384063303e-10
1.237778542417800054e-05 1.168547303365130574e-08 3.193851183524998305e-09 9.999998807907104492e-01 3.132877827738411725e-05 9.833879303187131882e-04 1.552742091007530689e-03 4.980319772585062310e-06 1.716116742045414867e-07 1.001785676635336131e-06 2.065174237403464425e-14 1.024895029955175119e-10 6.656599452981026843e-06 4.478843948163557798e-06 1.163378916680812836e-02 3.603995679668514640e-08 1.310787722468376160e-02 3.353015472384868190e-06 8.677304534632224176e-12
9.586683511734008789e-01 3.592452406883239746e-01 9.996265172958374023e-01 5.174242705106735229e-02 1.295500993728637695e-01 1.172220872831530869e-04 8.868501335382461548e-02 1.505521982908248901e-01 2.307523536728695035e-04 3.151127602905035019e-03 1.225957996211946011e-03 6.707222014665603638e-02 3.470380902290344238e-01 1.500441730022430420e-01 6.697630160488188267e-04 2.401680871844291687e-02 1.210831105709075928e-02 6.332797463983297348e-03 3.907996229827404022e-03
3.978610038757324219e-01 1.677049323916435242e-03 3.880442420722829411e-07 4.806109070777893066e-01 6.696523632854223251e-05 4.829532190342433751e-05 1.848710817284882069e-04 5.268108565360307693e-03 6.111908312789182673e-09 9.995998740196228027e-01 2.292968730444044922e-07 7.379090040922164917e-02 1.122313216328620911e-01 1.294945946028747130e-06 5.071374289400409907e-06 9.141162736341357231e-04 2.920344923040829599e-05 1.715055434033274651e-03 1.866133558792171243e-08
1.327283769003706482e-11 4.187737268068758567e-09 8.193140718822100599e-13 2.444384278321720672e-11 6.197208222147310153e-06 1.000000000000000000e+00 4.771791850544104818e-10 1.100709468198951459e-15 1.218332545249722898e-04 6.772291494955284819e-12 1.336971636328546497e-19 1.197883616301312348e-13 6.084402513067965756e-12 1.752816203293150465e-08 1.026252675728756003e-06 4.122255488347992269e-12 1.843682498336995934e-11 2.163985470815532608e-07 4.377832851787388790e-07
1.975080231204628944e-03 1.865167541836854070e-05 7.334907081713026855e-07 7.637686729431152344e-01 1.949057132005691528e-01 9.859304428100585938e-01 3.191811963915824890e-02 3.998145075456704944e-06 7.827604562044143677e-02 4.411290137795731425e-05 6.874689972846681485e-08 1.359899033559486270e-04 1.318645663559436798e-04 3.542236663633957505e-05 3.339905524626374245e-03 5.624635377898812294e-04 3.104942385107278824e-03 6.171001121401786804e-03 7.974400068633258343e-05
4.416303767129647895e-09 1.879550334815682788e-12 1.455662515803467466e-16 6.858057588488009060e-08 7.269778251647949219e-01 9.999196529388427734e-01 8.406138047575950623e-03 5.878049511975208530e-15 2.165735885500907898e-02 3.651093152257089969e-07 8.918067912088074346e-16 4.347933281678706408e-04 9.691178970427927197e-10 1.179098458410285377e-13 2.444338897955589118e-10 1.079304201994091272e-04 9.991417471155727981e-09 6.376499186444561929e-06 2.612694949277738488e-08
1.861332881138690039e-21 3.863195185738329848e-21 3.317994506721912252e-21 1.000000000000000000e+00 5.278262005946548222e-23 7.071774484744621977e-31 1.632414907217025757e-01 2.640810015108741027e-09 7.943038561404195338e-23 2.323655030707730981e-19 2.651377587323668129e-36 2.755923296542390427e-29 7.014152442457594061e-14 1.479654732072788192e-09 1.940774430053693322e-09 1.124173478388627402e-19 1.000000000000000000e+00 8.478406725788461195e-17 1.079539856631331355e-29
5.790655259957595741e-21 3.063228532610548352e-21 5.277039107460387368e-21 1.000000000000000000e+00 4.769694739947597094e-23 9.272943422111358345e-29 9.008412249386310577e-03 8.981635879479199502e-09 1.572764450741433728e-23 3.606164190776991156e-18 4.696341268761758472e-37 1.776753128499522963e-29 1.258115790367386744e-13 3.388048730457171587e-09 1.441095953680360253e-08 2.605865791256095970e-20 1.000000000000000000e+00 2.319786242710886875e-14 1.738091777577814388e-30
1.512049246812099411e-18 1.145127581476668900e-17 4.617461476486154411e-17 9.999998807907104492e-01 5.555984120176301790e-20 2.309809382390410723e-24 1.161071807146072388e-01 4.698776194800302619e-07 3.765339073038453117e-19 2.155421447471968580e-15 2.248056961992787706e-30 1.007001298125976272e-23 2.384601544003217555e-11 2.448480813654896338e-07 5.994386924612626899e-07 2.666344839113066103e-16 1.000000000000000000e+00 3.436623902119961826e-11 1.062773921897282851e-23
2.871142053286986941e-16 2.357143179312998884e-19 1.062681618860484750e-21 1.000000000000000000e+00 2.648644762191207412e-16 1.442164075748361383e-25 1.324194890912622213e-04 5.770004474214829315e-10 6.045518169296993199e-21 3.255861969475276998e-17 1.554967069812753729e-33 3.686273487722161184e-28 4.648930979761489724e-13 4.043669565856333747e-10 2.325551307080786501e-09 1.038787268519352417e-18 9.999194145202636719e-01 5.407013312101899836e-18 8.915040374997852270e-31
1.148794224977932706e-17 1.156797693712750781e-17 3.691255678778952912e-20 1.000000000000000000e+00 4.160813348418231380e-19 3.477921330772245993e-27 3.653507214039564133e-03 4.815739274022234895e-08 2.507021423906417116e-20 1.859783258427474243e-16 7.436441749530725790e-32 5.113044038759272878e-28 2.535147005516824592e-12 1.333462478214642033e-07 4.354383520421833964e-09 3.610734363661346634e-18 9.999990463256835938e-01 9.298762423308546549e-15 2.517360882114195530e-28
4.104650935143243709e-15 1.692899292971006275e-13 6.784382388833835181e-15 4.626867303159087896e-04 2.612327194839725308e-11 4.492695363005278289e-15 9.999873638153076172e-01 1.111122946895193309e-05 1.710062924598076961e-10 9.239475851074985258e-09 8.615142989765926882e-17 1.469608612580941553e-08 7.472017387044616044e-07 1.751673721628321800e-07 3.063145049964077771e-05 1.097125846172275487e-06 9.994569420814514160e-01 7.822577430260935216e-08 2.880770795521403471e-11
4.364702377301910019e-09 5.670270242924546622e-12 7.558916939099692700e-15 8.434248854882753221e-09 1.895458808576222509e-05 2.029712092843638516e-10 9.452966041862964630e-04 2.631462621138780378e-06 4.328693775494142637e-14 1.000000000000000000e+00 1.718665594769349519e-14 9.957115650177001953e-01 1.180325398308923468e-06 4.776796989777948657e-15 4.050943066234713452e-13 2.291833907365798950e-01 1.386769383771024877e-07 2.144127222436509328e-07 1.573015886620896583e-16
5.908669829368591309e-01 1.167316883802413940e-01 6.685534957796335220e-03 1.057368367910385132e-01 2.248361706733703613e-01 7.548473775386810303e-03 5.251991748809814453e-01 8.004475384950637817e-02 2.887973934412002563e-02 1.348425298929214478e-01 7.715645711869001389e-03 4.767667055130004883e-01 1.733746081590652466e-01 5.863486789166927338e-03 8.026894181966781616e-03 8.984798938035964966e-02 8.652351796627044678e-02 1.494045369327068329e-02 1.146430429071187973e-02
8.169725537300109863e-01 1.316605787724256516e-02 4.712971713161095977e-05 9.999829530715942383e-01 4.030690714716911316e-02 8.167813939508050680e-05 1.095931045711040497e-03 2.338907215744256973e-03 5.474730187415843830e-06 1.736741629429161549e-03 6.981324986554682255e-06 1.647896133363246918e-04 1.708651147782802582e-02 1.824777573347091675e-02 3.020149422809481621e-03 2.651878632605075836e-03 6.618461571633815765e-03 3.095869906246662140e-04 3.213674744984018616e-06
4.787015783769277277e-10 5.297155454948732230e-18 7.438120250408434522e-23 2.501928886289306320e-09 9.565355181694030762e-01 1.977985483736510730e-12 1.598940789699554443e-01 9.498640345410522268e-14 4.970051876562048276e-14 9.308675527572631836e-01 1.052165762205977608e-21 9.999998807907104492e-01 7.812163138609662383e-10 3.635705653884615425e-20 1.175681498144421590e-19 8.698214888572692871e-01 3.207774879054881012e-10 6.269654129198443115e-09 1.633717381956146007e-19
3.920040114735456882e-08 5.934131766700823096e-13 2.727877547566354751e-17 1.719533884170232341e-06 8.482854366302490234e-01 1.331958081573247910e-02 9.768444895744323730e-01 7.549468455979660431e-14 2.029378665611147881e-03 6.554872555852853111e-08 1.146868634538692963e-15 2.449587546288967133e-02 7.112190836267018312e-09 5.106715899217025012e-14 5.992287110956340257e-09 7.236686651594936848e-04 1.900976087654271396e-07 1.080240167539159302e-06 2.849025904083646310e-09
2.619441019646728819e-08 7.371063828753854352e-12 1.959391765455958598e-15 4.217906594276428223e-01 2.453621290624141693e-02 8.080266455934292935e-10 9.999834299087524414e-01 9.049325871979263525e-11 4.580890617944533005e-06 4.193478030101172038e-12 2.866995403493703513e-15 4.799295129487290978e-05 2.873333926345367217e-08 4.734804548434112803e-09 7.124432595446705818e-04 3.014578578586224467e-05 1.343615911900997162e-02 2.120571807040505519e-08 2.766346041127576427e-10
2.722215722315013409e-04 1.644767355173826218e-03 6.575024599442258477e-05 8.512808084487915039e-01 2.575148828327655792e-04 1.086528427549637854e-04 1.168826743960380554e-01 1.622707843780517578e-01 1.117101564886979759e-04 3.434726968407630920e-03 1.519364559499081224e-06 2.097536635119467974e-04 6.687993183732032776e-03 1.699407994747161865e-01 1.614723354578018188e-01 9.706180426292121410e-04 9.316914677619934082e-01 8.481608033180236816e-01 1.759368024067953229e-05
5.269912151106836973e-08 3.155659840103908209e-07 1.365408897058273396e-09 9.999924898147583008e-01 3.380909108230412130e-09 2.078318184217664566e-09 1.435911515727639198e-03 9.535013698041439056e-03 1.076756999535133374e-11 9.451304322283249348e-06 4.688139957012972363e-16 1.263717646152184848e-12 1.045768931362545118e-05 2.661513537168502808e-02 8.298514783382415771e-02 2.627455808479339794e-09 9.542459249496459961e-01 6.518552303314208984e-01 1.722094722953013829e-14
7.881118108343798667e-06 7.798585284035652876e-05 2.687207143026171252e-06 8.035780787467956543e-01 1.248723128810524940e-05 2.742513515840983018e-06 9.137076139450073242e-02 6.421260535717010498e-02 1.121648074331460521e-05 4.103493120055645704e-04 1.403161054014390174e-08 1.199029611598234624e-05 1.059053698554635048e-03 7.573972642421722412e-02 6.109991669654846191e-02 1.475573517382144928e-04 9.893901944160461426e-01 8.542960286140441895e-01 9.843911357165779918e-07
9.997791647911071777e-01 2.972414018586277962e-03 9.271268648636254994e-13 7.142248796299099922e-05 1.331731956452131271e-02 2.622097539095591401e-10 1.018711645156145096e-02 1.128253370552556589e-05 4.510089013365359278e-08 1.096011325716972351e-02 3.687637972760171579e-09 7.161708474159240723e-01 2.165385708212852478e-02 4.792905655692791811e-11 2.402789555863704685e-12 7.595689385198056698e-05 5.708821504413208459e-07 4.270058440170032554e-08 7.968545645553604118e-08
9.673162102699279785e-01 1.470031738281250000e-01 1.357311418814788340e-07 7.492293207178590819e-06 4.706926993094384670e-04 4.944016751551316702e-09 7.156335283070802689e-03 1.141073647886514664e-02 2.473952918080613017e-06 3.821581602096557617e-02 1.255149186363269109e-06 6.936984658241271973e-01 9.889789223670959473e-01 1.160895877205803117e-07 6.047178313650647397e-10 1.086238026618957520e-02 3.146384187857620418e-05 1.975870254682376981e-04 1.035018613038118929e-05
9.388327002525329590e-01 4.552753269672393799e-01 5.516387318493798375e-05 9.913235902786254883e-01 1.089138537645339966e-02 1.876115493359975517e-05 1.928273937664926052e-03 5.116413533687591553e-02 5.490185230883071199e-06 2.761884033679962158e-02 2.195567358285188675e-04 1.192691270262002945e-02 2.216480225324630737e-01 9.168418496847152710e-02 6.410149944713339210e-05 8.194293826818466187e-03 1.369318226352334023e-03 2.666501794010400772e-03 1.682441870798356831e-05
1.655416026480338587e-09 2.927213679781992539e-11 2.098576032405966793e-18 1.933756488270432783e-10 1.901799038250828744e-07 3.789059066505728879e-10 2.475299173966050148e-03 1.067209541361080483e-05 1.133258851343521556e-11 1.000000000000000000e+00 4.241078245970780758e-13 9.385443329811096191e-01 6.278911314439028502e-06 3.907757385400152748e-17 3.978510703934838577e-14 6.079385802149772644e-02 1.229071386887881090e-07 7.769952503622334916e-08 3.276924494559005363e-14
3.746970032807439566e-04 7.496211651414341759e-09 1.218729978047505824e-11 9.999461174011230469e-01 4.104538930960188736e-09 4.001714478363282979e-05 2.256268771816394292e-06 2.715820073717623018e-06 2.546381574496689275e-15 1.000000000000000000e+00 6.538501429740120607e-16 2.991353539982810616e-05 1.406986266374588013e-04 1.254545078932522983e-10 4.534408799372613430e-05 1.869525156905638141e-08 4.194306768567912513e-07 5.643178155878558755e-07 4.710596719503704988e-18
8.484835944955193554e-08 1.228096948580059689e-06 1.015015360650295406e-08 9.961420893669128418e-01 1.983047681619609648e-08 5.091045096605739673e-08 9.435357525944709778e-03 2.084863185882568359e-02 2.373056640081472324e-09 1.679282468103338033e-05 3.780967509567356721e-13 1.554935513681243719e-09 4.051892756251618266e-05 4.748245328664779663e-02 1.484198421239852905e-01 1.045633126750544761e-07 9.876749515533447266e-01 8.775195479393005371e-01 2.862913899004393414e-11
2.890164978452958167e-07 2.133770794898737222e-05 3.388948144333880919e-08 6.585267186164855957e-01 4.298620751796988770e-06 6.704879524477291852e-06 9.979396462440490723e-01 4.183693672530353069e-04 3.252686292398720980e-04 5.077429818811651785e-07 2.708813617857686040e-09 4.124229846524940513e-08 6.164272781461477280e-05 3.610632196068763733e-02 5.540733784437179565e-02 4.295952749089337885e-06 3.435750007629394531e-01 2.408601721981540322e-05 1.403341343575448263e-06
6.529714937641983852e-07 1.285342295886948705e-05 1.469431225586959044e-07 2.052218405879102647e-06 5.030849715694785118e-04 1.000000000000000000e+00 5.904492809349903837e-06 8.172571064335443225e-09 4.175659734755754471e-03 3.635447853866935475e-07 1.294802459694821550e-11 2.192017412028235412e-08 5.386011707741999999e-07 6.182598735904321074e-05 1.385790063068270683e-03 1.314767530402605189e-07 1.396096990902151447e-06 1.704451278783380985e-04 9.292201139032840729e-05
5.740942406385523070e-15 6.178219692570471877e-14 1.542943470753735245e-17 2.085075029301108884e-10 8.945672789195668884e-07 9.995480179786682129e-01 9.877423048019409180e-01 2.050222470052046639e-16 9.108725003898143768e-03 1.448286240555377719e-14 5.644938994003283674e-21 1.260749924597570626e-11 5.683553129000318282e-13 2.495104789446145332e-09 4.895734377896587830e-07 1.474838584591964263e-10 3.040276919108464426e-10 1.183230295964676770e-07 2.501577078817263100e-08
4.778659961119703881e-21 2.318361872106784044e-14 4.478845113694416948e-18 5.256202070813564831e-11 4.075619236629940412e-13 1.703973594169294614e-11 1.000000000000000000e+00 1.878997624160660962e-09 1.425758964614942670e-04 1.520068047670443401e-14 3.831764964269396138e-17 3.306259779844999969e-12 1.063755394881127359e-08 4.321626420278334990e-06 5.122940638102591038e-05 2.871245463609284343e-09 2.727488521486520767e-03 7.667761536822581547e-09 6.248737971503715016e-09
8.959830665844492614e-06 9.638897180557250977e-01 8.788704519702150719e-08 9.481993913650512695e-01 3.647268043138751636e-10 7.292379200496412750e-11 3.923898912034928799e-04 3.840929865837097168e-01 7.401437969456470256e-12 5.942480285625606484e-09 6.997125795438208229e-11 7.626729651467878401e-13 4.490930678002769127e-06 9.999984502792358398e-01 2.509391379135195166e-07 1.067696757672820240e-06 4.686386091634631157e-05 7.838741294108331203e-05 9.862528410056400907e-14
4.311132215661928058e-07 4.337375285103917122e-04 1.831147983466507867e-06 1.482773292809724808e-02 1.216579903484671377e-06 1.091471162339985312e-07 9.965204000473022461e-01 2.356560342013835907e-02 1.254574744962155819e-03 1.513435836386634037e-05 1.814030952118628193e-06 3.781507757594226860e-06 1.149674993939697742e-03 7.884728312492370605e-01 2.407034393399953842e-03 1.248638727702200413e-03 7.060539126396179199e-01 9.413682818412780762e-01 9.361178854305762798e-06
7.121652597561478615e-04 5.233849151409231126e-05 3.203431901965814177e-07 5.016302224248647690e-03 4.100156128406524658e-01 9.744392037391662598e-01 1.052251011133193970e-01 2.233422037534182891e-06 1.711810678243637085e-01 8.948100148700177670e-04 1.265002879335952457e-06 1.498676184564828873e-02 1.345232303719967604e-04 1.543560392747167498e-05 2.187662321375682950e-04 8.018651977181434631e-03 3.906029451172798872e-04 5.103654228150844574e-03 1.080384128727018833e-03
1.918274760246276855e-01 6.714459061622619629e-01 9.193465709686279297e-01 5.600092411041259766e-01 2.176713012158870697e-02 1.097919419407844543e-02 1.761434674263000488e-01 4.352555572986602783e-01 5.438844207674264908e-03 2.645619027316570282e-02 4.991747066378593445e-02 1.457457710057497025e-02 1.301426738500595093e-01 7.802064418792724609e-01 9.580850601196289062e-02 1.003698930144309998e-01 7.421333342790603638e-02 1.149731427431106567e-01 7.447149138897657394e-03
3.699746401169407006e-14 3.402915102479475706e-11 1.935052324538583113e-13 1.501469016075134277e-01 1.648201865787901621e-12 9.044825164446906873e-14 8.853926323354244232e-03 3.031883970834314823e-04 4.116663607223181032e-11 2.116344433034100803e-09 2.322672495236382838e-18 7.133005991422081138e-12 2.300612500505394564e-08 8.844399126246571541e-04 1.771639217622578144e-04 6.874831370851097745e-09 9.999966621398925781e-01 9.971611499786376953e-01 2.060559974601319788e-13
5.626658427376751703e-12 1.711910196933175143e-10 3.861316266728920255e-10 1.690265089273452759e-01 3.089360711694411066e-11 3.191570271954269344e-11 7.720756530761718750e-01 5.937559762969613075e-04 5.351051157731490093e-09 5.030607486133931161e-09 5.620783159520975278e-15 1.086707893810379133e-11 1.037651941260264721e-06 3.807309258263558149e-04 6.559717003256082535e-03 2.404197374517025310e-08 9.999786615371704102e-01 2.629280497785657644e-04 6.124893370262896042e-10
1.188512612134218216e-02 3.515814198181033134e-03 2.318220795132219791e-04 5.472959019243717194e-03 8.052532374858856201e-02 9.615386128425598145e-01 1.589283943176269531e-01 1.742998429108411074e-04 2.360179871320724487e-01 3.625316079705953598e-03 4.807063669431954622e-05 1.301554590463638306e-02 1.682011061348021030e-03 8.531277999281883240e-04 9.268670342862606049e-03 3.123806091025471687e-03 2.531679347157478333e-03 1.470652874559164047e-02 5.731426924467086792e-02
2.229603239811694948e-07 6.714785172334813979e-08 4.463359404294209298e-10 1.589808533708492178e-07 5.095726624131202698e-02 9.999997615814208984e-01 7.133067265385761857e-05 1.438589265073675350e-11 3.706474602222442627e-02 6.186655809869989753e-06 1.025118791936341367e-12 1.377766875521047041e-05 8.147578256512133521e-08 3.340946852503634545e-09 5.631308113152044825e-07 1.939528738148510456e-05 1.060172607481035811e-07 2.964446139230858535e-05 3.007559571415185928e-04
1.553511321544647217e-01 1.113653299398720264e-03 9.500146916252560914e-06 9.716010093688964844e-01 3.073311527259647846e-04 2.175514586269855499e-03 1.710550859570503235e-03 5.545855034142732620e-03 1.561126907745347125e-07 9.989713430404663086e-01 5.681610559804539662e-07 2.358979731798171997e-02 5.497706308960914612e-02 2.733504334173630923e-05 1.373278675600886345e-03 6.116722361184656620e-04 5.616337293758988380e-04 2.221913775429129601e-03 3.744604271105345106e-08
6.035196185111999512e-01 6.733579188585281372e-02 4.064358165578596527e-07 9.999988079071044922e-01 3.871062025427818298e-02 2.393622253293870017e-06 7.874723523855209351e-04 1.591303152963519096e-03 9.477181265538092703e-06 2.415423368802294135e-04 3.691936217364855111e-05 4.193884888081811368e-05 2.953941002488136292e-03 1.271440237760543823e-01 1.598683593329042196e-05 9.040710516273975372e-03 7.188571617007255554e-04 6.711731657560449094e-06 2.937414365078439005e-06
6.160460710525512695e-01 1.186099325423128903e-04 3.243945737030351495e-11 1.795700086404394824e-07 1.510781021352158859e-05 1.273892935582665586e-10 6.588958058273419738e-05 6.682820821879431605e-05 2.265957976810284435e-10 9.916468858718872070e-01 2.815463417960017978e-09 7.434778809547424316e-01 9.381582736968994141e-01 5.553725881957127797e-13 2.128970726111584916e-14 4.451991990208625793e-03 1.704742569330619517e-09 1.493245599704096094e-05 9.718912785672273458e-09
3.091277221756172366e-06 4.173236050064588198e-07 9.592089622589838882e-11 1.000000000000000000e+00 7.142942649807082489e-06 3.944561899338339117e-10 3.876559063792228699e-02 8.070254989434033632e-05 2.630244999579645082e-08 5.200394298299215734e-06 3.499458752290185437e-13 3.048167829255987726e-10 2.298247454746160656e-05 2.523522125557065010e-04 6.578034663107246161e-05 7.880554449002374895e-07 3.211621940135955811e-01 4.105948026023042985e-09 1.265616084156206966e-12
1.508075348627402335e-13 2.486989725269950213e-09 3.595241942697113835e-12 2.646845587150892243e-07 7.274101321286252642e-10 2.574655983203499865e-13 9.999991655349731445e-01 9.663876844570040703e-04 2.092485146931721829e-06 1.626699827284028288e-06 6.210675862483583387e-10 1.152719960373360664e-05 4.166904182056896389e-05 3.501211722323205322e-06 1.328996495431056246e-05 2.828580909408628941e-04 9.820569753646850586e-01 2.705725137275294401e-07 7.659212428734463174e-07
2.173133228922097260e-09 1.575553731925083412e-08 1.836133378674276173e-08 1.868659816682338715e-02 7.146979186245516757e-08 1.997605192372020610e-09 9.801719784736633301e-01 2.515479223802685738e-03 7.774768846502411179e-07 5.834523562953108922e-06 1.250440861966239936e-10 1.316591010436241049e-06 8.596268889959901571e-05 3.040359006263315678e-04 3.750748233869671822e-03 6.332139309961348772e-05 9.985803365707397461e-01 7.983258692547678947e-04 4.165200095940235769e-07
3.329681203467771411e-05 2.281652768942876719e-06 1.589005194091441808e-07 1.912577636539936066e-02 2.832172613125294447e-04 9.998527765274047852e-01 6.138907046988606453e-04 1.820774741645436734e-06 9.623529040254652500e-04 6.773664790671318769e-05 7.791548656266300554e-11 1.574550907434968394e-07 2.736470014497172087e-05 1.041405193973332644e-04 2.349565923213958740e-01 2.194885695416814997e-07 2.295469748787581921e-04 3.424768568947911263e-03 1.378611273139540572e-06
9.600630998611450195e-01 2.274303436279296875e-01 9.377907554153352976e-05 9.999648332595825195e-01 2.968962537124752998e-03 1.940627498697722331e-06 2.844352093234192580e-05 1.512150745838880539e-02 2.176257751784760330e-08 1.024782308377325535e-03 2.715783921303227544e-06 7.354236731771379709e-05 1.090342998504638672e-01 4.294322133064270020e-01 4.158635056228376925e-05 2.084285486489534378e-03 1.063814779627136886e-04 6.911102216690778732e-03 2.310598006260988768e-07
9.997546076774597168e-01 3.852102963719516993e-06 2.164049511419949279e-13 9.999983310699462891e-01 8.193971514701843262e-01 3.519436478360837839e-11 4.559835069812834263e-04 6.912660666102965479e-09 5.495418703427290552e-11 4.404644204925034501e-09 5.429714837468235800e-12 1.562350313179194927e-03 1.407382114848587662e-06 2.164843593277510081e-08 6.767081117686757352e-07 5.170824442757293582e-05 2.789453719742596149e-04 7.021257186767826397e-11 5.590423957091417151e-13
9.999905824661254883e-01 9.510580639471299946e-06 1.930511523209887947e-12 9.999998807907104492e-01 3.184502422809600830e-01 4.034005334635493156e-12 7.969471880642231554e-06 3.695335237807739759e-08 1.376325269031308807e-13 5.622612153644013233e-09 7.473897260627804240e-13 5.025512291467748582e-05 1.650845297263003886e-05 1.588502129834523657e-07 1.032166323966521304e-06 2.233138957308256067e-06 6.478818977484479547e-05 7.495489645625852404e-11 1.230134344946042999e-14
2.738730908724562596e-10 2.139451567018113565e-07 9.596875294448636851e-09 6.016603038005996495e-06 3.158431738370381936e-08 4.892047322790915587e-10 9.999845027923583984e-01 3.138702129945158958e-03 9.904819726943969727e-02 4.317714896728830354e-08 1.051486106007359922e-05 1.647386966396879870e-06 1.779524245648644865e-05 3.821782302111387253e-04 6.910671363584697247e-04 5.213584881857968867e-05 9.962345957756042480e-01 1.405201735906302929e-03 3.077143570408225060e-03
1.709330681478604674e-04 7.525337859988212585e-04 1.988533995245234109e-06 1.053567102644592524e-04 2.915368648245930672e-03 3.980544279329478741e-04 9.010778665542602539e-01 4.434153065085411072e-02 3.925545141100883484e-03 8.008798956871032715e-01 3.236280172131955624e-04 6.010135412216186523e-01 8.391079306602478027e-02 9.195742677547968924e-06 4.673292278312146664e-05 2.714431881904602051e-01 1.852062158286571503e-02 1.451962394639849663e-03 1.664524665102362633e-03
3.741018190339673311e-06 1.986594725167378783e-06 9.631497732698335312e-07 2.326490590348839760e-03 1.772064592842070851e-06 9.997498393058776855e-01 2.255079161841422319e-04 1.331527437287149951e-05 1.232865150086581707e-03 6.220460818440187722e-06 2.196652304498059038e-10 2.924404052251361463e-09 1.191641695186262950e-05 7.348132319748401642e-03 9.903557300567626953e-01 6.391471352173994092e-09 5.490632029250264168e-04 6.307001458480954170e-04 1.027239591167017352e-06
8.641951678189283814e-21 1.845358717469652035e-17 4.956325196123301537e-18 7.797398418188095093e-02 5.186009512145697050e-17 2.495879855524832185e-17 1.000000000000000000e+00 2.514654706686769714e-09 5.931992635814509196e-13 3.363982457828868852e-18 1.604266117086095573e-25 7.904481711124472997e-20 6.782636258195751111e-11 3.470424303486652207e-07 5.302003701217472553e-04 2.448720073282631415e-14 9.999516010284423828e-01 1.191671978109654084e-12 2.049823835171245084e-16
6.614503164152942381e-27 2.336806371934563105e-23 6.440374026194692205e-23 1.095098286896245554e-05 6.296441620871687275e-23 1.082896264753750942e-23 9.999994039535522461e-01 1.240081148878857675e-09 1.558663125087909277e-15 2.686398286236668785e-22 1.989003999602640922e-29 6.803737558635784221e-24 2.046212896659408559e-14 1.333682608795072611e-09 3.805687811109237373e-05 3.520721562020061226e-17 1.000000000000000000e+00 9.260333819205435191e-12 1.487364874524052294e-17
8.344283690802173034e-18 9.200982210426930999e-16 3.420245587374470060e-17 4.502612864598631859e-05 1.164454478479702570e-14 2.221127063739905538e-13 9.999996423721313477e-01 1.135874043711737613e-07 1.152437478779688718e-09 3.289874273069808008e-15 2.004444739853810487e-20 7.289468664677166507e-16 1.999595156121358741e-09 3.249117298764758743e-06 2.681485749781131744e-02 2.008590342661431549e-12 9.999195337295532227e-01 3.403372694776862772e-09 4.780021864436712065e-12
1.000000000000000000e+00 3.967660120451910188e-07 3.323492349738548879e-21 1.000000000000000000e+00 9.670899510383605957e-01 2.342726350198801600e-21 7.120837253182799031e-09 1.426660303565849275e-13 2.635719256551017584e-19 5.541942603339965884e-15 8.503347213873670043e-17 2.752929731286712922e-06 3.906340251269568853e-10 7.280468589110355992e-11 3.851743837752054714e-15 3.978155689310369780e-07 4.398886943590696319e-08 7.702458356144881357e-20 1.087899621356002451e-20
9.938244819641113281e-01 9.418264380656182766e-04 3.496712253081568633e-08 9.999988079071044922e-01 1.552864792756736279e-03 1.095644890369840141e-07 3.824174655164824799e-06 7.925646059447899461e-05 3.690871566708331386e-11 3.654289990663528442e-03 1.541316380082591309e-10 1.874731242423877120e-05 2.351197041571140289e-02 3.144247457385063171e-04 9.399537520948797464e-05 1.907270234369207174e-05 7.074652239680290222e-05 1.175692796095972881e-05 2.869742637967576115e-11
8.592875383328646421e-05 3.063996322286155483e-12 8.844641934613049262e-18 1.000000000000000000e+00 1.735706441104412079e-02 1.230636485161085147e-06 4.875244107097387314e-03 8.712146455647218346e-12 2.123561992917188945e-09 6.769654170568628615e-09 4.917918644520490403e-20 1.760515822013530851e-08 3.967888240197225969e-09 8.712528962173671232e-12 3.085414937231689692e-05 1.253248171906307107e-07 1.147640577983111143e-04 7.900654956649599825e-12 3.952043444256159773e-16
3.570065928215626627e-06 1.140426952872530819e-08 2.112527614319716085e-14 6.669172876172524411e-07 2.199147752790509003e-09 6.714666156426574162e-09 6.031891075508610811e-07 9.305244748247787356e-05 2.511106590946752398e-14 1.000000000000000000e+00 1.746362950083568677e-11 1.640375703573226929e-01 6.412320362869650126e-05 2.331408991643885154e-13 1.519919606840502979e-11 1.981919864192605019e-03 3.287865624201913306e-08 4.017595983896171674e-06 2.191219177405303448e-15
2.719033602716081077e-07 3.397057568577110942e-08 9.499697035952880952e-13 2.018133272940758616e-06 1.997217623284086585e-06 1.397400328784215162e-08 2.228782046586275101e-03 6.487491191364824772e-04 1.087102421970520538e-10 9.999994039535522461e-01 3.972846773780958074e-10 8.518191576004028320e-01 5.626930578728206456e-05 6.526269108464433089e-11 2.691524336739803402e-09 1.332799792289733887e-01 2.970368950627744198e-05 3.401502181077376008e-05 5.315145459178216569e-12
2.644763164028063329e-08 4.498735273195109130e-10 4.197246247596478873e-16 5.715734729960786353e-08 2.777461816094728420e-08 2.770063067814021451e-10 5.571608562604524195e-05 5.630242230836302042e-05 7.933566049120668873e-14 1.000000000000000000e+00 7.699357102396164887e-13 8.063743114471435547e-01 6.483019660663558170e-06 4.132588029919469219e-14 6.201141596745562978e-12 3.857571259140968323e-02 3.630126457210280932e-07 1.825286290113581344e-06 2.124774948407360739e-15
1.717829150038596708e-06 3.591482666820411396e-10 4.586926324878781713e-12 9.995588660240173340e-01 1.303295642137527466e-01 5.870124386575525932e-09 9.798499345779418945e-01 3.166188022873939190e-08 2.156331447622505948e-06 2.496291173770259775e-08 1.392467304656141991e-12 7.854794966988265514e-04 6.906494718350586481e-07 9.191385430540321977e-09 7.744928007014095783e-05 2.071855589747428894e-03 6.987567991018295288e-02 3.537556096944172168e-07 2.684637234739994938e-10
8.862203912940458395e-07 1.561058574073292959e-11 3.386321510202329466e-14 9.999997615814208984e-01 2.344932727282866836e-04 9.927117824554443359e-01 3.334139182697981596e-05 8.181186977873622368e-11 5.754733865614980459e-05 2.653713360167841984e-11 1.827117896037755180e-18 3.870003547224581952e-13 1.206851329982328025e-08 2.254758602049378169e-09 2.863835252355784178e-04 3.743929610777740891e-10 9.226663678418844938e-06 6.338560183394292835e-07 7.763478228339781850e-12
9.374961962294037221e-08 8.199013977515726137e-14 1.636632825520022844e-16 1.000000000000000000e+00 2.068832827717415057e-06 1.365320105105638504e-02 3.036281214008340612e-06 1.178823098163528371e-11 2.680172306313011177e-09 5.452951892109814125e-12 2.270196534819511310e-22 2.768089642643864609e-16 8.612692226073193069e-10 1.374147601262976082e-10 1.775904529495164752e-04 4.051578950808876201e-12 2.248705413876450621e-06 2.874182225554022807e-09 7.527113948894507121e-17
1.265974560737959109e-06 2.617618520162068307e-05 3.895793270203284919e-06 4.144225385971367359e-04 9.124898497248068452e-05 5.621072649955749512e-01 9.742864370346069336e-01 4.639889812096953392e-05 6.614763289690017700e-02 1.346849330730037764e-06 4.734616965151872137e-08 3.517305913192103617e-06 4.714692840934731066e-05 3.831197321414947510e-02 5.261851474642753601e-02 2.706202394620049745e-05 3.097612410783767700e-03 4.038280807435512543e-03 1.139342901296913624e-03
1.799231904442422092e-05 3.095258725807070732e-04 1.861176679085474461e-05 8.098013495327904820e-06 7.303327322006225586e-03 9.999952316284179688e-01 2.372698800172656775e-04 2.911455112553085200e-07 6.399767100811004639e-02 5.158826388651505113e-05 1.969440255322751909e-08 2.358221900067292154e-05 1.672201324254274368e-05 7.583219849038869143e-05 1.024718745611608028e-03 3.785223088925704360e-05 1.114436054194811732e-05 6.756294169463217258e-04 1.839943788945674896e-02
1.462576165067730471e-05 6.612870947719784454e-06 2.956931837161391741e-07 3.374814242124557495e-02 9.002517799672205001e-06 9.998714923858642578e-01 7.130713493097573519e-05 1.049358434102032334e-05 7.634439389221370220e-04 4.817714852833887562e-06 1.866979071341035024e-10 2.038248014812893416e-09 1.447846534574637190e-05 3.417783882468938828e-03 8.136991858482360840e-01 1.015553774408317622e-08 2.840081579051911831e-04 2.115758834406733513e-03 7.003938549132726621e-07
5.670617800205945969e-03 1.308873947709798813e-02 3.874562389682978392e-05 7.323236465454101562e-01 4.316730890423059464e-03 8.327374234795570374e-04 2.911071479320526123e-01 6.896711885929107666e-02 3.238378849346190691e-04 8.234704732894897461e-01 7.604726852150633931e-05 6.231899932026863098e-02 4.996277764439582825e-02 1.029266230762004852e-02 8.024645969271659851e-03 3.979817405343055725e-02 7.655742764472961426e-02 5.587423685938119888e-03 3.995918086729943752e-05
1.253246981650590897e-02 1.136845526161778253e-06 3.373640749355574786e-14 1.000000000000000000e+00 2.058787504211068153e-05 6.939924190874080523e-10 2.423460365719165566e-08 1.724380069845210528e-07 2.244396699927316474e-16 4.862027764320373535e-01 1.703393183095748618e-17 3.995084441044127743e-08 1.002751087071374059e-04 5.924663355472148396e-07 5.192723762093010009e-08 8.345938340426073410e-07 2.341465460631297901e-06 5.098337862996515923e-10 8.941524636677710075e-19
6.454721642512595281e-06 2.313927938146775887e-09 3.372656598443768416e-10 1.000000000000000000e+00 4.134957180212950334e-06 2.412453889846801758e-01 4.893453660770319402e-05 2.743842628660786431e-07 4.297561417843098752e-07 8.348986391126800299e-09 5.105238303180099088e-17 1.654232306691483245e-13 6.175810653985536192e-07 2.933173391284071840e-06 2.470027469098567963e-02 5.946808601109410120e-10 9.820666309678927064e-05 1.477413479733513668e-05 4.776202870704349124e-12
1.427027891622856259e-04 1.916723995236679912e-04 4.914853434456745163e-06 1.220584847033023834e-03 4.998837132006883621e-03 2.656881952134426683e-05 6.237658262252807617e-01 7.752901315689086914e-02 1.028232727549038827e-04 9.298436045646667480e-01 5.242555926088243723e-05 8.439713716506958008e-01 2.192272059619426727e-02 3.619460039772093296e-05 1.030852072290144861e-04 4.375916719436645508e-01 6.955870240926742554e-02 6.359549704939126968e-03 3.380124690011143684e-05
1.068907549278685920e-11 3.515014057597909414e-08 7.513882571696939294e-11 1.398748850078845862e-07 4.517751861499164079e-08 2.792997777500971779e-10 9.999983310699462891e-01 1.374515122734010220e-03 1.543922262499108911e-04 2.873644916689954698e-05 3.736856157843249093e-08 3.702665562741458416e-04 1.157784718088805676e-03 5.851508376508718356e-06 3.201238359906710684e-05 2.154920715838670731e-03 4.880967140197753906e-01 2.581161425041500479e-06 1.584026722412090749e-05
1.875853694599527444e-09 3.844451157419825904e-07 1.282897052479192723e-11 1.006515404355923238e-08 3.674672188935801387e-05 4.041190493353497004e-08 9.999648332595825195e-01 3.690559969982132316e-05 4.489431739784777164e-04 3.183814696967601776e-04 1.225264298909678473e-07 9.999141842126846313e-02 7.823506370186805725e-03 1.320301823426461851e-08 1.962694682333676610e-07 4.037127643823623657e-02 3.791383700445294380e-03 1.021592879624222405e-06 4.342769898357801139e-05
2.178974896669387817e-01 1.432660073041915894e-01 1.826815787353552878e-05 2.313181459903717041e-01 2.497318382665980607e-05 4.327440547058358788e-05 1.248981687240302563e-03 2.123947143554687500e-01 3.677007214264449431e-07 9.730187654495239258e-01 3.016689697687979788e-05 7.847025245428085327e-02 3.870169222354888916e-01 7.125313859432935715e-03 2.046506051556207240e-05 1.490815635770559311e-02 4.988546133972704411e-04 1.409007757902145386e-01 5.140606845088768750e-06
2.948367909993976355e-04 1.972032623598352075e-04 6.003271550980571192e-07 3.179330087732523680e-05 4.232586920261383057e-02 3.077008426189422607e-01 4.220265746116638184e-01 4.462696088012307882e-04 1.125392783433198929e-02 7.544940114021301270e-01 7.192740667960606515e-06 3.301723897457122803e-01 1.133825629949569702e-02 4.636245307665376458e-07 2.534528721298556775e-05 8.658193796873092651e-02 3.747470327652990818e-04 6.070955423638224602e-04 2.156172879040241241e-03
1.015542596578598022e-01 4.777064919471740723e-01 2.097707055509090424e-02 9.292274713516235352e-02 3.813023865222930908e-02 8.263159990310668945e-01 2.842180728912353516e-01 8.048764616250991821e-02 1.109964326024055481e-01 2.204054035246372223e-02 1.130621414631605148e-02 1.871843449771404266e-02 3.458492457866668701e-02 3.619628846645355225e-01 5.283106490969657898e-02 1.856420934200286865e-02 2.473705820739269257e-02 6.031007319688796997e-02 2.574901469051837921e-02
1.018722741719102487e-06 1.884941092100689275e-10 1.977868606742316793e-12 9.999910593032836914e-01 4.335986450314521790e-04 9.496887326240539551e-01 3.564972896128892899e-03 9.688092550419469262e-10 1.586663274792954326e-04 9.397487649165370271e-11 6.768658148610345155e-17 3.295374390033245504e-12 1.935208615577721503e-08 2.510951269130146102e-08 3.328874940052628517e-03 1.902862534208793477e-09 1.690638164291158319e-04 7.979106726452300791e-07 6.477124392390010144e-11
6.315486878156661987e-02 3.170763207549498475e-08 3.877354437954033672e-13 5.077410861849784851e-02 9.921634197235107422e-01 1.058054643898742597e-09 7.591384053230285645e-01 2.360894146846703734e-09 3.592017492337618023e-07 8.558381523471325636e-07 3.015919805560152156e-11 9.726152420043945312e-01 1.049403408615035005e-07 1.692804924013913137e-10 1.413184236298548058e-09 3.577097356319427490e-01 1.427029492333531380e-03 4.604966088663786650e-04 2.830975454060080665e-10
2.290497832291293889e-06 2.011553146274991377e-09 6.450694978177295980e-10 1.000000000000000000e+00 9.517113539914134890e-06 1.785283442586660385e-03 1.083042239770293236e-03 1.644741928430448752e-06 1.087894219153895392e-07 1.064514947302086512e-07 6.316672500579283926e-16 3.403633711679399099e-12 1.565977754580671899e-06 2.246195435873232782e-06 1.214088965207338333e-02 3.894053079989134858e-09 8.595869876444339752e-03 1.350657953480549622e-06 1.518012603639318225e-12
2.603638164170706676e-14 7.381369959702510641e-10 1.957300017592714103e-15 1.190685550156445061e-09 2.150271782852541946e-08 1.070364283317637444e-11 1.000000000000000000e+00 1.438343417703435989e-07 1.603954151505604386e-04 3.845081197884070434e-10 3.091022576784396847e-11 1.270709435630124062e-05 1.819567296479362994e-05 2.048789298214614973e-07 8.839600013743620366e-06 3.312906846986152232e-05 1.967524923384189606e-02 1.163445695340215025e-08 2.817251242959173396e-06
6.614979289158717801e-13 9.223474414787879994e-12 3.095054418800273184e-17 2.183765834828932384e-09 9.151650033345504198e-07 4.155806365702119365e-09 9.999889135360717773e-01 1.267544575966894627e-07 4.197719150056400395e-08 4.474597051739692688e-03 2.917466073414087813e-14 1.788888871669769287e-02 1.687515177763998508e-04 1.505239943105918243e-12 3.578703777762370919e-09 2.565771806985139847e-03 1.471605501137673855e-04 6.811515351756725067e-09 5.455703666612521374e-10
3.084494194349057805e-13 1.886300421416464701e-10 1.274193462499656915e-15 5.011670523025202328e-10 3.735983682418009266e-07 8.836693154989916366e-08 9.999992847442626953e-01 8.195942768907116260e-08 1.638648609514348209e-05 6.691070211672922596e-06 8.687699539801363446e-13 2.577718696556985378e-04 1.309585932176560163e-04 2.655917430427479076e-10 8.043522825573745649e-08 4.758949216920882463e-04 9.325418068328872323e-05 2.646807217843161197e-08 1.278409911265043775e-07
8.904692955225002038e-12 6.310265755124489211e-16 2.620958579752729334e-28 7.462404826019675141e-12 4.347509574564867307e-10 3.943867564611906046e-15 5.818359127829353383e-08 1.421540329893389298e-09 3.082721247713236104e-22 1.000000000000000000e+00 8.588836827781862692e-22 9.921637773513793945e-01 9.084141772142118043e-10 6.103066569453050209e-24 1.633286375620566131e-20 7.083280012011528015e-03 6.784039476015468750e-13 1.178818674618664630e-11 1.184085395636429233e-25
6.481410562992095947e-02 7.370279170572757721e-03 4.370358772575855255e-03 3.340969383716583252e-01 5.721523985266685486e-02 3.236857950687408447e-01 4.952085018157958984e-01 3.585786372423171997e-02 2.083016559481620789e-02 3.855881094932556152e-01 4.009084950666874647e-04 7.195220142602920532e-02 8.719797432422637939e-02 9.155145846307277679e-03 2.674810290336608887e-01 2.164227515459060669e-02 8.789133280515670776e-02 4.060561954975128174e-02 2.728317631408572197e-03
9.758370579220354557e-04 1.552385743707418442e-03 5.153171878191642463e-05 4.427267611026763916e-02 1.727283746004104614e-02 1.939400797709822655e-03 9.559459090232849121e-01 1.832751557230949402e-02 7.245535496622323990e-03 6.342132389545440674e-02 1.641297276364639401e-04 1.018120944499969482e-01 3.746993094682693481e-02 2.176917623728513718e-03 1.317475084215402603e-02 6.624099612236022949e-02 1.199610680341720581e-01 9.331371635198593140e-03 1.653993967920541763e-03
4.228533079242424719e-10 7.179735186371369315e-14 1.143408601501896926e-23 8.958598446406895732e-11 2.427795880066696554e-05 3.561056614517776886e-12 3.738392842933535576e-04 5.183647289186410489e-09 7.571698454515523279e-16 1.000000000000000000e+00 4.763451906284618350e-18 9.992145299911499023e-01 3.451869545756380830e-08 2.087794495678465274e-20 5.499351897471500592e-18 1.508995741605758667e-01 2.181275576829122542e-10 7.069988483543454549e-10 2.520322391221041767e-19
5.610506609082221985e-02 3.894036263227462769e-02 6.063777953386306763e-02 2.901215851306915283e-01 3.860102966427803040e-02 7.115849852561950684e-01 2.343031913042068481e-01 8.602180331945419312e-02 1.060157567262649536e-01 5.143662914633750916e-02 2.725589089095592499e-03 9.818175807595252991e-03 5.957938730716705322e-02 1.534828096628189087e-01 6.025675535202026367e-01 1.060051377862691879e-02 1.401969194412231445e-01 1.346504092216491699e-01 1.752098836004734039e-02
2.888662740588188171e-02 1.041630282998085022e-02 1.308904320467263460e-04 3.097146190702915192e-02 4.720214754343032837e-02 7.089389022439718246e-03 9.357902407646179199e-01 1.342011429369449615e-02 3.043469414114952087e-02 1.674891076982021332e-02 5.150916404090821743e-04 1.025160923600196838e-01 4.042924940586090088e-02 3.805314889177680016e-03 2.841893397271633148e-02 2.291807718575000763e-02 8.006548881530761719e-02 4.402419552206993103e-03 7.495345082134008408e-03
2.081036143408709904e-08 8.134096788126043975e-06 1.730889032103277714e-08 5.363246145861921832e-06 7.289243967534275725e-06 6.861746726372075500e-08 9.999428987503051758e-01 6.196993868798017502e-03 1.152482698671519756e-03 5.174803081899881363e-04 4.867824372922768816e-06 6.832220125943422318e-03 1.138596050441265106e-02 4.909190829494036734e-05 2.100200217682868242e-04 1.419474743306636810e-02 3.400052487850189209e-01 3.692805694299750030e-05 2.829538134392350912e-04
9.999973773956298828e-01 3.056725859642028809e-01 2.194032932764655719e-12 1.000000000000000000e+00 1.307698665186762810e-03 1.551177577295667805e-15 5.095598609727858275e-09 2.661030339368153363e-05 8.194461006017644822e-15 3.302395024107340760e-09 5.802885727490547652e-09 6.893695854159886949e-07 1.189455040730535984e-03 6.253500003367662430e-03 3.096070220944685536e-13 5.404913281381595880e-06 1.564811213938810397e-08 2.022566558679272930e-10 1.111491649587181829e-12
1.401850022375583649e-02 3.493522626740741543e-07 3.982373458777388464e-11 9.999990463256835938e-01 2.806384563446044922e-01 1.256865107279736549e-05 6.960891652852296829e-03 3.230213678762083873e-07 1.895254087003195309e-07 1.685821625869721174e-04 1.072561223863788271e-11 9.203000226989388466e-04 1.898592199722770602e-05 7.123489353944023605e-08 1.750849041854962707e-04 9.665880352258682251e-04 2.091413829475641251e-03 1.253090289310421213e-07 2.400509652167315267e-11
1.660393550992012024e-02 2.218767255544662476e-02 4.550790414214134216e-03 1.439635902643203735e-01 2.123807184398174286e-02 7.462133169174194336e-01 4.620248377323150635e-01 2.450608834624290466e-02 1.010583639144897461e-01 6.858949549496173859e-03 4.887864342890679836e-04 2.589507261291146278e-03 1.666397787630558014e-02 1.299134641885757446e-01 3.422950208187103271e-01 3.515107324346899986e-03 7.091475278139114380e-02 5.681983008980751038e-02 1.087019499391317368e-02
1.595635744313006288e-18 1.471582458754255862e-13 2.937792825975161690e-17 3.041641605250333669e-09 3.510474178600002382e-14 6.403306162215682829e-13 1.000000000000000000e+00 5.755028951170970686e-07 2.773760352283716202e-03 9.665089773435928122e-15 3.425952826551642572e-13 3.631588302646648891e-13 2.427446910147068593e-09 2.883931847463827580e-05 8.407391724176704884e-04 2.073146515568780046e-10 9.924316406250000000e-01 2.238037239976620185e-07 6.204843998602882493e-07
1.858476983418455575e-10 1.753381866365089081e-07 2.269458176940020167e-09 2.184805907745612785e-06 5.450072393387017655e-08 2.368924612028422416e-08 9.999967813491821289e-01 5.301029304973781109e-04 5.156204700469970703e-01 2.125163689470355166e-08 2.757325546554056928e-06 2.201515371780260466e-06 1.144647740147775039e-05 8.965611923485994339e-04 3.291209926828742027e-03 1.238378354173619300e-05 8.986068367958068848e-01 1.251839450560510159e-03 4.943468607962131500e-03
4.001781344413757324e-03 4.787890706211328506e-03 9.792126417160034180e-01 8.568813800811767578e-01 1.749299815855920315e-03 2.218658773927018046e-04 4.734075665473937988e-01 1.288334578275680542e-01 6.274604238569736481e-04 5.738361738622188568e-03 1.095985226129414514e-05 2.613569668028503656e-04 6.528515368700027466e-02 9.130109846591949463e-02 1.253484636545181274e-01 6.414965726435184479e-03 7.563685178756713867e-01 6.247777957469224930e-03 2.525702875573188066e-04
3.150852164253592491e-03 1.582721296244926634e-07 1.294974882881660960e-08 9.999890327453613281e-01 1.664403267204761505e-02 2.085528194584185258e-06 1.907601058483123779e-01 4.004998572781914845e-06 3.073278776355437003e-06 6.656750883848872036e-08 6.193803803178354883e-11 1.859773533396946732e-06 1.056829478329746053e-05 4.993774382455740124e-06 6.798838730901479721e-03 1.428877476428169757e-05 3.425562679767608643e-01 8.463177181283754180e-08 1.801817361979374255e-09
4.383791685104370117e-01 9.545634500682353973e-03 3.138530626893043518e-02 9.949432015419006348e-01 2.024713456630706787e-01 7.366606499999761581e-03 5.657900124788284302e-02 3.903380827978253365e-03 8.392886957153677940e-04 7.146743126213550568e-03 1.302730815950781107e-04 1.308489684015512466e-02 2.930618077516555786e-02 7.675525266677141190e-03 3.313058987259864807e-02 3.362449631094932556e-02 2.426578290760517120e-02 2.122092526406049728e-03 8.473860361846163869e-05
6.901655346155166626e-02 2.218257337808609009e-01 9.998565912246704102e-01 9.698770046234130859e-01 7.935594767332077026e-03 6.523771444335579872e-04 1.749353669583797455e-02 1.214392557740211487e-01 3.187645779689773917e-05 4.110522568225860596e-03 9.125559590756893158e-03 1.982624526135623455e-04 1.634244620800018311e-01 8.257957100868225098e-01 2.572884261608123779e-01 1.035558581352233887e-01 6.061206571757793427e-03 3.151215016841888428e-01 1.076547312550246716e-03
1.156270969659090042e-02 8.816503882408142090e-01 9.999446868896484375e-01 5.403400063514709473e-01 3.846171603072434664e-05 7.850386282370891422e-06 1.149562466889619827e-02 2.639038562774658203e-01 8.633240327071689535e-07 3.238762292312458158e-05 2.454055065754801035e-04 3.877590188494650647e-06 4.143281374126672745e-03 9.940370321273803711e-01 3.864281345158815384e-03 3.661219961941242218e-03 9.185413364320993423e-04 2.132429974153637886e-03 3.939441739930771291e-06
2.624526247382164001e-02 2.384795062243938446e-02 9.999238252639770508e-01 9.933911561965942383e-01 1.248796237632632256e-03 2.140744327334687114e-04 9.618105366826057434e-03 3.555529192090034485e-02 1.718181465548695996e-06 4.161965101957321167e-03 1.213062569149769843e-04 3.289531741756945848e-05 2.028140276670455933e-01 5.400655269622802734e-01 2.149188071489334106e-01 1.845770329236984253e-02 2.478989306837320328e-03 3.120109736919403076e-01 1.956027153937611729e-05
9.381432086229324341e-02 5.829890966415405273e-01 2.429471909999847412e-02 3.910331726074218750e-01 1.128369476646184921e-02 1.268609892576932907e-02 3.658249378204345703e-01 5.087538957595825195e-01 1.735998317599296570e-02 9.558103233575820923e-02 1.515723392367362976e-02 2.846086397767066956e-02 1.191241890192031860e-01 7.127926945686340332e-01 4.362974688410758972e-02 7.173456996679306030e-02 1.387946903705596924e-01 1.178256571292877197e-01 4.291271325200796127e-03
5.049261744716204703e-05 2.698461757972836494e-03 1.670728488534223288e-05 2.577764168381690979e-02 1.242302008904516697e-03 2.562501467764377594e-04 9.967080354690551758e-01 1.078076846897602081e-02 2.064710296690464020e-02 8.906284929253160954e-04 1.001831697067245841e-04 2.454554662108421326e-03 9.688916616141796112e-03 2.828357554972171783e-02 3.013120591640472412e-02 8.969909511506557465e-03 1.760181486606597900e-01 1.680767978541553020e-03 1.893473672680556774e-03
9.820588231086730957e-01 1.149464424088364467e-06 7.691563315079252838e-13 9.999978542327880859e-01 9.299022555351257324e-01 1.707248009630291108e-09 3.951133694499731064e-03 5.304732209054918712e-09 9.840475989619790198e-09 1.549994266270005028e-08 5.086349397220857327e-11 4.556777421385049820e-03 6.266739660532039125e-07 1.444593689114981316e-08 1.649265527703391854e-06 9.309194865636527538e-04 7.281319121830165386e-04 1.398356652693166779e-09 1.414072418187695135e-11
9.938285946846008301e-01 4.441616833209991455e-01 2.304245135746896267e-04 6.337765604257583618e-03 8.470560424029827118e-03 3.410338877074536867e-06 3.523132065311074257e-03 5.903964489698410034e-02 4.253060069459024817e-06 6.120178848505020142e-03 1.724446156003978103e-05 3.236956000328063965e-01 9.329565763473510742e-01 7.806508219800889492e-04 1.108144033423741348e-06 5.004938691854476929e-03 1.062884039129130542e-04 6.552163977175951004e-03 9.933975888998247683e-06
4.924122989177703857e-01 1.179567631334066391e-02 2.099120820275857113e-06 1.585919875651597977e-03 1.139015876105986536e-04 1.734192551339219790e-06 6.269743898883461952e-04 1.806639879941940308e-02 1.815556061046663672e-07 9.767442941665649414e-01 1.148835053754737601e-05 3.997345268726348877e-01 8.509145975112915039e-01 1.199303824250819162e-06 9.779518705954615143e-08 2.253649011254310608e-02 9.643182238505687565e-06 1.665328443050384521e-02 4.169160547462524846e-06
9.999630451202392578e-01 1.362697631120681763e-01 4.540909826755523682e-01 5.076740635558962822e-04 7.908158302307128906e-01 3.951733162921300391e-09 3.889592736959457397e-02 6.944013875909149647e-04 3.897923193107999396e-07 1.127637233366840519e-06 2.682247895791078918e-06 6.177597045898437500e-01 1.650565117597579956e-02 1.204397558467462659e-04 2.212358074515918815e-09 1.784570631571114063e-03 4.358755904831923544e-05 6.910501042511896230e-07 3.957822173106251284e-06
1.132454574559460525e-08 3.487893263809382915e-05 1.207830450239422149e-11 1.000000000000000000e+00 1.388058834539407371e-10 1.469811550030772351e-14 9.496749407844617963e-05 3.381047397851943970e-03 2.822102902928780299e-13 1.022675277795315196e-09 6.749114186841432259e-17 9.912516802577675759e-19 5.838949164171935990e-07 9.379189014434814453e-01 2.005977421504212543e-06 2.896485551406868808e-10 5.474066734313964844e-02 1.707075716694816947e-05 2.813805334296159283e-16
6.036129593849182129e-01 1.575345546007156372e-02 8.549816557206213474e-04 9.983882904052734375e-01 7.717167492955923080e-03 1.050101709552109241e-03 2.843578811734914780e-03 2.200642414391040802e-02 3.839922101178672165e-06 2.886388599872589111e-01 4.772579359269002452e-06 2.094782190397381783e-03 1.289456635713577271e-01 2.220177650451660156e-02 3.025462292134761810e-02 2.786606317386031151e-03 1.073499489575624466e-02 2.470526657998561859e-02 1.540448693049256690e-06
9.980516433715820312e-01 2.691505849361419678e-02 2.284112852066755295e-04 9.986519217491149902e-01 2.913798019289970398e-02 7.934934842523944099e-07 1.073313396773301065e-04 3.017087234184145927e-03 2.204788351889419573e-09 2.212992636486887932e-03 5.079594984636059962e-07 6.984884385019540787e-03 2.797959744930267334e-01 6.379134953022003174e-03 5.273069837130606174e-04 7.802470354363322258e-04 4.540414374787360430e-04 1.401129411533474922e-03 1.429649287842948979e-08
1.664409181103110313e-03 2.241791039705276489e-02 9.999600648880004883e-01 1.402952522039413452e-02 2.565558301284909248e-03 1.602265456313034520e-06 3.695060312747955322e-01 4.712457656860351562e-01 6.756427319487556815e-05 6.422908604145050049e-02 2.429041705909185112e-05 6.673095747828483582e-03 5.488828942179679871e-02 1.054572314023971558e-01 1.409679767675697803e-03 2.467658817768096924e-01 1.578667163848876953e-01 1.202715327963232994e-03 5.939042312093079090e-04
1.222759892698377371e-04 1.535094110295176506e-03 9.999992847442626953e-01 7.429657853208482265e-04 6.987671949900686741e-04 1.123331028196616899e-08 3.096405565738677979e-01 3.886768221855163574e-01 1.209565766657760832e-06 1.115939691662788391e-01 1.899430088769804570e-07 4.839099943637847900e-03 3.045128099620342255e-02 6.523222196847200394e-03 1.668254299147520214e-05 3.340255916118621826e-01 5.332989245653152466e-02 6.175669841468334198e-05 1.958845678018406034e-05
2.710476110223680735e-04 2.905574394389986992e-03 9.999998807907104492e-01 7.513886666856706142e-04 9.672222658991813660e-04 9.154311086945199349e-09 1.971884518861770630e-01 3.557046949863433838e-01 5.226697794569190592e-07 8.963237702846527100e-02 1.127278537182974105e-07 2.920436672866344452e-03 4.342076554894447327e-02 1.006965618580579758e-02 1.346163389825960621e-05 2.938161194324493408e-01 3.030338697135448456e-02 3.823622319032438099e-05 1.675607745710294694e-05
4.705132171511650085e-02 2.944383595604449511e-06 4.360974692474428593e-09 3.732216656208038330e-01 6.420189049094915390e-03 7.514795064926147461e-01 1.709111034870147705e-01 1.457034244367605424e-07 8.577987551689147949e-03 5.674122149912363966e-08 1.141999550480221615e-10 1.079747903531824704e-06 1.145353394349513110e-06 1.751312629494350404e-05 2.531446814537048340e-01 4.492899918773218815e-08 7.195878424681723118e-04 7.435047155013307929e-05 1.862515455286484212e-05
4.119852185249328613e-02 1.120061824622098356e-06 4.256896501964035906e-10 6.897633671760559082e-01 3.673179075121879578e-02 5.776015520095825195e-01 2.143517583608627319e-01 2.369114326938870363e-08 1.539649348706007004e-02 1.823464579331357527e-08 5.394763108457212297e-11 2.860937001969432458e-06 5.268313998385565355e-07 2.881294904000242241e-06 5.272236838936805725e-02 2.588176357676275074e-07 5.582122248597443104e-04 3.102110713371075690e-05 1.075468935596290976e-05
5.334533751010894775e-02 3.215543529222486541e-07 4.660015776036807722e-11 9.393903017044067383e-01 1.206155344843864441e-01 1.543293595314025879e-01 2.897195219993591309e-01 7.671111745821690420e-09 1.067459024488925934e-02 6.003773034279902276e-09 1.410877231017293454e-11 5.196343863644869998e-06 2.739162709985976107e-07 7.549461997768958099e-07 2.960721217095851898e-02 8.027443527680588886e-07 5.588334752246737480e-04 8.265420547104440629e-06 2.532574853830737993e-06
1.864541471004486084e-01 5.569431781768798828e-01 4.480984434485435486e-02 4.184032976627349854e-01 2.360242605209350586e-02 1.711327768862247467e-02 3.394991159439086914e-01 5.713221430778503418e-01 2.169808372855186462e-02 1.116068586707115173e-01 2.428251318633556366e-02 4.575373232364654541e-02 2.066049724817276001e-01 6.166004538536071777e-01 9.822730720043182373e-02 1.138686016201972961e-01 1.994010359048843384e-01 2.836844325065612793e-01 7.654889021068811417e-03
9.209493547677993774e-02 6.462681889533996582e-01 1.561196707189083099e-02 5.013555288314819336e-01 7.073902525007724762e-03 5.089783109724521637e-03 2.266771048307418823e-01 5.618584752082824707e-01 4.903459921479225159e-03 3.144287317991256714e-02 5.762310698628425598e-03 6.156544666737318039e-03 9.845797717571258545e-02 8.418308496475219727e-01 4.533244669437408447e-02 4.755088314414024353e-02 1.180492490530014038e-01 1.646989285945892334e-01 1.198276178911328316e-03
1.563517600297927856e-01 5.693503618240356445e-01 3.799459338188171387e-02 4.504155814647674561e-01 1.950213126838207245e-02 1.451676618307828903e-02 3.164870738983154297e-01 5.596511960029602051e-01 1.580361090600490570e-02 8.413997292518615723e-02 1.707145385444164276e-02 2.711143530905246735e-02 1.681231558322906494e-01 6.926488876342773438e-01 8.842294663190841675e-02 9.302549064159393311e-02 1.829042881727218628e-01 2.495312243700027466e-01 5.133580416440963745e-03
8.461714386940002441e-01 3.450376987457275391e-01 2.273485530167818069e-03 7.825952954590320587e-03 9.055525064468383789e-03 1.293991372222080827e-04 2.164649404585361481e-02 9.960001707077026367e-02 2.837515785358846188e-04 1.115781739354133606e-01 4.422692873049527407e-04 4.228085577487945557e-01 9.362279176712036133e-01 1.013012020848691463e-03 4.527339842752553523e-05 4.340333119034767151e-02 1.333558466285467148e-03 3.963463753461837769e-02 7.728309137746691704e-04
4.090722650289535522e-03 1.003821473568677902e-02 7.894507803030137438e-07 1.372547000646591187e-01 1.340116286883130670e-04 1.420079352101311088e-04 6.000403780490159988e-03 7.329863309860229492e-02 8.012483476704801433e-07 9.990667700767517090e-01 3.411946818232536316e-05 1.978451460599899292e-01 2.275251783430576324e-02 4.411898553371429443e-04 9.551495895721018314e-05 5.519963428378105164e-02 2.904041437432169914e-03 1.248031761497259140e-02 5.260642979010299314e-07
8.847343851812183857e-04 3.242444363422691822e-04 9.228716604411602020e-03 1.389381213812157512e-04 8.074051141738891602e-02 1.503068051533773541e-05 7.239161133766174316e-01 2.367654256522655487e-02 2.099465491482988000e-04 3.036635816097259521e-01 4.323518078308552504e-05 9.171119332313537598e-01 1.231200173497200012e-01 1.007864011626224965e-05 2.801080654535326175e-06 4.312614202499389648e-01 1.357358042150735855e-02 7.247307221405208111e-04 9.318235242972150445e-05
7.227239012718200684e-02 5.049711465835571289e-02 5.863917525857686996e-03 2.251619938760995865e-03 6.815525889396667480e-02 1.994357677176594734e-03 7.138211727142333984e-01 7.949086278676986694e-02 2.342531643807888031e-02 2.775310277938842773e-01 5.792876705527305603e-03 6.233712434768676758e-01 3.121704757213592529e-01 6.369031616486608982e-04 4.349566588643938303e-04 1.675611138343811035e-01 3.525581955909729004e-02 3.740431275218725204e-03 2.060813270509243011e-02
7.007341482676565647e-04 1.298297411267412826e-05 1.553872721160587389e-06 9.998615980148315430e-01 2.816143678501248360e-04 5.702601671218872070e-01 9.425653261132538319e-04 1.774755219230428338e-04 1.238590339198708534e-04 2.038562524830922484e-05 1.789684928032997391e-10 1.254098869196695887e-08 2.233533159596845508e-04 9.784330613911151886e-04 8.699317276477813721e-02 1.809140030673006549e-06 1.741136307828128338e-03 2.882929518818855286e-03 1.447448880753654521e-07
2.252238336950540543e-04 2.907878069891012274e-06 7.334376306289414060e-08 9.765460342168807983e-02 1.322176400572061539e-02 9.999043941497802734e-01 1.842585508711636066e-03 1.841169989802438067e-07 1.686267368495464325e-02 1.493095396654098295e-06 2.242148966491441797e-10 6.877988312226079870e-07 8.160772267729043961e-06 1.482804145780391991e-05 3.293240442872047424e-03 3.149630174448247999e-06 5.061667761765420437e-04 4.471036605536937714e-03 1.107220759877236560e-05
4.607755541801452637e-01 2.675796793027984677e-07 8.097213004265579883e-12 9.991070628166198730e-01 1.745000779628753662e-01 8.727512322366237640e-04 1.307693421840667725e-01 5.305986761072745139e-09 2.104381419485434890e-04 1.802322624477881163e-09 4.346618117517797586e-12 7.089533028192818165e-06 1.801502804710253258e-07 2.121549442790637841e-07 1.805244199931621552e-02 1.021009325086197350e-06 6.601914064958691597e-04 1.510499458845515619e-07 6.132778906930980156e-08
9.805458784103393555e-01 1.397550825066318225e-10 1.352830213785442432e-18 9.999998807907104492e-01 5.245340466499328613e-01 4.897268812698030160e-09 3.269114298745989799e-03 8.579491013026990798e-14 3.144430937851439012e-09 2.263910189685951896e-14 6.783363269231945349e-18 4.217671403239364736e-07 6.569018246027624741e-11 7.751316082049708456e-12 1.495834021625341848e-05 2.395194265147893020e-08 1.967675416381098330e-05 3.607232785043934520e-13 5.045190136433903849e-14
8.558490872383117676e-01 2.141206049272037504e-12 2.021538136406534704e-20 1.000000000000000000e+00 2.316408418118953705e-02 3.373875831491623956e-12 6.244850396797119174e-07 1.031429139959540858e-14 2.845168423234144262e-14 8.595849590930723649e-15 5.000506731790871508e-22 2.176457798708231195e-11 6.936651947286875952e-11 3.526232853889171848e-13 1.433170524478555308e-07 5.978231243375375925e-10 7.507417194574372843e-07 6.528777094458947214e-17 8.455559774964956947e-20
2.293408272180386120e-07 3.096638920396799222e-06 6.263405794015852734e-07 1.567167229950428009e-02 4.076694040122674778e-06 7.604888196510728449e-06 9.986544847488403320e-01 2.210567938163876534e-03 5.320913041941821575e-04 2.224691570518189110e-06 4.495977634633163689e-08 1.931832457557902671e-06 4.079583450220525265e-04 6.486496422439813614e-03 1.237111240625381470e-01 3.320725954836234450e-05 9.349640607833862305e-01 2.703698410186916590e-04 4.238595283823087811e-05
9.999157190322875977e-01 9.406163007952272892e-05 1.139614097533936388e-11 8.976470828056335449e-01 5.879300236701965332e-01 1.082023004528309684e-08 4.066228866577148438e-02 7.444265293088392355e-08 1.355339236397412606e-06 1.369096391812263391e-09 1.249628400756819246e-09 9.482232853770256042e-03 1.695248329269816168e-06 3.550602798441104824e-07 1.049569618771784008e-05 7.218915925477631390e-06 3.022685705218464136e-04 2.738998583495799721e-09 2.117855757433062536e-08
1.000000000000000000e+00 2.326773028471507132e-05 9.216097192390338595e-29 1.593097636032325681e-06 9.996563196182250977e-01 2.822686748923331521e-30 2.069979382213205099e-05 8.761104236632379950e-16 1.059190040219490837e-19 5.509839760847738777e-22 2.663128661629786425e-19 8.816024661064147949e-01 1.002427307827957748e-11 4.326509709704364340e-20 2.158457773307574847e-30 5.332332353447100104e-10 7.438012472648150575e-14 2.980780350137252556e-24 2.965415990276188788e-22
9.692194461822509766e-01 1.871765255928039551e-01 7.087331265211105347e-02 9.921807050704956055e-01 2.510964125394821167e-02 3.524818384903483093e-05 9.078428847715258598e-04 3.178083151578903198e-02 5.155283133717603050e-07 1.018449570983648300e-02 8.811517182039096951e-05 1.163325179368257523e-02 4.271931350231170654e-01 1.258818805217742920e-01 1.392096281051635742e-03 1.468029618263244629e-02 9.441696456633508205e-04 2.883107401430606842e-02 4.987900865671690553e-06
9.770225286483764648e-01 6.366627216339111328e-01 1.386331673711538315e-02 6.497481837868690491e-03 7.803720887750387192e-03 6.183153163874521852e-05 3.761468455195426941e-02 2.373981028795242310e-01 1.420249580405652523e-03 8.754321373999118805e-03 6.825636955909430981e-04 1.652327030897140503e-01 8.711205720901489258e-01 7.446321658790111542e-03 1.542908466944936663e-05 1.626380719244480133e-02 1.766485744155943394e-03 1.071873772889375687e-02 1.559326425194740295e-03
9.560409188270568848e-01 1.428618282079696655e-01 2.280285023152828217e-02 8.205707669258117676e-01 1.020401120185852051e-01 9.136608568951487541e-04 1.772876642644405365e-02 6.822518259286880493e-02 3.210321301594376564e-05 5.917258188128471375e-02 6.029230426065623760e-04 1.413089185953140259e-01 4.375338852405548096e-01 3.569853678345680237e-02 2.506059221923351288e-02 1.531779859215021133e-02 1.512106042355298996e-02 3.344254195690155029e-02 7.826425280654802918e-05
9.881809949874877930e-01 4.217144101858139038e-02 3.214101889170706272e-04 9.527083039283752441e-01 2.555730342864990234e-01 2.132060762960463762e-04 2.445181831717491150e-02 9.515633806586265564e-03 2.617553764139302075e-05 3.871716326102614403e-03 9.458645945414900780e-05 6.819734722375869751e-02 7.367765158414840698e-02 5.880062002688646317e-03 1.435836683958768845e-02 4.537169821560382843e-03 2.389059029519557953e-02 1.077574444934725761e-03 1.790287205949425697e-05
3.716592982527799904e-05 1.145969079630049237e-07 3.385070890260521992e-09 3.197217285633087158e-01 2.216408902313560247e-04 1.775400945916771889e-03 8.148761987686157227e-01 7.937535701785236597e-05 1.474998271078220569e-06 8.400755524635314941e-01 8.122724715065032797e-11 2.438601804897189140e-03 1.181579544208943844e-03 5.778456966254452709e-07 9.312484413385391235e-03 1.477988553233444691e-04 7.338549010455608368e-03 1.060431968653574586e-04 6.848028810679807066e-09
9.986416697502136230e-01 5.884194374084472656e-02 3.238368719848949695e-07 5.966203287243843079e-02 1.685660565271973610e-03 2.789087893972919119e-08 7.684720185352489352e-05 3.139185719192028046e-03 5.389695911794945005e-10 4.918122664093971252e-02 3.426261940830954700e-08 1.960129886865615845e-01 7.992061972618103027e-01 6.101903636590577662e-06 1.454522102761757196e-08 2.940650447271764278e-04 1.605998136255948339e-06 6.399118574336171150e-04 1.424583739861873255e-08
2.192352112615481019e-04 7.518231286667287350e-04 9.995105266571044922e-01 1.387265801895409822e-04 3.842857899144291878e-03 2.734604822762776166e-05 5.613023042678833008e-01 1.348557919263839722e-01 2.124582533724606037e-04 2.865377962589263916e-01 1.892825821414589882e-06 6.763377785682678223e-02 8.615507930517196655e-02 3.268773725721985102e-04 2.273173595312982798e-05 3.143340349197387695e-01 1.888905279338359833e-02 8.449041342828422785e-05 1.212574643432162702e-04
6.193253397941589355e-01 2.352072745561599731e-01 8.586127758026123047e-01 7.965548038482666016e-01 1.619091182947158813e-01 1.846203580498695374e-02 1.306292712688446045e-01 1.664173305034637451e-01 3.883589059114456177e-03 1.378636658191680908e-01 1.903930678963661194e-02 1.193911582231521606e-01 3.669828176498413086e-01 1.916086822748184204e-01 1.332008093595504761e-01 1.564321070909500122e-01 6.692211329936981201e-02 1.248196288943290710e-01 5.547833163291215897e-03
