2.892354314099065959e-05 7.167140720412135124e-04 9.999901056289672852e-01 1.953220198629423976e-04 1.076923144864849746e-04 2.115198075771331787e-01 7.536055445671081543e-01 1.181970816105604172e-03 3.260639309883117676e-01 9.474741818848997355e-05 1.301804246622850769e-07 2.132466579496394843e-05 2.911845513153821230e-04 4.575747589115053415e-04 3.451213706284761429e-03 9.026612387970089912e-04 3.326049819588661194e-02 1.261491270270198584e-04 4.927757754921913147e-02
8.025393327670826693e-08 9.998548193834722042e-06 9.999738931655883789e-01 1.291365947508893441e-06 1.029846680467016995e-05 9.931803941726684570e-01 1.692433804273605347e-01 1.632991711630893406e-06 3.809151053428649902e-01 9.146921229330473579e-07 3.945726037568597633e-11 2.081497427752765361e-07 1.534245598122652154e-06 5.865465027454774827e-06 7.022189092822372913e-04 1.936244552780408412e-05 9.368472383357584476e-04 8.093937140074558556e-06 4.046731814742088318e-02
4.851447790861129761e-02 4.164343699812889099e-03 2.726189559325575829e-04 2.802757620811462402e-01 5.658001899719238281e-01 3.852485911920666695e-03 7.261089682579040527e-01 9.696399793028831482e-03 1.607510447502136230e-02 5.435419827699661255e-02 8.294430444948375225e-04 6.694048047065734863e-01 2.555087022483348846e-02 2.084410283714532852e-03 7.604908663779497147e-03 3.580270707607269287e-01 1.230192258954048157e-01 5.980215966701507568e-02 1.829079585149884224e-03
1.147968941950239241e-04 2.081432359801738130e-09 3.851007620431223799e-12 9.999998807907104492e-01 3.773373737931251526e-02 7.017946472842595540e-07 1.066433638334274292e-01 2.394207854194974061e-08 4.085041837242897600e-06 5.197864361150550394e-09 4.547973868167243250e-13 2.332532034188261605e-07 2.930526079580886289e-07 4.414318155454566295e-08 1.609015162102878094e-04 1.144518864748533815e-05 2.964030578732490540e-02 1.266101001817787619e-09 3.496946829328884121e-11
2.089101144520100206e-05 2.865433052647858858e-04 5.187018177821300924e-05 9.305967250838875771e-04 5.035882350057363510e-04 1.481293202232336625e-05 7.496100068092346191e-01 2.246889621019363403e-01 1.221571146743372083e-04 9.659878015518188477e-01 5.419320950750261545e-05 6.915577650070190430e-01 1.407327689230442047e-02 1.260897261090576649e-04 2.664532512426376343e-04 4.158571362495422363e-01 1.086151823401451111e-01 4.272058140486478806e-03 3.814833689830265939e-05
7.333399355411529541e-02 3.847233951091766357e-02 9.992358684539794922e-01 2.070116810500621796e-02 2.653830870985984802e-02 2.850569144356995821e-04 8.495029062032699585e-02 2.515495717525482178e-01 6.846724863862618804e-05 7.485376000404357910e-01 2.718918840400874615e-04 1.375766992568969727e-01 2.753989398479461670e-01 2.402673661708831787e-02 2.076789038255810738e-03 2.310410290956497192e-01 1.664755307137966156e-02 9.616098366677761078e-03 5.198593134991824627e-04
4.393442261472341182e-13 1.316342377322143875e-06 5.255537152829882225e-16 9.965747594833374023e-01 4.649592169614358284e-11 6.455965319632217536e-13 9.999915361404418945e-01 8.238416882022647769e-08 1.102598253055475652e-05 2.678371711700364144e-14 1.066010699987208002e-14 6.331894741432627770e-16 1.980966501946568314e-10 2.477932535111904144e-02 2.053162006632192060e-06 1.505827268433179711e-10 6.238287314772605896e-04 1.041639430959806489e-12 1.133946495729398762e-11
5.669159442186355591e-02 1.487990561872720718e-02 6.534035201184451580e-04 3.630109876394271851e-02 5.274031311273574829e-03 6.456368602812290192e-03 3.668489679694175720e-02 1.292870193719863892e-01 3.107088268734514713e-04 9.884971380233764648e-01 2.234792802482843399e-03 3.617363572120666504e-01 1.001992598176002502e-01 8.120845304802060127e-04 2.163775265216827393e-03 1.237645074725151062e-01 1.226152945309877396e-02 4.358121752738952637e-02 1.951911253854632378e-04
1.785800233483314514e-02 2.606758382171392441e-03 3.281166573287919164e-05 9.587489999830722809e-03 7.968894205987453461e-04 1.141503104008734226e-03 8.982172235846519470e-03 5.657406151294708252e-02 1.604128192411735654e-05 9.985168576240539551e-01 2.181542658945545554e-04 3.241864740848541260e-01 4.265200719237327576e-02 5.198447615839540958e-05 2.042084088316187263e-04 7.432109117507934570e-02 2.403115853667259216e-03 1.418055593967437744e-02 8.118807272694539279e-06
1.773437410593032837e-01 9.246508032083511353e-02 1.523839961737394333e-02 1.368085592985153198e-01 3.606545552611351013e-02 3.691444918513298035e-02 1.497832387685775757e-01 2.805324792861938477e-01 7.290857378393411636e-03 8.985407948493957520e-01 2.149320393800735474e-02 3.970493972301483154e-01 2.320796698331832886e-01 1.532739680260419846e-02 2.501167356967926025e-02 1.957617849111557007e-01 6.623266637325286865e-02 1.362364888191223145e-01 5.558249540627002716e-03
2.360228108955197968e-06 1.875230248860049187e-10 3.101463440656113645e-15 4.543248214758932590e-04 1.846061641117557883e-04 3.060174931306391954e-04 8.355093747377395630e-02 8.325232414563288330e-08 6.208532576934544522e-10 9.999599456787109375e-01 1.708562863400858028e-14 2.052559107542037964e-01 7.232533971546217799e-05 3.424846601522528455e-14 1.033545657946888241e-07 3.550975525286048651e-04 6.954784339541220106e-07 1.901989463704012451e-07 1.024827466812594512e-12
3.027430262318893395e-14 4.000088107969368423e-11 2.936493159796718373e-17 4.009565682944193910e-12 2.254472235563298455e-07 4.453263452441902359e-11 9.999964237213134766e-01 1.071237875294173136e-06 1.298313122788385954e-06 1.026204205118119717e-03 9.985057919381645775e-12 1.323671936988830566e-01 1.040582661516964436e-03 4.256954760483572242e-13 2.449845014351748063e-11 6.635106354951858521e-02 1.881087227957323194e-04 3.115138369480519032e-09 2.966228862533171196e-08
1.509784342488273978e-04 5.576222065428737551e-06 3.517660052132498549e-10 3.677104541566222906e-04 8.840220049023628235e-03 4.755750524054747075e-06 2.261733822524547577e-02 5.143765010870993137e-04 7.275093594216741621e-08 9.997678399085998535e-01 3.431840767120775126e-08 9.528756141662597656e-01 5.436075152829289436e-04 2.041953628406645294e-08 9.656094590582142700e-08 2.920289039611816406e-01 9.890315413940697908e-05 1.724718749755993485e-04 2.967591283820070203e-09
5.226996727287769318e-03 2.720060199499130249e-02 1.459175720810890198e-03 3.264861553907394409e-02 6.181898061186075211e-03 6.123387720435857773e-03 9.707491993904113770e-01 2.984653599560260773e-02 4.371108114719390869e-02 9.180364198982715607e-03 2.094394294545054436e-03 2.435826510190963745e-02 3.142973780632019043e-02 4.976396635174751282e-02 3.835522010922431946e-02 1.469432562589645386e-02 1.204782873392105103e-01 1.234998181462287903e-02 1.971924677491188049e-02
1.533173303869261872e-07 3.609237353430216899e-08 1.226251999247862656e-11 2.335683291221357649e-08 2.661858499050140381e-01 9.996522665023803711e-01 1.583546027541160583e-02 2.453420133718964280e-09 5.013555753976106644e-03 2.247801795601844788e-02 2.971417209507443147e-11 1.905459351837635040e-02 7.223268312372965738e-06 9.476325280033393028e-11 3.198327291897840041e-08 7.734432816505432129e-03 3.879628707181836944e-07 1.033797434502048418e-05 1.065111973730381578e-05
4.556544125080108643e-03 3.686998097691684961e-04 8.941693607766865171e-08 2.352884784340858459e-02 1.352079107164172456e-05 2.000997046707198024e-04 3.241288650315254927e-04 1.112060248851776123e-02 4.055700131289086130e-08 9.999752044677734375e-01 1.536081526865018532e-06 1.267325729131698608e-01 9.854094125330448151e-03 1.793428623386716936e-06 1.820148645492736250e-05 6.629811134189367294e-03 1.351832761429250240e-04 1.525921630673110485e-03 2.058043335750880942e-08
9.725721180438995361e-02 1.423963931301841512e-05 1.179134678785942469e-09 9.999998807907104492e-01 1.196240112185478210e-01 6.479484000010415912e-06 1.249625463970005512e-03 3.468053591859643348e-06 2.437549255773774348e-07 1.411843259120360017e-04 3.647288859820463358e-10 8.258421439677476883e-05 1.076733242371119559e-04 7.275984899024479091e-06 1.224233419634401798e-04 7.584278355352580547e-04 1.689776428975164890e-03 2.077172638337287935e-07 4.488955596126942282e-10
6.749717891216278076e-02 6.776484078727662563e-04 2.140555443475022912e-05 6.262083351612091064e-02 7.520934343338012695e-01 2.342791849514469504e-04 6.735365986824035645e-01 1.307943370193243027e-03 1.919228467158973217e-03 1.885691657662391663e-02 5.467967275762930512e-05 8.882197141647338867e-01 5.740620195865631104e-03 9.290561865782365203e-05 1.372449187329038978e-04 4.040658473968505859e-01 4.235152527689933777e-02 2.433523349463939667e-02 1.237286051036790013e-04
