4.180703253950923681e-04 8.650794625282287598e-04 4.700580029748380184e-04 2.859663509298115969e-04 1.481992751359939575e-02 5.905748605728149414e-01 7.418648004531860352e-01 7.402794435620307922e-04 3.216823935508728027e-01 9.661393240094184875e-03 5.599449650617316365e-05 2.350980415940284729e-02 5.322527606040239334e-03 3.860137367155402899e-04 5.600659642368555069e-03 1.468818821012973785e-02 3.772512776777148247e-03 1.363885588943958282e-02 1.234192922711372375e-01
3.336826921440660954e-05 1.395065773976966739e-04 2.885681533371098340e-05 4.107533895876258612e-04 3.858666401356458664e-03 9.563949704170227051e-01 5.856517553329467773e-01 2.785547985695302486e-05 1.361459195613861084e-01 4.362344770925119519e-05 4.674925548897590488e-07 1.580476819071918726e-04 1.488785201217979193e-04 3.076324472203850746e-03 1.116416696459054947e-02 3.420881985221058130e-04 6.833306979387998581e-04 5.417651962488889694e-03 6.942713167518377304e-03
2.125190621355896314e-13 1.283193759311473253e-14 1.001019090142159056e-15 1.000000000000000000e+00 4.355402418386965235e-14 8.034347128590737671e-21 1.086714677512645721e-02 3.711430736075271852e-07 4.676529782284076075e-16 2.972904854150332232e-13 4.893036475416226848e-25 4.308637196256320402e-21 6.203170754837117329e-10 1.709983905584522290e-07 2.241311420903002727e-07 4.019937730132330800e-14 9.999570846557617188e-01 3.312317325802893730e-13 1.889612673688423948e-22
7.526547312736511230e-01 1.528323045931756496e-03 8.648365357188936287e-10 3.014268031620304100e-06 2.693851420190185308e-04 2.872954428312368691e-05 9.649395942687988281e-01 2.250777129120251630e-07 5.735912322998046875e-01 1.565296770422719419e-06 2.335751560167409480e-06 2.519925124943256378e-02 2.366798526054481044e-06 4.474240000718054944e-08 4.475285493299452355e-07 8.545698619855102152e-07 2.103697333950549364e-04 1.504131660112761892e-06 6.350526213645935059e-01
2.934976518154144287e-01 2.397141903638839722e-01 7.703900933265686035e-01 1.598567813634872437e-01 9.112626314163208008e-02 1.325982436537742615e-02 4.060757160186767578e-01 4.143740534782409668e-01 2.385507337749004364e-02 3.181277215480804443e-01 2.487646974623203278e-02 2.535606622695922852e-01 3.795547485351562500e-01 9.371858090162277222e-02 4.540469869971275330e-02 2.168862372636795044e-01 1.609857529401779175e-01 9.687284380197525024e-02 2.677295915782451630e-02
8.121246537484694272e-06 1.567636331856192555e-06 2.229847062551471026e-08 1.732281984523353913e-09 3.328498223709175363e-07 9.556994438171386719e-01 1.597543507814407349e-01 4.928413233074024902e-10 5.930011272430419922e-01 2.070020855171605945e-06 1.491264611797049611e-10 1.711555341898929328e-05 4.116952467825285567e-08 4.809611597877960776e-10 2.181047449312245590e-07 3.424020889042367344e-08 2.802747985697351396e-06 1.295015590585535392e-05 9.845516085624694824e-01
5.527294320017972495e-07 6.175867373059418242e-09 3.293171941740058450e-14 1.515567937815376354e-08 6.566171214217320085e-05 1.232758859259774908e-05 4.225717112421989441e-02 1.295482616114895791e-05 6.850997635865496704e-08 9.999946355819702148e-01 2.360586726091185028e-10 8.425732851028442383e-01 2.153235691366717219e-04 1.621765364416636462e-14 4.248126503347826599e-11 4.584757983684539795e-02 2.939897854048467707e-07 3.872006857363885501e-07 8.227150627426738083e-10
9.437554478645324707e-01 7.135207764804363251e-03 6.550132436444755513e-09 2.175647023250348866e-05 2.359331771731376648e-02 6.006524699841975234e-08 4.797046631574630737e-02 6.186485406942665577e-04 5.441982011689106002e-06 3.021516203880310059e-01 1.815479436118039303e-06 8.739027976989746094e-01 2.249005287885665894e-01 3.555103544883309041e-09 1.394134946375302775e-10 1.157809887081384659e-02 8.451757821603678167e-06 1.264781803911319003e-05 1.348905789200216532e-05
9.991729855537414551e-01 2.569608623161911964e-04 3.776968616201392334e-16 2.068147324507663143e-07 4.152041219640523195e-04 8.552128189648344758e-13 1.478700200095772743e-03 1.082669996321783401e-06 2.762486350782467071e-10 3.886270821094512939e-01 3.528254771678618340e-11 8.565937280654907227e-01 6.629085540771484375e-02 3.531001047988821008e-15 5.655447744659341104e-17 4.659559272113256156e-05 1.236450941632938338e-09 2.770196294576976470e-09 2.717009950359283721e-09
3.064736802116385661e-07 6.629905442423478235e-07 3.503281504890765063e-07 8.320976793766021729e-02 1.592579483985900879e-02 6.088547621629913920e-08 9.991396665573120117e-01 1.709770731395110488e-04 3.749246243387460709e-04 1.622496711206622422e-05 2.847506834768864792e-07 6.664293259382247925e-02 2.750999410636723042e-04 2.986411163874436170e-05 2.725448575802147388e-04 1.132334768772125244e-01 3.791979551315307617e-01 3.316576592624187469e-03 1.705861541267950088e-05
7.604653546877671033e-07 1.239376142621040344e-04 1.914414404780018231e-08 1.079874550669046585e-06 6.689515430480241776e-05 2.020983735917525337e-08 9.999861717224121094e-01 5.618933937512338161e-04 3.123218752443790436e-02 5.841149231855524704e-06 1.363670016871765256e-04 1.977422274649143219e-02 3.437127219513058662e-03 2.723211400734726340e-05 2.506759774405509233e-04 4.562342073768377304e-03 3.514943420886993408e-01 1.711445838736835867e-05 1.223043538630008698e-02
9.266891961635156244e-15 2.659803944815249989e-15 9.722181173409386159e-23 7.511910051107406616e-02 2.121732677551335655e-06 7.181345296203289763e-08 1.000000000000000000e+00 5.828210834512594345e-16 5.028522718930616975e-05 9.824197953093564726e-20 1.493416737750258937e-21 2.338931728417675826e-13 9.960225867819069712e-14 3.650102220476014736e-09 4.201507661491632462e-03 3.921447541688216631e-11 4.047272796015022323e-06 3.629465825105704369e-11 5.902445958209934229e-13
1.449376868549734354e-04 6.925185918807983398e-01 5.470160999720974360e-07 7.661116719245910645e-01 6.831796326878247783e-06 1.483105370425619185e-05 9.091951251029968262e-01 8.121650665998458862e-03 2.379272133111953735e-03 1.914606400532647967e-06 7.091139559634029865e-05 3.233116672163305338e-07 2.810855949064716697e-05 9.654414653778076172e-01 1.350401453237282112e-05 4.867845564149320126e-05 9.248272981494665146e-04 6.270969606703147292e-06 3.376430413482012227e-06
4.137984476983547211e-03 1.291696876287460327e-01 4.456712190403777640e-07 5.984656214714050293e-01 9.582646191120147705e-03 2.674519829452037811e-02 7.638298869132995605e-01 2.025463618338108063e-04 8.620547503232955933e-02 3.260023004258982837e-05 2.507960016373544931e-04 2.452684275340288877e-04 8.996704855235293508e-05 3.223177045583724976e-02 3.790723858401179314e-04 8.304414222948253155e-04 2.727673854678869247e-04 3.754779027076438069e-05 1.228822278790175915e-03
2.282714849570766091e-04 4.854831993579864502e-01 4.655110501516901422e-07 1.477849017828702927e-02 5.713924110750667751e-05 3.827054426074028015e-02 9.524857997894287109e-01 6.999499746598303318e-04 3.908298909664154053e-02 3.311484533696784638e-06 5.950906779617071152e-05 7.390127848339034244e-06 1.922331648529507220e-05 5.939779281616210938e-01 1.666656462475657463e-04 4.746755439555272460e-05 1.767742942320182920e-04 6.237709749257192016e-05 1.408309617545455694e-04
6.118150257250487556e-12 1.326035170556849607e-09 5.201091463167151902e-15 2.978130360133945942e-04 7.106807515810942277e-06 1.240945302072304912e-08 9.999988079071044922e-01 5.634327138182015915e-08 1.001779946818714961e-05 6.509819172606512439e-08 6.418492582045687289e-13 9.984313692257273942e-06 4.285423983674263582e-06 2.870636706120421877e-07 3.441773515078239143e-05 9.669043356552720070e-05 2.052827039733529091e-03 9.417526314337010263e-08 1.169104724141334373e-08
6.620871628726376912e-10 4.248104517046158435e-07 3.062800360553730172e-11 6.966428481973707676e-04 2.788540950859896839e-05 6.614882153144208132e-08 9.999904632568359375e-01 1.268655887542990968e-05 1.687901385594159365e-04 2.568187028373358771e-06 5.526453072945969325e-09 1.813976850826293230e-04 1.135940692620351911e-04 2.266887167934328318e-05 2.458572562318295240e-04 1.672170707024633884e-03 1.958752609789371490e-02 3.813802095464779995e-06 2.862350584109663032e-06
5.955836765935899797e-20 1.006042122574319145e-14 2.574706197434195468e-16 1.987142533854679982e-10 1.711560513001190997e-14 1.952097939569841923e-20 9.999998807907104492e-01 2.927937079221010208e-03 2.971747292690452014e-10 6.685787070637161378e-07 1.929048250076583620e-14 2.293977786393952556e-06 1.633973170100944117e-07 1.167050633910093893e-08 1.790331971562864055e-08 4.546213313005864620e-04 9.999389648437500000e-01 6.077618053268452059e-08 2.450734615244698489e-10
1.213129735555540378e-10 5.065308883445140964e-08 4.512800842348951846e-06 2.176116395276039839e-04 3.060550568534381455e-08 1.315783038080553524e-10 9.963998794555664062e-01 1.267211884260177612e-02 4.992199246771633625e-04 6.745495966242742725e-07 2.539817955948819872e-08 1.183057065645698458e-06 5.136378240422345698e-05 3.509329864755272865e-03 1.699521089904010296e-04 6.477336864918470383e-04 9.960741996765136719e-01 8.190130591392517090e-01 5.489363502420019358e-06
1.790003625441480913e-16 3.586594319064315139e-14 1.626424384439714016e-14 5.164975846128072590e-06 2.473781596235014035e-12 2.333144576975885792e-16 9.999780654907226562e-01 4.638708196580410004e-05 3.621232202988267090e-10 1.951881545281253238e-09 7.137822767943453016e-16 9.179419002691702190e-09 2.698681953461345984e-07 1.346016915704240091e-07 8.062782399065326899e-06 2.354225898670847528e-06 9.999743700027465820e-01 4.892560809821588919e-07 4.926899999091460813e-10
4.676522612571716309e-01 3.074533306062221527e-04 2.424619879093370400e-06 9.999498128890991211e-01 7.016602903604507446e-02 4.171220352873206139e-04 7.994964718818664551e-03 1.840126933529973030e-04 2.143623714800924063e-05 1.549600565340369940e-04 2.208506373335694661e-07 1.582707336638122797e-04 1.578460447490215302e-03 2.766654652077704668e-04 1.384909171611070633e-02 5.747927934862673283e-04 1.085335202515125275e-02 3.321790427435189486e-05 4.973727527612936683e-07
3.492320477962493896e-01 9.172859042882919312e-02 4.639451508410274982e-04 9.999209642410278320e-01 1.464804355055093765e-02 8.894788916222751141e-04 1.704608672298491001e-03 2.675306238234043121e-02 2.784284151857718825e-05 4.081317689269781113e-03 4.269564669812098145e-05 7.687592733418568969e-05 4.048762470483779907e-02 4.595830738544464111e-01 4.126550629734992981e-03 6.603054702281951904e-03 4.953174851834774017e-03 8.433208800852298737e-03 3.364411531947553158e-05
4.528872210585177527e-08 1.483919005528278891e-17 2.015967333222495995e-23 1.000000000000000000e+00 3.904105105902999640e-04 1.527831159364723135e-06 2.802919516398105770e-05 8.413843492268574271e-16 1.526002241236668056e-11 3.660983801810797911e-14 3.038501462809645363e-26 2.012768308956840863e-14 9.520901862042352448e-13 7.743867430165616433e-16 3.678603093248966616e-07 4.160782829387699167e-11 2.445974814690998755e-06 6.044083639746575601e-15 1.628917646256967890e-21
2.139155103053624885e-10 6.491597814850535997e-10 5.685564239326984168e-15 2.577878534793853760e-02 5.214648990659043193e-05 2.228542399507205118e-07 9.999848604202270508e-01 2.243845287352996820e-08 6.223646778380498290e-06 1.005195855441343156e-07 3.962826025443941247e-14 4.706050276581663638e-06 2.060657152469502762e-06 2.119119102417243994e-07 1.718946150504052639e-04 2.009890522458590567e-05 2.542191650718450546e-03 2.597362254164181650e-07 1.340993094345321879e-09
2.243630170539745450e-09 5.687101989337861596e-08 5.016724882733747393e-12 5.117949564009904861e-03 9.923180914483964443e-05 3.221116742224694462e-07 9.999687671661376953e-01 1.878651346487458795e-06 4.601729233399964869e-05 2.498326011846074834e-06 6.938610103146558572e-11 1.020261042867787182e-04 4.690808054874651134e-05 5.283708560455124825e-06 3.468680952209979296e-04 4.661019484046846628e-04 1.043268851935863495e-02 2.667493390617892146e-06 1.567981513517224812e-07
1.894223059656363617e-12 5.718030138268659357e-07 1.304349965709772352e-12 3.694409542731591500e-07 2.939785126443439367e-08 9.088435559689855836e-11 9.999994039535522461e-01 1.849001710070297122e-04 4.208363679936155677e-05 6.744513029843801633e-06 1.641716096401069080e-09 7.274631934706121683e-05 3.415785322431474924e-04 3.098301931458991021e-06 2.640643515405827202e-06 2.009417163208127022e-03 3.490239381790161133e-02 7.819817682275242987e-08 1.085851749849098269e-06
3.991276642523189366e-08 8.149405766744166613e-05 5.077055997837476298e-10 1.091288481802621391e-06 2.066186971205752343e-05 9.353971677228400949e-07 9.996466636657714844e-01 3.319943323731422424e-03 6.071114330552518368e-04 1.988168433308601379e-02 1.569100504639209248e-06 4.262790456414222717e-02 1.441445760428905487e-02 1.136937726187170483e-06 3.541607838997151703e-06 6.453297287225723267e-02 8.753845468163490295e-03 6.517324891319731250e-06 7.992290920810773969e-05
2.901958032452967018e-05 6.007972842780873179e-05 5.853096229913035131e-09 4.541203907137969509e-06 1.345111988484859467e-03 1.831776753533631563e-04 7.658410668373107910e-01 5.622488446533679962e-03 4.023933433927595615e-04 9.781107902526855469e-01 9.000329555419739336e-06 7.310553193092346191e-01 2.199115231633186340e-02 3.460023734191963740e-08 4.495158805184473749e-07 2.226301133632659912e-01 9.804744040593504906e-04 1.205950175062753260e-04 9.241601219400763512e-05
7.561382062704069540e-06 5.062817365342198173e-08 1.075274174170900987e-13 4.865383402830047999e-07 1.898542620892840205e-07 1.424232509705802840e-09 1.274047972401604056e-04 3.494304255582392216e-04 2.270164741954849852e-12 9.999998807907104492e-01 1.385337261572416878e-10 6.460966467857360840e-01 5.175937549211084843e-04 1.299472899077280807e-12 2.645450698779416854e-11 3.214033320546150208e-02 1.517309783594100736e-06 3.042045500478707254e-05 7.501788903616080084e-13
9.119617772057608818e-08 1.147837269677154381e-09 5.137997219697097899e-19 3.991882522313972004e-07 8.385422347600979265e-07 4.331972836002506710e-10 7.524182001361623406e-05 4.166910912317689508e-06 4.043136607304910479e-14 1.000000000000000000e+00 7.398804333959285717e-14 9.392242431640625000e-01 3.968302735302131623e-06 4.816209009297217625e-15 2.627004516697617476e-13 4.138320311903953552e-02 3.606725940130672825e-08 1.034070251648699923e-07 3.581463618156647188e-16
9.065193040669328184e-09 2.296273240998125686e-11 3.034165735658953792e-21 4.770593253766719499e-09 1.092238521849253630e-09 2.026206459559976025e-11 7.008662805674248375e-07 1.428889618182438426e-06 6.149970063812533212e-17 1.000000000000000000e+00 1.158609569978821634e-15 7.439211606979370117e-01 9.208091569234966300e-07 5.565556538568100991e-18 1.811346288143667917e-15 4.321992862969636917e-03 8.175934373966242674e-10 1.373703373275247941e-08 3.756100241078060066e-19
1.338361616944894195e-04 3.618514529080130160e-05 1.734669012876111083e-07 1.513013266958296299e-03 1.704043708741664886e-02 2.025132744165603071e-05 4.134331345558166504e-01 7.202835287898778915e-03 1.744709697959478945e-05 9.793745875358581543e-01 2.562811687312205322e-06 9.302360415458679199e-01 4.234274849295616150e-03 3.126779802187229507e-06 1.152082677435828373e-05 4.753659367561340332e-01 9.119770489633083344e-03 2.623242791742086411e-03 2.257250116599607281e-06
1.619871556758880615e-01 1.956048309803009033e-01 2.362489933148026466e-03 6.545180082321166992e-01 1.414979845285415649e-01 8.528430014848709106e-03 4.270326793193817139e-01 1.294838339090347290e-01 1.860783807933330536e-02 2.542093396186828613e-01 1.251657493412494659e-02 2.309906929731369019e-01 1.150109991431236267e-01 5.345938354730606079e-02 1.583051867783069611e-02 1.774414330720901489e-01 8.783093094825744629e-02 2.078167907893657684e-02 4.159995354712009430e-03
4.186829179525375366e-02 6.086416542530059814e-02 2.528689103201031685e-03 3.150869905948638916e-02 2.045043855905532837e-01 9.417456388473510742e-01 1.593650728464126587e-01 5.963029805570840836e-03 1.744503080844879150e-01 4.433783143758773804e-02 1.972063444554805756e-03 4.588275402784347534e-02 2.003839053213596344e-02 1.663500629365444183e-02 2.555599808692932129e-02 3.100360743701457977e-02 1.075518317520618439e-02 4.782469198107719421e-02 3.924607113003730774e-02
5.627168730981679801e-10 1.919302761166363780e-08 3.299664967926219106e-07 4.985652863979339600e-01 1.686017370161607687e-08 4.750630097638541827e-11 9.891274571418762207e-01 9.075683192349970341e-04 2.187423717714409577e-07 1.048865030384149577e-07 5.830523997635284061e-12 2.357147366183198756e-08 2.588573988759890199e-05 3.169444389641284943e-04 1.423720386810600758e-03 7.725074283371213824e-06 9.991906285285949707e-01 9.803693501453381032e-06 4.665785269253319711e-08
3.458352311122570022e-13 1.784761574641358095e-11 7.090569242862443389e-10 8.537098169326782227e-01 8.012289443026787694e-11 3.406395089909424953e-15 9.990040659904479980e-01 2.047021371254231781e-05 4.558298183354736466e-10 9.875399803460638282e-11 1.638950651770845431e-16 6.062407520435186825e-11 3.990477921433921438e-07 6.884261892992071807e-06 9.654892346588894725e-05 1.151049033865092497e-07 9.998877048492431641e-01 1.797099002942559309e-08 3.157836492295729158e-11
3.719932695211980445e-11 1.596050958063699454e-09 2.217784178526471806e-08 9.392108917236328125e-01 4.554065735629109213e-10 4.687493882632454145e-13 9.821370244026184082e-01 3.271604364272207022e-04 5.042076534067518878e-09 6.942880048654842540e-09 1.421458166016992264e-14 1.744592664776334345e-10 4.226072633173316717e-06 1.651988131925463676e-04 5.131282960064709187e-04 3.477909160665149102e-07 9.998043179512023926e-01 7.023523949101218022e-07 3.233334711083557522e-10
1.291185915470123291e-01 3.588486313819885254e-01 1.523545756936073303e-02 1.178842335939407349e-01 1.099397614598274231e-01 6.550689935684204102e-01 3.690969347953796387e-01 9.865424782037734985e-02 1.630729138851165771e-01 7.582894712686538696e-02 2.156819216907024384e-02 7.612959295511245728e-02 7.775914669036865234e-02 1.562161445617675781e-01 6.567306071519851685e-02 5.713734403252601624e-02 4.595725983381271362e-02 7.163845002651214600e-02 4.928471893072128296e-02
5.895498767495155334e-02 2.949663437902927399e-02 2.971360809169709682e-04 1.365368664264678955e-01 1.651864051818847656e-01 4.667676053941249847e-03 3.475129008293151855e-01 7.026885449886322021e-02 2.973239636048674583e-03 7.883291840553283691e-01 2.124703256413340569e-03 6.886105537414550781e-01 9.434793144464492798e-02 1.730215386487543583e-03 2.455924637615680695e-03 3.365719020366668701e-01 4.278300330042839050e-02 3.230267018079757690e-02 7.792654796503484249e-04
1.335370987653732300e-01 4.297281801700592041e-02 4.355352430138736963e-04 5.805757641792297363e-01 3.927014768123626709e-01 1.114735566079616547e-02 5.927653312683105469e-01 1.995048113167285919e-02 3.110785968601703644e-02 1.057139337062835693e-01 3.417137777432799339e-03 3.745922446250915527e-01 5.073252692818641663e-02 6.773792207241058350e-03 1.118354499340057373e-02 2.144926786422729492e-01 6.058795005083084106e-02 1.155307888984680176e-02 3.483023494482040405e-03
7.528773039666702971e-06 6.592409044969826937e-05 3.013521450156986248e-07 1.859342562966048717e-03 1.939192181453108788e-03 2.146790757251437753e-05 9.905924201011657715e-01 6.201254203915596008e-03 6.821566494181752205e-04 5.895785987377166748e-02 8.997806617117021233e-06 1.900299787521362305e-01 1.603548228740692139e-02 4.873098077950999141e-05 3.909616789314895868e-04 1.315888017416000366e-01 7.400753349065780640e-02 1.103631570003926754e-03 1.434853038517758250e-04
1.535849364353580881e-10 5.353899545923468395e-09 2.613389715679266534e-14 3.915707929991185665e-04 4.196973532089032233e-05 2.330880612134933472e-03 9.999755620956420898e-01 2.253288000630959687e-09 8.099607657641172409e-04 1.133869664826647750e-09 1.737099233987265956e-13 7.716312211414333433e-08 1.644161642389008193e-07 7.753475074423477054e-06 5.098130786791443825e-04 1.471867562941042706e-06 5.161912122275680304e-05 1.031009446705866139e-06 9.720919535993743921e-08
1.759929701972140492e-10 3.231325536035001278e-07 1.539767098546196422e-11 6.764946738258004189e-04 3.820911842922214419e-06 7.694852115491812583e-07 9.999984502792358398e-01 3.940114311262732372e-06 8.060805266723036766e-04 3.975837259417858149e-08 6.784581230157016307e-10 1.278186005038151052e-06 1.181725747301243246e-05 5.243811174295842648e-04 2.752062864601612091e-03 4.247849574312567711e-05 9.126059710979461670e-03 2.985083256135112606e-06 2.890619271056493744e-06
8.677815198898315430e-01 5.765702575445175171e-03 5.217792704570456408e-07 9.902828931808471680e-01 8.264115313068032265e-04 7.743949936411809176e-06 2.425536222290247679e-04 3.410319564864039421e-03 5.124038082726656285e-09 9.601886272430419922e-01 7.405335367138832225e-08 2.462330646812915802e-02 1.732819527387619019e-01 4.305196853238157928e-05 2.089932058879639953e-05 5.742684006690979004e-04 1.495483593316748738e-04 7.844936335459351540e-04 8.114030336514588271e-09
9.167004227638244629e-01 7.494182209484279156e-04 1.871652312301907983e-11 1.000000000000000000e+00 5.972050130367279053e-03 5.008565229225325766e-10 6.247512942536559422e-07 6.073439180909190327e-06 1.350052881987640063e-12 2.415806055068969727e-03 2.065886350877121913e-11 3.002579433086793870e-06 1.684604794718325138e-03 2.001887914957478642e-04 4.923260021882924775e-08 1.173009222839027643e-04 1.728036659187637269e-05 1.277999839288668227e-08 1.059163499093906946e-12
8.977625370025634766e-01 1.234700307250022888e-01 4.185713987681083381e-05 9.980450868606567383e-01 2.240968346595764160e-01 4.289799471735022962e-05 3.590323403477668762e-02 1.723150908946990967e-02 6.101446924731135368e-04 1.940306392498314381e-03 8.398775942623615265e-03 1.194554939866065979e-02 1.650253310799598694e-02 2.637832984328269958e-02 1.839108997955918312e-03 1.503394078463315964e-02 1.072274371981620789e-01 1.346979261143133044e-04 1.538856013212352991e-04
1.442166137621825328e-07 4.664192942982481327e-08 1.594663401327522934e-09 9.999990463256835938e-01 3.927164726746923407e-08 3.419512589752926601e-11 3.903538361191749573e-02 8.534818771295249462e-04 1.411726735511820152e-09 1.348088062513852492e-06 1.614112252331604408e-14 6.464397159927637304e-12 1.571015127410646528e-05 5.911663756705820560e-04 8.710809051990509033e-04 3.550341531877165835e-08 9.913886189460754395e-01 2.682723561520106159e-06 2.242068564226734617e-13
1.219042019329208415e-06 2.598065051984121965e-08 4.338380333105868489e-18 6.658808328211307526e-03 1.457215985283255577e-04 3.580197527330852836e-10 1.767872599884867668e-04 6.995327339609502815e-07 2.087159655175807593e-14 9.999997615814208984e-01 6.982437496033319646e-14 9.735404849052429199e-01 4.468374299904098734e-06 2.457663250427649659e-13 4.272257460996575773e-12 8.848704397678375244e-02 8.330521694688286516e-08 1.432062504136411007e-07 8.051606676001720527e-17
2.868392737582325935e-03 7.863127926555080194e-09 2.366704414098839276e-14 9.976254105567932129e-01 9.562757015228271484e-01 5.739506647728376265e-08 3.581270575523376465e-01 4.112540086254057314e-09 2.925890498772787396e-07 2.512846731406170875e-05 1.044426589484614976e-12 7.794678211212158203e-01 7.215146524686133489e-07 3.105360413258040353e-10 5.346967668629076798e-07 5.510640516877174377e-02 2.006899099797010422e-03 2.206498947998625226e-06 1.386005286235780787e-11
9.657059796154499054e-03 1.159219777946418617e-07 3.750201667828732711e-19 8.265321749505866178e-14 1.793310002540238202e-05 4.533588615629469132e-09 8.087716698646545410e-01 2.027519263592125753e-09 4.235514097672421485e-06 1.904551088809967041e-01 1.309785266356833233e-11 8.607751727104187012e-01 1.361085753887891769e-02 3.510365043615986524e-19 5.933169333984834870e-17 7.115491462172940373e-05 3.355985489505997066e-10 1.682596423302484823e-11 4.030694071843754500e-06
6.782435946206533117e-09 3.313936889171600342e-01 1.056589830141256223e-14 1.036795005202293396e-01 1.367562313392411966e-12 5.814376668901563485e-16 9.996472597122192383e-01 2.230874029919505119e-03 2.462149677739944309e-05 5.980183796078231140e-13 1.149418039858574048e-05 7.960783074412169924e-12 7.242278332597607005e-09 7.661932706832885742e-01 2.948290722670776631e-09 1.326238141530211578e-08 3.311211764812469482e-01 4.895412430983014929e-08 1.238112390389289885e-09
4.065210305270738900e-05 3.151057171635329723e-06 2.261843463175969293e-13 1.253523673749867839e-10 1.274161878973245621e-02 2.030990098322860149e-10 9.998857975006103516e-01 4.599945668815053068e-08 4.457401577383279800e-03 1.338440256404282991e-07 3.103339167864760384e-07 8.416553735733032227e-01 4.588171432260423899e-04 3.090539282823989709e-11 5.353243404115914927e-10 6.840060930699110031e-03 8.344555390067398548e-04 7.954162661860664230e-09 5.091179627925157547e-04
2.099330248824771679e-24 6.728095958353548435e-22 2.373014643749948360e-25 1.000000000000000000e+00 6.260277081532735210e-23 3.906511967400091109e-36 9.962559938430786133e-01 2.436805791872220794e-11 7.841853455684285937e-22 7.306369119639490368e-23 3.249318072329460667e-35 1.451476726429248038e-30 1.081451644747532907e-15 8.838871995431318851e-11 3.102036206029112897e-12 1.826183052698599547e-19 9.999986886978149414e-01 2.484056095136203433e-23 6.482673421959975145e-30
1.422050736714364216e-12 8.879747082763105731e-15 1.383051032898455687e-21 2.624565468067885377e-06 2.572211325168609619e-01 6.616017458327405620e-07 9.999996423721313477e-01 1.668600643042788189e-16 4.684602916240692139e-01 1.039606497676287544e-13 6.078897964428148226e-14 1.163823623210191727e-02 7.733580269231321580e-12 1.634629253786587522e-13 1.707056718203148193e-08 1.697894418612122536e-03 3.218361754875331826e-08 3.224311967642279342e-06 1.853883446756299236e-08
4.058333423321670018e-22 1.999880973714909804e-13 4.092953780128122874e-31 9.447234869003295898e-01 4.503976618747129734e-12 2.937093788564190198e-20 1.000000000000000000e+00 1.134085630197759789e-17 4.054867531522177160e-06 3.304562589443653999e-24 7.373124473192562852e-21 4.132579451063900309e-18 1.899453517116537365e-17 9.170197046159955789e-09 1.291212914367179110e-09 5.946541870027743926e-12 3.016171490344277117e-08 9.472017406246016952e-20 8.850996666950926642e-16
2.959166949729390021e-22 2.671510044952672969e-21 9.460776272137427059e-22 1.000000000000000000e+00 8.614529711920548959e-22 2.740975022760158762e-27 9.078269600868225098e-01 9.869661754535741238e-10 2.587854741211320739e-21 9.299483686338794305e-20 6.677473002552924747e-36 4.749544562723422842e-29 5.369091808518980380e-14 6.799686924630066187e-10 2.418907030232730904e-08 7.891465894938980396e-20 9.999996423721313477e-01 2.801645845466078780e-18 1.306946652875872380e-28
1.696665197506813386e-28 2.319477858860025749e-24 6.279575380287609432e-24 9.999998807907104492e-01 1.967062752433243194e-28 2.684944896099041385e-36 9.979928731918334961e-01 3.648234769837443991e-10 6.148490363667033901e-25 4.007670251633479933e-23 0.000000000000000000e+00 2.343946755799180250e-32 4.451596477371552382e-16 1.443818842261634927e-09 5.565016780728626600e-10 6.069550027913646102e-21 1.000000000000000000e+00 7.855162695612829686e-18 7.828431264611862196e-30
6.530847400426864624e-03 5.219615530222654343e-03 9.528088569641113281e-01 9.240142703056335449e-01 6.855971645563840866e-03 3.962220798712223768e-04 4.778707325458526611e-01 8.785335719585418701e-02 1.369180739857256413e-03 4.395348951220512390e-03 2.537561340432148427e-05 6.487008067779242992e-04 5.587553977966308594e-02 5.764381960034370422e-02 9.269312769174575806e-02 1.013061776757240295e-02 5.667054057121276855e-01 3.459416795521974564e-03 3.297535295132547617e-04
3.903354013345960993e-07 5.128733349124559027e-08 1.238756597299328632e-10 8.890817298379261047e-06 2.953598275780677795e-03 1.000000000000000000e+00 5.874932321603409946e-05 1.404712873798175110e-10 1.364854397252202034e-03 1.505895426134884474e-07 2.683740884146419703e-14 1.720104059188543033e-08 7.226054776765522547e-08 3.549326095253491076e-07 2.886088805098552257e-05 8.738575019151539891e-08 1.001671989797614515e-06 1.553999609313905239e-04 2.732834900598390959e-07
9.453191118780068791e-09 8.610073564341291785e-06 1.564790252928105474e-08 3.912916581612080336e-04 3.281592216808348894e-05 2.132857116521336138e-05 9.999765157699584961e-01 1.085392432287335396e-04 1.752058602869510651e-02 1.699876747807138599e-06 2.355779429308313411e-07 4.525669282884337008e-05 1.884911471279338002e-04 3.374066902324557304e-03 6.149566732347011566e-03 5.888966261409223080e-04 1.647210679948329926e-02 1.535751362098380923e-04 1.958460343303158879e-04
5.147298361407592893e-05 8.673498996358830482e-06 2.780607410990398876e-10 3.217833116650581360e-03 3.243155181407928467e-01 3.352127270773053169e-03 9.928832054138183594e-01 1.792626989072232391e-07 1.552208513021469116e-01 7.213644039438804612e-06 4.274890841315936996e-07 4.403115063905715942e-02 2.842226240318268538e-05 2.358009851377573796e-06 1.453222648706287146e-04 1.143554318696260452e-02 1.519004290457814932e-04 9.292652976000681520e-05 1.507560227764770389e-04
5.259641911834478378e-03 2.131096579205404851e-07 8.179658339546591606e-11 1.000000000000000000e+00 3.500577877275645733e-04 5.067434358352329582e-06 6.303624104475602508e-06 2.603092923436634010e-07 2.876068716517465873e-09 5.037513517436309485e-08 1.798612630089357206e-14 4.011969922945723965e-11 3.292395376774948090e-06 1.003772013064008206e-05 5.023447010898962617e-05 2.333277109300979646e-07 6.518617738038301468e-05 3.295600947694765637e-08 1.648843388213361294e-12
1.653724903007969260e-04 1.651714592298958451e-05 4.166638518654508516e-07 9.999209642410278320e-01 2.262373527628369629e-05 8.044317212352325441e-09 2.371947318315505981e-01 1.926850294694304466e-03 9.979020205719280057e-07 2.661892267497023568e-06 2.455232017695152535e-09 2.006549593147610722e-08 1.291128282900899649e-04 2.526367781683802605e-03 5.659092683345079422e-03 3.438004114286741242e-06 9.664338231086730957e-01 1.462007503505446948e-06 3.318167074439770659e-09
3.262870507114712382e-08 2.874828169296961278e-06 4.163360628473000702e-12 9.999921321868896484e-01 2.466408766110816941e-08 2.150598492692279429e-13 6.029054522514343262e-01 7.458498002961277962e-04 1.491334522540910257e-08 6.993632837293262128e-07 6.087429280272893539e-13 4.137799824999177645e-11 1.012616576190339401e-05 1.234435848891735077e-02 1.897247420856729150e-05 3.705927156261168420e-07 8.083209991455078125e-01 6.056022350264811394e-09 5.568928998500588534e-12
7.212970256805419922e-01 4.463125169277191162e-01 2.580021619796752930e-01 9.991902709007263184e-01 5.480491672642529011e-04 1.814407005440443754e-05 1.385922860208665952e-05 3.839158639311790466e-02 7.364189258396436344e-09 1.006436627358198166e-02 9.972779480449389666e-06 1.964430121006444097e-04 2.139522284269332886e-01 9.141088724136352539e-01 6.937111174920573831e-05 8.210722357034683228e-03 2.227116601716261357e-05 6.528375297784805298e-02 3.288383823019103147e-07
9.004147648811340332e-01 2.348943948745727539e-01 1.903976779431104660e-03 9.837107062339782715e-01 1.279041636735200882e-02 1.391498662997037172e-04 1.999903237447142601e-03 4.693304374814033508e-02 3.173503500875085592e-06 2.107495814561843872e-01 1.201011982630006969e-04 2.830819226801395416e-02 3.585168123245239258e-01 6.157335266470909119e-02 4.164863494224846363e-04 1.557823549956083298e-02 2.251867437735199928e-03 1.307904254645109177e-02 1.608688762644305825e-05
3.335672849047455202e-10 3.865289421867146302e-09 3.314080509585898282e-13 6.868582204333506525e-06 3.402379225008189678e-04 9.172023534774780273e-01 9.947050213813781738e-01 2.049200809040030435e-10 3.943900577723979950e-03 9.709111736810882576e-09 5.406158309104007464e-14 2.914536310072435299e-07 7.335272300679207547e-08 5.618658747152949218e-07 3.177793405484408140e-05 2.708588226596475579e-06 1.373937493553967215e-06 6.265858701226534322e-06 6.288795475484221242e-07
2.240646426798775792e-05 3.770403100844532673e-09 9.329207545372142363e-12 1.000000000000000000e+00 1.796738652046769857e-04 8.591449260711669922e-02 1.767490175552666187e-04 1.321042475410649786e-08 4.635047844203654677e-06 4.432521016894952481e-10 3.107454187054688090e-16 1.525084962830658419e-12 1.631743344887581770e-07 3.526471061832125997e-07 8.394775213673710823e-04 6.105628003183483088e-09 8.264093048637732863e-05 1.378430880549785797e-07 2.057561586388256814e-11
7.639074921607971191e-01 5.551443900913000107e-03 1.258396831183006270e-09 1.000000000000000000e+00 6.803940981626510620e-03 4.565454503335786285e-08 2.334521195734851062e-05 2.904128814407158643e-05 6.623909598602040205e-08 8.197745955840218812e-06 7.331607321248156950e-08 3.305551388166350080e-07 3.868411295115947723e-04 5.143298767507076263e-03 1.091603849090461154e-06 1.748094946378841996e-04 8.035897189984098077e-05 2.712703128793236829e-08 1.689117112846361124e-08
9.999732971191406250e-01 6.328092217445373535e-01 7.078803321292070905e-09 9.999804496765136719e-01 2.428220119327306747e-03 4.488856335249646889e-12 5.425584390650328714e-07 1.106627169065177441e-03 1.190091861863473710e-11 2.846103370757191442e-07 6.576693181159498636e-07 6.548118108185008168e-05 2.647855319082736969e-02 2.407573722302913666e-02 1.158082171826002593e-10 5.251352558843791485e-05 5.482638130160921719e-07 2.089219890422100434e-07 6.606364899575112304e-10
9.999926090240478516e-01 8.772303462028503418e-01 3.567123818548623149e-10 1.133812929765554145e-06 3.380447014933452010e-05 1.791923705772580089e-12 1.493088493589311838e-04 9.734063409268856049e-03 4.233645611861902580e-08 1.980048637051368132e-06 2.493179351858998416e-08 1.420968472957611084e-01 9.844771623611450195e-01 2.189088945669936948e-07 6.408688124859241927e-15 2.490711085556540638e-05 6.425858600778155960e-08 1.647501562729303259e-06 1.288561346513006356e-08
8.271697703378127525e-28 5.667434700623756081e-24 5.952582327213386479e-22 8.134230971336364746e-01 2.650462201015868725e-25 1.947580481459324942e-30 9.999113082885742188e-01 1.770229185460436838e-09 7.324204191855706344e-22 1.787407248962814449e-20 5.864995758465411687e-36 1.624508534433099617e-25 2.346683435137768281e-14 7.820720182571960777e-10 2.733671422561201325e-08 7.060529820366416034e-17 1.000000000000000000e+00 5.556636761502344035e-14 1.179465934643829456e-23
7.692470311807016937e-21 1.965237581673905257e-23 6.116001127285506529e-24 1.000000000000000000e+00 5.320726069901007323e-19 1.534808649433616788e-30 9.997583031654357910e-01 1.219401424452926097e-12 1.337234849803884202e-22 5.917848339794398405e-23 1.788763543319994874e-36 6.578024140483743302e-25 6.952664542047215165e-15 3.504323350597693398e-12 3.083748723042845086e-08 2.863646547894531555e-18 9.999998807907104492e-01 2.457667094891201179e-21 3.881098875707672624e-28
1.429049819707870483e-01 5.338038590707583353e-06 1.098465970961193250e-10 9.999774694442749023e-01 9.181575775146484375e-01 2.458871676935814321e-05 3.931063786149024963e-02 1.209812126035103574e-07 1.155996651505120099e-04 1.318187787546776235e-05 1.629832802052533225e-08 1.862662658095359802e-02 6.311076958809280768e-06 3.677269830859586364e-07 2.906494592025410384e-05 2.949389070272445679e-02 2.982966369017958641e-03 2.149693045794265345e-06 3.479275179074647895e-08
