7.004465442150831223e-03 2.459776169416727498e-06 4.431650602043646359e-10 2.630549967288970947e-01 8.631265759468078613e-01 1.639536276343278587e-05 3.790519535541534424e-01 2.936363898697891273e-06 9.805966328713111579e-06 4.292480647563934326e-02 4.447750168168340679e-09 9.736600518226623535e-01 1.796334545360878110e-04 4.798959096774524369e-08 1.007063701763399877e-06 2.922550439834594727e-01 9.338198578916490078e-04 3.133976424578577280e-04 1.987622155752433173e-08
1.369018340483307838e-03 3.464819164946675301e-03 7.072150765452533960e-06 6.941486499272286892e-04 2.091729044914245605e-01 8.929132819175720215e-01 2.812883257865905762e-01 7.237013778649270535e-04 3.073068521916866302e-02 1.398189812898635864e-01 4.363763218862004578e-05 1.248470023274421692e-01 7.490365300327539444e-03 9.587824752088636160e-05 4.954513860866427422e-04 6.149805337190628052e-02 1.377654494717717171e-03 3.701232606545090675e-03 2.121702767908573151e-03
2.442113873257767409e-05 3.175217216266901232e-06 8.052068668946976704e-13 2.137297560693696141e-04 9.540313840261660516e-06 3.662158576389629161e-07 4.681917198467999697e-04 5.574121023528277874e-04 1.922154796440977975e-10 9.999988079071044922e-01 2.421375322469998537e-09 6.557425856590270996e-01 3.285657730884850025e-04 9.971555803289788855e-10 7.165375404127871661e-09 4.523225128650665283e-02 1.049593629431910813e-05 3.321888289065100253e-05 1.577328372082131835e-11
1.366049673379166052e-07 6.042151223795144688e-10 8.331950229345660378e-16 7.951701519459675183e-10 1.178874261677265167e-02 1.132902729961138277e-10 7.742189168930053711e-01 5.167036647435452323e-07 1.684747630292804388e-08 5.845507383346557617e-01 1.565811889869817009e-11 9.993163347244262695e-01 5.437878426164388657e-04 4.734997607896843444e-15 1.228014899105423288e-14 4.909718632698059082e-01 5.320408035913715139e-06 1.622760947839196888e-07 1.619678835496074498e-10
2.578288549557328224e-04 2.196333116444293410e-05 1.471898297689122614e-11 4.570933409553390447e-09 2.428014297038316727e-03 1.112149107029836159e-06 8.268486857414245605e-01 7.061461656121537089e-05 2.514928055461496115e-04 3.630396723747253418e-01 1.366824108117725700e-06 9.311959743499755859e-01 1.250650584697723389e-01 1.608548710896329226e-11 8.865312650652157345e-11 7.000140100717544556e-02 2.362003033340442926e-05 1.404037334395979997e-06 7.780919986544176936e-05
5.347314258052904279e-10 7.385485112365586247e-09 2.243953924042051129e-14 1.712078301352448761e-08 1.383999595418572426e-03 9.077235851862042182e-09 9.999992847442626953e-01 3.033050255396574357e-09 1.931099779903888702e-02 5.923898260817850314e-09 4.108807516445267538e-09 2.934234030544757843e-02 7.865914085414260626e-06 4.248787099925266375e-09 8.140966656355885789e-07 3.422229085117578506e-03 2.297370083397254348e-04 2.662222300386929419e-07 2.367058550589717925e-05
2.276524901390075684e-03 1.944069026649231091e-06 1.497751256351875782e-08 9.341785907745361328e-01 5.339658819139003754e-04 1.573008671402931213e-02 1.453093532472848892e-02 6.359765393426641822e-05 1.182180255909770494e-07 9.990987777709960938e-01 2.994906544984132779e-10 1.402516569942235947e-02 1.919956412166357040e-03 1.002064067279206938e-07 5.061854142695665359e-03 1.807405787985771894e-04 2.925354929175227880e-04 8.546956087229773402e-05 6.066944724381073684e-10
7.050503045320510864e-02 2.050345018506050110e-02 4.659285303205251694e-03 9.414351582527160645e-01 1.420183666050434113e-02 4.271014928817749023e-01 4.252217337489128113e-02 5.109899863600730896e-02 9.931077249348163605e-03 2.762293256819248199e-02 9.155237785307690501e-05 7.079839706420898438e-04 4.266877844929695129e-02 8.659905195236206055e-02 2.701828181743621826e-01 2.908747876062989235e-03 3.816900402307510376e-02 9.645013511180877686e-02 1.091526937671005726e-03
1.140521690249443054e-01 3.393931314349174500e-02 9.142935872077941895e-01 3.776424005627632141e-02 3.654612973332405090e-02 3.196377540007233620e-03 1.001584678888320923e-01 2.184234410524368286e-01 4.688951303251087666e-04 9.120066761970520020e-01 2.309147967025637627e-03 3.761963248252868652e-01 3.146180212497711182e-01 1.142053399235010147e-02 5.683133844286203384e-03 2.437871396541595459e-01 2.435072511434555054e-02 5.498522892594337463e-02 1.026202808134257793e-03
2.257815940538421273e-04 7.451982128259260207e-06 1.903168467265459185e-08 1.348655205219984055e-04 8.687059581279754639e-02 4.352888558059930801e-03 6.677070260047912598e-01 1.749845832819119096e-04 1.870787818916141987e-04 8.789185881614685059e-01 2.974331039240496466e-07 8.536875844001770020e-01 6.048514042049646378e-03 4.321611513091738743e-08 4.088405603397404775e-06 2.187114059925079346e-01 5.625181947834789753e-04 3.137728490401059389e-04 9.683676580607425421e-06
3.288742167484315360e-09 2.677725952082710137e-08 2.971167756271597682e-11 4.997066298528807238e-06 4.602005719789303839e-05 2.357936027692630887e-04 9.999415874481201172e-01 1.536443164695810992e-06 1.294111134484410286e-04 4.490610808716155589e-05 3.322793082349839722e-11 1.970852172235026956e-04 2.839680819306522608e-04 9.295484915128326975e-07 2.446306170895695686e-04 2.193956024711951613e-04 9.435536921955645084e-04 5.647066245728638023e-06 1.091498688765568659e-06
4.874611477134749293e-06 1.662790623413457070e-06 1.406303198336900095e-07 9.172336757183074951e-02 7.271798094734549522e-04 3.531001311785075814e-06 9.865974783897399902e-01 1.571894739754498005e-03 1.951901685970369726e-05 1.715480349957942963e-02 1.822793471717432112e-08 1.765660941600799561e-02 3.541764337569475174e-03 4.442928548087365925e-05 2.614850411191582680e-03 1.205673720687627792e-02 2.763467431068420410e-01 6.983524654060602188e-04 1.207603986586036626e-06
1.706434034076664830e-07 3.988776531294035976e-10 1.559371901082347994e-14 1.500192070125194732e-06 1.349237188696861267e-02 7.613954799978728261e-09 5.945856124162673950e-02 3.405181132620782591e-06 1.381658815136077578e-10 9.999344348907470703e-01 1.639316720564165664e-12 9.987371563911437988e-01 5.690189937013201416e-06 2.841462091660029721e-12 1.980806664525491811e-11 6.143851876258850098e-01 5.336587946658255532e-06 4.597662154992576689e-06 9.183288894945573766e-13
3.552478738129138947e-03 2.148713392671197653e-04 5.066053176960849669e-07 1.302651711739599705e-03 4.614499266608618200e-05 8.535830420441925526e-05 1.024030731059610844e-03 1.606797054409980774e-02 1.906995237277442357e-07 9.999262094497680664e-01 7.382421699730912223e-06 2.698256075382232666e-01 1.239634212106466293e-02 9.386311035086691845e-07 5.879599939362378791e-06 3.267358615994453430e-02 1.949478610185906291e-04 2.739186631515622139e-03 7.770277932195313042e-08
3.971592832385795191e-06 1.890479550681334331e-09 1.975871029291642600e-11 9.999998807907104492e-01 5.912007327424362302e-05 6.976450085639953613e-01 1.813271373976022005e-04 2.455991854333205993e-08 1.416410577803617343e-05 3.310478280393880368e-10 1.284019891720754054e-16 3.193984790192394563e-13 1.427758746785912081e-07 6.546431450260570273e-07 3.446372458711266518e-03 1.152991480068976671e-09 1.168936942121945322e-04 1.293659806833602488e-06 3.826313571542172554e-11
3.805230855941772461e-01 1.049770414829254150e-01 4.056093394756317139e-01 5.633008107542991638e-02 3.591279983520507812e-01 4.364745691418647766e-03 5.283349156379699707e-01 1.632720082998275757e-01 1.972673833370208740e-02 1.839136928319931030e-01 1.571044884622097015e-02 6.171904206275939941e-01 3.053124845027923584e-01 1.139688212424516678e-02 4.412381444126367569e-03 2.658886015415191650e-01 9.937741607427597046e-02 3.080670721828937531e-02 1.601377502083778381e-02
5.136691033840179443e-03 2.090194961056113243e-03 2.325382229173555970e-05 6.631124997511506081e-04 4.118095338344573975e-02 3.058631345629692078e-02 5.485761165618896484e-01 1.591374538838863373e-02 1.313203107565641403e-02 8.912585377693176270e-01 4.473299195524305105e-04 5.763319134712219238e-01 7.655479758977890015e-02 1.510366018919739872e-05 1.941968512255698442e-04 2.054425626993179321e-01 4.759026225656270981e-03 4.033881705254316330e-03 4.600496962666511536e-03
3.567035868763923645e-02 7.031779736280441284e-02 9.419230818748474121e-01 4.830691963434219360e-02 4.854949563741683960e-02 9.019285440444946289e-02 7.163532376289367676e-01 1.750921010971069336e-01 2.490064799785614014e-01 8.607906103134155273e-02 6.469248794019222260e-03 7.165362685918807983e-02 1.218459755182266235e-01 4.538562148809432983e-02 8.362028002738952637e-02 1.163837835192680359e-01 2.218417525291442871e-01 3.519549965858459473e-02 1.076919808983802795e-01
2.114199474453926086e-02 1.177547313272953033e-02 4.231598286423832178e-04 5.655101034790277481e-03 6.805003434419631958e-02 3.945389389991760254e-02 5.514159202575683594e-01 6.390685588121414185e-02 2.726121619343757629e-02 8.336178660392761230e-01 3.806147957220673561e-03 5.544932484626770020e-01 1.437433063983917236e-01 3.088161174673587084e-04 1.916615990921854973e-03 2.515172064304351807e-01 2.320189028978347778e-02 1.683560572564601898e-02 1.216021180152893066e-02
1.684384542954830977e-08 1.791099322190348175e-07 1.600491683628746387e-10 4.740812073578126729e-06 7.498204922740114853e-06 3.080797483789865510e-08 6.759083271026611328e-01 2.427252754569053650e-02 1.929667519107169937e-07 9.992799162864685059e-01 2.629618123251020734e-08 8.952088952064514160e-01 2.738516486715525389e-04 2.915561303495906031e-08 3.178632823619409464e-07 4.107936322689056396e-01 1.237414218485355377e-02 2.113413793267682195e-04 1.496728785355116997e-08
3.004034806508570910e-04 6.406714419426862150e-06 1.149932149502319589e-09 9.079095616471022367e-05 1.240197320839797612e-06 3.082093371631344780e-06 6.685293919872492552e-05 2.534151542931795120e-03 6.516632788944320964e-10 9.999986886978149414e-01 7.421978409638541052e-08 2.174433320760726929e-01 1.842097262851893902e-03 4.283932319992800331e-09 6.141276998050670954e-08 1.133487373590469360e-02 8.587506272306200117e-06 2.614481782075017691e-04 1.506059998934716759e-10
1.947363304681884455e-13 6.317137368760938898e-10 3.694917705132638730e-09 1.237921565771102905e-01 1.783887759732039058e-10 5.883949519969308359e-15 9.999504089355468750e-01 8.791240543359890580e-05 9.208410034489133977e-08 2.179113139932908894e-10 7.976251495227237864e-13 6.259900375837901265e-10 1.265714900000602938e-06 6.047380884410813451e-05 5.930630504735745490e-05 1.690008730292902328e-06 9.995486140251159668e-01 2.174359963191818679e-07 1.217091760707944559e-08
3.688497963594272733e-05 9.023312330245971680e-01 4.075711501627665712e-07 7.587675936520099640e-03 3.325515649521548767e-07 1.468169391155242920e-01 6.210868954658508301e-01 1.763427746482193470e-03 3.760349936783313751e-04 1.107898341956570221e-07 8.431909463979536667e-07 6.790682238744238930e-09 2.717452161959954537e-06 9.973957538604736328e-01 2.703604650378110819e-06 8.334039875990129076e-07 8.331621756951790303e-06 2.489276994310785085e-05 2.078981964359627455e-07
3.261559642851352692e-03 3.377528628334403038e-03 1.699308777460828424e-04 4.810710623860359192e-02 4.959128051996231079e-02 2.308656461536884308e-02 8.961120843887329102e-01 1.528795156627893448e-02 2.925228886306285858e-02 9.859017282724380493e-02 3.632834414020180702e-04 1.282726526260375977e-01 5.418670177459716797e-02 1.679625012911856174e-03 1.449315622448921204e-02 7.833967357873916626e-02 5.649824440479278564e-02 1.504791434854269028e-02 4.361305385828018188e-03
9.096437133848667145e-03 2.116435952484607697e-02 1.450679974368540570e-06 2.841934859752655029e-01 2.066630440822336823e-05 1.026070094667375088e-04 1.707752817310392857e-03 1.352662146091461182e-01 1.952559074425153085e-07 9.987474679946899414e-01 3.106489020865410566e-05 7.331454008817672729e-02 3.552386909723281860e-02 2.167485654354095459e-03 8.288108801934868097e-05 2.046745456755161285e-02 1.621522009372711182e-03 3.117515891790390015e-02 2.803245706672896631e-07
9.973168969154357910e-01 2.979176940698380349e-07 2.834930145749140646e-18 4.669452758482295351e-12 7.976672649383544922e-01 4.323049367632810674e-18 6.139013916254043579e-02 7.082064101826546221e-11 1.342140721477536047e-11 1.878192620097252075e-06 1.634867608857944882e-15 9.999173879623413086e-01 3.495955024845898151e-05 2.915895411286443548e-19 1.259347705678977967e-24 1.412124373018741608e-03 1.342563126643936400e-11 3.034346049163999526e-13 3.641478936965147906e-13
1.112711266614496708e-03 5.831133603351190686e-05 3.866298357024788857e-06 5.771099328994750977e-01 7.785473484545946121e-03 9.985969662666320801e-01 2.849505515769124031e-03 4.030838317703455687e-05 1.538289617747068405e-02 3.463233952061273158e-05 3.393036251964076655e-08 2.540133664297172800e-06 2.834881888702511787e-04 5.968510522507131100e-04 4.592259973287582397e-02 1.818278360588010401e-05 4.993944428861141205e-03 1.848132349550724030e-02 4.179810639470815659e-05
6.930241584777832031e-01 4.539061919786036015e-04 2.557963840743582296e-10 1.000000000000000000e+00 1.284713894128799438e-01 1.559502038617210928e-07 3.900822412106208503e-05 2.104376335410051979e-06 3.818140328348818002e-07 2.079534169752150774e-06 7.717412486840657948e-09 3.034590463357744738e-06 5.709664401365444064e-05 3.896047710441052914e-04 8.071337447290716227e-07 1.305406563915312290e-03 5.250731555861420929e-05 5.039875183854292118e-09 9.645468423968850402e-09
6.504702032543718815e-04 8.991606300696730614e-04 4.382740298751741648e-04 1.117491163313388824e-02 1.537868054583668709e-03 9.980710148811340332e-01 4.392217844724655151e-03 6.361893611028790474e-04 2.744130976498126984e-02 4.310289514251053333e-04 1.791052909538848326e-06 2.057280107692349702e-05 1.152781303972005844e-03 2.919699251651763916e-02 7.144095897674560547e-01 2.584873982414137572e-05 5.800444167107343674e-03 1.626662164926528931e-02 8.731945999898016453e-04
5.818376848765183240e-06 3.665060788193841290e-08 9.988454507947608363e-11 4.641994535923004150e-01 1.370155659969896078e-04 9.999971389770507812e-01 2.933262294391170144e-05 6.001345642658861834e-09 6.883928435854613781e-04 2.298931267574744197e-09 1.415173859174723159e-14 2.555148627403358574e-11 1.520258763321180595e-07 3.525334705045679584e-06 5.597078241407871246e-03 1.014639261498473388e-09 6.110614776844158769e-05 7.971855811774730682e-04 3.273411053328345588e-08
3.135853935461868636e-13 1.910150640091479168e-12 4.632007058524517561e-21 3.929163217009090658e-09 1.860984950326383114e-03 3.881593329424504191e-06 9.999997615814208984e-01 9.401628645521950545e-15 5.413480848073959351e-02 7.189705428234383078e-12 1.213740699878293819e-14 3.590734559111297131e-04 8.289035569042368934e-10 5.946881875829035380e-12 2.253048592137929518e-08 9.163020877167582512e-05 1.570294472230671090e-08 1.703920915474554931e-08 9.201931305824473384e-08
1.361635213470435701e-07 3.082184463210069225e-08 3.223961896059446275e-14 5.018721367378020659e-07 7.823712378740310669e-02 9.999998807907104492e-01 1.137829385697841644e-04 5.291897562514913389e-13 7.226261775940656662e-03 2.737757540671736933e-07 4.419334432366646415e-14 1.974128053916501813e-06 6.370148852852253185e-09 8.457779476778171102e-10 1.259881621251679462e-08 2.582791694294428453e-06 5.954677195774138454e-09 1.266533217858523130e-05 9.391702064931450877e-07
1.004453573268115907e-12 1.882652969067630244e-13 1.549230539717505787e-17 1.155019222626174624e-12 1.180085912346839905e-02 1.000000000000000000e+00 1.423654882870550864e-08 4.591634343842107630e-20 1.829859917052090168e-03 5.932171975864264368e-10 5.990122513753299153e-22 1.244284120183181130e-09 2.971861851660401177e-13 2.850300172345084440e-15 7.025969216145622198e-12 7.282684677534234652e-09 6.188483427961577465e-13 1.679774008778167627e-08 1.958653967903956072e-07
9.280601261707488447e-06 6.207873821258544922e-01 3.345086341255409934e-08 2.800181508064270020e-03 4.364958670066698687e-07 5.607733502984046936e-03 9.895121455192565918e-01 4.950109869241714478e-04 7.350177038460969925e-03 9.584056925859840703e-08 3.513684987410670146e-06 5.798529301159760507e-08 1.418331066815881059e-06 9.687851667404174805e-01 1.208194044011179358e-05 2.530561232561012730e-06 3.773488060687668622e-05 1.613771746633574367e-05 4.600557076628319919e-06
1.317925125476904213e-05 6.301751227510976605e-07 1.622020917579902743e-08 1.089563220739364624e-01 2.166660851798951626e-04 9.999756813049316406e-01 9.400173439644277096e-05 2.985605078720254824e-07 1.002853969112038612e-03 1.319617922490579076e-06 5.673201491918078432e-12 4.361456973356325761e-09 5.420223260443890467e-06 4.517265915637835860e-05 6.378368288278579712e-02 3.531000203338408028e-08 1.899224735097959638e-04 2.868061186745762825e-03 3.230345839710935252e-07
5.168890347704291344e-04 5.040486939833499491e-06 2.024265484124043724e-07 8.847706913948059082e-01 1.747804321348667145e-02 9.983160495758056641e-01 4.301707260310649872e-03 3.112000740657094866e-06 1.646107994019985199e-02 5.192999651626450941e-06 1.681411232468121852e-09 1.177843728328298312e-06 5.469880852615460753e-05 4.108071152586489916e-05 9.649055078625679016e-03 1.348618934571277350e-05 2.407559892162680626e-03 4.739953204989433289e-03 6.894590114825405180e-06
6.279026716947555542e-02 6.664329557679593563e-04 3.403755727049428970e-06 3.642633557319641113e-01 5.024269595742225647e-02 2.224525064229965210e-02 3.098804056644439697e-01 1.447667134925723076e-03 3.126990050077438354e-04 7.182382941246032715e-01 2.511955926820519380e-06 1.586708575487136841e-01 2.407555840909481049e-02 3.094862404395826161e-05 5.602385848760604858e-03 9.340337477624416351e-03 7.845478132367134094e-03 1.343862852081656456e-03 1.872953180281911045e-05
7.523122476413846016e-04 1.411338598700240254e-04 3.316930360597325489e-06 5.102627910673618317e-04 2.166212201118469238e-01 7.135692834854125977e-01 4.011051058769226074e-01 2.247726952191442251e-04 1.173438783735036850e-02 2.829594016075134277e-01 6.226056939340196550e-06 2.281841784715652466e-01 6.182653829455375671e-03 7.229953098430996761e-06 3.563991922419518232e-04 6.782415509223937988e-02 1.311303698457777500e-03 2.818909473717212677e-03 5.599796422757208347e-04
5.516518649528734386e-05 1.033941407513339072e-05 3.903432457263988908e-07 2.010637894272804260e-03 3.070273203775286674e-03 9.999840259552001953e-01 9.129202808253467083e-04 5.675458965015423018e-07 7.020814809948205948e-03 5.582990524999331683e-06 3.727136099751504617e-10 5.838704169036645908e-07 1.262966452486580238e-05 1.263484882656484842e-04 6.125138141214847565e-03 1.833633064052264672e-06 2.199294540332630277e-04 3.816475160419940948e-03 1.707973024167586118e-05
8.441543905064463615e-04 3.149957592540886253e-06 1.651508384258384976e-13 9.999814033508300781e-01 8.117699326248839498e-05 4.676895670741032518e-08 2.084392690449021757e-05 1.996250375668751076e-06 6.411821215027840859e-14 9.999611377716064453e-01 1.106387320626810167e-13 2.863672375679016113e-02 2.386784472037106752e-04 5.125230906344313553e-09 5.564586302853058442e-08 3.768882015720009804e-04 4.709085260401479900e-06 7.846890781593174324e-08 5.045435394823781332e-16
1.195283548440784216e-04 7.614501669195306022e-07 1.047666836097305154e-12 8.829123973846435547e-01 1.589546166360378265e-02 1.285112176674374496e-07 4.274337366223335266e-02 4.866900326305767521e-06 1.053985898558096324e-09 9.875817298889160156e-01 1.618211467602215237e-11 8.436101675033569336e-01 2.262960188090801239e-04 9.720799720724926374e-10 1.388414290204309509e-07 6.071920692920684814e-02 1.563805708428844810e-04 3.097450871791807003e-06 4.087516349698949725e-12
9.958617389202117920e-03 3.332810010761022568e-04 6.032573551806308387e-09 9.989240765571594238e-01 7.435309817083179951e-04 4.674317096942104399e-05 1.701275352388620377e-03 3.466324124019593000e-04 1.090228529676551261e-08 9.955707192420959473e-01 4.105000783738432801e-09 1.796143315732479095e-02 5.519632250070571899e-03 9.890719411487225443e-06 5.376052286010235548e-05 1.279971678741276264e-03 4.295666585676372051e-04 1.720968066365458071e-05 3.869750908602753725e-10
9.193801283836364746e-01 5.691196322441101074e-01 2.796621760353446007e-03 9.529358744621276855e-01 6.792714353650808334e-03 9.155771113000810146e-05 1.449488801881670952e-03 1.271809488534927368e-01 3.493560370770865120e-06 6.797858327627182007e-02 3.618234477471560240e-04 2.655101381242275238e-02 4.866232275962829590e-01 2.120172232389450073e-01 1.574363996041938663e-04 1.494679786264896393e-02 1.071637962013483047e-03 3.944247588515281677e-02 3.408658812986686826e-05
6.417918484658002853e-04 1.339951154477603268e-07 3.421063345804276068e-12 9.990261793136596680e-01 7.512801936115920398e-09 1.059729856933699921e-05 5.201804924581665546e-07 6.975069481995888054e-06 2.605435017513364586e-15 1.000000000000000000e+00 4.363917132385944364e-14 4.503763047978281975e-04 3.038765571545809507e-04 8.938253609480639739e-11 1.375174974782567006e-06 3.419365270929120015e-07 1.224126719989726553e-07 8.401223112741718069e-07 5.733605062889271498e-17
3.298158117104321718e-04 1.421223139175253891e-09 6.847214445828211926e-14 1.000000000000000000e+00 1.696184650063514709e-02 1.777153784132678993e-06 1.617958070710301399e-03 5.339754416411324200e-09 2.895978070682758698e-07 3.176397367354866219e-09 2.986287161565320813e-14 3.942036919113434124e-09 1.084289777963931556e-07 1.960557582947330957e-08 3.164894587825983763e-05 9.515837859908060636e-07 3.070511389523744583e-03 1.605802990578553135e-10 1.307353639408426194e-12
9.997023774256522458e-16 8.034820367635447935e-14 7.020791147884994365e-14 1.562005490995943546e-04 1.433837586422431754e-13 3.076647069367457153e-15 9.999080896377563477e-01 6.734493581461720169e-06 1.605365840262606980e-09 3.999428013160694073e-13 1.008004081167242639e-16 4.192235751251938147e-13 1.597208942882843985e-08 1.393387378811894450e-06 1.371228136122226715e-03 6.747414293961639942e-10 9.999982118606567383e-01 8.646162541481317021e-08 1.276016514673017355e-09
2.765790547976099134e-11 1.126512438887061762e-09 2.189471270952481063e-09 8.364558219909667969e-02 4.814347809301011694e-10 4.135567235885595494e-11 2.729854583740234375e-01 1.373743056319653988e-03 1.301251373320155835e-08 2.757785750873154029e-07 5.064077277091780238e-14 2.258210285432937781e-09 3.057848971366183832e-06 7.723236340098083019e-04 1.365952542982995510e-03 9.135709433394367807e-07 9.999579191207885742e-01 2.217768728733062744e-01 1.312437380995845615e-09
5.751290069189174403e-11 6.049785117312467264e-10 5.395218716230942846e-10 8.270056918263435364e-03 4.292913580172807997e-09 6.740284719253253343e-11 9.945799112319946289e-01 6.939511513337492943e-04 8.728546418979021837e-08 5.018443403059791308e-07 2.545219894220518420e-12 1.201337624934240011e-07 1.685721326794009656e-05 6.654096796410158277e-05 1.534850802272558212e-03 1.043773227138444781e-05 9.995318651199340820e-01 1.153788616647943854e-04 4.305337952814625169e-08
1.945712213569095184e-08 1.161538198957146051e-09 1.103104356448524059e-13 1.756531310093123466e-05 3.109838507953099906e-05 4.445433296496048570e-05 9.946618676185607910e-01 4.384506610222160816e-06 2.725108174672641326e-07 8.966469168663024902e-01 4.787521941385097790e-12 3.945918008685112000e-02 4.770278465002775192e-04 1.646692088241863416e-10 2.828360948115005158e-06 1.522659324109554291e-03 2.687368832994252443e-04 2.204666770921903662e-06 5.155860627326092072e-09
9.382613797015437740e-09 4.958221333506429573e-12 1.728625242007124752e-20 8.689785002680139314e-10 1.301105490708609480e-11 1.258541968557347346e-11 1.913750047322082537e-08 1.227244638357660733e-06 2.240716060530088271e-18 1.000000000000000000e+00 6.760429885272259670e-16 2.620990574359893799e-01 1.126766392189892940e-06 7.924562425222992724e-19 5.710121736171136064e-16 6.305104470811784267e-04 5.577967254755122894e-11 1.392672022149099575e-08 2.352704256727400843e-20
8.354749679565429688e-01 2.368265837430953979e-01 2.175006549805402756e-03 7.144004702568054199e-01 1.384764630347490311e-02 8.070120820775628090e-04 1.131853461265563965e-02 1.157577410340309143e-01 3.882755481754429638e-05 5.140661597251892090e-01 4.760990850627422333e-04 1.594986468553543091e-01 5.072562098503112793e-01 1.274562068283557892e-02 1.050212769769132137e-03 2.518615685403347015e-02 3.997907973825931549e-03 5.184945464134216309e-02 1.268362975679337978e-04
1.185873728104525071e-07 1.630353491099967300e-10 1.697652218772385585e-17 1.507231139896703098e-08 1.853358466178178787e-03 6.254270434880027096e-09 1.507689710706472397e-02 5.079671723251522053e-07 6.642649624799545904e-11 9.999957084655761719e-01 2.963823576753593647e-13 9.970120191574096680e-01 4.216788966004969552e-06 2.048089667560639912e-15 1.189929367062872445e-13 2.691979706287384033e-01 9.981612691944974358e-08 1.455098441738300608e-07 1.309766368712966811e-13
3.165295638609677553e-04 1.928878426551818848e-01 4.957449034614924699e-11 1.211880771734286100e-06 1.445574307581409812e-04 1.542528843856416643e-05 9.972631931304931641e-01 4.751191590912640095e-04 5.360920354723930359e-02 5.641620955429971218e-04 2.036056321230717003e-05 9.885379672050476074e-02 1.852460554800927639e-03 2.194041371694765985e-06 1.417781874124557362e-07 7.705971365794539452e-04 3.789145266637206078e-04 4.113102818337210920e-07 3.803724655881524086e-03
7.873028895488687340e-10 3.914167479024399654e-08 5.818681474145659394e-12 6.522443294525146484e-01 8.547764082322828472e-06 3.464433406819011907e-09 9.999263286590576172e-01 1.425023356205201708e-06 1.305332989431917667e-05 7.319758310586621519e-08 1.199383908162543477e-12 5.092297783448884729e-07 8.859121408022474498e-06 3.754467616090551019e-05 3.153677389491349459e-04 3.612566797528415918e-05 2.411659806966781616e-02 3.403335568918919307e-08 4.843722756220358860e-09
8.283265060526900925e-07 1.621550647541880608e-03 4.322095774114131927e-04 9.961072355508804321e-03 1.472938402002910152e-05 4.538012206012354000e-07 9.779211878776550293e-01 1.475211381912231445e-01 1.681966532487422228e-04 5.788381025195121765e-02 4.104226718482095748e-06 4.509090445935726166e-03 9.423092007637023926e-03 2.690132521092891693e-02 1.020639319904148579e-03 4.950340092182159424e-02 3.861458599567413330e-01 4.279337881598621607e-04 2.941180900961626321e-05
2.786751792882569134e-05 2.102645112245227210e-06 4.200883552130108001e-08 3.171846270561218262e-02 2.854724880307912827e-04 1.095748084480874240e-04 4.093796312808990479e-01 3.717291168868541718e-03 1.194743276755616535e-06 9.949435591697692871e-01 4.581593415764473320e-08 2.257332354784011841e-01 2.948424080386757851e-03 2.154403318854747340e-06 1.253437600098550320e-03 3.014195337891578674e-02 2.299911715090274811e-02 5.548567045480012894e-03 1.175529362740235229e-07
5.959728150628507137e-04 2.649498637765645981e-03 1.440057985746534541e-05 9.879674315452575684e-01 4.213497159071266651e-04 8.160009201674256474e-06 2.988511025905609131e-01 6.882332265377044678e-02 4.899164196103811264e-05 1.012395843863487244e-01 1.376606519443157595e-06 2.982511650770902634e-04 1.276106759905815125e-02 5.503012984991073608e-02 7.943376898765563965e-03 3.816921031102538109e-03 3.762410283088684082e-01 1.466358546167612076e-03 1.984231857932172716e-06
3.276366555837739725e-07 1.364588886332285256e-09 1.109582985354387510e-16 3.492636437840701547e-07 3.811289616351132281e-06 2.757218231508318240e-09 9.060899174073711038e-05 8.530019840691238642e-06 2.834834960090820699e-13 1.000000000000000000e+00 5.382547706156426415e-13 9.467598795890808105e-01 5.488279839482856914e-06 3.355575230656535068e-14 3.107934916368737532e-12 5.126381292939186096e-02 9.525102484531089431e-08 4.363152470432396512e-07 2.822331567943221070e-15
8.958294056355953217e-04 8.247658556115311512e-09 5.194098189748030947e-13 4.134957678616046906e-03 9.448295831680297852e-01 2.319987935095468856e-08 2.064847052097320557e-01 4.725027125118685944e-08 9.137478329535042576e-09 5.751549452543258667e-02 2.705050376403117518e-12 9.993740916252136230e-01 7.795283636369276792e-06 5.429364943743131278e-11 9.987787680243442878e-11 4.134220480918884277e-01 2.246768235636409372e-05 3.491923416731879115e-05 1.171895913643083986e-11
9.728871285915374756e-03 5.723079812014475465e-05 4.128857966634313925e-08 6.333498458843678236e-05 1.335686192760476843e-05 2.127827883668942377e-06 3.044425684493035078e-04 4.597296938300132751e-03 8.151118890964426100e-09 9.999457597732543945e-01 5.673169312103709672e-07 3.569195270538330078e-01 4.788139835000038147e-02 7.904374932365954010e-09 2.457805337030549708e-08 2.327678538858890533e-02 9.322425285063218325e-06 1.062665716744959354e-03 1.672016125553454913e-08
3.471652045845985413e-03 1.218861783854663372e-03 9.269102520192973316e-06 3.842391888611018658e-04 3.111336752772331238e-02 1.929815672338008881e-02 5.309851765632629395e-01 1.237995456904172897e-02 8.158293552696704865e-03 9.269960522651672363e-01 2.605247718747705221e-04 6.046528816223144531e-01 6.423414498567581177e-02 5.899477855564327911e-06 8.746579260332509875e-05 2.018953859806060791e-01 3.211854025721549988e-03 2.603832865133881569e-03 2.516039181500673294e-03
1.286241313209757209e-04 3.371353074908256531e-02 1.229433401022106409e-04 1.940188556909561157e-02 6.929278606548905373e-04 8.140203135553747416e-05 9.884170889854431152e-01 1.295383274555206299e-01 2.441579289734363556e-02 9.208339266479015350e-03 1.132498960942029953e-03 1.057063322514295578e-02 2.409778349101543427e-02 6.061165034770965576e-02 1.123458705842494965e-02 4.171434789896011353e-02 3.141641318798065186e-01 3.571124980226159096e-03 3.322440665215253830e-03
4.031568765640258789e-01 1.540886163711547852e-01 3.634603126556612551e-05 1.208207383751869202e-01 7.270020432770252228e-05 6.833366205682978034e-05 1.763343811035156250e-03 1.592217385768890381e-01 1.343967596767470241e-06 9.528875946998596191e-01 6.561939517268911004e-05 1.433341801166534424e-01 5.601203441619873047e-01 2.592684235423803329e-03 2.316473546670749784e-05 1.847673580050468445e-02 3.919645969290286303e-04 1.319453269243240356e-01 2.180016963393427432e-05
7.856309821363538504e-06 2.558296500865253620e-06 2.619969352579687438e-09 1.634799332350667100e-06 4.470755159854888916e-02 3.095595864579081535e-03 9.656655192375183105e-01 1.009429979603737593e-05 1.156773604452610016e-02 1.538455765694379807e-02 5.470322435030539054e-07 5.728260874748229980e-01 3.386578988283872604e-03 1.801426563474706199e-08 1.014607960314606316e-06 9.209313988685607910e-02 3.146922681480646133e-04 8.905536378733813763e-05 2.181388699682429433e-04
2.628858946263790131e-02 5.997959375381469727e-01 4.672076087445020676e-03 4.059571027755737305e-02 1.022767461836338043e-02 5.996288061141967773e-01 3.931166529655456543e-01 1.628067940473556519e-01 3.969237580895423889e-02 4.385092481970787048e-02 3.464330453425645828e-03 1.866119354963302612e-02 2.699117921292781830e-02 5.283461213111877441e-01 1.084960997104644775e-02 1.975489594042301178e-02 1.608958281576633453e-02 2.544820308685302734e-02 3.186519257724285126e-03
2.787153702229261398e-03 9.344891645014286041e-03 9.999451637268066406e-01 7.151665538549423218e-02 7.958045229315757751e-03 1.236594514921307564e-03 5.418127179145812988e-01 1.835940182209014893e-01 8.397303521633148193e-03 2.890104427933692932e-03 8.523897122358903289e-06 9.307040018029510975e-04 3.201431781053543091e-02 9.815054386854171753e-02 1.275449153035879135e-02 4.138248786330223083e-02 3.925907015800476074e-01 1.507859909906983376e-03 2.440554788336157799e-03
1.061499002389609814e-03 1.139040705311344936e-05 1.387172932076907728e-09 6.887455284595489502e-02 3.011593253177125007e-05 4.833357816096395254e-04 8.993105730041861534e-04 5.634808912873268127e-04 1.170392138760689704e-08 9.999918937683105469e-01 1.384218872857445604e-08 8.807457983493804932e-02 2.946563297882676125e-03 1.620681722158678895e-08 2.896058686019387096e-05 1.297938171774148941e-03 3.726274735527113080e-05 1.030446292134001851e-04 8.641405924159073493e-10
4.577252257149666548e-04 2.526018361095339060e-04 4.604494279192294925e-06 3.149753320030868053e-04 9.686884284019470215e-02 9.801428914070129395e-01 1.049555093050003052e-01 1.099359942600131035e-04 1.248576585203409195e-02 2.115175426006317139e-01 1.771137249306775630e-06 3.165666013956069946e-02 3.721713786944746971e-03 1.213850646308856085e-05 1.027245423756539822e-03 1.309977006167173386e-02 4.281645815353840590e-04 1.587324077263474464e-03 9.526893845759332180e-04
5.332617089152336121e-03 2.877724124118685722e-03 1.783116022124886513e-04 3.427199320867657661e-03 1.358799338340759277e-01 7.327576279640197754e-01 3.106570243835449219e-01 3.479348262771964073e-03 3.103272430598735809e-02 4.710093140602111816e-01 1.517722994321957231e-04 1.677389591932296753e-01 2.832005918025970459e-02 1.960168010555207729e-04 4.718809854239225388e-03 6.954742223024368286e-02 5.058682989329099655e-03 8.375212550163269043e-03 6.119500380009412766e-03
8.917571306228637695e-01 4.087860286235809326e-01 9.996919631958007812e-01 2.497954666614532471e-02 4.320115968585014343e-02 2.091343922074884176e-04 1.774193793535232544e-01 3.670663237571716309e-01 1.439411076717078686e-03 1.432454306632280350e-02 7.709852652624249458e-04 5.111283808946609497e-02 4.854438602924346924e-01 7.219775766134262085e-02 7.959396461956202984e-04 4.043250903487205505e-02 3.858561068773269653e-02 3.865355160087347031e-03 1.269394345581531525e-02
3.292504847049713135e-01 4.850570559501647949e-01 5.503236055374145508e-01 2.797665297985076904e-01 2.466489374637603760e-02 1.188643649220466614e-02 2.046465575695037842e-01 5.249427556991577148e-01 7.825531065464019775e-03 3.146613240242004395e-01 2.323300205171108246e-02 1.828754842281341553e-01 3.606121242046356201e-01 3.745114803314208984e-01 4.423430562019348145e-02 1.618671119213104248e-01 1.173890978097915649e-01 2.072658538818359375e-01 8.707527071237564087e-03
1.523180492222309113e-02 1.449393481016159058e-01 2.116313204169273376e-02 1.084769070148468018e-01 4.097040742635726929e-03 1.464051427319645882e-03 1.965438872575759888e-01 4.582733213901519775e-01 1.082647242583334446e-03 8.686994314193725586e-01 3.196632955223321915e-03 3.363319933414459229e-01 1.166953369975090027e-01 1.442516148090362549e-01 8.393905125558376312e-03 2.676402628421783447e-01 1.050880253314971924e-01 9.234451502561569214e-02 8.452965994365513325e-04
6.231432053027674556e-06 2.878257655538618565e-04 1.938193963724188507e-05 1.758773432811722159e-04 3.628518243203870952e-05 3.051231374229246285e-07 9.973951578140258789e-01 6.665127724409103394e-02 4.205795004963874817e-02 1.393413258483633399e-04 1.491170609369874001e-03 1.930245198309421539e-03 2.446133643388748169e-03 2.652836265042424202e-03 7.346041966229677200e-03 8.901235647499561310e-03 9.859594702720642090e-01 3.371002385392785072e-03 4.780374094843864441e-02
9.576949477195739746e-01 4.424490928649902344e-01 7.085390388965606689e-03 2.359339734539389610e-03 5.229381844401359558e-03 6.460421718657016754e-05 2.936668507754802704e-02 1.614607721567153931e-01 1.980865607038140297e-03 1.657215133309364319e-02 2.570667420513927937e-04 1.435906440019607544e-01 9.349389672279357910e-01 1.386764924973249435e-03 1.126943698182003573e-05 1.857196539640426636e-02 1.150116557255387306e-03 6.402225699275732040e-03 2.928957575932145119e-03
2.111914567649364471e-03 4.285780232748948038e-05 5.617895926235405568e-09 1.008844901662087068e-05 2.710759174078702927e-03 4.504073513089679182e-05 7.274550944566726685e-02 1.553720328956842422e-03 2.679359567991923541e-05 9.973499774932861328e-01 3.553252327037625946e-06 7.703067064285278320e-01 2.619910985231399536e-02 2.122658937508958843e-09 5.240193701183670782e-08 1.002356186509132385e-01 8.783949306234717369e-05 2.296165621373802423e-04 5.126043106429278851e-06
7.952596060931682587e-03 6.594817619770765305e-03 7.045566453598439693e-04 6.079072132706642151e-03 1.826263368129730225e-01 9.334297180175781250e-01 1.702366024255752563e-01 3.466075751930475235e-03 7.068399339914321899e-02 1.797222644090652466e-01 2.605357149150222540e-04 7.695375382900238037e-02 2.434132061898708344e-02 1.072857528924942017e-03 1.417360547930002213e-02 4.699471220374107361e-02 7.334778085350990295e-03 1.852915994822978973e-02 1.450175233185291290e-02
3.135427366942167282e-03 1.911292597651481628e-02 4.903520457446575165e-03 5.024987459182739258e-02 4.839887376874685287e-03 1.691181445494294167e-03 8.410177826881408691e-01 2.511841654777526855e-01 9.008095413446426392e-02 1.889128237962722778e-02 7.363646756857633591e-03 1.863009110093116760e-02 5.952001363039016724e-02 2.186931669712066650e-01 7.064230740070343018e-02 7.252891361713409424e-02 5.557228922843933105e-01 8.094230294227600098e-01 1.591870374977588654e-02
9.678642153739929199e-01 3.485529422760009766e-01 6.990038400545017794e-06 1.210689311847090721e-03 4.438048973679542542e-02 3.250185545766726136e-05 2.376079559326171875e-01 2.150512114167213440e-02 1.470323279500007629e-02 2.851326204836368561e-02 1.855065114796161652e-03 6.115406155586242676e-01 2.553424835205078125e-01 3.287766230641864240e-05 1.307720140175661072e-06 1.781711913645267487e-02 2.056749071925878525e-03 4.843986534979194403e-04 1.140796113759279251e-02
6.694749463349580765e-03 5.964512825012207031e-01 5.024850368499755859e-01 2.465684562921524048e-01 5.763233057223260403e-04 3.214108000975102186e-04 5.209430456161499023e-01 3.971704244613647461e-01 1.793922507204115391e-03 6.693675182759761810e-03 2.837387844920158386e-03 9.650302818045020103e-04 2.117972075939178467e-02 9.030222296714782715e-01 1.651488058269023895e-02 2.947711013257503510e-02 9.461014717817306519e-02 2.422699704766273499e-02 5.641316529363393784e-04
1.318517839536070824e-03 3.415610478896269342e-07 2.440611879261922468e-10 1.343331485986709595e-02 9.503065943717956543e-01 3.379555437277304009e-06 9.764243364334106445e-01 5.410299763752846047e-08 1.982385665178298950e-02 1.975906343432143331e-06 4.216489344344154233e-07 8.186215162277221680e-01 2.784060370686347596e-06 4.632682149008360284e-08 6.244740688998717815e-06 2.048860788345336914e-01 2.544014714658260345e-03 1.330300350673496723e-03 1.373245231661712751e-05
2.955188155174255371e-01 2.020282430237330118e-08 3.723751230191299152e-15 6.718962686136364937e-05 9.953033924102783203e-01 3.659069228167943777e-11 9.729624390602111816e-01 6.738777504761150894e-12 2.033795499301049858e-05 8.072944396309011950e-11 9.616467344653045757e-12 9.506252408027648926e-01 9.028576997138770821e-09 4.971097318506867424e-13 8.111777916042228753e-11 8.512348867952823639e-03 3.314597779535688460e-05 7.563007109467889677e-09 3.617216304263592974e-09
2.069357084110379219e-03 4.761913325637578964e-03 1.018033581203781068e-04 2.579841297119855881e-03 1.749504543840885162e-02 2.355860546231269836e-03 8.437567949295043945e-01 9.026582539081573486e-02 1.467982772737741470e-02 6.492615342140197754e-01 2.444822574034333229e-03 5.642904639244079590e-01 1.280784159898757935e-01 2.998197742272168398e-04 1.046129153110086918e-03 3.033824563026428223e-01 6.712671369314193726e-02 1.061168685555458069e-02 6.496318615972995758e-03
9.995989203453063965e-01 7.406504824757575989e-03 1.237827174094263682e-08 8.170877583324909210e-03 9.679985046386718750e-01 5.022659621545244590e-09 2.357079982757568359e-01 5.165226866665761918e-06 5.818010322400368750e-06 2.307506150600602268e-07 2.308094508407521062e-06 7.933212518692016602e-01 5.423560651252046227e-05 4.222537484110944206e-07 3.229047029762455168e-09 1.069561392068862915e-02 2.204738848377019167e-04 6.224396997822623234e-07 3.487098751975281630e-07
1.027854857966303825e-03 2.063756401184946299e-04 4.219692345941439271e-05 1.116585172712802887e-02 4.789895191788673401e-02 9.953681230545043945e-01 5.772375315427780151e-02 4.441089549800381064e-05 6.555444747209548950e-02 3.723008849192410707e-04 5.242263227955845650e-07 3.308212908450514078e-04 4.816063737962394953e-04 8.984865853562951088e-04 1.490209344774484634e-02 4.622494161594659090e-04 3.034571651369333267e-03 1.762195490300655365e-02 8.685244829393923283e-04
3.049833467230200768e-03 3.286774968728423119e-03 1.568094157846644521e-04 5.330249294638633728e-02 4.691825434565544128e-02 2.008193358778953552e-02 9.011912345886230469e-01 1.521156821399927139e-02 2.738236263394355774e-02 9.346787631511688232e-02 3.359608526807278395e-04 1.201831251382827759e-01 5.223728343844413757e-02 1.751409377902746201e-03 1.491108350455760956e-02 7.585692405700683594e-02 5.922428891062736511e-02 1.447955332696437836e-02 3.961440641433000565e-03
9.994142688810825348e-03 1.149601023644208908e-02 7.974078926054062322e-07 1.707218587398529053e-01 7.020080829533981159e-06 6.898006540723145008e-05 6.296295323409140110e-04 1.059067621827125549e-01 4.174660617195513623e-08 9.995350837707519531e-01 1.392604281136300415e-05 7.180549204349517822e-02 3.295899182558059692e-02 6.493132095783948898e-04 2.774119820969644934e-05 1.429001148790121078e-02 6.521284230984747410e-04 2.773742005228996277e-02 9.967362757379305549e-08
5.090538412332534790e-02 4.139660671353340149e-02 2.400020137429237366e-03 8.234289288520812988e-02 1.107437908649444580e-02 2.494332753121852875e-02 1.395637691020965576e-01 1.750584989786148071e-01 2.756075467914342880e-03 9.507054090499877930e-01 6.916010752320289612e-03 3.215084969997406006e-01 1.275681406259536743e-01 4.597933962941169739e-03 1.261195633560419083e-02 1.404081732034683228e-01 3.612872213125228882e-02 7.041792571544647217e-02 2.781132701784372330e-03
1.301078918913844973e-05 4.635789446183480322e-05 4.195262448547509848e-08 1.754907134454697371e-04 4.737313371151685715e-03 5.281312763690948486e-02 9.946820139884948730e-01 3.713101705216104165e-06 1.372213363647460938e-01 2.387300446571316570e-05 4.596688256697234465e-07 1.806316431611776352e-03 1.183010026579722762e-04 4.799775706487707794e-05 9.962327312678098679e-04 9.151384583674371243e-04 3.258170618209987879e-04 3.691656456794589758e-04 4.257836844772100449e-03
2.572437267645000247e-07 3.001208142450195737e-06 1.646645930719614626e-09 1.854810747317969799e-03 1.360033405944705009e-03 1.828912296332418919e-03 9.991444349288940430e-01 7.122122042346745729e-06 2.437628805637359619e-03 5.978071567369624972e-05 1.369029334341576032e-08 6.097885780036449432e-04 2.465753932483494282e-04 2.504987060092389584e-05 9.130111429840326309e-04 1.209204900078475475e-03 1.490644644945859909e-03 6.226097320904955268e-05 2.055240656773094088e-05
3.223780709049606230e-08 6.318631449175882153e-07 1.005921318464331193e-10 1.114312442950904369e-03 3.642514930106699467e-04 9.101044270209968090e-05 9.998087286949157715e-01 3.918941274605458602e-06 4.731781664304435253e-04 3.522392580634914339e-05 1.819187134266542216e-09 4.165290447417646646e-04 1.740558800520375371e-04 6.766165370208909735e-06 3.171146090608090162e-04 9.706341661512851715e-04 1.990111079066991806e-03 1.235295076185138896e-05 3.240767910028807819e-06
6.509039394586579874e-06 2.361058704991592094e-06 1.891736332026994205e-07 1.869192533195018768e-02 8.417955599725246429e-03 3.716297442224458791e-06 9.909475445747375488e-01 5.630597006529569626e-04 8.799216448096558452e-05 7.904370315372943878e-03 1.386322594498778926e-07 2.032795697450637817e-01 5.043322220444679260e-03 1.361093836749205366e-05 4.598585364874452353e-04 9.050623327493667603e-02 9.291542321443557739e-02 6.485586636699736118e-04 4.276776508049806580e-06
4.995908511773450300e-06 4.881478048446297180e-07 6.646559747025548859e-09 5.672702100127935410e-03 9.564614854753017426e-03 2.048028363788034767e-06 9.247739911079406738e-01 2.580445434432476759e-04 4.009584699815604836e-06 3.804020583629608154e-01 2.090353135031364218e-08 7.881975173950195312e-01 2.148469677194952965e-03 2.341243714454321889e-07 1.564727790537290275e-05 2.380212545394897461e-01 1.343663968145847321e-02 4.028216935694217682e-04 2.089598467591713415e-07
1.945408030223916285e-06 7.826918704267882276e-07 1.340119393233862866e-08 7.754553225822746754e-04 5.905347410589456558e-03 9.204192679135303479e-07 9.581760168075561523e-01 7.809131639078259468e-04 1.001913733489345759e-05 2.697670757770538330e-01 1.167637719845515676e-07 8.455700874328613281e-01 4.102505743503570557e-03 3.202582377070939401e-07 7.454043498000828549e-06 3.721102476119995117e-01 2.514859288930892944e-02 4.249763151165097952e-04 8.804481126389873680e-07
5.442142015124627547e-21 2.067264978991567581e-12 4.653318532873313748e-26 7.555971848205444985e-09 1.167697174711676208e-14 8.951953067715123780e-11 1.000000000000000000e+00 1.810404514561263223e-14 3.057503490708768368e-04 3.928597989937746594e-22 1.982506197486542267e-20 4.244645053271971946e-18 1.356553017060034300e-15 2.194694534409791231e-04 9.362366654386278242e-06 4.538517389056188900e-14 1.489727168291210546e-07 8.492218213362878743e-12 3.196565581675692158e-11
2.044237971978197140e-26 2.082564570258379978e-16 4.030738721265202662e-26 7.867219653512336208e-10 5.639002034403655030e-20 4.715430452810735174e-19 1.000000000000000000e+00 5.187499735326284167e-11 7.315358288906281814e-06 2.816771371667500458e-22 3.544406563126355331e-20 1.444827328658423641e-20 7.940302332743592872e-14 3.931959145120345056e-05 4.085832915734499693e-05 4.318473814765751151e-15 6.933268308639526367e-01 4.069267058731673714e-12 9.463315547852957366e-12
5.667822435498237610e-03 2.284239053551573306e-05 7.933589785125150229e-08 9.917147755622863770e-01 1.258428819710388780e-04 4.779717698693275452e-02 2.374160801991820335e-03 2.279009204357862473e-04 1.443492578800942283e-07 9.968593120574951172e-01 3.037106677261647292e-10 8.829701109789311886e-04 4.040603991597890854e-03 4.355109922471456230e-06 1.084083225578069687e-02 3.261353776906616986e-05 3.097594017162919044e-04 1.308300415985286236e-04 5.331457497703695481e-10
7.427337322951643728e-07 5.285474813376822567e-08 3.311624195354023747e-12 4.218435378788853996e-08 2.468415722250938416e-02 8.508595783496275544e-06 9.186124205589294434e-01 5.348372724256478250e-06 4.027303657494485378e-05 3.756764233112335205e-01 6.934793628232682750e-09 9.824819564819335938e-01 2.571642166003584862e-03 1.511515392016438142e-11 5.090263210938417160e-10 4.116549789905548096e-01 5.439835149445571005e-05 5.093880190543131903e-06 7.011156526459672023e-07
6.416030484679424717e-10 3.655468816532447818e-08 3.593603281615287415e-08 5.824846854851628564e-11 7.981024282344151288e-06 1.000000000000000000e+00 1.475961653341073543e-05 6.814048023745522542e-13 1.148440241813659668e-01 7.689158643131577264e-09 3.962249873633218872e-15 1.606426458522491885e-08 5.262875690803525686e-10 2.531169718267278768e-09 1.752686102918232791e-06 1.315031639137487218e-08 2.517644759336690186e-09 2.385099833190906793e-06 1.437136679887771606e-01
8.964052540250122547e-06 6.565688643604516983e-03 5.240523250904516317e-07 1.025127744469500612e-06 8.602733141742646694e-04 1.000000000000000000e+00 4.624609573511406779e-05 2.080401273474308255e-08 3.991357050836086273e-03 1.035219383993535303e-06 4.483333426730240490e-10 2.109392198690329678e-07 5.503325155586935580e-07 5.779755301773548126e-04 2.642975414346437901e-05 5.992986302771896590e-07 7.896181131172852474e-08 5.270436668070033193e-05 2.768047561403363943e-04
1.021520420908927917e-02 6.089484319090843201e-03 9.451015591621398926e-01 8.846874237060546875e-01 6.456952542066574097e-03 8.908623130992054939e-04 4.744694232940673828e-01 1.243833154439926147e-01 1.607532496564090252e-03 1.571497507393360138e-02 4.272652222425676882e-05 1.136494218371808529e-03 8.860260993242263794e-02 7.011887431144714355e-02 1.552569866180419922e-01 1.262873038649559021e-02 5.788635611534118652e-01 8.530477993190288544e-03 3.648814454209059477e-04
2.895064651966094971e-02 2.740681357681751251e-02 9.999876022338867188e-01 9.912921786308288574e-01 1.317714457400143147e-03 9.900874283630400896e-05 9.038883261382579803e-03 3.644882142543792725e-02 1.028712176776025444e-06 4.283375106751918793e-03 1.686977775534614921e-04 4.398088276502676308e-05 2.483444958925247192e-01 5.384275913238525391e-01 1.970486789941787720e-01 2.362799830734729767e-02 2.414637943729758263e-03 2.539172470569610596e-01 2.324240449524950236e-05
1.805087625980377197e-01 8.344630151987075806e-02 9.388420581817626953e-01 6.683048009872436523e-01 1.034203395247459412e-01 3.147886693477630615e-02 3.011158108711242676e-01 2.088129669427871704e-01 1.330725289881229401e-02 1.145154833793640137e-01 4.543943330645561218e-03 4.617795348167419434e-02 2.360919117927551270e-01 1.228940635919570923e-01 1.754212379455566406e-01 1.135564818978309631e-01 1.595510989427566528e-01 9.615255892276763916e-02 6.957836449146270752e-03
8.280239067971706390e-03 5.471946788020431995e-04 1.476909801567671821e-06 7.850964320823550224e-04 1.470361952669918537e-03 3.103171475231647491e-04 2.014982886612415314e-02 1.931606791913509369e-02 1.816515759855974466e-05 9.987694621086120605e-01 4.461878052097745240e-05 5.210330486297607422e-01 4.479040950536727905e-02 1.055151074069726747e-06 8.072584023466333747e-06 1.050826907157897949e-01 6.997354794293642044e-04 4.296720959246158600e-03 7.385639491985784844e-06
8.968710303306579590e-01 4.547441899776458740e-01 2.447734400629997253e-02 1.118974853307008743e-02 1.611345447599887848e-02 6.307485164143145084e-04 7.385516911745071411e-02 2.368849068880081177e-01 8.089137263596057892e-03 4.750926420092582703e-02 2.073660725727677345e-03 1.962717771530151367e-01 8.643108010292053223e-01 6.472321227192878723e-03 1.946712727658450603e-04 4.457928985357284546e-02 6.275859195739030838e-03 2.115236409008502960e-02 1.023624092340469360e-02
1.048221439123153687e-02 1.182356383651494980e-03 8.512491149303968996e-06 5.193911958485841751e-03 3.391893696971237659e-04 5.240880418568849564e-04 4.720080178231000900e-03 3.807512670755386353e-02 4.226499640935799107e-06 9.994131326675415039e-01 7.619607640663161874e-05 3.084256350994110107e-01 2.853297814726829529e-02 1.506354328739689663e-05 7.029695552773773670e-05 5.854138731956481934e-02 1.146850292570888996e-03 8.427680470049381256e-03 1.937605702551081777e-06
5.356511101126670837e-04 7.786859273910522461e-01 2.584578032838180661e-05 9.120047688484191895e-01 1.863585112005239353e-06 5.811915571030112915e-07 8.736323565244674683e-03 3.933448791503906250e-01 9.322555172275315272e-08 1.142468681791797280e-05 1.695705975635064533e-07 2.728441117483271228e-08 4.208807949908077717e-04 9.997282624244689941e-01 1.343792537227272987e-04 1.829127286328002810e-04 2.120158867910504341e-03 4.537891130894422531e-03 5.454124707426899477e-09
7.596124410629272461e-01 6.765988469123840332e-01 5.074863433837890625e-01 6.952323913574218750e-01 3.396806865930557251e-02 4.650251939892768860e-03 3.402677550911903381e-02 3.408549726009368896e-01 8.214476401917636395e-04 6.102838367223739624e-02 1.946279034018516541e-02 8.661491423845291138e-02 4.322525560855865479e-01 5.835418701171875000e-01 7.773595862090587616e-03 8.301596343517303467e-02 1.455564051866531372e-02 1.170938983559608459e-01 2.154895104467868805e-03
9.128186702728271484e-01 7.121751308441162109e-01 9.682895541191101074e-01 5.318562388420104980e-01 1.716118678450584412e-02 3.863765741698443890e-04 1.038548722863197327e-02 2.605692446231842041e-01 4.425852966960519552e-05 1.216326467692852020e-02 5.396659951657056808e-03 5.485406890511512756e-02 5.109125375747680664e-01 6.991237401962280273e-01 1.297243754379451275e-03 4.183944687247276306e-02 2.175137866288423538e-03 5.166234448552131653e-02 4.613133205566555262e-04
8.800051175057888031e-03 4.369499627500772476e-03 2.665069187059998512e-03 7.889328598976135254e-01 1.600912539288401604e-03 2.231177641078829765e-03 2.838393747806549072e-01 1.162326633930206299e-01 8.228715159930288792e-04 1.292435918003320694e-02 2.761523865046910942e-05 5.371342995204031467e-04 2.576032467186450958e-02 1.267259865999221802e-01 4.659781754016876221e-01 1.866397447884082794e-03 8.281239271163940430e-01 1.072694584727287292e-01 1.039261333062313497e-04
9.180941581726074219e-01 2.707039415836334229e-01 8.018354177474975586e-01 4.872521758079528809e-02 4.526329338550567627e-01 8.526129531674087048e-04 2.790358066558837891e-01 1.179988756775856018e-01 3.087906632572412491e-03 2.221427485346794128e-02 7.571714930236339569e-03 5.175899267196655273e-01 2.774333059787750244e-01 2.551850490272045135e-02 1.078697037883102894e-03 1.033043041825294495e-01 2.927841804921627045e-02 9.801238775253295898e-03 7.428738754242658615e-03
9.973582625389099121e-01 9.241618514060974121e-01 3.003261554113123566e-05 2.179844537749886513e-03 2.236309519503265619e-04 1.698514040526788449e-07 3.180009778589010239e-03 2.485107928514480591e-01 1.259462987945880741e-05 4.840633191633969545e-04 4.670258203987032175e-05 4.976364225149154663e-02 9.015161991119384766e-01 2.410347806289792061e-03 1.779200253793078446e-08 1.551270834170281887e-03 5.200828309170901775e-05 1.957131549715995789e-03 3.996326540800509974e-06
5.102714989334344864e-03 3.177628386765718460e-04 3.726189723238348961e-03 1.523866085335612297e-03 4.547933936119079590e-01 3.139915861538611352e-05 7.832539081573486328e-01 4.568201489746570587e-03 1.180002116598188877e-03 2.829071134328842163e-02 5.060918192612007260e-05 9.387540817260742188e-01 3.391401842236518860e-02 3.702884714584797621e-05 1.694248567218892276e-05 4.349690079689025879e-01 3.530097380280494690e-02 2.744751749560236931e-03 1.732260425342246890e-04
7.744114995002746582e-01 1.256008632481098175e-02 8.767679333686828613e-01 2.937109675258398056e-03 7.798785567283630371e-01 2.353976469748886302e-06 4.255113899707794189e-01 7.866942323744297028e-03 5.666314973495900631e-05 2.282157074660062790e-03 5.061536285211332142e-05 8.678364753723144531e-01 5.883538350462913513e-02 2.519190020393580198e-04 2.523818011468392797e-06 1.506897062063217163e-01 7.161682937294244766e-03 4.806560464203357697e-04 4.799043745151720941e-05
1.433530059102849918e-07 3.715009636723332065e-12 4.464742428712939123e-16 7.110807498378335367e-09 8.174409270286560059e-01 6.469664270980501897e-08 9.254447817802429199e-01 2.171586660493218801e-10 2.223724095529178157e-06 4.012017510831356049e-03 2.497032528664400175e-13 9.997901320457458496e-01 3.908241069439100102e-06 2.712667271053390873e-15 6.064526187005495061e-14 6.120000481605529785e-01 7.628711955476319417e-07 2.900204094657965470e-07 2.108422325619585536e-10
9.961640834808349609e-01 1.936344051500782371e-04 5.914416024532624661e-16 6.191402803779055830e-07 1.762277185916900635e-01 1.567760915391954585e-14 2.891395008191466331e-03 7.616550306011049543e-07 3.400656839458449099e-11 7.136201020330190659e-03 6.947571858095802355e-12 9.951419830322265625e-01 2.971799578517675400e-03 3.452221351125071835e-14 1.665000008554406115e-18 3.683755639940500259e-03 5.208771192144467932e-09 2.597364989753714326e-09 7.765448006846753515e-12
2.518660280337314816e-11 1.393047135977987239e-11 1.666400697986070156e-11 6.147649139165878296e-03 2.691968438739422709e-05 2.201044386898956540e-13 9.999949932098388672e-01 4.671988449445052538e-07 5.087987631213763962e-08 1.544000705067105628e-09 2.325502258208184125e-13 6.760944379493594170e-04 3.621737505454802886e-06 4.692685351415093464e-08 1.632921885175164789e-05 6.957023288123309612e-04 9.232406616210937500e-01 2.975355073431273922e-07 4.768255568166068770e-09
2.150885913820843598e-09 2.450554603683485766e-08 2.521722414217109076e-11 5.964002106338739395e-03 2.946009772131219506e-06 3.508207058189327654e-09 9.986492991447448730e-01 2.185817138524726033e-04 2.167381154549730127e-07 1.073130872100591660e-02 1.197528447932638684e-11 1.448068534955382347e-03 3.567375824786722660e-04 1.103026079363189638e-06 5.619107105303555727e-05 2.475774614140391350e-03 1.233140379190444946e-01 1.034045908454572782e-05 3.758068967130157034e-09
2.361877588555216789e-03 6.973369121551513672e-01 1.491306534262548666e-06 7.595765590667724609e-01 1.313616053266741801e-06 3.247188544719392667e-07 5.271958187222480774e-03 6.412361860275268555e-01 1.020686681840743404e-07 2.771684341132640839e-02 6.424785965464252513e-07 2.695058174140285701e-05 1.240736152976751328e-02 9.902563095092773438e-01 2.795999353111255914e-05 2.324313391000032425e-03 6.732089444994926453e-03 1.925680600106716156e-02 1.453376707871711915e-08
9.151521921157836914e-01 5.264874100685119629e-01 5.216415040194988251e-03 2.065793983638286591e-02 4.240183334331959486e-04 1.744307155604474247e-05 2.304115332663059235e-03 1.616052836179733276e-01 4.533661467576166615e-06 2.344405949115753174e-01 5.750351192546077073e-05 1.911440789699554443e-01 8.878992795944213867e-01 6.139133591204881668e-03 6.238675268832594156e-06 1.071022544056177139e-02 1.587873994139954448e-04 4.707533121109008789e-02 5.117837645229883492e-05
2.860230024289041328e-14 3.599482639379094075e-19 9.153362186186035549e-33 3.672314982415714353e-17 1.898501294323937105e-13 1.548836166471220105e-15 1.540039740177689964e-08 1.338097688208250702e-10 3.233907386831929281e-22 1.000000000000000000e+00 1.135220619736155434e-23 9.082741737365722656e-01 1.006374761303163723e-09 3.450927917968889830e-31 2.688342069089417304e-25 5.481183761730790138e-04 5.569852550710231893e-16 9.975092312482919388e-14 1.591914373388202029e-26
7.270737256703796447e-08 3.050705185160040855e-03 4.527366925799469755e-09 8.525866083800792694e-03 4.959626039635622874e-06 6.567836976500984747e-07 9.997273087501525879e-01 8.983099251054227352e-04 2.183087170124053955e-03 2.571290315245278180e-05 2.079521266296069371e-07 1.045216595230158418e-05 1.677568361628800631e-04 3.571632876992225647e-02 9.458816930418834090e-05 4.601790569722652435e-04 7.024000864475965500e-03 1.561578187647683080e-06 5.331063675839686766e-06
3.704534456971941836e-10 2.028034806755840691e-08 1.853174257386742962e-14 9.998927116394042969e-01 1.792708985703939106e-07 4.015401344759084168e-10 9.995900988578796387e-01 1.476559763347040644e-08 9.445924661122262478e-06 2.484301013603446018e-13 1.487602460648312225e-14 1.672646667439520174e-13 2.413541366763638507e-09 1.042466246872209013e-04 3.789390611927956343e-04 1.199449761735138509e-09 4.321118816733360291e-03 5.814410151266935500e-12 5.120408264058795567e-11
9.130875696428120136e-06 2.835168743331450969e-05 7.505323083023540676e-06 2.011085627600550652e-03 4.566054485621862113e-05 9.942499399185180664e-01 2.800206840038299561e-01 3.336441659484989941e-05 1.112914737313985825e-02 1.977780129891471006e-06 2.573198543132093619e-09 1.552609063537602196e-07 3.164626104990020394e-05 3.944866359233856201e-02 3.154961168766021729e-01 5.413149324340338353e-07 2.232720609754323959e-03 2.470491686835885048e-03 8.018054359126836061e-05
1.127363535857739407e-09 3.709597820034105098e-07 2.725332912362037063e-14 3.638450651877178643e-10 1.781308674253523350e-05 1.000000000000000000e+00 2.826439526870672125e-09 1.211746699617162470e-14 1.925935612234752625e-05 7.837470950011748982e-11 9.769229474943943232e-19 3.558447481989690520e-13 2.751536672118692906e-11 1.227670338721509324e-07 5.239363431996935105e-08 8.703726107894826924e-12 5.231604646022125493e-12 2.593847057141829282e-07 6.967062482488017849e-09
1.119796167833967491e-17 2.099862574404462445e-13 3.762941283237815028e-19 8.057255326968722643e-18 3.015107452597476367e-08 1.000000000000000000e+00 3.463973848564930527e-15 1.799272606812439555e-24 2.320980684089590795e-06 1.073747105851201696e-17 1.854847029868717988e-29 5.168345959383785639e-20 3.378914515451522969e-18 4.425316992191785648e-13 9.517116261736902061e-11 1.260010560851096149e-17 8.539978907300580874e-18 3.702851220088732020e-11 1.340847433084491058e-09
1.756569473210234378e-10 3.375561163920792751e-09 1.065705302258075464e-15 1.699367903340576191e-11 6.235618493519723415e-04 1.000000000000000000e+00 7.295075477031787159e-08 6.284349193916467791e-15 3.860389188048429787e-05 1.052775431276131712e-07 9.620707128008515730e-19 6.229123328260754988e-10 3.029891615380364556e-10 4.642458639736446457e-11 6.236687610794433567e-09 3.553171312731251419e-09 7.638657067987608684e-12 1.162847098612473928e-07 1.300784813196287359e-08
8.364215570155764112e-11 4.187419477830189862e-08 1.719231419554378970e-12 6.309879285737451937e-09 2.550272711232537404e-06 3.893005917632308410e-09 9.999241828918457031e-01 2.759738999884575605e-04 1.924506977957207710e-05 1.481393445283174515e-02 1.916390957035218889e-08 1.486246734857559204e-01 8.822089061141014099e-03 2.205347682249225727e-09 3.102782031305650889e-08 1.209801957011222839e-01 5.713818129152059555e-03 6.212671905814204365e-07 2.460700670781079680e-06
6.064891349524259567e-04 1.400925815105438232e-01 1.972270729311276227e-05 1.876862661447376013e-04 5.899410229176282883e-03 9.998235106468200684e-01 1.728322543203830719e-02 1.380027824779972434e-04 1.262664981186389923e-02 5.053823697380721569e-04 2.378603539909818210e-06 1.455502497265115380e-04 2.498415997251868248e-04 3.311023488640785217e-02 4.000445769634097815e-04 2.287274983245879412e-04 4.117649223189800978e-05 8.903899579308927059e-04 6.517342408187687397e-04
1.018810702468897489e-09 5.759272880823118612e-07 1.249437664441188645e-09 3.551433110260404646e-06 1.245732801180565730e-05 5.665470581561748986e-08 9.999809265136718750e-01 3.841858706437051296e-04 5.691047990694642067e-04 7.306382030947133899e-05 1.818897317207301967e-07 3.586155362427234650e-03 3.744968678802251816e-03 8.423322469752747566e-06 5.250891990726813674e-05 1.378530636429786682e-02 5.758744105696678162e-02 1.106053605326451361e-05 3.361425842740572989e-05
1.162893248363161547e-08 1.378498382109683007e-06 3.833592074897751445e-07 3.281886336026218487e-07 3.553583951543259900e-07 1.009773768601007760e-05 9.999394416809082031e-01 3.413909507798962295e-05 9.200598597526550293e-01 1.594527674342316459e-07 3.333251697767991573e-06 2.049167778750415891e-05 2.667124363142647780e-06 6.337099330266937613e-05 3.718518710229545832e-04 1.562744364491663873e-05 5.596581101417541504e-02 2.219163626432418823e-02 3.505059778690338135e-01
2.737254201079508675e-09 8.816462582217354793e-07 9.379486698435357539e-08 1.998226224486643332e-07 1.458758305261653732e-07 1.257998860637599137e-06 9.999840259552001953e-01 4.539345536613836884e-05 9.305405616760253906e-01 6.300886212784462259e-08 3.657634806586429477e-06 1.365766911476384848e-05 1.765188017088803463e-06 7.645417645107954741e-05 3.068515507038682699e-04 1.226201038662111387e-05 1.072602272033691406e-01 2.018954418599605560e-02 2.547240257263183594e-01
4.470995463634608313e-06 2.302571956533938646e-04 2.077981844195164740e-05 2.165655314456671476e-04 3.535517316777259111e-05 1.556102915856172331e-06 9.994769692420959473e-01 2.505305781960487366e-02 3.572178184986114502e-01 3.241228114347904921e-05 2.613084856420755386e-03 8.639909210614860058e-04 1.191264600493013859e-03 4.284203052520751953e-03 1.157088205218315125e-02 1.860803458839654922e-03 9.502015113830566406e-01 5.342022050172090530e-03 8.610229194164276123e-02
1.308442659775366224e-10 3.346080301724896344e-09 1.561259395420691587e-13 2.195088200096506625e-08 4.206008452456444502e-04 2.001607697366125649e-07 9.999830722808837891e-01 8.503337767251650803e-08 4.274629172869026661e-04 7.969311809574719518e-06 4.058589853084271226e-10 5.943978950381278992e-02 1.382444752380251884e-04 9.891032437536750876e-10 7.041867888801789377e-08 2.152195945382118225e-02 1.644416188355535269e-04 5.632709871861152351e-07 1.219740966007520910e-06
2.969503531957684572e-10 7.654190170569563634e-08 4.496337330239796870e-12 5.731135566122702585e-09 1.537440039101056755e-05 2.476634563208790496e-06 9.999810457229614258e-01 3.540432317095110193e-06 4.144983831793069839e-03 7.701548747718334198e-05 7.019831382848451540e-09 6.121754180639982224e-03 1.026140758767724037e-03 1.388152881531823368e-08 4.201713466045475798e-07 5.935507360845804214e-03 2.468705934006720781e-04 1.998711468331748620e-06 6.895836122566834092e-05
1.419019390596076846e-04 1.999021187657490373e-04 2.133854104613419622e-05 5.433100886875763535e-05 2.277646400034427643e-02 7.900984287261962891e-01 5.918202400207519531e-01 1.189603790408000350e-04 1.764165014028549194e-01 1.921452023088932037e-02 4.864292350248433650e-06 3.290472924709320068e-02 3.457143902778625488e-03 1.779379999788943678e-05 5.640378221869468689e-04 1.589512452483177185e-02 5.337342736311256886e-04 2.062256680801510811e-03 3.297046571969985962e-02
7.972552702995017171e-05 4.371299743652343750e-01 1.845693077484611422e-05 7.648429870605468750e-01 3.536899157552397810e-06 2.443619905534433201e-06 6.823341846466064453e-01 1.216863915324211121e-01 5.613868779619224370e-05 3.271933383075520396e-05 3.916225068678613752e-06 2.782003605261706980e-07 3.935637651011347771e-04 9.936147928237915039e-01 2.222442126367241144e-04 2.177118585677817464e-04 2.898219972848892212e-02 1.095977611839771271e-03 7.041175535960064735e-07
2.903867363929748535e-01 3.978569209575653076e-01 9.005759954452514648e-01 2.436982989311218262e-01 6.920387595891952515e-02 2.173014543950557709e-02 4.407186210155487061e-01 4.981750249862670898e-01 4.521268978714942932e-02 1.712238788604736328e-01 3.782926872372627258e-02 1.178807318210601807e-01 3.009365499019622803e-01 2.619017958641052246e-01 1.055421456694602966e-01 1.837429702281951904e-01 2.423277050256729126e-01 1.051778569817543030e-01 5.004234984517097473e-02
6.200657039880752563e-02 3.213416934013366699e-01 9.999846220016479492e-01 8.922278881072998047e-02 6.417744792997837067e-03 1.803463528631255031e-04 2.264210879802703857e-01 4.964935481548309326e-01 1.091579440981149673e-03 8.537288755178451538e-03 3.840707067865878344e-04 1.396750798448920250e-03 9.340670704841613770e-02 6.361812949180603027e-01 3.616437315940856934e-02 8.798511326313018799e-02 1.982520371675491333e-01 6.129565648734569550e-03 1.051267981529235840e-02
5.375612399660667506e-09 4.212404730585816992e-12 9.662811299734061074e-21 2.922467823296415190e-10 4.381315032997434855e-10 7.117693240354938666e-11 6.167888386698905379e-07 1.249938577529974282e-06 2.620524591831344726e-16 1.000000000000000000e+00 1.281124203711446821e-15 5.688310861587524414e-01 1.554511413814907428e-06 3.202826788193072097e-19 4.813378542824848973e-16 2.642098581418395042e-03 1.614870043242788711e-10 1.007160577159993409e-08 1.019130562032948544e-18
4.713999857131057070e-08 4.555739813172365871e-11 8.561731896254347257e-19 5.401440628105547148e-09 9.031822512106657541e-11 9.358351593657943113e-11 7.582756467172657722e-08 4.019543212052667513e-06 5.481490007478214278e-17 1.000000000000000000e+00 1.314653833521918849e-14 2.631990313529968262e-01 3.619637936935760081e-06 2.746263952786060940e-17 1.108002273644045216e-14 1.051727565936744213e-03 3.905908096957233511e-10 6.560350840345563483e-08 8.973097086683093450e-19
8.604228440844963188e-08 2.379228203341909875e-10 1.882695665086825577e-17 3.272804027787401537e-09 1.429926754781263298e-07 9.639895992563651816e-09 7.272328366525471210e-05 8.781824362813495100e-06 2.666207966212086333e-12 1.000000000000000000e+00 7.899761574059471769e-13 7.418018579483032227e-01 1.905314275063574314e-05 1.276308980224983734e-16 1.383996134926915311e-13 1.471833325922489166e-02 1.038178343293338912e-08 1.615154019418696407e-07 1.579638011378354384e-14
2.079084143042564392e-02 2.988141477108001709e-01 9.999555349349975586e-01 8.592271059751510620e-02 2.355272183194756508e-03 6.470971129601821303e-05 3.794202581048011780e-02 3.268496990203857422e-01 2.391725865891203284e-05 1.501937489956617355e-02 1.827251544455066323e-04 8.218089933507144451e-04 5.003444105386734009e-02 8.642668724060058594e-01 8.219522424042224884e-03 5.231180042028427124e-02 1.216093357652425766e-02 3.101262031123042107e-03 2.836098719853907824e-04
8.578819222748279572e-03 2.076649805530905724e-03 5.931631676503457129e-05 9.235211014747619629e-01 1.413568854331970215e-03 9.296619892120361328e-01 2.359839156270027161e-03 3.559691831469535828e-03 1.921541639603674412e-03 1.659727538935840130e-03 4.931267767460667528e-07 4.983156031812541187e-06 3.910542000085115433e-03 3.240281343460083008e-02 1.569048017263412476e-01 4.358689329819753766e-05 3.265420440584421158e-03 2.471613697707653046e-02 4.326355337980203331e-05
8.890430442988872528e-03 1.914491876959800720e-04 1.278165727853775024e-04 8.291174173355102539e-01 5.412686732597649097e-04 3.898112773895263672e-01 3.851974382996559143e-02 5.203803535550832748e-03 1.567241997690871358e-04 8.074833154678344727e-01 3.301446440673316829e-07 7.789031369611620903e-04 9.865056723356246948e-03 1.127614872530102730e-03 5.498247742652893066e-01 1.413318241247907281e-04 9.225914254784584045e-03 6.120799575001001358e-03 2.946246013380005024e-06
2.471835614414885640e-05 9.721038513816893101e-04 1.715275284368544817e-04 8.274395018815994263e-02 9.292263712268322706e-05 1.077850083675002679e-05 9.318701028823852539e-01 7.608496397733688354e-02 3.932378254830837250e-03 5.160139990039169788e-04 2.951619353552814573e-05 2.357167541049420834e-04 6.516025867313146591e-03 2.642977535724639893e-01 2.543686330318450928e-02 6.425356492400169373e-03 8.945271372795104980e-01 6.727480292320251465e-01 2.580612781457602978e-04
6.527134246425703168e-06 1.183132917503826320e-04 4.787803118233568966e-05 1.548992749303579330e-02 9.323239646619185805e-05 1.507788692833855748e-05 7.592507600784301758e-01 5.443015322089195251e-02 4.615145735442638397e-03 5.117232794873416424e-04 1.006222737487405539e-05 4.119570075999945402e-04 2.440479351207613945e-03 5.010653659701347351e-02 1.087183132767677307e-02 5.852265749126672745e-03 9.246398210525512695e-01 9.497520327568054199e-01 2.446481084916740656e-04
2.780876116048602853e-07 7.284504135895986110e-06 2.510554850232438184e-06 3.016012907028198242e-02 3.867803116008872166e-06 7.413842126879899297e-07 3.147740066051483154e-01 1.942763477563858032e-02 8.757270552450791001e-05 8.867377619026228786e-05 4.235285189224669011e-08 2.742792275967076421e-05 3.071017854381352663e-04 1.125322654843330383e-02 6.486658938229084015e-03 4.414348804857581854e-04 9.928734302520751953e-01 9.415901899337768555e-01 6.425935225706780329e-06
2.166386963153854595e-07 1.135214056091626844e-08 1.156373261035348321e-11 6.577621434189495631e-07 6.779601331800222397e-03 9.988277554512023926e-01 1.138726472854614258e-01 8.765496772866754327e-09 6.120627949712797999e-05 4.407622292637825012e-02 5.415232064848174431e-13 4.049029666930437088e-04 1.635538501432165504e-05 4.314508195157884529e-10 7.302303401957033202e-06 6.136431329650804400e-05 6.851415150777029339e-07 4.744756097352365032e-06 1.685072703594414634e-07
2.230793870694469661e-05 1.818046075641177595e-05 1.690164452838871512e-08 2.181293893954716623e-06 3.567034751176834106e-02 8.497075438499450684e-01 1.967284828424453735e-01 1.842246456362772733e-05 5.259687080979347229e-03 6.753891110420227051e-01 1.197791164031514199e-07 1.367239505052566528e-01 1.430121948942542076e-03 1.903905477718126349e-08 3.377718712727073580e-06 3.478840738534927368e-02 2.714662150538060814e-05 9.233700257027521729e-05 4.343136679381132126e-04
6.303600093815475702e-05 6.510948651339276694e-07 2.326831262389195132e-11 1.542197787784971297e-05 1.061937382473843172e-07 3.247321558319526957e-07 1.034648630593437701e-05 7.610769825987517834e-04 1.391496206454290174e-11 9.999998807907104492e-01 3.546251736707972668e-09 1.843644231557846069e-01 5.479543469846248627e-04 1.197026644472742873e-10 2.809021237837328044e-09 5.440644919872283936e-03 1.003218812911654823e-06 5.679455352947115898e-05 2.387585788798940456e-12
5.727652307996322634e-08 1.817825250327587128e-06 2.027002697635449380e-11 8.588788914494216442e-04 3.460064472164958715e-04 5.904497447772882879e-05 9.999872446060180664e-01 1.368803879131519352e-07 5.587113648653030396e-02 4.953927934536750399e-09 8.196690437500819826e-09 1.899265953397843987e-05 1.027187749969016295e-06 2.462668926455080509e-04 8.360773324966430664e-03 4.895932215731590986e-05 5.072493804618716240e-04 2.119804230460431427e-05 5.066630546934902668e-05
5.467717346618883312e-05 1.424952596426010132e-02 3.188325308656203561e-06 3.010755181312561035e-01 2.461021358612924814e-04 7.416176231345161796e-05 9.959051609039306641e-01 4.221147857606410980e-03 3.318462520837783813e-02 2.762535223155282438e-05 5.341542782844044268e-05 4.574204649543389678e-05 5.144426831975579262e-04 1.638758033514022827e-01 1.452876441180706024e-02 6.118815508671104908e-04 5.796794593334197998e-02 2.144393074559047818e-04 5.779460188932716846e-04
1.435534358051882009e-09 4.642452893222070998e-07 2.645998087302814383e-09 1.498149595136055723e-05 6.992685484874527901e-06 1.736976400934509002e-06 9.999873638153076172e-01 1.437512401025742292e-04 5.512286443263292313e-04 1.558052463224157691e-05 1.138501293240778978e-08 1.727088529150933027e-04 1.474369084462523460e-03 9.909516666084527969e-05 8.876489009708166122e-04 9.945143247023224831e-04 4.257579892873764038e-02 2.241405309177935123e-05 2.042489541054237634e-05
1.930042890307959169e-05 2.720073553064139560e-07 1.606205728317544601e-12 2.532596699893474579e-04 1.743498927453401848e-07 8.605761081525997724e-07 2.484164178895298392e-05 3.226170083507895470e-04 4.854722093078356338e-12 1.000000000000000000e+00 3.452004793125240667e-10 2.390788346529006958e-01 1.949396828422322869e-04 7.754765579681688337e-11 2.734015325245309214e-08 4.982208367437124252e-03 3.238153794882236980e-06 2.499727270333096385e-05 8.594579583610928442e-13
5.130294593982398510e-04 1.278488780371844769e-04 2.026666408028177102e-07 3.354617365403100848e-05 1.042112149298191071e-02 5.433242302387952805e-03 4.827063381671905518e-01 3.256365889683365822e-03 1.497573568485677242e-03 9.809529185295104980e-01 1.985412563954014331e-05 6.722209453582763672e-01 2.631707862019538879e-02 1.274411118856733083e-07 4.092610652151051909e-06 1.694862693548202515e-01 5.498708342202007771e-04 4.153393383603543043e-04 2.976983669213950634e-04
3.925078548491001129e-03 1.341924071311950684e-03 1.138065726991044357e-05 4.690582863986492157e-04 3.042333386838436127e-02 1.676854118704795837e-02 5.159202814102172852e-01 1.464798953384160995e-02 7.616613525897264481e-03 9.353591799736022949e-01 3.128033422399312258e-04 6.124401092529296875e-01 6.708773225545883179e-02 6.997488981141941622e-06 9.860123827820643783e-05 2.072858959436416626e-01 3.683743067085742950e-03 2.882148139178752899e-03 2.314957557246088982e-03
5.551878401455212497e-11 2.661202369580450977e-09 6.652478860749017064e-14 2.258201625693345704e-09 1.712032648981676175e-08 1.284983136429218575e-05 9.999998807907104492e-01 5.215317760987048246e-11 6.505304574966430664e-01 2.569235514442158586e-13 1.002499992741601176e-11 1.396624949023816953e-08 1.193520421383098551e-10 5.351168510969728231e-06 4.506831464823335409e-04 9.069218709356619001e-10 6.523574120365083218e-05 1.204839918500510976e-05 1.385115645825862885e-02
2.957548573613166809e-02 2.852671146392822266e-01 2.227912656962871552e-03 3.622491657733917236e-01 6.929904338903725147e-05 2.086887834593653679e-04 5.520838778465986252e-03 4.065490961074829102e-01 3.196975740138441324e-06 9.303444623947143555e-01 2.384046092629432678e-04 3.885875269770622253e-02 7.148949801921844482e-02 4.792905747890472412e-01 6.357199163176119328e-04 4.089016094803810120e-02 4.807826597243547440e-03 8.468142896890640259e-02 7.793082659190986305e-06
1.208562662213807926e-05 6.417226977646350861e-04 4.000110038759885356e-07 9.997834563255310059e-01 1.397823962179245427e-05 8.947815217652532738e-07 4.162904918193817139e-01 7.318304851651191711e-03 1.070831276592798531e-04 9.408111509401351213e-06 1.608937694186352019e-08 4.434713485323982241e-09 1.929263526108115911e-04 1.292473673820495605e-01 2.535782987251877785e-03 9.272682291339151561e-06 1.901196241378784180e-01 7.162525889725657180e-06 1.470594810371039785e-07
9.955275654792785645e-01 7.766497731208801270e-01 2.606670022942125797e-05 1.228410867042839527e-03 1.804079860448837280e-03 7.541078730355366133e-07 8.452313952147960663e-03 1.337039172649383545e-01 6.303119153017178178e-05 1.646098331548273563e-03 9.259155194740742445e-05 1.931104212999343872e-01 9.125457406044006348e-01 6.146860541775822639e-04 7.066436324976166361e-08 3.763927845284342766e-03 1.588843297213315964e-04 2.001045504584908485e-03 3.206056499038822949e-05
4.064005613327026367e-01 1.742933673085644841e-04 1.211313076510123210e-07 1.260215602815151215e-02 9.410270452499389648e-01 4.966593678545905277e-07 8.621281981468200684e-01 5.959468126093270257e-06 5.901662516407668591e-04 6.911956916155759245e-06 4.905207333649741486e-06 8.782711029052734375e-01 7.406282384181395173e-05 1.071630322257988155e-06 2.818417442540521733e-06 1.176743209362030029e-01 1.436856761574745178e-02 9.469522046856582165e-05 9.026012776303105056e-06
6.127088909124722704e-06 4.015285230707377195e-05 1.558858116368355695e-06 1.203166088089346886e-03 7.056143367663025856e-04 4.468134591206762707e-07 9.953120946884155273e-01 2.203126251697540283e-02 1.826847292250022292e-04 7.386343553662300110e-03 8.747646461415570229e-06 1.418462246656417847e-01 1.613408327102661133e-02 2.016166690737009048e-04 1.134365564212203026e-03 8.243769407272338867e-02 6.960846185684204102e-01 7.127580465748906136e-04 1.729196083033457398e-04
9.619734883308410645e-01 3.928542733192443848e-01 9.998103976249694824e-01 7.717642933130264282e-03 3.068771027028560638e-02 3.463276880211196840e-05 7.331640273332595825e-02 2.475335150957107544e-01 1.670106867095455527e-04 1.168925128877162933e-02 1.819291064748540521e-04 7.789397984743118286e-02 6.934413313865661621e-01 3.511122986674308777e-02 1.031828724080696702e-04 2.693470381200313568e-02 8.043681271374225616e-03 2.491480670869350433e-03 4.734939429908990860e-03
9.988490343093872070e-01 3.613727092742919922e-01 9.999998807907104492e-01 9.255509212380275130e-05 2.700537908822298050e-03 8.699971409953377588e-09 6.794885732233524323e-03 1.083353459835052490e-01 2.816018707108014496e-07 1.519389625173062086e-04 1.314674733521314920e-07 9.522961452603340149e-03 8.732129931449890137e-01 4.104655236005783081e-03 2.562097378699945693e-08 1.332784770056605339e-03 1.690892822807654738e-04 1.973421967704780400e-05 2.043200074695050716e-04
7.240488529205322266e-01 1.377751026302576065e-02 9.725474715232849121e-01 1.465837121941149235e-03 2.685841172933578491e-02 1.022197920974576846e-05 1.197366509586572647e-02 2.673623710870742798e-02 2.885512913053389639e-06 6.331806182861328125e-01 3.869636930176056921e-05 4.527883231639862061e-01 9.242183566093444824e-01 1.452401047572493553e-04 8.521027666574809700e-06 8.535133302211761475e-02 2.835982304532080889e-04 7.011227775365114212e-03 9.772062185220420361e-05
3.142895549535751343e-02 8.881840039975941181e-04 9.405889400682099222e-09 9.624869823455810547e-01 2.673846185207366943e-01 5.588781277765519917e-06 7.188844494521617889e-03 4.102280072402209044e-04 1.111560194999583473e-07 9.720746874809265137e-01 2.640555294419755228e-07 8.213714361190795898e-01 4.338452126830816269e-03 1.342937321169301867e-05 3.199457978553255089e-06 2.169270515441894531e-01 4.189304308965802193e-04 5.367893609218299389e-04 4.241216711164952358e-09
7.226597070693969727e-01 2.229766547679901123e-02 2.253289312648121268e-05 6.483902689069509506e-04 4.480642974376678467e-01 6.742910773027688265e-05 7.403212189674377441e-01 1.194045180454850197e-03 3.521686047315597534e-02 2.635575598105788231e-03 1.070138649083673954e-03 8.043909072875976562e-01 2.062771096825599670e-02 2.198357469751499593e-05 9.894700269796885550e-06 6.503695994615554810e-02 6.517514586448669434e-03 3.514293930493295193e-04 9.630208835005760193e-03
6.777668371796607971e-03 2.816091291606426239e-02 2.636991780491371173e-07 9.754918813705444336e-01 1.317479065619409084e-03 2.573201345512643456e-05 8.690556511282920837e-03 3.728795051574707031e-02 5.091122829981031828e-07 9.612532258033752441e-01 9.698167559690773487e-06 8.672761172056198120e-02 1.329744793474674225e-02 1.121991407126188278e-02 7.633462519152089953e-05 6.337234377861022949e-02 4.426843486726284027e-03 1.419392297975718975e-03 1.395071933529834496e-07
1.120165083557367325e-02 1.991841243579983711e-03 1.792366902009234764e-06 9.811217784881591797e-01 2.211556129623204470e-04 2.818526118062436581e-04 4.398746881633996964e-03 1.700110547244548798e-02 1.684070269902804284e-07 9.979929924011230469e-01 8.249280085692589637e-07 2.302615903317928314e-02 2.358880266547203064e-02 4.198819806333631277e-04 9.468632051721215248e-04 2.875818638131022453e-03 5.723800975829362869e-03 3.006801940500736237e-03 2.913521335301538784e-08
1.000000000000000000e+00 9.977051615715026855e-01 2.690715353434111612e-15 5.143117505213012919e-06 1.761214775797270704e-06 2.704441204707012329e-16 3.610422136262059212e-03 6.593561731278896332e-03 1.744102337397634983e-04 5.976010701916334433e-13 1.035849927575327456e-04 1.077667984645813704e-04 1.106759591493755579e-04 5.124744362206001824e-08 9.046130930916931646e-19 5.538430158935625514e-09 5.279680976855161134e-07 2.600434407737384213e-12 2.749494676379526936e-08
1.000000000000000000e+00 9.086601734161376953e-01 8.783112931928904851e-18 4.084062865672422049e-09 7.976102097018156201e-06 1.530008715166345542e-16 1.296158581972122192e-01 2.017051883740350604e-06 1.107519492506980896e-01 4.878941001207337536e-12 2.143005985999479890e-06 1.767968200147151947e-02 4.136120423936517909e-06 1.578094751229774939e-12 1.226845446308310664e-20 5.783424295024985895e-10 1.675434191383828875e-07 7.724712118876639333e-14 3.586015664041042328e-04
1.497154980897903442e-01 1.072536542778834701e-05 5.129582536511634316e-09 1.535244099795818329e-02 9.576814770698547363e-01 8.828320829934455105e-08 7.050205469131469727e-01 1.958057737283525057e-06 1.109473305405117571e-05 6.181237404234707355e-05 3.403588522132849903e-08 9.665016531944274902e-01 4.068324778927490115e-05 7.140493352153498563e-08 6.216560421989925089e-08 2.883107662200927734e-01 3.387089353054761887e-03 4.905136302113533020e-04 9.095974462525191484e-08
7.197113633155822754e-01 3.330778777599334717e-01 1.081530645024031401e-04 9.977250695228576660e-01 1.613845974206924438e-01 1.615787768969312310e-04 2.644326351583003998e-02 4.160168021917343140e-02 1.156787504442036152e-03 1.057728938758373260e-02 6.162046920508146286e-03 1.031957846134901047e-02 3.217903897166252136e-02 1.821538060903549194e-01 3.451910160947591066e-04 7.870543748140335083e-02 8.937823586165904999e-03 8.948445320129394531e-04 4.946378758177161217e-04
2.167221307754516602e-01 3.084038496017456055e-01 2.100528450682759285e-03 9.182154536247253418e-01 6.503905355930328369e-02 3.851819783449172974e-03 1.241090446710586548e-01 2.478598356246948242e-01 2.563149435445666313e-03 2.778173983097076416e-01 7.784597110003232956e-03 6.291615962982177734e-02 1.466166824102401733e-01 3.416667580604553223e-01 1.332405675202608109e-02 1.268507242202758789e-01 6.956286728382110596e-02 4.129027202725410461e-02 1.446364331059157848e-03
1.806402206420898438e-01 1.732316613197326660e-02 7.227211540339339990e-07 9.945970773696899414e-01 2.409703470766544342e-02 6.240273796720430255e-05 2.581758797168731689e-02 3.669847268611192703e-03 1.407751642545918003e-05 4.494819641113281250e-01 6.373921678459737450e-06 3.442596644163131714e-02 2.497806772589683533e-02 9.857317199930548668e-04 1.740694860927760601e-04 1.357202138751745224e-02 4.498428665101528168e-03 7.951589213917031884e-05 1.997958634092356078e-06
1.129800751805305481e-01 3.269734326750040054e-03 5.385169288274482824e-07 3.971108162659220397e-05 8.685410954058170319e-03 6.949426460778340697e-05 1.832833141088485718e-01 5.820663180202245712e-03 8.070498006418347359e-04 8.641059994697570801e-01 2.193698601331561804e-04 7.013682126998901367e-01 3.279614746570587158e-01 1.234723328025211231e-07 2.854407625818566885e-07 7.871754467487335205e-02 2.630007511470466852e-04 6.571521516889333725e-04 9.496721322648227215e-04
7.965729236602783203e-01 5.910830497741699219e-01 1.045958772301673889e-01 1.113170161843299866e-01 6.741818040609359741e-03 1.049616490490734577e-03 3.724962845444679260e-02 3.774322271347045898e-01 5.880544777028262615e-04 2.297504544258117676e-01 2.978373784571886063e-03 2.215232551097869873e-01 6.712369322776794434e-01 8.791385591030120850e-02 1.054007443599402905e-03 4.866500571370124817e-02 8.460674434900283813e-03 1.047112271189689636e-01 1.648857374675571918e-03
2.903022395912557840e-04 3.150566248223185539e-03 5.123074515722692013e-04 3.659857902675867081e-04 8.260088413953781128e-02 9.692631363868713379e-01 2.145828902721405029e-01 1.025961828418076038e-03 1.915008202195167542e-02 2.384613081812858582e-02 7.924159035610500723e-06 1.306470204144716263e-02 4.063098225742578506e-03 1.253123744390904903e-03 6.854560924693942070e-04 2.528242953121662140e-02 1.483941450715065002e-03 2.415043301880359650e-03 8.309606928378343582e-04
2.905642031691968441e-04 6.032351520843803883e-04 2.267900126753374934e-04 1.163546694442629814e-04 2.520416863262653351e-02 1.084935814142227173e-01 6.155582666397094727e-01 5.467345006763935089e-03 1.198025699704885483e-02 4.484128355979919434e-01 3.914375338354147971e-05 2.886207699775695801e-01 3.278497979044914246e-02 2.406570092716719955e-05 1.791440736269578338e-04 1.315469294786453247e-01 3.578311065211892128e-03 1.306360471062362194e-03 2.518038498237729073e-03
1.223500003106892109e-03 1.696693594567477703e-03 1.556989736855030060e-04 3.356610250193625689e-04 3.813759982585906982e-02 8.471071720123291016e-02 6.117773652076721191e-01 1.221625413745641708e-02 1.703374460339546204e-02 6.522259116172790527e-01 1.951729063875973225e-04 4.333718121051788330e-01 6.079562753438949585e-02 3.971240948885679245e-05 3.299934905953705311e-04 1.803796440362930298e-01 5.593533627688884735e-03 2.800153335556387901e-03 5.056451074779033661e-03
2.031370624899864197e-02 5.275915609672665596e-04 1.399515718221664429e-01 1.300670555792748928e-03 7.746284827589988708e-04 1.346723729511722922e-04 5.620819982141256332e-03 4.021238163113594055e-02 1.436846673641412053e-06 9.988744854927062988e-01 4.145528509980067611e-05 3.757677078247070312e-01 1.689629852771759033e-01 2.512393984943628311e-05 3.788484173128381371e-05 9.105259925127029419e-02 4.741898155771195889e-04 9.788936004042625427e-03 2.940960030173300765e-06
7.750504184514284134e-03 1.382623886456713080e-04 6.037047505378723145e-02 4.997753421775996685e-04 2.225886128144338727e-04 4.770675514009781182e-05 2.379979705438017845e-03 2.461735904216766357e-02 2.202188369437863003e-07 9.997536540031433105e-01 9.668838174548000097e-06 3.610513508319854736e-01 9.872981905937194824e-02 4.790815637534251437e-06 9.161919479083735496e-06 7.471701502799987793e-02 1.666635944275185466e-04 5.291722714900970459e-03 3.490056315058609471e-07
5.724058486521244049e-03 2.689952671062201262e-04 4.745021834969520569e-02 1.105907373130321503e-03 4.074825847055763006e-04 1.450438576284796000e-04 5.094851367175579071e-03 3.944028913974761963e-02 1.018325633594940882e-06 9.996594190597534180e-01 2.531325662857852876e-05 3.855776786804199219e-01 6.573300808668136597e-02 1.772486939444206655e-05 3.779307735385373235e-05 1.040964275598526001e-01 5.326512618921697140e-04 7.778456434607505798e-03 9.556963505019666627e-07
2.006784197874367237e-04 1.159615067081176676e-06 1.912122587002795804e-12 2.426463365554809570e-01 9.288100955018308014e-09 3.915060005965642631e-06 7.151505201363761444e-07 8.617846469860523939e-05 8.201986046721052026e-14 1.000000000000000000e+00 1.506860781985697173e-11 8.909643627703189850e-03 4.286752373445779085e-04 1.996316861818669963e-10 1.295655920330318622e-07 2.414581285847816616e-05 2.182842990805511363e-07 7.403255040117073804e-06 1.636734300067103909e-14
1.175316697299422231e-06 2.154018519107125940e-09 2.177684318827118775e-17 9.823187610891181976e-06 7.589932154994372127e-12 2.037206403571190094e-09 4.465822822652398827e-09 1.585955396876670420e-05 1.150171067107527221e-17 1.000000000000000000e+00 4.375176910760385229e-14 3.192286565899848938e-02 1.083964889403432608e-05 6.728427815854689728e-15 2.846784006443892068e-12 5.329596024239435792e-05 8.851243071816838892e-10 2.258659606013679877e-07 2.161898776248432444e-18
2.947261066310602473e-07 2.329767767594859151e-10 2.130053925327577700e-19 7.939333045214880258e-06 2.970140409661037317e-12 7.521299139057191496e-10 2.228362161460495372e-09 2.909387148974929005e-06 7.440434292211019452e-19 1.000000000000000000e+00 9.306492869501662921e-16 3.074767813086509705e-02 3.463812618065276183e-06 1.888659935088353426e-16 6.139457974126127926e-13 2.197200410591904074e-05 1.712455316438266095e-10 2.631665019237061642e-08 5.214328800388637736e-20
5.266161728911811224e-09 4.897857903214848652e-16 3.831245738475252627e-21 4.858923716710705776e-07 9.418717026710510254e-01 1.427888731732329664e-12 2.565872855484485626e-02 2.920436678946480846e-12 3.623392225501767885e-15 9.938094019889831543e-01 1.731099836820108096e-20 9.999996423721313477e-01 2.068478943684226579e-09 1.178259804604112892e-17 6.041100604773305219e-18 8.343131542205810547e-01 1.173910524343568795e-09 5.464320906867214944e-08 1.546147130926395464e-19
1.405267864465713501e-01 1.505519449710845947e-01 9.971839785575866699e-01 8.021441102027893066e-02 7.208579033613204956e-02 1.602053060196340084e-03 2.655445039272308350e-01 3.907139301300048828e-01 2.032956806942820549e-03 3.307660818099975586e-01 3.005324164405465126e-03 1.013869941234588623e-01 3.190072178840637207e-01 1.077417507767677307e-01 1.643974706530570984e-02 2.734561860561370850e-01 9.836578369140625000e-02 2.385290339589118958e-02 7.707727141678333282e-03
4.591005854308605194e-03 2.284877609781688079e-06 3.994993138384250742e-12 2.247601287308498286e-06 2.855479018762707710e-03 1.282700790028457050e-08 4.776922054588794708e-03 5.742766734329052269e-05 1.574381403024460724e-09 9.989269375801086426e-01 1.830988027862190393e-09 9.711661934852600098e-01 6.626203190535306931e-03 2.815620132878837723e-12 2.642357686821750207e-12 8.389612287282943726e-02 7.490168059121060651e-07 1.176720343210035935e-05 3.024948902474733359e-10
3.026790218427777290e-03 3.327762940898537636e-03 1.672585058258846402e-04 6.824028491973876953e-02 4.696918651461601257e-02 2.065311558544635773e-02 9.039661884307861328e-01 1.455427985638380051e-02 2.832566760480403900e-02 7.764414697885513306e-02 3.131954290438443422e-04 1.011057570576667786e-01 4.724841564893722534e-02 2.145971870049834251e-03 1.845632493495941162e-02 6.921579688787460327e-02 6.291850656270980835e-02 1.494355313479900360e-02 3.800161182880401611e-03
9.028839995153248310e-04 3.208368798368610442e-05 1.798010984543907398e-08 3.167779941577464342e-04 7.011262823652941734e-06 1.504493775428272784e-05 2.491911873221397400e-04 5.902842152863740921e-03 9.801212286220106762e-09 9.999915361404418945e-01 6.333236797217978165e-07 2.432665675878524780e-01 4.324474371969699860e-03 5.334575092774684890e-08 5.407716230365622323e-07 1.895706169307231903e-02 3.901209129253402352e-05 7.670888444408774376e-04 2.796559872564330362e-09
1.112138534153928049e-06 1.733028831552019255e-09 9.118346734883985526e-16 1.550250630089067272e-07 1.805376959040927431e-10 9.526365252199298084e-10 8.264321138540253742e-08 3.340682451380416751e-05 6.584305265758488932e-16 1.000000000000000000e+00 1.327321065558439983e-12 1.180985197424888611e-01 2.396365198364946991e-05 1.095879283993057493e-14 9.418670270794349264e-13 7.992777391336858273e-04 3.791981839640357066e-09 1.071346218850521836e-06 5.219929542088536545e-17
3.956188913434743881e-03 3.541155485436320305e-03 1.568152365507557988e-04 3.043894842267036438e-02 5.299489572644233704e-02 2.440377697348594666e-02 8.775622844696044922e-01 1.767167448997497559e-02 2.721659652888774872e-02 1.694177687168121338e-01 4.571108729578554630e-04 1.919448375701904297e-01 6.904354691505432129e-02 1.029989332892000675e-03 9.113042615354061127e-03 9.948777407407760620e-02 4.817293211817741394e-02 1.451591309159994125e-02 4.909611307084560394e-03
4.990731249563395977e-04 3.168149851262569427e-03 5.165110342204570770e-04 3.290522727183997631e-04 3.069697879254817963e-02 9.997498393058776855e-01 3.409517230466008186e-03 3.595251837396062911e-05 1.139897927641868591e-01 9.774249047040939331e-04 4.300182808947283775e-06 5.499497056007385254e-04 5.158704007044434547e-04 1.372505328617990017e-03 9.355607442557811737e-03 7.320946897380053997e-04 3.896216803696006536e-04 5.841284524649381638e-03 4.071512818336486816e-02
2.142381370067596436e-01 2.488389015197753906e-01 9.677410870790481567e-02 5.953480303287506104e-02 9.975007921457290649e-02 1.321170199662446976e-02 6.241188645362854004e-01 2.996990680694580078e-01 8.129436522722244263e-02 2.521688342094421387e-01 4.172707349061965942e-02 4.174413681030273438e-01 3.069065809249877930e-01 2.822553180158138275e-02 1.460318174213171005e-02 1.886469423770904541e-01 1.528696715831756592e-01 4.011198133230209351e-02 5.539270117878913879e-02
5.969849614650968306e-12 7.601188775629985628e-12 3.833449183088255552e-12 5.399282410056827075e-11 2.889832481741905212e-03 1.000000000000000000e+00 3.327897246663269470e-08 3.930061814309277607e-17 1.160159474238753319e-03 2.298070900241810932e-10 4.402394483618154831e-20 7.190859713235298045e-11 4.508213680837203086e-12 8.015786819026704535e-12 6.926016649089206112e-09 3.859131236794155484e-09 1.632267099260786836e-10 1.425184876779894694e-07 9.612909224188115331e-08
1.087120268493890762e-03 1.821369011167917051e-07 1.456297860080724149e-09 1.311002969741821289e-01 9.038159847259521484e-01 1.769150458130752668e-06 9.221929311752319336e-01 1.512946255388669670e-06 1.085576732293702662e-04 1.651342463446781039e-04 2.199920956513778947e-08 9.131010174751281738e-01 1.298972438235068694e-05 1.544761971672414802e-07 5.316578608471900225e-06 4.820192456245422363e-01 3.304472938179969788e-02 6.324107199907302856e-02 3.915632191819895525e-07
4.697256987791389717e-21 8.850731122121962419e-15 4.773269312309401030e-20 7.849582317476233584e-09 3.339263032753336802e-10 1.250763923855979787e-12 1.000000000000000000e+00 2.663788243803533184e-12 1.320351264439523220e-03 9.714128534158979027e-17 3.128087711126455834e-17 7.282149189213882323e-11 6.558351778318538550e-11 1.004080658617567678e-07 6.511324045277433470e-06 1.575079409121826757e-07 2.081029924738686532e-05 1.339058308680307618e-09 1.006213556919988150e-09
