1.482092629885300994e-04 2.081135441756032378e-08 1.167989177597306139e-10 5.106330383569002151e-03 8.786496520042419434e-01 4.548932338366284966e-06 9.072574973106384277e-01 5.092593937661149539e-07 5.484537541633471847e-05 1.039448194205760956e-03 3.018616023808817772e-09 9.741073250770568848e-01 2.079564001178368926e-05 1.134421889759096302e-08 2.656014430613140576e-07 5.313694477081298828e-01 2.388851949945092201e-03 7.770922966301441193e-03 1.320837554885656573e-07
9.794186794920278771e-09 1.284150926039728802e-06 1.917443093191195658e-09 6.795712437224210589e-08 2.732790198933798820e-05 2.818608118104748428e-05 9.999212026596069336e-01 5.076429442851804197e-05 4.036279022693634033e-02 2.891035401262342930e-04 3.480427608337777201e-07 5.330629646778106689e-03 2.389457775279879570e-03 6.018215685799077619e-07 1.204335603688377887e-05 5.339124239981174469e-03 1.568399369716644287e-03 4.704413004219532013e-05 1.609764876775443554e-03
2.882333844900131226e-02 3.970073976233834401e-06 1.194580612207118975e-08 7.072953879833221436e-02 8.495323657989501953e-01 3.127367875777053996e-08 9.904387593269348145e-01 8.854769362187653314e-07 2.665665524546056986e-04 2.792670450446621544e-08 1.161022623819008004e-06 4.378837943077087402e-01 8.358010745723731816e-06 1.564750505167467054e-06 3.529797832015901804e-04 2.121185697615146637e-02 3.786903917789459229e-01 2.969929846585728228e-05 7.793641088937874883e-06
2.526169992052018642e-04 6.923066848685266450e-06 5.453487661455369562e-10 1.195628938148729503e-04 1.653564936532347929e-06 3.120027258773916401e-06 9.338142990600317717e-05 2.418961375951766968e-03 6.902063920399825747e-10 9.999988079071044922e-01 5.826488447269184690e-08 2.616113722324371338e-01 1.583964098244905472e-03 4.881154147540200938e-09 6.637986160740183550e-08 1.375654060393571854e-02 1.050062201102264225e-05 2.220421738456934690e-04 1.323217369009199729e-10
4.665263622882775962e-05 4.184002173133194447e-04 1.101965972338803113e-04 9.404318034648895264e-02 2.060680999420583248e-04 7.023390935501083732e-05 3.394783139228820801e-01 7.208588719367980957e-02 1.370199490338563919e-03 1.920268987305462360e-03 7.944960998429451138e-06 8.024176931940019131e-04 4.045480862259864807e-03 5.048584192991256714e-02 3.428513556718826294e-02 4.294096026569604874e-03 9.524593949317932129e-01 8.804194331169128418e-01 1.888435363071039319e-04
4.876875784248113632e-03 4.744370933622121811e-03 1.015169895254075527e-03 9.993460774421691895e-01 4.019731713924556971e-04 1.080223126336932182e-03 1.015978958457708359e-02 1.208973377943038940e-01 3.828251010418171063e-06 4.369441885501146317e-03 1.492054906293560634e-07 1.006015509119606577e-06 8.172956295311450958e-03 6.329097151756286621e-01 2.593396306037902832e-01 2.849232114385813475e-04 4.804336652159690857e-02 8.208808898925781250e-01 3.134083499389817007e-07
6.370279006659984589e-04 1.925281685544177890e-05 7.519281197687632812e-09 2.131719229510053992e-04 4.048403297929326072e-06 9.101342584472149611e-06 1.642003335291519761e-04 4.516371525824069977e-03 4.149865340252745227e-09 9.999953508377075195e-01 3.209584349406213732e-07 2.348544448614120483e-01 3.300264943391084671e-03 2.398275533721516695e-08 2.713303786094911629e-07 1.611177623271942139e-02 2.414445589238312095e-05 5.453707417473196983e-04 1.107559266522173402e-09
2.132632071152329445e-04 3.285314420509166666e-08 9.195776778936348705e-11 9.988552331924438477e-01 4.100043326616287231e-02 6.283866241574287415e-05 5.317031741142272949e-01 1.198031668536714278e-06 1.394651803821034264e-06 1.250211265869438648e-03 2.236239839137343921e-12 2.480981871485710144e-03 4.890123091172426939e-05 6.643394101502053672e-08 2.108862623572349548e-03 4.264277231413871050e-04 1.007443852722644806e-02 4.335157882451312616e-06 3.340995813339020515e-10
7.344888210618667762e-20 1.158033915138211280e-17 9.546657097642814325e-23 1.196152425109175965e-06 7.438769600298655860e-09 4.848072482948793081e-18 1.000000000000000000e+00 4.178252362152523602e-12 5.568942529343701153e-11 1.583176813388029180e-13 1.494886492901768792e-22 2.587462972769571934e-07 6.479454306429488497e-09 5.462309857900971011e-12 1.872512100931089662e-08 2.031565600191242993e-06 6.867354270070791245e-03 1.534345567266726107e-12 3.033561679714183099e-15
3.165089990943670273e-03 1.113754478865303099e-04 1.711919321678578854e-05 3.420230746269226074e-02 6.612938642501831055e-01 2.092548757791519165e-01 7.627845406532287598e-01 1.628969330340623856e-04 1.783295422792434692e-01 7.778707426041364670e-03 1.422518835170194507e-04 3.308584988117218018e-01 1.871334156021475792e-03 9.191155550070106983e-05 1.512550865299999714e-03 1.550488322973251343e-01 1.072471030056476593e-02 5.896309018135070801e-02 3.054306842386722565e-03
1.587591506540775299e-02 5.510831251740455627e-04 6.985584332142025232e-05 1.527173072099685669e-01 6.290872693061828613e-01 2.936810627579689026e-02 7.157179713249206543e-01 2.847925061360001564e-03 4.330885782837867737e-02 6.903707236051559448e-02 6.198797491379082203e-04 6.022855639457702637e-01 7.999803870916366577e-03 4.551794263534247875e-04 3.302618628367781639e-03 3.654374480247497559e-01 6.153232231736183167e-02 2.191689610481262207e-01 2.940174890682101250e-03
1.910755410790443420e-02 1.958154462045058608e-04 8.723853170522488654e-06 9.201349318027496338e-02 6.519179344177246094e-01 4.941906663589179516e-04 5.090524554252624512e-01 1.739192870445549488e-03 5.080303526483476162e-04 1.638889610767364502e-01 2.018996565311681479e-05 9.312172532081604004e-01 5.935881286859512329e-03 9.122252959059551358e-05 1.684912131167948246e-04 4.672294557094573975e-01 2.930392511188983917e-02 5.875364691019058228e-02 3.794670919887721539e-05
6.618086558773939032e-07 3.403994031092594241e-10 2.295579091399213567e-13 7.467836258001625538e-04 2.271406799554824829e-01 2.014613346545957029e-05 9.959720969200134277e-01 6.198963120596090448e-09 1.291794978897087276e-05 4.666420500143431127e-05 3.148691702335726372e-13 1.886892765760421753e-01 8.609908945800270885e-06 1.291305812278764620e-10 2.180027422582497820e-06 6.612895987927913666e-03 1.783993357094004750e-04 2.740612671914277598e-06 3.176839680207876881e-09
7.152826331235928592e-09 6.121080105003784411e-07 1.903067460562457569e-11 6.086956716444547055e-08 2.784387106657959521e-06 5.016167925475656375e-09 9.946723580360412598e-01 2.614920027554035187e-02 2.803453753585927188e-06 8.410178422927856445e-01 4.699977580457925797e-07 7.479953765869140625e-01 8.972080424427986145e-03 5.601803021448858999e-09 4.935501962677335541e-08 2.534400224685668945e-01 3.305650502443313599e-02 8.054682439251337200e-06 1.221292563968745526e-06
8.110219852468236734e-14 9.313140536537645175e-11 5.781087877027775456e-17 9.442919335356236843e-09 1.258743759535718709e-05 1.231214297181537631e-10 1.000000000000000000e+00 3.005240778453099892e-10 6.616470869630575180e-03 5.515169571035372087e-11 3.772162096571385348e-11 3.599134797696024179e-04 3.366831435869244160e-07 5.211941989102797379e-09 1.893248281703563407e-06 5.093948566354811192e-04 1.526374253444373608e-04 7.612898400566336932e-08 1.052873358275974169e-06
4.129178822040557861e-03 1.185707165859639645e-03 4.489285871386528015e-03 8.606083691120147705e-03 3.304519876837730408e-02 4.416354466229677200e-03 3.748156428337097168e-01 6.432711333036422729e-02 9.832202922552824020e-04 9.597538113594055176e-01 4.484769306145608425e-04 6.769408583641052246e-01 6.796795129776000977e-02 1.674587838351726532e-04 1.398640335537493229e-03 3.273422718048095703e-01 2.417033910751342773e-02 1.476208586245775223e-02 3.040083684027194977e-04
5.991963203996419907e-03 5.269191660772776231e-06 9.572898723719802661e-11 9.999982118606567383e-01 4.194624852971173823e-05 4.537857876130146906e-06 1.057317331287777051e-05 1.413787140336353332e-05 1.039162896357415100e-12 9.997521042823791504e-01 3.046785642790011961e-13 5.392262246459722519e-04 1.128678792156279087e-03 2.035474011563565000e-07 1.757824975356925279e-05 1.880240597529336810e-05 3.499237209325656295e-05 1.133884097725967877e-06 5.722750679777342461e-15
1.415294245816767216e-03 1.381192851113155484e-04 1.235900617757579312e-05 3.475351026281714439e-03 4.195706248283386230e-01 9.805051684379577637e-01 1.012159809470176697e-01 2.184778895752970129e-05 1.987576335668563843e-01 6.486428435891866684e-03 7.522299256379483268e-06 3.897773846983909607e-02 7.948864949867129326e-04 5.356314795790240169e-05 6.837903638370335102e-04 2.107237651944160461e-02 1.643392257392406464e-03 1.133144367486238480e-02 4.161101765930652618e-03
9.996111989021301270e-01 3.403661847114562988e-01 7.214320589810085949e-07 4.499480710364878178e-04 6.951638497412204742e-04 2.067607196565290906e-09 8.094470831565558910e-05 7.247130852192640305e-03 1.626806911403377853e-09 7.131106685847043991e-04 2.739402482632158353e-08 3.056754767894744873e-01 9.877657890319824219e-01 6.838203717052238062e-06 2.857852288151718767e-10 3.252454043831676245e-04 4.486041120799200144e-07 4.827952361665666103e-04 1.670438365408699610e-08
1.169046193183476134e-09 5.985592910207060413e-09 4.040622003653737693e-11 2.324251458048820496e-03 6.167253013700246811e-05 2.979757329768517593e-09 9.999768733978271484e-01 7.917527000245172530e-06 3.482287866063416004e-06 2.222914190497249365e-06 1.933962191780214113e-11 6.278704968281090260e-04 1.480015198467299342e-04 2.170536390622146428e-06 1.986638089874759316e-04 1.146185211837291718e-03 1.329455524682998657e-01 2.371158871028455906e-06 3.917955027077368868e-08
9.999994039535522461e-01 7.978386431932449341e-02 1.567462132312513745e-10 1.502768213867966551e-06 4.690722823143005371e-01 6.087896679829452040e-12 3.439487144351005554e-02 3.701039304360165261e-06 2.407545616733841598e-05 8.630605563553217507e-09 7.381959221675060689e-07 7.678375244140625000e-01 4.114817420486360788e-04 1.869577825885926359e-09 2.041974682604526942e-14 5.057458838564343750e-05 9.749027185534941964e-07 4.354215044077847097e-10 1.758847974997479469e-05
