2.241617214250460691e-15 1.629692799980098084e-12 1.866670562730937764e-16 1.125795952975749969e-02 4.380498186407066896e-09 6.365830085286461326e-11 1.000000000000000000e+00 1.165895158194985015e-09 9.766597486304817721e-07 3.150686092232013458e-13 6.504788194950419369e-17 4.288563948406931559e-11 7.534585400037485670e-09 3.722699830177589320e-06 6.211142754182219505e-04 2.537382570722002129e-08 2.447323873639106750e-02 2.143015542799275863e-09 5.764149227371895279e-11
9.882778525352478027e-01 9.755375981330871582e-01 5.453475750982761383e-03 6.358122825622558594e-01 2.573528909124433994e-04 1.568464682577541680e-07 1.214794698171317577e-03 3.082862794399261475e-01 1.689644250291166827e-06 3.645259494078345597e-05 7.123991381376981735e-04 2.036046003922820091e-03 9.278368949890136719e-02 3.552265465259552002e-01 4.758953409123023448e-08 1.229482004418969154e-03 9.158730972558259964e-05 1.712461235001683235e-04 8.267653583970968612e-07
4.990294844020581877e-10 1.564854912317059643e-09 5.090191024237356032e-08 9.983083009719848633e-01 1.516300106307877371e-11 1.972293830476701260e-04 3.131497651338577271e-04 1.856485032476484776e-04 2.694279695181212020e-11 3.990930053987540305e-06 9.667355978653443726e-19 1.212615543662808569e-15 1.167800860457646195e-06 1.163452863693237305e-02 9.853668212890625000e-01 2.955596184461839471e-11 2.985424734652042389e-02 7.611709833145141602e-01 4.216165787264587739e-16
2.250007912516593933e-02 3.640808863565325737e-04 1.000000000000000000e+00 9.999998807907104492e-01 1.444526702698567533e-07 2.124499708100469064e-11 6.674028441011614632e-08 3.666579141281545162e-05 4.101970790549233094e-17 1.047607042892195750e-06 6.431096627457222326e-11 5.499327122154840097e-12 2.382757365703582764e-01 7.689455747604370117e-01 3.154799574986100197e-03 3.137345775030553341e-04 1.592706588837700110e-08 1.182619929313659668e-01 9.748481861159008499e-14
6.058482103981077671e-04 2.161881857318803668e-04 1.000000000000000000e+00 9.999997615814208984e-01 1.822587023525557015e-07 2.704774737516402183e-10 1.897400238703994546e-06 1.806639047572389245e-04 2.907204692774575591e-15 1.938982904903241433e-06 6.694751975011570266e-10 1.863213359640236710e-12 4.161623492836952209e-02 9.125252962112426758e-01 2.658670768141746521e-02 4.412930866237729788e-04 3.936457062536646845e-07 3.550477325916290283e-01 5.066081668753108502e-12
5.420723464339971542e-04 8.568767917438435688e-09 6.860244353655824828e-15 1.000000000000000000e+00 1.046982639474336452e-10 6.917623096569514018e-08 1.395231596923451889e-09 4.467064798063802300e-07 6.196067464162345074e-20 9.999998807907104492e-01 8.978399314409558358e-20 1.293542197799979476e-07 1.224584848387166858e-04 3.382345514779672158e-10 2.086122066202733549e-07 2.422293199355607385e-10 1.221021417308065793e-08 7.808341706549981609e-08 2.939354802758072936e-22
8.823857342576957308e-07 9.013284910097674185e-12 6.326273513157293013e-15 1.000000000000000000e+00 6.833554833107768900e-10 7.200821983133209869e-08 6.089211773696590058e-11 1.035504126889463805e-09 3.081389064208652146e-17 1.413486623753901217e-12 1.141876352900409027e-27 1.633252727231970472e-23 3.920913371757706045e-09 1.940757101692724973e-06 3.271790546932606958e-06 9.249586231489803634e-15 4.482465953969949624e-08 2.886361594178765699e-09 1.625645552196307002e-22
4.073486197739839554e-04 5.189195871935226023e-05 4.707326195507732791e-11 9.971767663955688477e-01 1.290832879021763802e-04 9.992194175720214844e-01 8.854795851220842451e-06 2.011654345324132009e-07 4.677175456890836358e-05 4.809724618581867617e-09 1.023155627062621864e-12 4.209081694295235820e-11 1.473590941714064684e-06 1.535504939965903759e-03 3.153536454192362726e-05 1.424741213895686087e-08 7.698735657868382987e-07 3.681385351228527725e-05 2.219193184771484084e-08
5.971533045823207431e-09 1.451756475034926552e-07 3.336563067935643945e-14 6.976297317606849901e-11 6.346420832414878532e-06 1.662831891735550016e-06 9.986856579780578613e-01 3.359958282089792192e-05 2.081957209156826138e-04 4.138935804367065430e-01 2.011108968247299345e-08 3.673315346240997314e-01 1.611533015966415405e-02 5.170842053148216877e-12 3.249557567475136466e-10 3.521241620182991028e-02 3.078601730521768332e-05 1.859575178286831942e-07 3.789503170992247760e-05
4.198926362858346195e-13 4.016081217583788998e-11 2.054515702931942848e-21 1.176765191807625528e-15 1.598708365690981736e-08 8.600578027539995674e-10 9.998263716697692871e-01 7.016969334472378250e-07 7.026398520793009084e-07 9.262120723724365234e-01 4.395540355306426505e-12 6.114053726196289062e-01 1.681234687566757202e-03 3.951828493102181743e-18 1.406529760893050936e-15 2.821265719830989838e-02 1.775045177510037320e-07 1.217894118887841159e-10 6.754606118875017273e-08
1.477962173521518707e-02 3.812823910266160965e-03 3.256655931472778320e-01 8.872838690876960754e-03 1.689290947979316115e-04 3.803660001722164452e-05 2.277058782055974007e-03 1.079624816775321960e-01 1.836739897953520995e-07 9.987981319427490234e-01 2.304852023371495306e-05 2.696869373321533203e-01 1.021730452775955200e-01 1.619554008357226849e-03 5.109006815473549068e-05 9.883767366409301758e-02 5.880822427570819855e-04 2.268096618354320526e-02 6.521432283079775516e-07
6.655656034126877785e-04 6.369953509420156479e-03 9.999959468841552734e-01 1.000000000000000000e+00 6.662733653683972079e-08 1.732145676891505559e-10 2.045459773780677892e-10 9.205250535160303116e-05 2.233754260340658224e-16 5.240697875663613559e-10 5.841346850665729562e-11 2.527335085765610671e-16 9.727667202241718769e-05 9.999455213546752930e-01 2.308886723767500371e-05 1.533078320790082216e-04 6.837845289986432817e-10 3.800058737397193909e-02 4.179286582604857525e-13
1.112202808144502342e-04 2.648315858095884323e-03 9.999998807907104492e-01 1.000000000000000000e+00 2.034097512648713746e-08 5.051398882516267008e-11 5.113939827161573248e-10 8.938444807427003980e-05 6.941607056316402308e-17 1.639302582567836453e-10 2.452757788540260719e-11 1.725570722498907843e-17 5.633631735690869391e-05 9.999469518661499023e-01 1.249907945748418570e-04 1.340596791123971343e-04 7.962841497288764003e-10 9.938520193099975586e-02 2.420719332450749217e-13
1.308152801357209682e-03 2.298361156135797501e-03 9.999998807907104492e-01 1.000000000000000000e+00 1.026027049988442741e-07 3.062416153998270829e-10 3.309362561765283317e-09 1.588355517014861107e-04 1.694328474722249511e-15 2.505171181610421627e-09 3.016059346716559730e-10 2.479294871008254179e-15 1.146622002124786377e-03 9.991770386695861816e-01 4.102149105165153742e-04 3.667366981972008944e-04 2.589272796171826485e-09 1.171317175030708313e-01 2.509548124862703844e-12
1.679577166214585304e-03 2.006857395172119141e-01 3.782508196309208870e-03 1.000000000000000000e+00 4.318419541959883645e-07 2.133824783534521430e-10 1.139259442339835005e-08 1.714768004603683949e-03 5.665752985723653337e-15 6.656455830977847654e-09 9.471030210095321422e-11 1.200376739196942766e-13 1.404211980116087943e-05 9.999827146530151367e-01 2.313069273895962397e-07 2.495375701982993633e-05 6.523491435928008286e-08 6.322631379589438438e-04 5.620284511224926671e-13
1.214491054415702820e-01 1.147118473454611376e-05 1.034397068867820568e-12 9.999978542327880859e-01 4.872233694186434150e-05 9.470209505479942891e-09 8.845612455843365751e-07 5.162361048860475421e-06 3.694533252192235689e-15 9.998406171798706055e-01 5.848896670809788922e-14 2.580102533102035522e-03 2.660639351233839989e-03 1.378380432015546830e-08 3.915041091318016697e-08 2.586713526397943497e-05 2.341751496715005487e-06 2.728428967202489730e-07 3.333213878486376760e-16
1.149773158626299363e-11 1.808634908506689953e-09 2.543816268740783926e-09 3.740991652011871338e-01 1.196577004147769685e-10 2.016216837583129085e-12 9.851176738739013672e-01 7.663907017558813095e-04 9.424764080279146583e-09 3.968435535739445186e-08 4.073456998684825414e-14 1.276122957305503292e-10 4.328659542807145044e-06 8.650128147564828396e-04 1.000231830403208733e-03 5.287637918627297040e-07 9.998631477355957031e-01 4.649080074159428477e-05 1.225970436280476861e-09
1.037605199962854385e-02 7.517124060541391373e-03 1.849100808613002300e-03 2.852421626448631287e-02 7.488779723644256592e-02 1.128503936342895031e-03 8.640047311782836914e-01 4.912044480443000793e-02 2.266076393425464630e-02 6.838035583496093750e-02 1.462377258576452732e-03 3.760527074337005615e-01 7.127586007118225098e-02 4.269894212484359741e-03 7.684752345085144043e-03 2.049741297960281372e-01 1.485004574060440063e-01 3.407687321305274963e-02 6.413076072931289673e-03
9.988993406295776367e-01 7.320865392684936523e-01 5.008449988963548094e-06 8.817266789264976978e-04 6.702872458845376968e-03 6.164671617625572253e-07 2.540403008460998535e-01 1.538274437189102173e-02 1.596380472183227539e-01 2.106033934978768229e-05 7.325094193220138550e-03 8.819953352212905884e-02 1.125853415578603745e-02 1.010445412248373032e-04 3.250559288403565006e-08 2.402151294518262148e-04 2.222473267465829849e-03 8.075347977865021676e-06 1.913441531360149384e-02
5.166509708942612633e-07 1.118965679779648781e-03 3.407222837203960353e-10 3.016178905963897705e-01 2.854896229109726846e-05 1.752062780724372715e-05 9.993145465850830078e-01 1.512036305939545855e-05 4.358599428087472916e-03 2.125991187540421379e-07 9.650271692862588679e-09 2.571120205629995326e-07 4.419956439960515127e-06 2.457983791828155518e-02 2.300914929946884513e-04 1.102643454942153767e-05 4.043084045406430960e-04 1.057194225495550199e-07 1.683765162852068897e-06
7.903023958206176758e-01 4.886689186096191406e-01 4.875464219367131591e-05 6.573677994310855865e-03 2.623392641544342041e-02 6.159430631669238210e-05 6.763329505920410156e-01 8.800430595874786377e-02 2.873411476612091064e-01 1.027434365823864937e-03 2.005439698696136475e-01 1.341358274221420288e-01 4.212969541549682617e-02 2.129107713699340820e-03 3.393486840650439262e-04 1.287368685007095337e-02 2.002233266830444336e-01 1.281011500395834446e-03 1.447277516126632690e-01
1.026572845876216888e-02 9.793780744075775146e-03 8.359536877833306789e-04 1.808193483157083392e-04 4.619581252336502075e-02 2.328348491573706269e-04 9.171246290206909180e-01 2.511588856577873230e-02 1.858158968389034271e-02 6.061277166008949280e-02 2.172015607357025146e-03 6.641427874565124512e-01 2.744387984275817871e-01 7.864805957069620490e-05 1.605207071406766772e-04 1.865451186895370483e-01 5.863491445779800415e-02 8.398315403610467911e-04 1.472494099289178848e-02
2.081606137460667583e-10 8.120458971916377777e-08 2.823433042919987201e-09 6.196540198288857937e-06 1.077872724408734939e-07 2.058112014147184254e-10 9.999781847000122070e-01 3.066593082621693611e-03 8.380418148590251803e-05 7.226465640997048467e-06 1.133136748876495403e-07 8.850566518958657980e-05 2.722646459005773067e-04 3.944337731809355319e-05 3.149642143398523331e-04 8.159077260643243790e-04 9.808613657951354980e-01 9.253381904272828251e-06 5.834114926983602345e-05
7.644815336327326349e-10 1.055429649113402008e-14 2.436862297257490650e-18 5.759422492701560259e-05 9.428389668464660645e-01 2.347134812896722877e-11 9.998151659965515137e-01 8.318720061753492878e-13 4.087118668394396082e-06 2.087686468144056562e-09 7.236829272774455979e-15 9.711088538169860840e-01 2.223242256960134000e-09 9.393047185326727777e-14 3.575139143063843505e-11 4.209082126617431641e-01 6.162538193166255951e-05 4.246115713613107800e-05 4.032953138111139424e-11
8.082138083409518003e-05 7.252634190990647767e-07 1.624032996971891407e-08 1.176308724097907543e-03 7.275440692901611328e-01 5.498377084732055664e-01 7.081345319747924805e-01 1.842474972590935067e-07 1.876581758260726929e-01 2.291933487867936492e-04 2.498764217762072803e-07 1.272290647029876709e-01 2.443437006149906665e-05 2.996924308718007524e-07 2.019429666688665748e-05 2.902510389685630798e-02 2.876532089430838823e-04 4.441892728209495544e-03 2.024297282332554460e-04
1.055678799748420715e-01 2.438929378986358643e-01 1.856736093759536743e-02 9.387326836585998535e-01 2.827269397675991058e-02 1.043405197560787201e-02 1.121175363659858704e-01 3.609218299388885498e-01 1.932973624207079411e-03 4.767007753252983093e-02 1.928284182213246822e-03 2.907074987888336182e-03 8.442708849906921387e-02 7.808924317359924316e-01 1.218416169285774231e-01 3.886434808373451233e-02 1.194122880697250366e-01 3.447308838367462158e-01 9.185646194964647293e-04
3.965678226252340852e-17 1.897982469703084901e-14 9.044290517250599959e-14 6.261847615242004395e-01 2.882819196558275522e-16 2.535569759753443442e-18 8.984401822090148926e-02 3.732181721716187894e-05 2.616441914201402680e-14 7.887044316257085796e-12 3.048665302019503594e-23 3.067960746493364303e-16 1.838957430777554691e-09 4.091337905265390873e-05 3.776314042625017464e-05 3.171327089823705592e-11 1.000000000000000000e+00 3.992773126810789108e-03 7.544221764497777843e-16
5.960378857139403408e-10 1.754613954130235243e-10 2.139159127612089151e-10 9.999969005584716797e-01 7.157526654699708502e-11 5.571470715337589752e-11 7.663952652364969254e-03 2.681952610146254301e-04 4.788499458063810721e-12 8.450579258578727604e-08 1.171335310260308987e-18 7.352952407645337030e-15 7.105223289727291558e-07 2.063034335151314735e-04 6.434547249227762222e-03 4.511656673256148053e-11 9.988284707069396973e-01 4.022644134238362312e-05 5.493675171994508426e-16
4.604111891239881516e-03 7.827370166778564453e-01 6.352069904096424580e-04 4.648881778120994568e-02 4.094938631169497967e-04 4.593839868903160095e-02 7.778071165084838867e-01 1.308079957962036133e-01 2.376906760036945343e-02 1.668979180976748466e-03 1.565164420753717422e-03 7.388159865513443947e-04 3.401364432647824287e-03 8.916993141174316406e-01 1.794801326468586922e-03 2.861152868717908859e-03 9.919541887938976288e-03 5.026109516620635986e-03 5.034169298596680164e-04
9.999144077301025391e-01 7.165259867906570435e-02 2.025660889026781319e-12 3.436315571889281273e-03 6.737782806158065796e-02 8.157016728738142319e-12 4.121734818909317255e-04 1.634165382711216807e-04 4.130626396481318352e-10 4.283158050384372473e-04 1.006400207614888132e-08 6.780376434326171875e-01 4.234173893928527832e-02 1.932995097320144851e-08 1.215309455718585618e-13 5.529636400751769543e-04 2.992243821609008592e-07 1.506303419773757923e-07 1.060331378255341406e-09
7.270458620041608810e-03 1.055261818692088127e-03 1.768671936588361859e-04 8.913928270339965820e-01 1.185146626085042953e-03 1.483653613831847906e-04 4.703199565410614014e-01 4.629739373922348022e-02 2.024776185862720013e-04 5.228142254054546356e-03 5.353429060050984845e-06 3.868498315569013357e-04 1.219266839325428009e-02 3.242655470967292786e-02 2.116618156433105469e-01 1.215726486407220364e-03 9.286830425262451172e-01 7.360458839684724808e-03 2.480693547113332897e-05
3.776774466085486281e-12 5.073467145531862510e-13 4.005011908458878597e-15 1.000000000000000000e+00 1.513249074658329363e-11 5.169732101174134842e-14 3.613431379199028015e-02 1.863006247049270314e-07 6.197795315160403717e-12 9.512678188564049897e-13 4.671110477077765160e-23 1.011719598893493082e-20 1.258060877695754698e-09 2.219180032625445165e-06 2.487084384483750910e-05 1.021125594019914318e-13 8.225574493408203125e-01 3.936791756302404632e-13 4.245225061977736472e-19
1.229048793902620673e-04 3.398561239009723067e-05 6.737971292025690673e-11 7.227540481835603714e-04 2.614647428345051594e-06 2.790003463815082796e-06 3.129155084025114775e-04 3.262507030740380287e-03 1.139865313248833445e-09 9.999978542327880859e-01 4.399037933922045340e-08 3.017327487468719482e-01 1.642496557906270027e-03 2.170081536689849599e-08 7.188621964360208949e-08 2.086734026670455933e-02 2.883175693568773568e-05 1.867499668151140213e-04 2.364484719130643953e-10
4.100070521235466003e-02 7.993095517158508301e-01 2.818929729983210564e-03 5.297709703445434570e-01 6.035554688423871994e-04 4.468127444852143526e-04 1.008247882127761841e-01 5.982500314712524414e-01 4.727057530544698238e-04 3.963250666856765747e-03 7.640527328476309776e-04 3.921309544239193201e-04 3.454955294728279114e-02 9.460107088088989258e-01 6.914091762155294418e-03 1.204844284802675247e-02 4.444650560617446899e-02 6.356710940599441528e-02 5.632315514958463609e-05
2.165684290230274200e-02 2.254528366029262543e-02 3.640318766429118114e-07 9.811369180679321289e-01 8.952416465035639703e-06 1.892373984446749091e-05 1.001255659502930939e-04 7.649223506450653076e-02 1.121872261755640920e-09 9.937573671340942383e-01 4.539259066405065823e-07 2.825423143804073334e-03 4.341046512126922607e-02 1.785521022975444794e-02 3.304589336039498448e-05 1.115806982852518559e-03 4.495666944421827793e-04 1.847155950963497162e-02 2.156386180729441548e-09
1.033995300531387329e-03 5.047467510621572728e-08 1.456139302708543031e-17 5.449429620057344437e-03 8.963868021965026855e-01 5.153719939698930830e-07 9.955594539642333984e-01 1.461732617542496615e-13 5.913553833961486816e-01 2.075590740946431367e-11 1.275518446419710017e-08 1.500529497861862183e-01 3.531306358439678661e-10 6.009071018553413523e-11 7.952345981721009593e-08 7.048085099086165428e-04 1.359546445200976450e-06 5.520808699088775029e-08 2.391326779616065323e-05
1.038687420077621937e-03 6.794400597698313504e-09 9.922288866180193462e-17 9.999961853027343750e-01 4.508493840694427490e-01 1.844807506756751536e-08 8.299948573112487793e-01 4.336534256688118205e-11 1.578708470333367586e-04 5.146568067548873415e-12 2.230026580063437791e-11 3.003404117407626472e-06 1.260284876458683812e-09 1.000581661969590641e-08 4.224515942041762173e-05 1.638503272261004895e-05 1.611930434592068195e-03 1.318419939194681589e-11 4.752145899011850361e-10
9.917291998863220215e-01 2.391091491471541985e-11 1.934399352280914941e-24 4.172652001699361790e-09 9.998868703842163086e-01 2.224559775600855673e-18 9.982212185859680176e-01 8.270469065618267206e-20 2.983796775879454799e-06 1.320216446786431364e-19 5.978794763688687758e-16 9.847415089607238770e-01 1.405538181773347689e-14 1.735748365680457367e-20 1.433082801186484959e-17 4.643364081857725978e-05 6.184059486713522347e-09 5.303549627258216138e-16 1.932118527669945962e-11
6.149405837059020996e-01 6.398589015007019043e-01 2.110590413212776184e-02 5.563676953315734863e-01 7.287420332431793213e-02 6.882294081151485443e-03 2.536639869213104248e-01 4.545770585536956787e-01 3.529636934399604797e-02 7.342057675123214722e-02 1.226980164647102356e-01 1.161790117621421814e-01 2.090125381946563721e-01 2.020266354084014893e-01 1.310633774846792221e-02 1.081227436661720276e-01 1.204023882746696472e-01 5.095471069216728210e-02 1.267893984913825989e-02
1.611654588486999273e-04 2.212123581557534635e-05 6.221352322199891205e-08 3.803821746259927750e-03 5.592204928398132324e-01 1.074023839464643970e-05 9.969417452812194824e-01 7.650286534044425935e-06 1.951245963573455811e-01 5.081342351331841201e-06 1.366906362818554044e-04 5.189271569252014160e-01 1.510981237515807152e-04 1.125374637922504917e-05 4.039148916490375996e-04 1.583045870065689087e-01 1.854138262569904327e-02 1.512467279098927975e-03 1.270735636353492737e-03
9.999995231628417969e-01 1.683992296457290649e-01 1.126947068996742018e-08 2.900474355556070805e-04 6.710284948348999023e-01 2.504275259385124741e-11 6.314726546406745911e-03 9.791874617803841829e-05 5.123874302626063582e-07 1.383342418392885520e-08 1.749554940033704042e-06 5.742884278297424316e-01 1.474341610446572304e-03 1.047168439072265755e-06 1.590171787649308222e-12 1.087571290554478765e-04 5.885681275685783476e-06 1.441582586636513952e-08 2.155487379695841810e-07
5.516563355922698975e-02 4.595335572957992554e-03 4.885155940428376198e-04 3.589024245738983154e-01 3.532007932662963867e-01 9.028867818415164948e-03 5.069229602813720703e-01 1.315032411366701126e-02 3.278348594903945923e-03 3.980685174465179443e-01 2.475036308169364929e-04 6.195518374443054199e-01 5.711808055639266968e-02 6.373762153089046478e-04 7.114594336599111557e-03 2.196952104568481445e-01 5.661417171359062195e-02 2.233676239848136902e-02 3.613283042795956135e-04
9.983275532722473145e-01 2.283735945820808411e-02 9.507277777542899599e-12 2.796672005089817503e-09 4.776864443556405604e-06 5.285137327781797012e-10 9.518404603004455566e-01 6.443212896556360647e-08 7.645347714424133301e-01 3.915862833991923253e-08 9.679001777840312570e-07 3.332717716693878174e-02 1.027479697768285405e-06 2.438419258177226823e-11 1.087667499469202603e-12 2.369159446402591129e-08 2.319251871085725725e-05 1.720050657461058563e-09 8.397423028945922852e-01
4.041853117087157443e-06 5.788291804492473602e-03 2.800031734251362536e-11 9.999783039093017578e-01 1.787685960152884945e-06 5.000007786276627897e-12 9.356195926666259766e-01 1.841889461502432823e-04 1.240911777131259441e-03 1.133690141763565862e-09 2.146766055375337601e-04 1.685711015220192621e-09 5.542829626392631326e-07 2.958840504288673401e-02 1.291128342018055264e-06 2.942407490991172381e-06 6.901128590106964111e-02 1.034279883960209645e-10 4.909218205284560099e-07
8.784069418907165527e-01 9.686011672019958496e-01 2.642119341089710360e-07 9.372970461845397949e-01 2.161255106329917908e-04 3.435134843243758951e-08 2.682562917470932007e-02 2.611108422279357910e-01 2.754886227194219828e-04 5.083722498966380954e-06 8.815903961658477783e-02 1.446001551812514663e-04 1.394391758367419243e-03 5.110226199030876160e-02 1.291997477892437018e-07 4.623278509825468063e-04 4.165221471339464188e-03 3.278912572568515316e-06 1.590709416632307693e-06
5.081553459167480469e-01 9.984574317932128906e-01 8.574784828851989005e-07 9.743131697177886963e-02 1.704491978671285324e-07 1.389962545061962373e-08 5.410146899521350861e-03 9.404956698417663574e-01 8.366639121959451586e-06 1.639481638449069578e-06 4.862505011260509491e-05 4.453238034329842776e-06 4.732257220894098282e-03 5.783774256706237793e-01 1.005178589252864185e-07 3.131408302579075098e-04 1.878240378573536873e-03 6.863925373181700706e-04 5.210600395599840340e-09
4.379403197532578322e-17 2.453189873463657023e-10 2.091121756675494441e-24 9.601365923881530762e-01 3.093106326623740188e-10 5.518628762620620114e-16 1.000000000000000000e+00 4.982533415259608744e-14 1.558783696964383125e-05 4.433961440627282971e-20 1.269728195969307863e-17 9.598031022034752419e-16 2.747017294624926054e-14 1.868935328275256325e-06 1.512428156047462835e-07 3.116062269326036471e-11 1.291561716243450064e-06 7.569181707870993939e-17 4.129138979520885488e-13
6.221761994495977888e-10 6.707330316251173641e-17 3.972505240338805588e-14 1.000000000000000000e+00 5.636537072367398806e-17 4.376566817287930178e-12 1.057278917193649193e-11 1.003723548720358849e-09 2.103241815623310066e-24 3.389589997571107460e-11 6.206922987000466200e-36 1.007001962225139695e-29 1.417224254618432155e-10 8.679411962475569453e-07 2.135242521762847900e-02 5.930286578530814598e-20 6.531595886372087989e-07 3.317543014418333769e-04 3.899373370434708567e-32
1.982480152262766637e-12 4.087448435274865233e-11 2.967746372679576708e-15 1.000000000000000000e+00 8.819037351521369361e-14 3.992364330127832605e-16 4.080968938069418073e-05 4.150565364398062229e-04 1.271890197936337711e-17 2.677954524799019964e-09 4.518281199858064506e-25 5.013707694261908205e-21 1.115407943785839961e-08 3.647336503490805626e-03 1.399141270667314529e-03 2.189733142802640503e-14 9.980323910713195801e-01 3.804337978363037109e-02 1.473817217191891503e-22
4.242123906026583824e-16 1.959952758625149727e-03 1.875385851252688879e-23 5.079384024497812788e-09 5.356558854921521576e-15 2.819963924594048876e-07 1.000000000000000000e+00 3.074154472648693570e-11 5.543178878724575043e-03 7.975603087932694451e-19 1.854457681708422678e-14 2.181626661626546505e-16 7.236439108223126967e-16 6.923981904983520508e-01 5.205329917101764181e-11 8.177790042362964584e-14 5.700019900523045635e-10 4.644637799366968522e-11 3.423390737555820351e-10
5.114457727415370114e-17 4.216505870992910340e-15 6.004203386369764866e-18 4.969455744685546961e-07 8.880471878691675869e-12 2.928363787555224827e-15 1.000000000000000000e+00 7.345821018134301994e-07 6.867497542861755733e-11 4.521594210160628791e-09 2.642435497835853608e-18 4.618019744384582737e-08 1.420651415173779242e-06 5.336526776034133945e-09 8.749107109906617552e-06 3.967853388076036936e-07 9.795461297035217285e-01 1.674198113477132210e-09 2.654759875472811892e-12
3.010430589256429812e-07 3.643771151473629288e-07 3.960140375347531716e-12 6.025445461273193359e-01 3.306043083739496069e-07 2.244153485264632764e-08 2.837206795811653137e-02 1.259839395061135292e-03 8.285221814174903443e-11 9.998244643211364746e-01 6.096111462849940210e-12 9.175290353596210480e-03 3.602406359277665615e-04 5.897762207496271003e-07 1.278332820220384747e-05 1.289217150770127773e-03 6.201565731316804886e-03 1.010488631436601281e-04 2.337211587460918949e-12
4.898075712844729424e-05 1.830429474658501476e-09 2.387467879063134301e-19 1.000000000000000000e+00 8.491587825119495392e-03 1.660473191236744306e-12 1.069172471761703491e-02 4.900832864529469646e-11 2.018956113403191921e-09 4.323256752591930763e-10 1.132828084056107672e-16 1.024657025894271101e-09 2.962439182851994701e-09 9.292850933206864283e-09 4.751124382806892754e-09 1.872156985882611480e-06 1.859427575254812837e-04 5.357230869686049456e-16 1.649985876417013261e-15
2.337164729833602905e-01 6.330039923341246322e-06 2.011569608361247707e-19 2.168021909595323551e-15 1.632129154049977160e-11 5.954466086866005980e-11 9.987102746963500977e-01 5.802240063195948649e-14 8.676519393920898438e-01 1.839956242921658713e-10 2.283531870539423636e-12 1.570516760693863034e-04 2.002207254159227290e-11 8.157240783511069863e-18 6.707151645238862187e-17 3.010186772154505030e-13 2.719287195418473857e-08 8.462628167671404356e-12 9.996318817138671875e-01
1.976462868924500071e-07 1.342393085579374201e-09 3.076768874399338216e-12 7.133828603400615975e-07 5.752399563789367676e-01 9.999288320541381836e-01 6.849484052509069443e-03 1.066205457256330646e-11 5.476180464029312134e-02 4.067308327648788691e-05 2.257121572979414736e-12 2.194825792685151100e-03 1.179169473175534222e-07 9.673519624220361379e-11 2.368310170197673870e-08 8.730923291295766830e-04 3.865904147914989153e-07 4.574239210342057049e-05 4.924551376461749896e-06
1.983893453143537045e-04 6.368472822941839695e-04 7.322766759898513556e-05 6.507524813059717417e-05 9.306482225656509399e-02 9.994055032730102539e-01 8.164724335074424744e-03 1.493786930950591341e-05 1.413364410400390625e-01 8.067110553383827209e-03 1.345736222901905421e-06 3.996639512479305267e-03 6.990949623286724091e-04 5.036493894294835627e-05 1.104844966903328896e-03 5.491943098604679108e-03 1.270393986487761140e-04 2.131356857717037201e-03 3.279801458120346069e-02
1.780951768159866333e-02 2.164638042449951172e-01 7.526758736275951378e-07 9.999965429306030273e-01 1.111517922254279256e-04 1.765385206908831606e-07 7.867401291150599718e-05 2.289352566003799438e-02 3.791743363734667582e-09 1.001605141937034205e-05 1.305763106529411743e-07 2.277590205324031558e-08 7.357726572081446648e-04 9.947205781936645508e-01 5.914044777455274016e-06 3.627046826295554638e-04 1.321471645496785641e-04 5.407296121120452881e-04 6.170675526107061160e-09
9.972831010818481445e-01 2.401912934146821499e-04 4.896863317789927142e-18 1.000000000000000000e+00 4.135910272598266602e-01 6.866214241868073137e-15 5.025142968406726141e-08 1.091345236403640229e-09 2.952035144110354281e-11 1.884104428029331757e-09 8.672687568100911903e-12 5.597564722847891971e-08 1.304604353435934172e-07 2.909431532316375524e-05 1.031368661807106901e-13 5.765224341303110123e-04 2.082191663532739767e-08 3.201330954478000604e-15 1.480478744155314108e-13
2.893164055421948433e-04 9.011558166349686871e-10 1.849896795746240456e-18 9.999402761459350586e-01 9.786832332611083984e-01 9.225449502991978079e-06 7.619095444679260254e-01 1.675454046334845515e-12 2.109222114086151123e-03 7.424311387893567371e-09 7.811321034445484202e-12 6.674404256045818329e-03 9.321639016235394593e-10 1.279867184456051632e-10 6.274573252085247077e-07 1.745821535587310791e-02 1.091984668164514005e-04 1.435827471141237766e-06 1.138752647733554113e-09
7.105590071887490922e-08 3.278310600762779359e-07 4.821336574423185084e-08 2.336399518299003830e-09 6.652163392573129386e-06 4.042332477638410637e-07 9.999971389770507812e-01 5.228828925396555860e-09 8.500933647155761719e-01 2.512664964982036508e-09 4.275445419921197754e-08 7.332849199883639812e-04 2.348907202076588874e-08 4.022381006052455632e-08 7.074458153510931879e-06 9.952505024557467550e-06 9.662644006311893463e-04 1.539749609946738929e-05 2.591977417469024658e-01
3.641385092123528011e-06 4.809883830603212118e-04 6.069264145480701700e-06 8.661447791382670403e-04 7.525365799665451050e-05 8.913985993785900064e-07 9.756061434745788574e-01 3.032841384410858154e-01 1.942092640092596412e-04 5.303666591644287109e-01 3.774053402594290674e-05 2.166006267070770264e-01 1.214100886136293411e-02 5.391347222030162811e-04 5.208855727687478065e-04 2.224983572959899902e-01 5.036733746528625488e-01 2.286443253979086876e-03 1.008976032608188689e-04
2.972366564790718257e-05 6.386325359344482422e-01 2.403729659761211224e-08 9.745603203773498535e-01 3.695050452279247111e-07 2.990497023347415961e-06 5.604734644293785095e-02 3.329853713512420654e-02 3.799357841671735514e-07 4.104200854726514081e-07 5.533667746249193442e-09 4.776855022647907845e-10 2.698581920412834734e-05 9.998756647109985352e-01 1.827723394853819627e-06 6.192818545969203115e-06 1.324159529758617282e-04 2.347879126318730414e-05 1.318637643521469727e-09
9.929224252700805664e-01 2.064952254295349121e-02 2.225587964057922363e-01 7.412054389715194702e-02 8.739284276962280273e-01 1.040565280163718853e-06 2.328685820102691650e-01 4.133628099225461483e-04 2.884658169932663441e-05 5.533276635105721653e-06 4.590845856000669301e-05 4.297493696212768555e-01 2.142985118553042412e-03 6.785822333768010139e-04 2.822656642820220441e-05 1.722719706594944000e-02 3.400362329557538033e-03 4.410002657095901668e-05 2.322647196706384420e-05
7.985990047454833984e-01 3.518604906275868416e-03 1.428811699151992798e-01 6.978623103350400925e-03 9.195650219917297363e-01 7.928701961645856500e-07 6.790704727172851562e-01 3.618565679062157869e-04 1.154822311946190894e-04 2.333770862605888397e-05 1.668871664151083678e-05 8.305956125259399414e-01 2.439541509374976158e-03 4.417116360855288804e-05 5.733790203521493822e-06 1.002019196748733521e-01 1.697586104273796082e-02 1.677355758147314191e-04 3.024466786882840097e-05
9.802151907933875918e-05 2.253467100672423840e-04 7.055118680000305176e-01 9.716987013816833496e-01 1.664971205173060298e-04 1.944690438904217444e-06 7.363361120223999023e-01 2.628581412136554718e-02 8.679139136802405119e-05 1.203945139423012733e-04 1.543684078342266730e-07 1.123583660955773667e-05 8.084829896688461304e-03 1.601186580955982208e-02 2.545277215540409088e-02 7.407575612887740135e-04 8.335866928100585938e-01 1.386118092341348529e-04 7.259718131535919383e-06
0.000000000000000000e+00 3.013955899743368085e-28 2.980614118867186797e-36 6.955199863166253302e-26 1.412849426866950736e-21 8.805521187573548397e-26 1.000000000000000000e+00 4.655644439948551325e-26 8.678236603736877441e-01 1.673513654712265949e-33 6.579014004919470177e-29 6.048664757884796380e-18 5.535071729336722510e-24 1.344152055183995480e-18 8.545863127394637271e-14 2.920276105216603954e-15 1.026174215046360416e-10 3.063927387356776139e-15 3.395033421060844603e-10
1.492750925535801798e-06 6.834004580014152452e-07 5.245677781040569698e-10 1.000000000000000000e+00 2.185165826062984706e-09 3.257687453128710331e-10 2.674021288839867339e-07 4.409697430673986673e-04 1.552297312500290627e-14 1.919782377513001848e-08 5.888944350009355698e-19 9.847015471796898572e-19 2.425376123937894590e-06 3.441921472549438477e-01 7.478679617634043097e-05 8.825631198083883078e-11 1.251279725693166256e-03 1.668424811214208603e-03 3.044339644572402036e-17
1.780353859066963196e-02 7.329887710511684418e-03 7.525695115327835083e-02 1.918288320302963257e-01 3.303881883621215820e-01 2.554931212216615677e-03 8.508273363113403320e-01 3.640208020806312561e-02 4.142914712429046631e-02 1.484136469662189484e-02 2.343811327591538429e-03 3.392697870731353760e-01 4.205192252993583679e-02 9.102878160774707794e-03 2.609103359282016754e-02 2.759602367877960205e-01 3.297870755195617676e-01 6.930663436651229858e-02 9.040432982146739960e-03
2.402320504188537598e-03 7.657898962497711182e-02 1.046462557496852241e-06 9.999634027481079102e-01 6.835823296569287777e-05 1.187961970572359860e-05 6.854491657577455044e-04 3.943977504968643188e-02 1.441429020587747800e-07 2.730755477386992425e-05 2.045461755528776848e-08 1.118119552501184444e-08 1.277706818655133247e-03 9.936382174491882324e-01 1.005286321742460132e-04 1.587998121976852417e-04 7.363576442003250122e-04 3.447909140959382057e-03 2.179123370638080814e-08
3.473742253845557570e-05 9.407473206520080566e-01 1.406794183367310325e-07 2.575251506641507149e-03 5.798307611826203356e-08 7.131417393684387207e-01 1.044317409396171570e-01 1.234135939739644527e-03 4.813481064047664404e-05 2.856645231474885804e-08 1.392247526155188098e-07 1.139165539676412209e-09 6.808049306528118905e-07 9.981933236122131348e-01 1.555439666844904423e-06 9.104115150648794952e-08 1.357323412776167970e-06 2.059174221358262002e-05 2.287407419032660982e-08
6.789353792555630207e-04 4.025562375318259001e-04 2.997966366820037365e-04 9.994726777076721191e-01 4.066249675815925002e-05 3.037302521988749504e-04 1.437982730567455292e-02 6.711888313293457031e-02 1.096384266929817386e-06 5.028588231652975082e-03 4.998012670398566115e-09 1.604595780690942775e-07 4.015295766294002533e-03 1.490369588136672974e-01 3.587173223495483398e-01 2.892238444474060088e-05 2.505863010883331299e-01 5.952767729759216309e-01 2.206703619833660923e-08
5.845295381732285023e-04 3.333373069763183594e-01 3.581277951525407843e-06 4.033850971609354019e-03 1.403440837748348713e-04 9.996466636657714844e-01 7.739949971437454224e-03 2.039153914665803313e-04 1.301799667999148369e-03 2.852553961929515935e-06 2.670804803983628517e-07 2.274270087809782126e-07 2.262703674205113202e-05 8.278319239616394043e-01 1.512670714873820543e-04 3.143508365610614419e-06 7.752861165499780327e-06 3.921365423593670130e-04 6.770936124667059630e-06
8.400238119065761566e-03 7.233243584632873535e-01 4.889970878139138222e-04 2.270344831049442291e-02 4.918088088743388653e-04 8.488885760307312012e-01 2.533057630062103271e-01 2.564902603626251221e-02 1.388503983616828918e-02 3.575559530872851610e-04 3.790942428167909384e-04 1.430197880836203694e-04 1.114967511966824532e-03 8.303023576736450195e-01 2.349159214645624161e-03 4.740953736472874880e-04 1.361859729513525963e-03 7.197525352239608765e-03 3.953817940782755613e-04
3.113589435815811157e-02 8.546072840690612793e-01 9.995731711387634277e-01 5.995082855224609375e-01 2.163721219403669238e-04 4.560232264338992536e-05 2.230858244001865387e-02 3.122602701187133789e-01 8.375069228350184858e-06 2.209950034739449620e-04 1.187734073027968407e-03 4.657497993321157992e-05 1.279046572744846344e-02 9.815620779991149902e-01 8.370433934032917023e-03 1.010891702026128769e-02 3.453521989285945892e-03 8.266131393611431122e-03 3.208075213478878140e-05
0.000000000000000000e+00 8.335739382029634711e-37 0.000000000000000000e+00 1.457891819455034552e-22 5.353945302593160130e-37 2.788202952110179748e-32 1.000000000000000000e+00 4.076753186619061325e-21 1.499387419778841490e-10 0.000000000000000000e+00 0.000000000000000000e+00 8.726920928759956221e-37 9.309752819803217610e-25 1.145412324016215067e-12 3.763487029573298059e-06 1.654146171290677950e-29 9.999840259552001953e-01 6.688989535817973755e-23 1.158523833535511125e-18
9.295366908190771937e-06 6.973832114454125986e-06 3.897844635503133759e-06 2.225039526820182800e-02 1.671137943048961461e-05 5.124535560607910156e-01 9.600771665573120117e-01 7.347388600464910269e-05 7.133900653570890427e-03 4.828961550629173871e-07 3.312286223078331204e-09 5.493519239507804741e-08 3.444200046942569315e-05 5.005840584635734558e-02 7.974349856376647949e-01 1.974900811774205067e-07 2.570328675210475922e-02 8.107454050332307816e-04 6.037918865331448615e-05
8.341800139533006586e-07 1.222954506374662742e-05 2.890381962060928345e-03 1.120094381690250884e-07 2.960890014946926385e-06 5.105627133161760867e-05 9.999181032180786133e-01 6.952848252694820985e-06 7.826110720634460449e-01 1.438856770619167946e-06 4.978881520401046146e-07 2.171461092075332999e-04 4.719974640465807170e-06 4.643245574698084965e-06 2.055371151072904468e-04 3.490016024443320930e-05 1.508004218339920044e-02 2.201365423388779163e-04 5.241878032684326172e-01
2.512575313448905945e-02 5.085199140012264252e-03 2.012802055105566978e-03 5.678826943039894104e-02 1.436750777065753937e-02 9.504054188728332520e-01 1.456736773252487183e-01 3.212578827515244484e-03 8.739293366670608521e-02 2.475468441843986511e-03 5.592565139522776008e-05 1.009759143926203251e-03 4.996444564312696457e-03 2.670969627797603607e-02 4.272004067897796631e-01 4.046795365866273642e-04 2.394007146358489990e-02 4.009963572025299072e-02 1.149078737944364548e-02
3.983211063314229250e-04 6.587821990251541138e-04 8.220525342039763927e-04 8.330631852149963379e-01 8.840233931550756097e-05 3.949538618326187134e-02 6.667733192443847656e-02 4.912715032696723938e-02 1.433747966075316072e-04 9.720046073198318481e-03 2.667225942332152044e-07 6.559851954079931602e-06 5.375484004616737366e-03 1.336618363857269287e-01 8.287779688835144043e-01 1.055631582858040929e-04 2.118204385042190552e-01 5.112629532814025879e-01 2.410606157354777679e-06
1.045128740495560038e-11 1.207647426504365740e-09 7.548716121315909161e-15 3.123699343632324599e-07 1.157623401581986400e-07 5.806126135432521096e-10 9.990215301513671875e-01 1.712182129267603159e-04 1.915817193776092608e-08 8.665381073951721191e-01 8.203856864674730076e-12 1.437704861164093018e-01 2.215864078607410192e-04 7.317389055794265573e-11 2.535611720588804019e-08 2.586007304489612579e-02 3.867777530103921890e-03 3.746180254893261008e-07 1.459390053248910135e-09
2.407004769043179647e-31 5.007888640894317544e-32 1.466284851944522689e-31 1.000000000000000000e+00 7.944304679848688530e-32 0.000000000000000000e+00 9.998922348022460938e-01 3.036363452945463511e-15 8.418623703371586473e-32 1.928689299826356091e-31 0.000000000000000000e+00 1.477514807539751006e-38 1.585797645848212711e-20 3.151574121573914866e-14 1.159391138649823461e-09 1.022849260105411322e-27 1.000000000000000000e+00 9.555349501723257420e-26 1.008866510948809240e-37
0.000000000000000000e+00 0.000000000000000000e+00 0.000000000000000000e+00 1.000000000000000000e+00 0.000000000000000000e+00 0.000000000000000000e+00 9.999611377716064453e-01 3.471641048528411095e-18 0.000000000000000000e+00 2.896477479786460991e-38 0.000000000000000000e+00 0.000000000000000000e+00 1.671898860276186138e-26 6.304632986025248114e-17 2.493672110469928154e-17 2.545889166239201308e-35 1.000000000000000000e+00 1.743698789158047985e-35 0.000000000000000000e+00
7.267058952219675899e-17 3.163734126564697602e-14 2.441822970489253344e-32 1.237752229599209386e-07 2.939646947197616100e-05 4.973944755284334315e-16 1.000000000000000000e+00 1.073032483678943108e-21 4.408966004848480225e-02 2.887880244241513253e-25 1.675591444184494345e-16 1.273311234228913236e-08 9.188064991068527421e-18 6.417991138540912743e-13 1.552267008264607284e-07 5.838111327705064468e-09 5.101481903579951904e-09 2.844571773226098332e-14 5.841048755783617707e-10
1.041502218868117779e-05 2.415889684925787151e-05 4.977959633833961561e-06 8.221127092838287354e-03 5.791785588371567428e-05 6.666116714477539062e-01 9.540824890136718750e-01 1.432161661796271801e-04 1.173582673072814941e-02 4.188920229353243485e-06 2.130398968347435584e-08 7.964487735989678185e-07 1.237112592207267880e-04 7.152311503887176514e-02 5.713112950325012207e-01 2.793200792439165525e-06 1.886105723679065704e-02 2.236243803054094315e-03 1.289522624574601650e-04
5.490385035500366939e-09 1.280822488070043619e-07 1.721527698173019871e-09 5.726089966628933325e-07 3.358148660481674597e-06 1.000000000000000000e+00 1.432319294281114708e-07 2.142429844642634862e-10 3.471569216344505548e-04 1.338333222022924929e-09 1.273819285695207328e-15 4.616672495683094013e-12 8.290178321601615608e-09 3.489469963824376464e-05 2.254898846149444580e-02 4.303476325295818583e-11 2.456817185247928137e-07 3.364231815794482827e-05 4.539432154615496984e-07
5.833522363077506280e-25 1.790726746732974770e-17 2.123451593850360591e-25 6.445334422987047994e-17 7.403900761796325392e-14 8.983092918150943233e-20 1.000000000000000000e+00 1.868191157328169538e-09 9.973325498791041355e-10 1.345959232956772667e-09 2.809983826040613299e-18 8.415854608756490052e-06 4.236774657329078764e-06 1.116210594650178783e-15 8.927352536684460271e-14 2.927129098679870367e-04 3.032193344552069902e-04 3.656664272592979881e-14 2.751209850215818875e-12
6.632053239918889176e-11 2.198022156953811646e-01 6.905931193248353653e-15 9.999926090240478516e-01 2.661207029481388320e-13 6.142980411459261769e-14 3.256804943084716797e-01 1.693245139904320240e-04 5.322280116626387780e-11 8.925087231770323370e-14 1.196783862603915255e-15 1.071834917599041690e-19 4.326184965819379613e-10 9.999982118606567383e-01 2.930089114047684795e-12 1.019060877349708960e-10 8.317089168485836126e-07 1.436146514210978609e-11 1.029022939055562085e-16
8.322942449012771249e-06 6.067113876342773438e-01 7.638701760015464970e-08 1.442156382836401463e-03 2.152064553229138255e-06 9.945580959320068359e-01 2.404956072568893433e-01 1.066733420884702355e-05 5.465150461532175541e-04 5.134594083244792273e-09 1.161195406496062787e-08 5.413350323557608590e-10 9.398791434023223701e-08 9.761070013046264648e-01 9.483024427936470602e-07 1.133845870526783983e-07 1.182992335202470713e-07 1.775735654518939555e-06 9.454421245891353465e-08
8.528168546035885811e-04 1.823942549526691437e-02 3.637508143583545461e-06 4.468987584114074707e-01 3.155051963403820992e-04 9.998863935470581055e-01 1.127080249716527760e-04 7.666581950616091490e-05 3.720920649357140064e-04 4.112839917524979683e-07 3.408725968157000352e-09 3.086566113807975853e-09 3.316766378702595830e-05 6.110467910766601562e-01 5.078783142380416393e-04 7.622057296430284623e-07 5.878008323634276167e-06 7.119223591871559620e-04 8.977072525340190623e-07
4.843490160055807792e-07 1.915713545913230731e-13 8.263227931705856831e-17 1.000000000000000000e+00 1.263767808268312365e-05 2.041961997747421265e-03 4.274265393178211525e-06 6.914944311597892579e-12 3.099574596987508812e-09 7.938629788262208109e-12 1.723435854964026575e-21 4.596693221236214030e-15 9.827341163060054896e-10 7.148114045119058346e-11 4.984726911061443388e-05 3.712978882686179816e-11 3.116530024271924049e-06 4.580793244723935231e-10 1.380361154443662157e-16
5.307797929475499554e-13 4.013152477000403451e-09 6.343728653490643410e-09 1.199563499540090561e-02 2.266325321853557284e-10 5.730126388572148732e-14 9.999428987503051758e-01 3.138225292786955833e-04 8.849956998346897308e-07 7.744511143492616156e-10 3.189914651868797080e-11 1.124031201449327000e-09 2.160744998036534525e-06 3.458446881268173456e-04 1.047520418069325387e-04 3.516309561746311374e-06 9.996619224548339844e-01 6.206055786606157199e-06 1.112107170797571598e-07
9.026079037834089380e-13 5.843224570867278089e-09 4.633389158459344515e-12 5.089402748126303777e-06 1.003829375179066119e-08 7.001604699664876197e-13 9.999996423721313477e-01 7.225896115414798260e-05 6.586782092199428007e-06 3.804125370265865058e-08 1.362456258924282793e-09 8.247208825196139514e-06 2.863703412003815174e-05 5.055955170973902568e-06 4.290016659069806337e-05 9.808695904212072492e-05 9.498731493949890137e-01 8.699510800624921103e-08 1.365276489195821341e-06
1.603114287718199193e-05 9.830944946997988154e-09 7.662433748791037003e-18 7.116232824560226960e-17 1.216306650666729161e-13 1.451991806789010298e-07 9.991623163223266602e-01 6.395862669609272532e-16 9.194903373718261719e-01 3.605777829096545872e-11 1.884630519948925914e-15 8.797078407951630652e-07 1.701468013790702338e-13 1.787668205059029322e-18 1.930273102069960701e-15 1.370611032303200791e-14 5.632745381234371962e-09 7.835736920425162566e-11 9.999538660049438477e-01
1.526807341724634171e-02 1.068471744656562805e-02 2.628098241984844208e-03 2.976569719612598419e-02 7.642192393541336060e-02 1.590488245710730553e-03 8.363413810729980469e-01 5.649759992957115173e-02 2.786138467490673065e-02 7.608760893344879150e-02 2.064953092485666275e-03 3.616801798343658447e-01 7.753834873437881470e-02 4.912036471068859100e-03 7.791742216795682907e-03 1.875550150871276855e-01 1.344116777181625366e-01 3.757298737764358521e-02 8.529618382453918457e-03
6.757020969416771550e-07 1.502692157373530790e-06 3.631203526310855523e-06 9.738858938217163086e-01 6.481645442590888706e-08 3.821284044533967972e-03 5.852667614817619324e-03 3.859678516164422035e-03 1.184274509569149814e-07 2.521234855521470308e-04 1.240393855336807682e-12 2.463524106932624136e-10 9.138335008174180984e-05 4.490345343947410583e-02 9.495880007743835449e-01 7.699757986756594619e-08 1.063762158155441284e-01 6.470600962638854980e-01 8.210340740610888588e-11
6.211675354279577732e-04 1.857805298641324043e-03 2.162250922992825508e-03 2.063103165710344911e-04 5.866314284503459930e-03 9.917367100715637207e-01 4.424918442964553833e-02 9.152070560958236456e-05 3.352833986282348633e-01 1.422944944351911545e-03 1.138829975388944149e-05 2.432656008750200272e-03 6.332681514322757721e-04 4.900240455754101276e-04 8.060756139457225800e-03 1.163086737506091595e-03 1.327599980868399143e-03 1.055576186627149582e-02 4.063440859317779541e-01
9.996024966239929199e-01 3.249372243881225586e-01 1.213986070069950074e-05 1.456149574369192123e-02 3.282879292964935303e-01 6.931126108611351810e-07 2.788652107119560242e-02 9.590211324393749237e-03 2.175308873120229691e-05 1.218265169882215559e-04 1.249685155926272273e-04 4.738675951957702637e-01 7.827874273061752319e-02 3.261312376707792282e-04 1.521134720405825647e-07 3.508364316076040268e-03 4.019038169644773006e-04 7.066810212563723326e-05 1.594901186763308942e-05
2.925025630710095630e-15 6.113294549400793976e-13 7.093799757110505314e-22 5.604742447928856564e-09 1.284495354525461153e-08 1.095908506629737766e-14 1.000000000000000000e+00 6.231273770628334430e-14 6.924139452166855335e-04 2.060010112825919954e-20 1.382016309762156264e-15 5.507593825448964253e-10 4.418934836103449726e-12 4.781235674045092310e-08 1.951947575435042381e-03 1.358133050466392433e-10 6.176076829433441162e-03 1.564378834806312568e-11 2.342454195058962796e-07
1.810810342431068420e-02 6.960464119911193848e-01 4.022265898129262496e-08 9.999383687973022461e-01 1.161351065093185753e-05 7.412666480632879029e-09 1.380966277793049812e-04 6.105846166610717773e-02 9.852677562705025593e-10 6.492833108495688066e-06 5.743930842072586529e-08 2.521149156109459000e-08 3.291153407189995050e-04 9.969362020492553711e-01 2.619798920022731181e-07 1.926039694808423519e-04 7.646525773452594876e-05 6.802075222367420793e-05 6.965531484937059759e-10
9.878107309341430664e-01 3.018127381801605225e-01 6.788616196962138361e-11 9.999997615814208984e-01 3.354081138968467712e-02 1.230458235301767900e-10 6.906174530740827322e-05 4.046242102049291134e-04 9.804022482740037958e-08 2.283243702549953014e-06 5.057584712631069124e-05 2.518482142477296293e-05 2.608478826005011797e-04 1.221439056098461151e-02 4.187471758232419461e-10 1.435335958376526833e-03 2.436121758364606649e-05 3.684874627651879564e-09 8.977987242531071388e-09
2.846003882586956024e-02 7.863375544548034668e-01 1.488383971626205948e-09 9.999978542327880859e-01 5.381259597925236449e-06 8.664475387165637699e-11 2.164189791074022651e-04 1.058839261531829834e-02 7.662453782586453599e-09 1.349296923081055866e-07 7.972930120558885392e-07 4.101917028265233967e-09 3.238620411138981581e-05 9.636055231094360352e-01 4.436160327969673745e-09 6.283920083660632372e-05 3.626411489676684141e-05 9.611130735720507801e-08 1.140711414215900277e-09
1.125719608200459723e-17 1.358931740469415672e-07 5.256946858069731648e-21 3.302298428025096655e-04 1.773043788611677885e-13 2.151781058683347207e-16 1.000000000000000000e+00 5.869396080271371829e-09 2.936610544566065073e-04 4.241668691991883641e-17 1.133844103676229231e-12 9.075875867633944466e-15 9.799049592584818669e-12 9.787022136151790619e-03 3.090600557698053308e-07 1.027159801658683591e-09 6.314242491498589516e-04 2.308965865727152789e-11 4.048353596797227283e-10
9.506595688435481861e-07 9.058147072792053223e-01 8.351951663598811137e-08 7.346532940864562988e-01 1.689547113326028693e-10 3.371209700286925681e-10 6.790106743574142456e-02 1.551459729671478271e-01 7.014581693276511487e-10 1.280119832358650456e-08 2.266251908356053946e-10 2.759350040126840042e-12 3.748746394194313325e-06 9.999918937683105469e-01 1.067522589437430725e-06 9.436977848054084461e-07 7.151390309445559978e-04 1.143197514466010034e-04 2.294210177736233369e-12
4.033422554283738748e-11 6.038268655538558960e-02 1.062297385473476297e-12 1.465772656956687570e-04 3.652185758679094008e-12 7.420716041650621264e-09 9.999959468841552734e-01 2.379256875428836793e-05 2.415301423752680421e-04 7.647852078192240999e-13 1.683118311390785493e-09 4.318231156767021739e-13 8.908200843649183298e-10 9.990922212600708008e-01 5.278523573792881507e-08 6.439057287366267701e-09 2.306837450305465609e-05 4.922297875964432023e-07 3.283897376249456102e-09
3.078109937619012693e-14 3.728060360419505059e-10 1.626080861757625562e-13 6.400009855411781245e-09 7.723088141231571058e-11 1.778209221046556814e-16 9.999933242797851562e-01 3.810662776231765747e-02 4.499458139406442569e-09 1.410656026564538479e-03 5.016488266451624156e-11 5.097227636724710464e-03 3.041735180886462331e-05 7.037678528831747826e-08 9.622981167467514751e-08 1.774257235229015350e-02 9.969328641891479492e-01 1.165792866686388152e-07 1.198332189034090334e-08
2.654170216942475236e-10 1.310125757880697961e-10 2.616071595462621246e-11 1.971168967429548502e-05 1.637630864248507123e-10 9.999998807907104492e-01 1.469539085974247428e-07 1.283931294615570096e-09 1.348613841400947422e-05 3.681739635386094278e-10 1.568443463805274961e-17 6.825185554089850930e-16 1.993502030117610957e-09 2.248299424536526203e-04 9.995557665824890137e-01 4.810718541733115250e-15 1.822569288378872443e-06 3.606355448937392794e-06 7.712989275043824478e-11
1.583397448530129981e-13 7.358284120906333214e-11 3.627729616526861140e-18 1.150698460128385392e-12 8.039535259740659967e-08 1.000000000000000000e+00 8.317672722454871881e-13 2.329761433085962285e-19 9.092936466004175600e-07 2.631976794915578087e-15 1.582125996223969232e-25 9.213436481611907024e-19 3.699511264823249213e-15 1.014140105226601918e-09 1.548463579581493832e-08 1.589464869409881070e-16 2.047692324405082920e-14 5.495937926980332122e-09 2.673103578765267940e-11
2.077152743140686653e-07 1.951670646667480469e-01 4.927573973856347322e-11 9.660749492468312383e-05 7.888699116165298619e-08 2.653955481946468353e-03 9.993801116943359375e-01 2.118432166753336787e-05 3.451794385910034180e-02 4.405282805208798891e-09 3.658492744307295652e-07 2.750339156420977815e-08 6.042375844117486849e-08 7.162858247756958008e-01 4.912533313472522423e-06 3.088196365297335433e-07 1.826014704420231283e-05 7.927015758468769491e-06 1.207742479891749099e-05
1.677158412149992728e-12 2.005956467598934978e-08 3.819116975656766319e-15 1.456168803315449622e-07 8.397265105486440007e-09 7.859533468490553787e-08 1.000000000000000000e+00 4.828650368438047735e-09 2.882136702537536621e-01 2.323436039917969875e-13 9.655730381918914418e-11 4.776520512450588285e-09 1.170277652562390358e-09 2.852521138265728951e-04 1.281953766010701656e-03 1.562758988882251288e-08 3.548882377799600363e-04 1.145519127021543682e-05 2.088504261337220669e-04
1.101458792618359439e-06 1.082103381122578867e-06 1.596100318579374289e-08 5.187970236875116825e-04 3.276023198850452900e-05 9.999996423721313477e-01 5.707526725018396974e-06 7.288802805760496994e-08 7.896695169620215893e-04 1.466780759074026719e-07 1.922680764598894143e-12 4.002677633785367561e-10 8.748895652388455346e-07 2.381008816882967949e-04 1.771655827760696411e-01 3.088845401677531299e-09 3.361958079040050507e-05 1.241596415638923645e-03 8.855157602738472633e-07
1.662175916135311127e-02 3.781027793884277344e-01 1.623150194063782692e-03 9.662339091300964355e-01 1.715507823973894119e-03 2.932911738753318787e-04 3.712978586554527283e-02 3.230044543743133545e-01 5.522545689018443227e-05 2.363625448197126389e-03 6.874582322780042887e-05 4.988797445548698306e-05 1.224382314831018448e-02 9.809946417808532715e-01 9.621513076126575470e-03 1.015087310224771500e-02 2.655963227152824402e-02 6.969306617975234985e-02 1.905257886392064393e-05
5.551375215873122215e-04 2.679085358977317810e-03 1.780801685526967049e-04 8.804864287376403809e-01 2.778181806206703186e-04 4.352541873231530190e-05 2.655886411666870117e-01 1.640542000532150269e-01 2.681103651411831379e-04 4.796873778104782104e-03 4.188648745184764266e-06 1.093919054255820811e-04 9.951708838343620300e-03 1.733344644308090210e-01 8.541710674762725830e-02 1.316347741521894932e-03 9.413328766822814941e-01 3.589632809162139893e-01 4.068965063197538257e-05
8.043040335178375244e-02 9.249942004680633545e-02 6.413719058036804199e-02 4.380557537078857422e-01 3.328661248087882996e-02 1.496406793594360352e-01 3.685620427131652832e-01 3.184817135334014893e-01 4.212986677885055542e-02 1.657394617795944214e-01 7.156413514167070389e-03 3.913880512118339539e-02 1.509322226047515869e-01 2.971290051937103271e-01 5.531401038169860840e-01 4.561744630336761475e-02 3.135372400283813477e-01 3.721384406089782715e-01 1.184938475489616394e-02
8.475031354464590549e-04 7.709615863859653473e-03 8.566255564801394939e-04 7.288398221135139465e-03 3.871957305818796158e-03 2.335832978133112192e-04 9.430684447288513184e-01 3.335541486740112305e-01 1.055297441780567169e-02 2.655787169933319092e-01 3.421339672058820724e-03 2.430262267589569092e-01 8.478304743766784668e-02 7.907071150839328766e-03 1.327609270811080933e-02 2.201883196830749512e-01 5.395671129226684570e-01 1.862858608365058899e-02 7.315381430089473724e-03
4.101631056983023882e-04 2.985545324918348342e-05 1.667271317273844033e-05 9.999953508377075195e-01 3.982087037002202123e-06 9.843891020864248276e-04 3.463803732302039862e-04 7.641407195478677750e-03 4.060738945099728880e-08 4.071050207130610943e-04 7.939175358795402815e-12 2.039950569576731709e-10 6.861090078018605709e-04 6.765720248222351074e-02 2.099949568510055542e-01 4.664713912916340632e-07 6.614509504288434982e-03 3.119280934333801270e-01 3.417271465799842645e-10
1.287523105020227376e-06 3.976572770625352859e-06 1.057412006844060670e-07 9.911291599273681641e-01 3.171074013152974658e-06 2.349285750824492425e-05 9.007582068443298340e-01 6.565111107192933559e-04 4.409098983160220087e-05 7.921431119939370546e-07 7.602758700375744638e-11 1.195475718418492761e-09 4.239653935655951500e-05 1.243840809911489487e-02 1.207669004797935486e-01 3.248864572924503591e-07 5.206406712532043457e-01 2.122871046594809741e-05 4.981816204008282511e-08
9.109233851511611330e-17 8.749580882780577228e-16 1.650521555090418806e-22 1.133321081425719967e-08 1.624134529265575111e-05 5.140427106198330875e-08 1.000000000000000000e+00 1.078291536874894524e-16 3.320634132251143456e-04 3.771495592222047478e-17 9.211213498339156118e-21 9.204823570030384872e-09 5.652291135138653999e-12 8.773451409815891111e-11 1.249279648618539795e-06 2.850473457272073574e-08 4.858112845340656349e-08 2.436779111825160271e-10 2.499012281831358706e-11
2.659726701676845551e-02 3.810459747910499573e-05 1.631463106832597987e-07 1.000000000000000000e+00 1.264264225028455257e-03 4.372006878838874400e-05 2.085975575027987361e-05 3.866954557452118024e-06 2.161626042607167619e-07 3.474653453849896323e-07 3.699547265756386594e-11 2.145899014038832320e-09 4.911124415230005980e-05 8.105811430141329765e-04 7.584145350847393274e-05 1.441166659787995741e-05 4.450625056051649153e-05 2.810159287491842406e-07 9.807286094343226068e-10
