1.000000000000000000e+00 3.714120760560035706e-02 5.554562886034286606e-13 9.999159574508666992e-01 8.090161085128784180e-01 8.084202621394434140e-16 5.648919341183500364e-06 9.719126410345779732e-07 3.568316432264739824e-13 9.979105042301483763e-11 2.449601232967779652e-08 4.639975726604461670e-03 2.217454857600387186e-05 3.881567408825503662e-06 1.131234185101567813e-13 1.860733027569949627e-05 4.291507593734422699e-07 8.472233331557887936e-13 7.467869096548784835e-13
1.047798468789551407e-05 1.901083796136161796e-14 5.491296657570094354e-20 1.894364058971405029e-01 9.948388934135437012e-01 9.136535928863653844e-13 9.518479108810424805e-01 1.116333113730834381e-13 7.571894777846921443e-10 7.246161004559326102e-09 4.699181627050473206e-18 9.950601458549499512e-01 2.302498053330381822e-10 9.345093219699225455e-16 1.623838563613588803e-11 1.911495029926300049e-01 1.100802328437566757e-04 4.682592134486185387e-06 2.098619206270858385e-15
6.494776159524917603e-02 4.465892445296049118e-03 1.852867285379034001e-06 9.999927282333374023e-01 3.070994513109326363e-03 3.665404392450000159e-06 6.389679852873086929e-03 6.700044032186269760e-03 3.825152361969230697e-06 1.756886718794703484e-03 5.732417207582329866e-07 3.047034397241077386e-06 4.636268597096204758e-03 3.100605681538581848e-02 2.649297006428241730e-03 2.575126709416508675e-04 1.178866997361183167e-01 5.571639849222265184e-05 1.228192729740840150e-07
3.573000431060791016e-04 9.376240777783095837e-04 8.180965238580029109e-08 9.999856948852539062e-01 8.342743240064010024e-05 1.437428807093965588e-07 1.825083419680595398e-02 1.167099922895431519e-02 5.694118954124860466e-07 8.883903734385967255e-03 6.875946478857031252e-09 9.255456348000734579e-07 2.060253638774156570e-03 3.978365287184715271e-02 3.689698642119765282e-04 1.562751858728006482e-04 1.081506833434104919e-01 2.212376966781448573e-05 4.109473650260042632e-09
5.803153617307543755e-04 5.385291879065334797e-04 1.930171856656670570e-05 9.066858887672424316e-01 3.632243722677230835e-03 2.228625271527562290e-05 8.619274497032165527e-01 1.485772151499986649e-02 5.692846607416868210e-04 8.185428567230701447e-03 2.490219458195497282e-06 1.986290561035275459e-03 1.197606977075338364e-02 7.409397047013044357e-03 1.980286091566085815e-02 8.956126868724822998e-03 4.268605113029479980e-01 5.718831089325249195e-04 2.280599801451899111e-05
2.901392661175971430e-27 1.617593693112926827e-19 1.073202243981948728e-25 1.670962535005315885e-10 1.014711318442218513e-12 4.536889265042392974e-22 1.000000000000000000e+00 1.551937614877041405e-12 4.246422946607708582e-08 3.614249881264697001e-17 1.767494200497050099e-19 2.680632382734415842e-09 1.264251897614698805e-10 7.084033012971779897e-12 9.594949279545517129e-10 5.235650405666092411e-06 3.203125903382897377e-03 5.166964404078322470e-13 2.720551106442925526e-13
1.511217415099963546e-04 7.279692217707633972e-04 2.025937817506928695e-07 2.585201400506775826e-06 1.577360555529594421e-03 9.912399400491267443e-05 9.984793066978454590e-01 3.492010000627487898e-04 1.888048201799392700e-01 1.456781406886875629e-03 2.884848508983850479e-04 1.369305998086929321e-01 1.120446156710386276e-02 5.498553491634083912e-06 5.766138565377332270e-05 1.340326201170682907e-02 9.476626291871070862e-03 2.582323504611849785e-04 8.269824832677841187e-02
1.067807781510055065e-03 7.707368058618158102e-05 1.635791136322950479e-06 4.715750110335648060e-04 2.314806282520294189e-01 6.362342392094433308e-04 7.198022603988647461e-01 1.423744019120931625e-03 1.727180671878159046e-03 3.900597691535949707e-01 2.309575756953563541e-05 9.364565014839172363e-01 2.203734032809734344e-02 2.665408146640402265e-06 1.187597081298008561e-05 4.598698914051055908e-01 6.803235039114952087e-03 2.986175706610083580e-03 1.269753265660256147e-04
3.159488551318645477e-04 8.050978928804397583e-02 6.749695469210337251e-09 9.982354640960693359e-01 7.023270154604688287e-05 2.824472655760246198e-09 9.055066108703613281e-01 2.997449366375803947e-03 6.352819036692380905e-03 3.222306190764356870e-07 5.533705465495586395e-03 1.958548864422482438e-06 2.936335476988460869e-05 7.049223780632019043e-02 2.406074236205313355e-05 1.031664432957768440e-04 1.261140108108520508e-01 4.796579844423831673e-08 1.509405683464137837e-05
3.183365213613169483e-17 1.029976017669076427e-11 2.320676413098651483e-21 1.241355494130402803e-05 2.044342473084270750e-08 2.606515026872761182e-14 1.000000000000000000e+00 4.202902349065285037e-12 6.043878784112166613e-06 1.480019821704491728e-15 1.096777369204229586e-16 1.776195301950167504e-09 4.085634608408383883e-10 5.040579864612482197e-08 1.530418330730753951e-06 2.190922430145292310e-07 8.802380034467205405e-05 3.875168415323759774e-12 6.079695080707381294e-11
1.129355983731095137e-10 3.806157037615776062e-04 1.095971271771129310e-14 2.569765318185091019e-03 2.272066979003284359e-08 1.161201993934990462e-12 9.999996423721313477e-01 7.059502877382328734e-06 8.170981891453266144e-03 1.876885973028930010e-11 2.068848743874696083e-06 5.590672458311019000e-08 8.570798115670186235e-08 1.231121947057545185e-03 2.796474291244521737e-05 3.257785920141031966e-06 6.547631323337554932e-02 9.848455384542376123e-09 5.624326604447560385e-06
6.341670639812946320e-03 3.150502592325210571e-02 3.624147176742553711e-01 3.898096457123756409e-02 2.817349135875701904e-02 9.933386445045471191e-01 5.187492445111274719e-02 6.246357224881649017e-03 7.364485412836074829e-02 2.242337912321090698e-03 4.753246685140766203e-05 4.399706376716494560e-04 4.395832773298025131e-03 1.045361608266830444e-01 1.089144796133041382e-01 2.458942588418722153e-03 1.086979638785123825e-02 1.602581515908241272e-02 9.043808095157146454e-03
6.214383120095590129e-06 3.754854333237744868e-05 2.458786964416503906e-01 1.029286431730724871e-04 8.785542100667953491e-03 9.999705553054809570e-01 5.196484737098217010e-03 1.785306039892020635e-06 6.919993460178375244e-02 2.017878250626381487e-05 5.007144476820712953e-09 6.026680694048991427e-06 2.116295945597812533e-05 1.740185398375615478e-04 6.962555460631847382e-03 1.058221823768690228e-04 6.000740686431527138e-04 4.971021553501486778e-04 2.402000362053513527e-03
5.287322437652619556e-06 1.777854631654918194e-04 9.290620684623718262e-01 1.112313111661933362e-04 1.348195946775376797e-03 9.999345541000366211e-01 1.016468647867441177e-02 5.501884061231976375e-06 9.120009839534759521e-02 7.241781077027553692e-06 2.551528099914435188e-09 1.821735395424184389e-06 1.818058080971240997e-05 9.240698418579995632e-04 2.223218977451324463e-02 5.051179323345422745e-05 5.346154212020337582e-04 2.365145919611677527e-04 5.783881060779094696e-03
1.732136588543653488e-04 2.632158342748880386e-03 9.593778486305382103e-06 2.303777291672304273e-04 7.486294489353895187e-04 4.947598063154146075e-05 9.992023110389709473e-01 1.249623135663568974e-03 6.062447428703308105e-01 4.336880374467000365e-05 2.952987793833017349e-03 1.069024205207824707e-02 5.402357783168554306e-04 1.448619412258267403e-03 8.060855790972709656e-03 2.727735089138150215e-03 1.605082154273986816e-01 6.822752766311168671e-03 2.318881601095199585e-01
4.431369900703430176e-02 9.862542152404785156e-02 3.887735074386000633e-04 2.116592600941658020e-03 3.546722698956727982e-03 6.365550798363983631e-04 9.809747934341430664e-01 1.809998042881488800e-02 5.730020403861999512e-01 1.170593546703457832e-03 5.390095338225364685e-02 4.606006667017936707e-02 5.317044910043478012e-03 4.064507316797971725e-03 1.057889033108949661e-02 4.519579932093620300e-03 3.076506555080413818e-01 8.879056200385093689e-03 5.268118977546691895e-01
7.323968410491943359e-01 2.612493466585874557e-03 2.263572156380178058e-07 4.284272727090865374e-04 5.892178416252136230e-01 3.343700882396660745e-05 9.191964268684387207e-01 3.987015134043758735e-06 3.259408175945281982e-01 1.311366941081359982e-05 3.055210108868777752e-04 7.358894348144531250e-01 9.091207903111353517e-05 1.743926191011269111e-06 7.295411705854348838e-06 1.010942365974187851e-02 9.530916577205061913e-04 3.825839667115360498e-05 2.703641727566719055e-02
1.337959588454395998e-06 1.625646837055683136e-02 5.735282826435650350e-08 2.430479079484939575e-01 1.627974052098579705e-05 1.916908558996510692e-06 9.991346001625061035e-01 1.244062208570539951e-03 1.134029868990182877e-02 2.345693928873515688e-06 2.285958544234745204e-06 1.949752459040610120e-06 5.775785757577978075e-05 2.609630525112152100e-01 3.774782817345112562e-04 1.699631247902289033e-04 7.267307024449110031e-03 4.197646376269403845e-06 2.768751983239781111e-05
5.349342245608568192e-05 2.504184283316135406e-02 2.225186435111936589e-08 3.391098976135253906e-02 1.937302586156874895e-04 1.168402923212852329e-05 9.995065927505493164e-01 4.071112489327788353e-04 2.149673253297805786e-01 7.119284077816701028e-07 7.677813991904258728e-04 1.218140823766589165e-04 3.719727465067990124e-05 3.699416294693946838e-02 6.184839643537998199e-03 2.300465275766327977e-04 2.464062161743640900e-02 1.296863338211551309e-04 3.443309804424643517e-03
8.813195832846343336e-12 5.053594520632032072e-08 9.000795768432379163e-12 9.224385699724280130e-09 1.051607441127089260e-07 9.483110963159901985e-10 9.999977350234985352e-01 8.039847598411142826e-04 1.101138259400613606e-04 3.022103337571024895e-04 3.009832738598561264e-08 2.950064605101943016e-03 4.769646562635898590e-03 1.794939805677131517e-07 9.905103297569439746e-07 1.409834157675504684e-02 4.358794912695884705e-02 7.725183763795939740e-07 9.821642379392869771e-06
1.156612512431820505e-07 9.779835608014764148e-08 4.752870874646930588e-10 2.649045491125434637e-04 5.576650146394968033e-04 9.410990476608276367e-01 9.588182568550109863e-01 6.986065059777502029e-09 2.180774323642253876e-02 8.509482896101872029e-09 3.243739912089926847e-12 1.868657619752411847e-07 2.279198696442108485e-07 6.642387597821652889e-05 3.960415255278348923e-03 8.104110520434915088e-07 4.715358954854309559e-05 1.547052379464730620e-04 4.201366664347006008e-06
7.678360702811914962e-08 1.927600266071749502e-07 1.871304444733823402e-09 3.003321762662380934e-04 1.133918049163185060e-04 9.463800787925720215e-01 9.697690606117248535e-01 4.443970524903306796e-08 1.256631594151258469e-02 1.080474110182194636e-08 6.015042630647116084e-12 4.773990625039914448e-08 4.759534704135148786e-07 5.211706156842410564e-04 1.231832895427942276e-02 4.533353603619616479e-07 1.216257151099853218e-04 1.851718843681737781e-04 5.079321908851852641e-06
5.802428972856432665e-07 5.514010013030201662e-07 1.477309119479741639e-08 3.713868500199168921e-04 4.822386545129120350e-04 9.949064254760742188e-01 6.452383995056152344e-01 7.050213923776027514e-08 1.506702322512865067e-02 1.013586086173745571e-07 1.871498789274284036e-11 1.885196923012699699e-07 1.208894559567852411e-06 2.630085218697786331e-04 6.907493807375431061e-03 1.014683448374853469e-06 1.161144900834187865e-04 4.585093411151319742e-04 9.654086170485243201e-06
4.945369808107002996e-11 1.641997871004718945e-09 5.939674970536221524e-15 7.697687465224589687e-08 2.285636746535146813e-08 9.619439793329132016e-12 1.035001054406166077e-01 2.207403536885976791e-03 2.336869586727630121e-11 9.999976158142089844e-01 7.352823211403958226e-12 9.330248236656188965e-01 6.638746526732575148e-06 2.770965228104937950e-11 2.159286499603396692e-10 3.197017014026641846e-01 3.940258757211267948e-04 5.643722943204920739e-06 4.825611481587555041e-13
3.907480450315858889e-10 3.824340399916081878e-09 2.713694882954670318e-13 1.425066642468664213e-07 7.305064286811102647e-07 8.829810771437962558e-10 5.469514727592468262e-01 4.364751745015382767e-03 5.320296203592533857e-09 9.999363422393798828e-01 3.482697741308271588e-10 9.420688748359680176e-01 3.427999763516709208e-05 1.256182796671723167e-10 2.828278722333266160e-09 3.846156895160675049e-01 1.741185900755226612e-03 1.720607178867794573e-05 1.474433630743732238e-10
4.715984547321028231e-13 1.392268256239503899e-08 7.941715861325970849e-13 7.509108712611123337e-08 1.049522468932195807e-09 3.614477966061568903e-13 9.962630867958068848e-01 1.819451749324798584e-01 2.644297891762903419e-09 9.956647753715515137e-01 1.104815822161597794e-10 5.935624241828918457e-01 4.088221976417116821e-05 1.254173032094740847e-08 1.185517195523289047e-08 3.080968260765075684e-01 1.713612675666809082e-01 5.298144969856366515e-06 3.723029384783416162e-10
9.999991655349731445e-01 2.695782668888568878e-02 3.248922181633973061e-12 3.246728965677903034e-06 8.322572708129882812e-01 1.369012596428437201e-13 1.556457392871379852e-02 1.754559320943371858e-06 9.770471542935865727e-09 1.357831536097364733e-08 4.620502647156854437e-09 9.021574258804321289e-01 3.716300125233829021e-04 2.231559381726810898e-10 5.010737748930692986e-16 1.949935976881533861e-04 2.072484903692384250e-07 2.592513426158404855e-10 1.717277542390149847e-09
2.776375929158803046e-08 7.600973731314297765e-06 2.894998090141598368e-07 2.763568591035436839e-05 9.732918897498166189e-07 2.988347347354647354e-08 9.999349117279052734e-01 9.398768655955791473e-03 3.500614464282989502e-01 1.027375787998607848e-06 2.313786972081288695e-04 3.575233859010040760e-05 1.219676196342334151e-04 1.519127981737256050e-03 2.127548214048147202e-03 2.865162678062915802e-04 9.838454723358154297e-01 5.190288648009300232e-03 1.817555353045463562e-02
1.000000000000000000e+00 2.223916817456483841e-03 7.161492838956678422e-17 3.320281848573358729e-06 9.972194433212280273e-01 3.489949709110294956e-19 3.145589027553796768e-03 3.091672751143192954e-10 1.374384655562777002e-12 1.361400819551231156e-14 2.298020281010781929e-12 9.155227541923522949e-01 7.359347620194967021e-08 2.977558249874640017e-13 4.875104858458125398e-21 5.558923930948367342e-06 1.101099100786484541e-09 6.175176811410755529e-15 6.521120991288820168e-14
1.594611442889970476e-09 8.397012152272509411e-08 2.147455607434678448e-12 9.972817451853188686e-07 8.360295760212466121e-05 2.900720573961734772e-04 9.999809265136718750e-01 5.749650533459771395e-09 4.565654098987579346e-01 4.795507546617727712e-09 2.002385146582241759e-09 5.125159077579155564e-05 1.174444577145550284e-07 4.616079422703478485e-06 8.455505303572863340e-05 6.152696732897311449e-05 2.303309338458348066e-05 1.159762759925797582e-04 4.117987991776317358e-04
1.554936908398918405e-11 6.753482217902728735e-09 4.127674493436400693e-13 2.446415123813494574e-07 5.300932025420479476e-05 8.431710085687882383e-08 9.999994039535522461e-01 5.956952264796200325e-08 1.237106043845415115e-02 5.636864131020047353e-08 1.616500822088084988e-09 1.106220297515392303e-03 1.466168032493442297e-05 1.688107857944487478e-07 1.231555506819859147e-05 2.980481367558240891e-03 4.036300815641880035e-04 2.623104137455811724e-06 1.119447824748931453e-05
3.254808689234778285e-08 2.730284620611200808e-07 1.735157989513069765e-10 9.812988537305500358e-07 1.236865529790520668e-03 1.784277497790753841e-03 9.997370839118957520e-01 1.088884431510450668e-07 2.503809630870819092e-01 3.363847554282983765e-06 1.662171733585182665e-08 3.254229202866554260e-03 1.659726331126876175e-05 4.804674631486705039e-07 4.081595398019999266e-05 1.789552625268697739e-03 5.952711217105388641e-05 1.023730437736958265e-04 8.558325353078544140e-04
3.760576572364726644e-10 8.999696632372433669e-08 4.253441154844495031e-09 5.180774331092834473e-01 4.332892711289559884e-09 3.661540862176515532e-11 9.966391324996948242e-01 1.646496355533599854e-03 2.083604613289935514e-07 8.117453944578301162e-07 4.786563506664620604e-12 4.406207398943706721e-09 3.366973032825626433e-05 2.932699164375662804e-03 1.414102036505937576e-03 5.707668606191873550e-06 9.955945611000061035e-01 1.133238583861384541e-05 8.292597719616878749e-09
6.576602457064595342e-11 1.450123221502508386e-08 1.223510515124814901e-09 9.789594262838363647e-02 2.039916680018905026e-09 1.468908501778276587e-11 9.990166425704956055e-01 8.496065856888890266e-04 1.306020891433945508e-07 3.280966041074862005e-07 2.159993104516866325e-12 7.398371693057015364e-09 1.973442704183980823e-05 6.412158836610615253e-04 1.073368126526474953e-03 5.305926606524735689e-06 9.976266026496887207e-01 7.617692972416989505e-06 1.037004793147389137e-08
2.746740057624208475e-10 3.671659243309477461e-08 1.724492104671071502e-09 8.348277211189270020e-01 1.908915026049839980e-09 1.538337686401991533e-11 9.919407963752746582e-01 1.277301576919853687e-03 5.494116805948578985e-08 4.556030148705758620e-07 4.849796237348102945e-13 7.994144790579582605e-10 2.064128966594580561e-05 2.611888339743018150e-03 1.462066662497818470e-03 1.836191472648351919e-06 9.975199103355407715e-01 6.673602456430671737e-06 1.299613527905307819e-09
9.956378340721130371e-01 8.363998532295227051e-01 3.747306038803799311e-07 5.874219816178083420e-03 1.275143027305603027e-02 2.116545942953962367e-07 2.442185729742050171e-01 8.765533566474914551e-02 3.237341716885566711e-02 9.067916835192590952e-06 1.480904668569564819e-01 4.684298858046531677e-02 8.140921592712402344e-03 6.779609830118715763e-04 1.769214605928937090e-07 7.659781258553266525e-04 1.064511109143495560e-02 1.496543063694844022e-05 6.625733221881091595e-04
9.740586876869201660e-01 2.047833241522312164e-02 1.305226874137588311e-06 6.075880676507949829e-02 8.929353356361389160e-01 1.956027062988141552e-06 6.156743168830871582e-01 1.106363924918696284e-04 3.702351124957203865e-03 3.542344074958236888e-06 1.646368531510233879e-03 5.913346409797668457e-01 2.238654269604012370e-04 5.795332981506362557e-05 1.270455049962038174e-05 3.127416968345642090e-02 1.780986040830612183e-02 3.173078584950417280e-05 2.048482419922947884e-04
9.924638271331787109e-01 4.270964115858078003e-02 2.447955838036364185e-09 1.206224078487139195e-05 4.106180369853973389e-02 4.259231900505255908e-08 9.051520824432373047e-01 4.983740382158430293e-06 4.444907903671264648e-01 3.488349307190219406e-07 1.685256138443946838e-03 4.050704836845397949e-01 2.480821058270521462e-05 1.238922493485006271e-07 1.934710347484269732e-08 1.468133850721642375e-04 9.381491690874099731e-04 3.443739444719540188e-07 1.358823925256729126e-01
2.746924909757808564e-09 5.815652912133373320e-06 5.822844784120206896e-08 9.926816821098327637e-01 1.700268548177064076e-08 5.974679952169825725e-12 9.959570765495300293e-01 1.428512972779572010e-03 9.486530871072318405e-06 2.573582236209404073e-08 2.377582797308264162e-09 8.247214022816251600e-10 1.993013938772492111e-05 1.728586480021476746e-02 3.287681902293115854e-04 4.272341357136610895e-06 9.690803885459899902e-01 1.030661337608762551e-06 8.916946825365812401e-08
2.627133578062057495e-02 4.602069500833749771e-03 8.133043820635066368e-07 9.976584911346435547e-01 2.985735535621643066e-01 1.343668409390375018e-04 6.279190778732299805e-01 6.045053596608340740e-04 5.308950319886207581e-02 3.011059889104217291e-04 2.190673490986227989e-03 1.131800562143325806e-02 8.469060994684696198e-04 2.040071878582239151e-03 3.241010243073105812e-03 5.804483592510223389e-02 5.747195333242416382e-02 4.900168642052449286e-05 3.520940372254699469e-04
9.521455504000186920e-03 1.486710156314074993e-03 4.950520178681472316e-06 9.424525499343872070e-01 4.009011983871459961e-01 1.036937464959919453e-03 8.749136924743652344e-01 1.151873497292399406e-03 4.454509168863296509e-02 9.720307425595819950e-04 5.272031994536519051e-04 7.864681631326675415e-02 2.860635984688997269e-03 1.765065360814332962e-03 2.318567968904972076e-02 1.323239207267761230e-01 1.037759855389595032e-01 2.577772364020347595e-03 7.519091013818979263e-04
1.118127400563662110e-13 2.727737591357026758e-09 8.004914683586508706e-14 1.536144302038966458e-11 2.171726340427504454e-11 9.334119414894370692e-12 1.000000000000000000e+00 1.935895177496149699e-08 9.787207841873168945e-01 2.777862846432138655e-13 1.326346943386624844e-08 5.164445227023861662e-08 1.317086023577829224e-10 1.587625320098595694e-07 2.776511792035307735e-06 7.064923313038207198e-09 4.250714555382728577e-02 1.093115060939453542e-04 2.701047658920288086e-01
8.965562667273552222e-13 7.983719569892855361e-07 1.106853798611522055e-13 2.436808472339180298e-06 6.111989581114585235e-09 1.147394679268387563e-10 1.000000000000000000e+00 9.149337529379408807e-06 3.909302875399589539e-02 1.914672032032882498e-10 3.469282106038917846e-08 7.378491062581815640e-08 8.151089332386618480e-07 1.443773857317864895e-03 2.179906296078115702e-04 8.293633072753436863e-06 4.556024447083473206e-02 3.195189265170483850e-06 2.822758688125759363e-05
1.765998035807569977e-06 8.373840898275375366e-02 3.990848540524893906e-09 3.650278318673372269e-03 2.931898052338510752e-06 1.823965139919891953e-04 9.993063211441040039e-01 2.220463939011096954e-04 4.724970459938049316e-02 1.402926130822379491e-07 6.080647835915442556e-06 8.083686111604038160e-07 3.097548642472247593e-06 5.567769408226013184e-01 1.233434013556689024e-04 1.354806408926378936e-05 3.899899893440306187e-04 2.740630043263081461e-05 5.867893560207448900e-05
3.701564297080039978e-02 5.704788491129875183e-04 1.209111451316857710e-05 9.705509543418884277e-01 1.804545463528484106e-04 5.136807914823293686e-03 2.648092806339263916e-03 5.390063859522342682e-03 2.751496595010394230e-07 9.994094371795654297e-01 4.345918682702176739e-07 1.664118468761444092e-02 2.395046316087245941e-02 3.577825918910093606e-05 4.300520755350589752e-03 5.777422920800745487e-04 9.441493893973529339e-04 1.972711179405450821e-03 2.843284185871652880e-08
2.092206852211120349e-09 3.256578295918188815e-08 3.419921680916648832e-12 6.990949623286724091e-04 4.435600203578360379e-05 2.445111420001921942e-07 9.999254941940307617e-01 6.436649528041016310e-06 8.571519174438435584e-06 1.220072881551459432e-04 4.104816486716345025e-11 7.529354770667850971e-04 1.584038982400670648e-04 7.269981097124400549e-07 4.953282041242346168e-05 1.360064954496920109e-03 9.189873002469539642e-03 2.375067424509325065e-06 8.381698535231407732e-08
