8.664105553179979324e-05 1.957350548309477745e-07 3.088110034354940581e-08 9.640837907791137695e-01 1.762706597219221294e-05 4.036135214846581221e-05 9.089557528495788574e-01 6.961650797165930271e-05 3.048040071007562801e-06 3.894675444371387130e-07 6.126581447024603833e-12 3.213406074564773007e-08 2.388220491411630064e-05 8.037128718569874763e-04 7.802591919898986816e-01 6.586693501731133438e-08 7.069175839424133301e-01 7.300464858417399228e-06 5.756826571001738557e-09
1.681617845861183014e-06 5.113072347739944234e-07 2.788029718203688390e-08 1.266939043998718262e-01 9.982541996578220278e-06 8.822069503366947174e-05 9.984134435653686523e-01 1.645473384996876121e-04 6.699059304082766175e-05 3.763881579743610928e-07 3.101193191135109828e-10 3.363458347394043813e-07 8.348369738087058067e-05 4.500577226281166077e-03 5.482884645462036133e-01 1.151133005805604625e-06 7.896443009376525879e-01 4.999551674700342119e-05 1.970947323570726439e-06
3.327306694700382650e-05 1.509715093561680987e-05 6.507729995064437389e-05 9.991907477378845215e-01 2.205705868618679233e-06 1.573747256770730019e-03 1.048716064542531967e-02 1.051963679492473602e-02 4.545102854081051191e-07 1.065689837560057640e-03 6.672668667606629356e-11 3.596845266073955827e-09 5.079606198705732822e-04 3.711560368537902832e-02 6.893849968910217285e-01 6.654572644038125873e-07 1.472814083099365234e-01 1.937620192766189575e-01 1.818788120111491935e-09
1.770236849552020431e-05 2.940304792177494964e-13 7.217422969983031503e-22 8.729421097086742520e-06 9.885806441307067871e-01 7.501967047573998570e-06 9.929124712944030762e-01 8.468249113302432526e-19 2.935863733291625977e-01 5.113587708111509700e-14 5.395626979064205297e-15 3.275308758020401001e-02 3.869176300966975512e-13 3.442092817015424610e-16 1.457622772482736195e-10 1.391234309267019853e-05 5.494240173931075333e-09 1.128364601754583418e-08 5.964967897398310015e-08
9.996138215065002441e-01 6.344952620565891266e-03 1.994669762694911697e-09 1.651106053031980991e-03 9.419390559196472168e-01 7.574162408374718325e-10 1.244691610336303711e-01 8.802543561614584178e-06 5.377266347750264686e-07 2.405579152764403261e-06 1.499761168588520377e-07 8.922727108001708984e-01 3.021415031980723143e-04 4.613759330140965176e-08 1.060794091456429555e-10 8.687739260494709015e-03 4.907127004116773605e-05 2.723780596625147155e-07 4.025013211617078923e-08
1.847587869700314997e-21 3.242317401388054279e-23 9.932580937707198653e-26 9.999997615814208984e-01 6.838834828290363938e-18 5.187446076715517893e-20 9.999572038650512695e-01 4.055699786426059106e-12 5.018305219036440486e-19 2.960845357030279508e-17 1.142210485489890161e-37 7.617499647191002485e-24 3.714250315731831842e-13 9.374679504903227212e-11 3.251887756050564349e-05 2.280199665913928803e-18 9.983032941818237305e-01 4.378985636759361554e-17 1.756899547260123466e-27
9.770972132682800293e-01 1.504643727093935013e-02 6.339811921968196984e-12 1.441310305381193757e-04 7.422333583235740662e-04 1.120601320070413465e-10 2.003641129704192281e-04 8.466858998872339725e-04 3.971217799048076813e-10 6.081451177597045898e-01 7.353662567766150460e-09 7.977406382560729980e-01 5.194349288940429688e-01 6.600205937346004248e-10 2.683077013603679672e-13 4.065273329615592957e-03 1.272431546794905444e-07 2.560616303526330739e-05 5.643402190003143915e-09
1.130304099206114188e-06 7.219483257742131954e-12 9.922461193751182400e-20 9.827489932945354667e-10 7.290626168251037598e-01 1.062441151589155197e-04 9.969352483749389648e-01 7.052911817797047670e-17 7.986793518066406250e-01 1.325814458219554126e-10 3.699903610484417404e-13 5.556184053421020508e-01 2.612003148494412841e-11 4.794027545749232448e-16 8.023770883824887790e-12 4.747561251861043274e-05 2.087519268556548013e-09 2.498253515170745231e-08 1.028912083711475134e-05
4.444361031055450439e-01 1.722208331500496570e-08 6.311225946379540766e-17 1.379641048515622970e-06 9.946573376655578613e-01 1.625348328149200938e-10 9.938363432884216309e-01 3.520109347781609499e-14 2.705875970423221588e-02 5.952828507904683875e-12 3.442057194824599264e-10 9.553390741348266602e-01 1.908080776713561022e-10 5.999419168921382717e-14 8.858969981206943345e-12 1.654907711781561375e-03 5.175347155272902455e-07 1.955492656691149023e-09 2.589588575574452989e-06
4.911161959171295166e-04 5.932426489322882704e-23 0.000000000000000000e+00 1.229665651917457581e-01 9.999992847442626953e-01 4.258236653718418306e-25 9.911928772926330566e-01 4.137333487888615582e-30 1.022668786405857982e-14 5.256217682380599658e-24 8.802845551782489203e-31 9.881542921066284180e-01 2.590708322473656534e-22 9.653809422229759576e-31 6.301321956193491378e-22 1.154283891082741320e-04 7.523164868850074072e-10 3.641955882291854387e-18 4.046745510218993857e-26
3.699204000895406352e-07 2.804947162064869127e-20 3.971474520494301363e-33 1.465797927480139151e-09 9.999895095825195312e-01 1.831470287776461931e-20 9.997755885124206543e-01 6.838262943621300176e-25 8.064596102030918701e-09 6.226046195621280188e-18 7.474154154381481988e-24 9.999386072158813477e-01 1.357317689288057921e-17 2.917196457113624210e-27 4.908015504335221834e-23 2.231902629137039185e-02 1.177459657553114880e-10 1.568350890780376150e-13 2.892454767087915850e-18
1.026966783683747053e-04 1.273811743669177223e-19 2.272588989687182726e-36 9.621102213859558105e-01 9.999921321868896484e-01 7.077056227260735484e-18 9.829257726669311523e-01 3.401168015070559237e-27 7.293127168850332964e-08 2.790569930991323551e-21 1.354365469231737814e-23 3.644305467605590820e-01 2.526761313743170853e-20 4.866751630054262735e-25 2.099433694624092399e-17 4.735671391244977713e-04 2.807671650728593704e-09 6.765670583996040433e-15 4.896972815823513849e-19
5.513087902864199918e-11 9.208929058131831936e-21 7.655069246409766325e-26 1.000000000000000000e+00 7.718299457337707281e-06 3.298739841284259455e-07 3.633776446804404259e-03 3.918983549801477418e-17 7.471631278087309536e-13 2.637514908082963516e-15 5.920369583734773763e-33 8.345847393032143277e-17 2.972279608309986998e-14 4.424202306891715237e-17 4.544722287391778082e-06 8.965267764282636165e-14 1.072790200851159170e-05 3.689067242704485283e-16 6.200760681677430753e-24
1.878502964973449707e-01 3.013149201869964600e-01 6.556011736392974854e-02 7.548123598098754883e-01 6.840404123067855835e-02 4.892172291874885559e-02 2.831041812896728516e-01 4.473478198051452637e-01 1.972013711929321289e-02 1.585210114717483521e-01 1.631647720932960510e-02 3.728927671909332275e-02 1.964952200651168823e-01 5.565258264541625977e-01 2.664048671722412109e-01 9.913618117570877075e-02 2.448230683803558350e-01 4.318721294403076172e-01 9.459481574594974518e-03
2.397638745605945587e-02 3.127720206975936890e-02 2.624603174626827240e-02 5.611503124237060547e-01 8.830048143863677979e-03 1.311181932687759399e-01 2.604063451290130615e-01 2.153364568948745728e-01 1.266558747738599777e-02 9.000106155872344971e-02 6.839633570052683353e-04 4.890823736786842346e-03 7.220101356506347656e-02 2.491974979639053345e-01 6.546905636787414551e-01 1.111181173473596573e-02 2.991550862789154053e-01 4.087082743644714355e-01 1.787980087101459503e-03
1.717497788433774986e-08 7.657734890642586834e-09 3.648558018209957510e-12 1.005383364827139303e-05 4.748821083921939135e-06 3.820179728108996642e-08 1.308003216981887817e-01 1.649787882342934608e-03 2.247471986294158341e-09 9.999688863754272461e-01 2.071739307885067660e-10 8.793165683746337891e-01 6.145724910311400890e-05 6.221690940222401878e-10 1.757367726895608939e-07 1.996365040540695190e-01 1.365865464322268963e-03 1.624340948183089495e-04 8.666623668718287377e-11
9.389636090872954810e-08 2.852522440477400778e-09 9.907697797221452080e-15 1.958467237272998318e-07 4.149008816511923214e-07 2.809648513846241258e-09 4.490428837016224861e-04 1.376214204356074333e-04 5.927449503451143187e-12 1.000000000000000000e+00 1.404283547085105610e-11 8.463721871376037598e-01 2.144208519894164056e-05 5.109066923865424048e-13 5.772378755541929252e-11 7.121606171131134033e-02 2.141659479093505070e-06 5.221908395469654351e-06 1.439386262090669444e-13
1.109078511944971979e-04 1.258248958038166165e-04 2.367936940572690219e-05 9.651880711317062378e-02 9.773887693881988525e-02 3.625498720793984830e-05 9.889168739318847656e-01 2.062490209937095642e-03 4.990526475012302399e-03 1.059153117239475250e-03 3.350573024363256991e-05 1.829937994480133057e-01 7.424744311720132828e-03 7.550335722044110298e-04 3.670548088848590851e-03 2.140155434608459473e-01 1.574925482273101807e-01 6.191771943122148514e-03 2.800584479700773954e-04
1.865635439753532410e-02 1.780698890797793865e-03 3.303395351395010948e-03 9.534379243850708008e-01 7.222582935355603695e-04 4.999763518571853638e-02 4.424893483519554138e-02 4.266473278403282166e-02 7.502272637793794274e-05 8.281801939010620117e-01 4.869602889812085778e-06 1.565256854519248009e-03 2.975219115614891052e-02 1.765665784478187561e-02 4.899437427520751953e-01 7.583534461446106434e-04 3.940253332257270813e-02 6.374119222164154053e-02 3.333235781610710546e-06
1.231551286764442921e-04 9.410217899130657315e-05 9.699250222183763981e-05 1.787900775671005249e-01 3.760024992516264319e-05 1.711169034242630005e-01 6.002204418182373047e-01 6.195819936692714691e-03 3.208285197615623474e-03 1.755181438056752086e-04 1.561764264579323935e-07 1.967777052414021455e-06 1.046644523739814758e-03 9.013846516609191895e-02 9.027615785598754883e-01 7.539550097135361284e-06 2.546558678150177002e-01 6.146125961095094681e-03 5.396459528128616512e-05
1.755459816195070744e-03 1.065650675445795059e-02 1.802159938961267471e-03 1.756900548934936523e-02 5.452764686197042465e-03 3.930525272153317928e-04 8.265451192855834961e-01 5.042227506637573242e-01 6.047877483069896698e-03 6.260421276092529297e-01 3.424962051212787628e-03 3.988121449947357178e-01 7.729990780353546143e-02 1.285160612314939499e-02 1.539111696183681488e-02 3.343267142772674561e-01 5.139077305793762207e-01 5.454339459538459778e-02 3.888491541147232056e-03
1.812055008485913277e-03 1.537812314927577972e-02 3.913875203579664230e-03 1.525768917053937912e-02 3.750608768314123154e-03 3.925994096789509058e-04 9.400064349174499512e-01 2.845513224601745605e-01 1.341122090816497803e-01 1.492076553404331207e-02 2.182737551629543304e-02 3.042168170213699341e-02 4.488376155495643616e-02 6.031995266675949097e-02 5.976776778697967529e-02 8.091853559017181396e-02 8.422713875770568848e-01 1.337397694587707520e-01 6.685139983892440796e-02
1.279627978801727295e-01 7.522994279861450195e-02 4.990085214376449585e-02 1.965878754854202271e-01 7.190392911434173584e-02 1.959386467933654785e-02 3.831040859222412109e-01 3.066407144069671631e-01 1.648443378508090973e-02 6.748981475830078125e-01 1.216302346438169479e-02 3.719587922096252441e-01 2.285554409027099609e-01 3.067561611533164978e-02 4.317146539688110352e-02 2.294745594263076782e-01 1.527912914752960205e-01 1.331791728734970093e-01 1.083510182797908783e-02
2.065171599388122559e-01 1.339414715766906738e-01 1.374656260013580322e-01 5.478397011756896973e-01 8.492590487003326416e-02 1.333094537258148193e-01 3.907222449779510498e-01 3.016583919525146484e-01 5.257918685674667358e-02 2.487673461437225342e-01 1.673344150185585022e-02 1.008210778236389160e-01 2.267907708883285522e-01 1.625512391328811646e-01 3.824269175529479980e-01 9.643871337175369263e-02 2.502200901508331299e-01 2.230765968561172485e-01 1.976174861192703247e-02
1.032849773764610291e-03 2.252418315038084984e-03 7.108742483552532576e-10 1.876332759857177734e-01 1.648066927373292856e-08 5.140755661159346346e-07 1.333164073002990335e-05 5.149228498339653015e-02 7.519972491931703473e-12 9.999862909317016602e-01 5.910278488840958744e-08 1.432372815907001495e-02 7.255214732140302658e-03 7.390259997919201851e-05 1.693842364147712942e-07 1.916197245009243488e-03 2.261338158859871328e-05 7.713549770414829254e-03 4.179976503815296951e-11
1.092799240723252296e-03 3.013612877111881971e-04 1.852097057053470053e-06 8.574991226196289062e-01 1.059799827635288239e-02 5.017687362851575017e-05 4.539928138256072998e-01 4.905212204903364182e-03 4.519268986769020557e-05 6.166584491729736328e-01 1.042442590915015899e-06 1.154658421874046326e-01 1.286511123180389404e-02 1.463242224417626858e-04 1.595601555891335011e-03 5.068962275981903076e-02 5.383734032511711121e-02 9.151397971436381340e-04 1.496484060226066504e-06
4.436409566551446915e-03 6.853956263512372971e-03 2.880083338823169470e-04 9.998961687088012695e-01 3.068837395403534174e-04 2.555352984927594662e-04 2.534749452024698257e-03 8.772598952054977417e-02 4.866134872827387881e-07 8.746977546252310276e-04 4.189049462866023532e-08 1.084498606473971449e-07 4.219336900860071182e-03 8.632382750511169434e-01 6.159099563956260681e-02 1.632318453630432487e-04 1.409095432609319687e-02 6.137754917144775391e-01 6.104851024701929418e-08
8.484428690280765295e-05 8.634943515062332153e-04 6.105472039052983746e-06 2.406087890267372131e-02 8.221308817155659199e-04 1.740163315844256431e-05 6.594178080558776855e-01 1.118381842970848083e-01 1.184685097541660070e-04 8.997293710708618164e-01 2.405684244877193123e-05 3.153217732906341553e-01 2.106551080942153931e-02 5.542556173168122768e-04 8.717476157471537590e-04 2.034381181001663208e-01 1.205677613615989685e-01 7.592233363538980484e-03 2.751999272732064128e-05
1.742443768307566643e-03 1.225022856488067191e-06 3.413541584812440632e-12 9.999079704284667969e-01 1.321909515183961048e-08 2.022728722295141779e-06 2.862664985059382161e-07 2.127063999068923295e-05 1.442963824328010597e-15 9.999998807907104492e-01 5.818186644274137009e-14 2.790411526802927256e-04 1.034820103086531162e-03 2.622609240887641135e-09 5.462362082653271500e-07 4.660209071971621597e-07 3.654545537301601144e-07 2.245400992251234129e-06 8.479733523490996252e-17
2.403337528988913618e-10 1.149081469975499203e-07 5.499227184735389073e-10 9.133340768130437937e-07 5.964979266082082177e-08 1.086774246983335246e-11 9.992756247520446777e-01 2.654207646846771240e-01 2.908716396632371470e-07 3.534125685691833496e-01 2.353988648451377230e-08 1.657605469226837158e-01 4.985646228305995464e-04 2.217123665104736574e-06 3.137979092571185902e-06 1.543856561183929443e-01 9.152233600616455078e-01 3.459846993791870773e-05 3.363740290751593420e-07
1.732067267390391407e-09 1.140314296321776055e-07 1.047774311757621035e-09 6.541000604629516602e-01 8.722302879959897837e-09 9.499475650542876792e-10 2.681934274733066559e-02 6.299413740634918213e-03 2.321041492336917145e-08 1.778815658326493576e-06 2.786055620148525369e-13 1.284902140241683810e-08 9.366252015752252191e-06 1.307716593146324158e-02 5.598336458206176758e-03 1.295175707127782516e-06 9.997448325157165527e-01 9.669209718704223633e-01 6.243088268576002520e-10
5.249762907624244690e-02 2.838376909494400024e-03 4.355057899374514818e-05 8.843302130699157715e-01 6.238135974854230881e-04 7.332452572882175446e-03 5.709287244826555252e-03 1.608557626605033875e-02 2.799483809212688357e-06 9.985538125038146973e-01 9.253558346244972199e-06 5.097036808729171753e-02 4.311447963118553162e-02 1.353042462142184377e-04 4.482822958379983902e-03 3.119147149845957756e-03 2.209001453593373299e-03 5.150435492396354675e-03 6.236322178665432148e-07
5.438522621989250183e-02 8.779611438512802124e-02 2.458007819950580597e-02 5.960540771484375000e-01 1.987921260297298431e-02 6.572183966636657715e-02 3.535781502723693848e-01 3.034338355064392090e-01 1.881222054362297058e-02 9.927935898303985596e-02 3.281190525740385056e-03 1.187092810869216919e-02 1.162955239415168762e-01 3.575983047485351562e-01 4.369865953922271729e-01 3.002439998090267181e-02 2.894905507564544678e-01 5.019436478614807129e-01 4.329147748649120331e-03
7.658075541257858276e-02 1.997740119695663452e-01 1.782093942165374756e-02 9.564533829689025879e-01 2.367713861167430878e-02 8.699787780642509460e-03 1.048136502504348755e-01 3.456740677356719971e-01 1.725049456581473351e-03 3.630926460027694702e-02 1.404337352141737938e-03 1.736040809191763401e-03 6.798067688941955566e-02 7.465331554412841797e-01 1.151523813605308533e-01 2.852477319538593292e-02 1.191411763429641724e-01 2.955138981342315674e-01 7.272224174812436104e-04
7.623510807752609253e-02 1.645223796367645264e-01 1.511623151600360870e-02 9.738073348999023438e-01 2.027500793337821960e-02 7.930847816169261932e-03 7.527732849121093750e-02 3.072952032089233398e-01 9.421732975170016289e-04 2.863815240561962128e-02 6.601272034458816051e-04 8.908644085749983788e-04 5.972970649600028992e-02 7.664971947669982910e-01 1.187944188714027405e-01 2.086745202541351318e-02 9.670779109001159668e-02 3.496401906013488770e-01 3.672323073260486126e-04
1.448946022719610482e-06 1.156379245831340441e-12 1.081352984610430868e-22 1.000000000000000000e+00 6.151258391540181947e-10 2.973761644917138902e-13 8.454872219010312051e-11 2.439456449343513356e-11 9.906400862934209206e-25 9.996439218521118164e-01 5.429366837657074616e-29 1.509884578476672345e-11 9.317968618915983825e-08 9.449980945333558147e-13 2.829108058932661152e-10 1.363476605925617591e-11 2.288201628175556834e-08 8.019337791205765481e-15 7.390377182207312481e-31
5.339187383651733398e-01 9.405625314684584737e-05 7.098414217532322823e-11 9.994372725486755371e-01 3.038321381154673873e-07 1.886526206362759694e-07 2.281764892586579663e-07 9.596477320883423090e-05 7.732417238784632801e-15 9.999773502349853516e-01 1.727086572714253698e-12 1.232839887961745262e-03 5.509791523218154907e-02 2.056681580597796710e-08 3.450145058536691067e-08 1.968302512977970764e-06 1.425625413276065956e-07 4.286266266717575490e-05 2.352419881069753305e-14
5.841245409101247787e-03 1.635526277823373675e-04 4.390010488464213267e-08 6.148911081254482269e-03 1.231141050084261224e-05 6.390648923115804791e-05 3.053323016501963139e-04 7.725822739303112030e-03 1.416171713231051399e-08 9.999796152114868164e-01 9.277709409616363700e-07 1.698934286832809448e-01 1.118005439639091492e-02 2.443505309202009812e-07 3.102748905803309754e-06 8.267987519502639771e-03 7.713572995271533728e-05 9.991965489462018013e-04 1.486693701480135132e-08
8.343116194009780884e-02 5.889249965548515320e-02 4.410607740283012390e-02 1.704676300287246704e-01 6.407721340656280518e-02 1.279324106872081757e-02 4.367865622043609619e-01 3.100876510143280029e-01 1.452640816569328308e-02 6.498019099235534668e-01 9.932943619787693024e-03 3.836230933666229248e-01 1.988510936498641968e-01 2.848354727029800415e-02 4.229888692498207092e-02 2.593118250370025635e-01 1.809444576501846313e-01 1.228607669472694397e-01 9.128060191869735718e-03
7.210145145654678345e-02 2.004655078053474426e-02 8.683469146490097046e-03 2.628905177116394043e-01 4.255786538124084473e-01 2.232917211949825287e-02 6.667347550392150879e-01 1.034230738878250122e-01 4.308944940567016602e-02 2.100295275449752808e-01 1.264993846416473389e-02 6.224901080131530762e-01 9.432646632194519043e-02 2.037058398127555847e-02 4.619563370943069458e-02 4.249503016471862793e-01 2.849645912647247314e-01 3.309058547019958496e-01 1.715124957263469696e-02
1.644275337457656860e-02 6.742878326804202516e-07 2.180047236347492853e-15 1.000000000000000000e+00 1.611494692042469978e-03 4.139724651963661017e-08 2.515779669920448214e-06 1.594003373739383278e-09 6.526973628240284597e-09 3.216763244662246279e-10 1.104967439297327783e-14 1.396923809265926408e-11 1.070390851509728236e-07 2.238578190372209065e-06 2.164459544928831747e-08 2.873578353046468692e-07 6.433314183595939539e-07 1.496708681471281555e-12 7.629523640466373546e-13
1.114756055176258087e-02 7.792387008666992188e-01 9.501902968622744083e-04 5.992961525917053223e-01 1.565561833558604121e-04 1.088943172362633049e-04 6.742184609174728394e-02 5.338032841682434082e-01 5.671072358381934464e-05 1.022831536829471588e-03 8.316880121128633618e-05 3.343771095387637615e-05 1.149989664554595947e-02 9.879553318023681641e-01 3.501406405121088028e-03 3.979810047894716263e-03 2.108089439570903778e-02 3.588779643177986145e-02 6.414870313165010884e-06
1.386960652788279988e-21 1.641534130847333017e-13 3.972869426002144746e-25 4.867310057018816335e-17 1.408010128845296749e-13 4.091359717651402855e-17 1.000000000000000000e+00 6.658343068011163268e-07 4.740060566277293219e-10 8.078126120381057262e-04 2.073820410915857421e-16 1.380369067192077637e-03 4.392446498968638480e-05 7.561273861214986994e-17 2.482152760172290189e-15 8.041973225772380829e-03 2.196827517764177173e-05 8.379388627193992689e-14 7.643117042044345055e-12
1.578916908329119906e-08 1.786873427001012260e-11 6.439650699562073631e-19 2.604797044725160049e-09 2.877315282821655273e-01 2.275733095302712172e-06 9.125266075134277344e-01 1.814611932937637562e-10 5.149052526576269884e-07 1.356021761894226074e-01 2.222261410262868497e-14 9.968302845954895020e-01 9.957811926142312586e-06 1.254778064450269462e-16 8.487659089017468572e-14 2.891082167625427246e-01 4.414343734993053658e-08 1.379819369873303003e-08 1.160499057961672520e-10
2.194286789745092392e-04 4.844752252101898193e-01 3.164178679071483202e-07 2.027030423050746322e-04 1.746873604133725166e-04 9.991973042488098145e-01 7.426425814628601074e-02 8.021969551919028163e-05 5.399509333074092865e-03 1.079629782907431945e-05 3.852206305055005942e-07 4.473998160392511636e-06 1.822171907406300306e-05 1.996571570634841919e-01 2.977666554215829819e-05 1.064369735104264691e-05 4.606386937666684389e-06 5.634373155771754682e-05 2.868853334803134203e-05
1.438242048025131226e-01 1.556963771581649780e-01 1.034908369183540344e-01 4.167884588241577148e-01 5.106675624847412109e-02 1.038714647293090820e-01 4.113742113113403320e-01 3.764731884002685547e-01 5.263344570994377136e-02 1.994656324386596680e-01 1.843654736876487732e-02 7.941410690546035767e-02 2.059806287288665771e-01 3.038312494754791260e-01 4.374722838401794434e-01 8.545051515102386475e-02 3.088210225105285645e-01 3.625172376632690430e-01 2.058925665915012360e-02
1.318303169682621956e-03 4.555363208055496216e-03 4.853190912399441004e-04 6.230587959289550781e-01 1.425915630534291267e-03 5.516459932550787926e-04 2.326347529888153076e-01 1.849084049463272095e-01 1.327485544607043266e-03 9.905146434903144836e-03 3.458860373939387500e-05 1.778649748302996159e-03 1.812030747532844543e-02 1.637563705444335938e-01 1.663619428873062134e-01 6.164199672639369965e-03 9.051981568336486816e-01 7.290431261062622070e-01 2.838635991793125868e-04
8.835321068763732910e-01 4.724466502666473389e-01 9.728867411613464355e-01 4.624555632472038269e-02 8.714952319860458374e-02 1.428006449714303017e-03 3.145797550678253174e-01 3.328181803226470947e-01 3.861977532505989075e-02 1.768027059733867645e-02 1.256084349006414413e-02 1.150257140398025513e-01 3.418940007686614990e-01 6.486675143241882324e-02 2.218095585703849792e-03 4.360717907547950745e-02 9.085816144943237305e-02 7.725399453192949295e-03 8.173032850027084351e-02
9.992895126342773438e-01 9.271184802055358887e-01 5.212357640266418457e-01 4.820318892598152161e-02 4.769477818626910448e-04 2.816780764192117203e-08 5.824765539728105068e-04 1.525901257991790771e-01 1.295521343536165659e-07 5.040131145506165922e-05 1.834707290981896222e-05 1.872897893190383911e-02 6.310225725173950195e-01 1.845046728849411011e-01 2.389194264651450794e-08 6.183093064464628696e-04 2.029441930062603205e-05 2.820574445649981499e-04 1.502973077549540903e-06
6.847547888755798340e-01 3.236295597162097692e-04 3.814794868883808476e-10 2.232993766665458679e-02 2.735646069049835205e-02 5.431278964351804461e-07 1.015377324074506760e-02 1.490817958256229758e-04 3.862048814085028425e-08 9.631028175354003906e-01 1.864987808630758082e-08 7.413141131401062012e-01 2.310105413198471069e-02 2.195698289852998641e-09 8.175626398099211656e-09 7.386043202131986618e-03 2.056183802778832614e-05 1.792914918041788042e-05 9.834939973529799317e-09
1.727243886924198325e-24 5.604852608901501674e-30 1.342670310495852340e-34 7.346832912238779930e-17 6.076956537981459405e-07 9.342835304237374471e-26 9.941866397857666016e-01 9.173965671057781462e-15 4.102175314762414015e-24 9.992075562477111816e-01 1.859654691267112167e-32 1.000000000000000000e+00 8.609148550303702407e-13 4.702275621503976243e-29 2.422032164691888324e-27 9.923483133316040039e-01 1.565992668872695504e-09 5.711916942034711564e-13 8.045355073705826591e-29
1.105601121764721029e-08 4.313370494113399900e-11 1.630466188494786306e-13 9.979358911514282227e-01 7.545847911387681961e-03 6.659744755665997218e-09 9.991039633750915527e-01 4.641312223441218521e-09 7.378508144029183313e-06 5.671768610326921589e-10 7.980583831583218379e-14 1.152875120169483125e-05 1.321002542908900068e-07 1.399713056571272318e-08 1.619098766241222620e-04 1.324943877989426255e-04 2.423620969057083130e-02 9.609920681441508350e-08 2.592859538186331747e-10
1.276009584216808435e-06 4.204027572995983064e-05 2.987521838804241270e-05 4.527419339865446091e-03 3.315865615149959922e-05 1.884125367723754607e-06 9.630278348922729492e-01 6.072272360324859619e-02 6.344985682517290115e-03 2.813701576087623835e-04 2.031120493484195322e-05 3.892348322551697493e-04 2.000789390876889229e-03 2.796911448240280151e-02 6.600775290280580521e-03 1.029410026967525482e-02 9.347865581512451172e-01 8.241686820983886719e-01 3.559346951078623533e-04
9.839734502747887745e-07 4.703220038209110498e-04 5.339133167581167072e-06 1.512572634965181351e-02 3.702405820149579085e-06 3.092977181040623691e-07 9.943861961364746094e-01 3.352861106395721436e-02 2.318950137123465538e-03 3.795568409259431064e-05 5.455456175695871934e-06 1.305330442846752703e-05 1.875744317658245564e-03 6.476121544837951660e-01 3.971679601818323135e-03 2.377671189606189728e-03 7.481281161308288574e-01 9.156545400619506836e-01 2.901000698329880834e-05
3.927123543689958751e-06 2.065022636088542640e-05 1.138164851255396570e-08 1.354550331598147750e-04 3.453149111010134220e-05 5.702504495275206864e-07 1.112679839134216309e-01 3.346613422036170959e-02 4.887850764134782366e-07 9.995474219322204590e-01 5.938001663707836997e-07 7.570204138755798340e-01 1.470709103159606457e-03 1.125216954278585035e-06 2.790799044305458665e-06 2.965903878211975098e-01 7.051010616123676300e-03 1.198423444293439388e-03 5.734177577210175514e-08
9.601454370004373299e-20 1.152040417743714636e-19 7.866574867084523390e-21 1.000000000000000000e+00 5.420715391735572381e-22 2.090020161725159874e-25 1.868641935288906097e-03 7.700197812710030121e-08 8.955229775425620647e-23 5.746527212244125892e-16 1.260258513776113396e-35 8.397179141121625869e-29 4.079041249736847785e-13 1.128319766507956956e-07 9.185699241243128199e-07 4.040773091794992071e-20 1.000000000000000000e+00 1.326648513266803775e-11 9.017621535214450341e-30
1.925610539077471373e-11 1.451059689072664582e-10 5.116385787262700546e-11 1.730893999338150024e-01 1.714612479775112774e-10 6.006054604767996352e-07 9.991346001625061035e-01 7.331219421757850796e-06 1.990263029938432737e-07 4.922088778225308658e-11 3.116856517467006841e-16 8.517450254211939020e-14 2.131204155375598930e-07 1.558613148517906666e-03 5.217131972312927246e-01 5.050840301557002476e-11 9.819290637969970703e-01 8.403411015933670569e-07 3.380533075691971590e-10
5.721185244306203899e-13 5.585913546383380890e-03 2.007115143827421619e-20 1.000000000000000000e+00 5.248238888654490109e-18 2.208166626904946404e-25 3.356809611432254314e-05 1.901968498714268208e-04 1.775894865852379652e-19 9.879720828369234573e-17 3.816045335464729995e-22 2.792648686133040494e-27 1.650442629785864312e-11 9.999971389770507812e-01 2.917249232979590712e-14 9.148773047733954611e-14 2.559073327574878931e-04 3.709557834519205954e-12 1.635478577162142079e-23
1.154378746286404810e-15 2.180994166242963958e-16 2.781850140224049125e-24 1.000000000000000000e+00 1.344754843368494920e-14 1.563201089987439402e-22 2.906880108639597893e-03 2.193143062989566516e-11 3.113695496386972199e-16 1.017025697566730796e-18 1.174057576991119249e-29 4.984319936842534050e-29 5.700442965968569031e-14 1.574093744238780346e-08 7.552191649828898790e-10 3.930764338803518894e-18 3.043706417083740234e-01 1.292621294625653012e-22 5.867014315625279422e-27
1.826952393740795570e-16 3.813956046724975395e-26 4.052785393286098308e-34 1.000000000000000000e+00 8.859949232609132252e-12 1.009862698564227557e-13 2.536702413635794073e-05 7.826044935579146532e-22 3.351904917782073977e-17 3.286380972603926695e-26 0.000000000000000000e+00 2.147646839925138581e-32 1.870765728957992255e-20 1.599938737859507138e-18 4.752275462038824116e-09 1.673350558598790711e-22 8.847299000080965925e-07 6.316809245235491867e-26 5.150146379483655367e-33
8.762182915234006941e-06 1.820683246478438377e-05 1.276066252346036173e-15 9.095388650894165039e-01 2.583989022753030440e-09 1.780926656147485687e-10 2.695690568543795962e-07 5.493888165801763535e-04 9.654497249236153772e-18 1.000000000000000000e+00 1.632467815440574732e-12 2.745777554810047150e-02 8.752218855079263449e-05 1.578371069399508997e-07 3.870873066524893602e-10 1.709613832645118237e-03 4.377677953470993089e-07 4.394571078591980040e-05 1.463155117791972791e-17
9.144447421505219609e-10 4.627656510623094979e-16 1.713863173029576157e-22 7.175885438919067383e-01 1.125792375988865501e-10 1.120461874393186008e-07 9.885807958198711276e-05 4.061137814925785960e-10 2.824759753322648033e-19 1.000000000000000000e+00 2.244971287425440060e-23 1.798396115191280842e-04 1.037713630580583413e-07 5.756940282918729313e-19 2.322493841688810789e-08 1.169541974377352744e-08 1.531191351489269437e-08 4.278606080543312373e-10 1.409736247257924810e-23
9.184276297067881416e-19 4.491786920169348052e-15 5.397029872037705305e-29 1.036040524204917546e-11 6.897411708450817969e-08 1.420692001374845859e-06 1.000000000000000000e+00 1.223279764724452930e-20 1.589624285697937012e-01 1.114591495720995557e-19 1.596870072270345866e-20 1.234247287706935481e-10 5.396280478217901791e-17 3.896119971785738656e-12 5.543098757776476759e-10 4.600213265870678470e-10 3.423648083783481511e-12 1.420691203568580363e-10 1.707147090357352681e-09
5.338075748979485488e-16 5.561723651070771268e-11 6.307032916688991156e-26 2.059754589112117173e-09 3.632054301760945236e-08 8.163072197930887341e-05 9.999998807907104492e-01 1.269137423575822490e-17 5.018863826990127563e-02 9.703530861587072147e-18 5.035624106316616364e-18 1.454225889013782691e-11 1.141391295985273030e-15 5.316228346430307283e-09 2.601698634308036162e-09 2.378851560180805791e-10 1.575842928369652896e-11 1.742112010205687511e-10 6.099191374175916280e-09
7.190478952274342861e-14 4.358524920643723488e-15 3.624845142007351050e-22 4.752537881465290770e-13 1.271564234048128128e-02 1.000000000000000000e+00 4.086335320607759058e-05 1.474368157648097857e-22 1.011307816952466965e-02 2.540345538093458089e-12 7.527403054344805506e-24 8.738321177759189595e-09 1.743543630056566124e-15 7.116883981138428703e-17 1.633192550382772668e-13 2.155686962268532625e-09 7.806780802322929591e-15 1.180793351984732453e-09 8.515473659542749374e-09
7.695370558770571467e-15 3.081380501234950997e-15 7.541217461056597498e-19 9.665085599408484995e-06 6.324101559584960341e-05 1.833788849597644231e-15 9.999998807907104492e-01 1.679058003745126371e-10 1.249792824786766232e-09 9.613303486588620217e-10 6.835521969937089062e-18 1.200274098664522171e-02 3.165096131851896644e-07 4.110525721884306094e-12 5.363333777097523125e-09 3.628604114055633545e-03 5.820997059345245361e-03 2.541789223542423315e-09 4.800082857234211353e-13
3.116102211334070837e-12 2.934424731809302973e-15 7.652530742497552156e-18 3.881448355969041586e-05 3.962949849665164948e-03 2.714724875018531547e-13 9.995705485343933105e-01 1.126473692103502344e-09 8.810073504061932681e-11 1.058458001352846622e-04 4.053516535499346860e-17 9.424774050712585449e-01 8.120426855384721421e-07 1.144084284775137572e-13 8.883000585102607261e-11 2.488307505846023560e-01 1.182049047201871872e-03 3.579358462957316078e-07 9.850270149243736673e-14
1.128901913762092590e-01 6.595481634140014648e-01 1.488420764417242026e-07 9.291628748178482056e-02 1.844975922722369432e-04 9.206829787444803515e-08 8.614991307258605957e-01 5.006195232272148132e-02 4.863137006759643555e-02 1.248720991497975774e-06 7.525019049644470215e-01 4.810869868379086256e-04 2.264069626107811928e-04 2.337457053363323212e-02 4.925058965454809368e-05 2.231336693512275815e-04 4.528085589408874512e-01 6.400400889106094837e-05 3.785516601055860519e-04
9.285083688243336852e-14 1.942520627968510944e-22 2.652611298574044317e-29 4.034307263256486920e-11 8.327537775039672852e-01 5.160059863713173508e-17 5.287660285830497742e-03 9.554997513149497690e-16 3.626825094527034405e-21 9.999967813491821289e-01 4.118788001276709434e-28 1.000000000000000000e+00 1.631789213300816055e-12 4.619134108362176287e-25 1.103163403029372350e-24 9.508338570594787598e-01 3.495956508222514136e-13 1.436924450953780408e-11 2.545608496608523119e-27
1.812366920493461986e-14 1.663975281217262799e-21 4.012175277707553804e-34 4.320458053819198341e-12 6.818037014454603195e-03 6.380260785941991350e-18 3.769528484554030001e-05 2.293664212485685243e-15 7.989617267704945221e-25 1.000000000000000000e+00 7.621723912019764467e-29 9.999998807907104492e-01 1.734814548959295877e-13 2.555024368106632315e-28 9.934702850282726734e-26 6.315822005271911621e-01 4.105277739524211891e-15 5.131624427690342771e-14 1.313703240179540060e-30
1.923123562619366567e-07 1.316322745248399428e-10 1.103676733801024130e-17 2.097178253279707860e-08 1.126885217084261370e-11 7.538055596389980906e-11 1.011930184091625051e-08 8.575843821745365858e-06 8.667518577227681999e-18 1.000000000000000000e+00 4.289980304046474291e-14 9.639473259449005127e-02 6.146835403342265636e-06 1.918863012405073640e-16 2.901218626233034725e-14 3.463615430518984795e-04 3.350664190548968691e-10 1.904618045500683365e-07 4.910478607274973409e-19
1.632250584693295536e-11 2.742066271821386181e-07 8.673791936433805638e-13 9.974804520606994629e-01 1.083165848680955889e-10 5.192309425570019316e-15 8.889377713203430176e-01 3.352439729496836662e-03 2.153442008046013711e-10 2.043813874479383230e-04 1.108948875314249259e-15 1.949618383401130473e-10 9.568650057190097868e-06 2.558846026659011841e-02 3.546708057911018841e-06 2.445998234179569408e-06 6.713015437126159668e-01 1.568512431049384759e-07 2.082011727735574858e-13
3.322437081010320981e-08 9.993399977684020996e-01 7.699624252352564157e-16 9.999974966049194336e-01 9.329516184537545365e-18 3.665113701806722841e-21 2.697200045531644719e-07 6.902202218770980835e-02 6.931597757314204397e-19 7.336921567964720548e-16 5.115296819428743905e-17 4.420346968629326454e-21 5.624840593299040847e-10 9.999998807907104492e-01 5.293342880243801819e-16 4.934854608285021982e-11 5.450934992268230417e-08 2.268596005494671886e-10 4.679207345408953625e-23
5.746088872693921792e-16 1.575358510017395020e-01 1.635514742029647167e-17 9.944885969161987305e-01 2.786316534354246071e-20 3.057064865746356224e-21 9.870778322219848633e-01 4.081579099874943495e-04 4.412762134322310847e-15 2.979586291860525924e-17 8.621545326348056689e-19 1.975775106759757010e-24 6.192096531701385409e-13 1.000000000000000000e+00 2.586918038723767799e-13 2.028942741897840629e-13 1.550395681988447905e-04 7.843037885812975674e-10 4.312172100905277481e-21
4.320174103979447688e-21 2.816888957740638563e-15 4.488121385090105067e-15 1.628213230908670539e-09 7.965312335763991697e-15 4.084959399906955561e-20 9.999997615814208984e-01 3.277114301454275846e-04 1.905406463720282773e-07 2.816035252206638972e-11 1.957973069972602370e-14 4.136650189057178295e-10 7.990291095438806224e-09 2.824474222506978549e-06 7.846606564498870284e-08 1.160857209470123053e-05 9.999941587448120117e-01 1.348348334431648254e-02 1.052505416154758677e-09
3.825151567021789489e-12 1.238767310951516265e-08 3.992178532197243612e-10 5.305739250616170466e-06 1.022823492569102655e-09 1.585874487286531576e-11 9.991539716720581055e-01 2.134005539119243622e-03 1.123597030527889729e-03 2.908102381127264380e-08 3.795028291619928495e-09 4.334125591753945628e-08 5.201138264965265989e-06 1.265262998640537262e-02 2.318962469871621579e-05 1.060260183294303715e-04 9.840366244316101074e-01 9.997420907020568848e-01 6.673606662843667436e-07
5.633112032388254420e-12 1.004480587596390251e-08 2.722607028715628985e-09 1.318928411819797475e-06 3.712500973307442109e-09 1.392098133816410677e-12 9.999517202377319336e-01 6.452038418501615524e-03 4.590633907355368137e-04 1.268437017643009312e-07 1.106111966464595753e-07 2.281787601532414556e-06 1.334331682301126420e-05 1.166131478385068476e-04 8.602574962424114347e-05 4.420781042426824570e-04 9.996743202209472656e-01 1.766377361491322517e-03 1.123045440181158483e-04
1.609729683899185121e-23 6.968730453804639069e-11 8.092187427792109992e-25 1.000000000000000000e+00 2.996569253243831378e-25 1.048890317854544841e-31 9.975669384002685547e-01 4.823603831027867272e-06 3.106111796997606410e-18 6.967409507958922039e-20 7.736555920135773590e-28 7.207999116127799492e-33 2.386463490472619242e-14 9.995761513710021973e-01 1.108679879673057922e-12 2.174221906219094312e-18 9.984797835350036621e-01 2.354132297086031222e-12 7.480882349042111997e-25
7.825947977835312486e-05 9.030340588651597500e-04 9.879635035758838058e-05 5.109270568937063217e-05 1.368589885532855988e-02 9.999741315841674805e-01 7.276307442225515842e-04 2.970245759570389055e-06 7.610479742288589478e-02 1.658912951825186610e-04 2.390170266153290868e-07 7.871483103372156620e-05 8.101049752440303564e-05 3.936339344363659620e-04 3.508631372824311256e-03 1.318991417065262794e-04 6.715234485454857349e-05 1.950127771124243736e-03 2.208650484681129456e-02
2.824703528858663049e-07 1.462249838368734345e-05 2.103098267980385572e-06 5.871951813674058940e-08 6.925024208612740040e-04 9.999998807907104492e-01 2.098171535180881619e-05 1.055518894510498740e-09 7.843454927206039429e-02 2.031247731792973354e-06 3.975664589206395760e-11 1.149257400356873404e-06 3.264253223278501537e-07 1.443626274522102904e-06 1.082519956980831921e-04 1.748990939631767105e-06 2.821524276441778056e-07 5.390977094066329300e-05 4.010136052966117859e-02
1.231822669506072998e-01 2.493152278475463390e-04 3.476185658768393694e-11 9.999070167541503906e-01 8.406850099563598633e-01 9.325679457106161863e-06 2.904863953590393066e-01 2.891954409278696403e-07 1.568075828254222870e-02 2.030718860623892397e-06 3.618209348132950254e-06 7.689579389989376068e-03 4.084106876689475030e-06 1.397053711116313934e-05 1.045087992679327726e-05 3.604082763195037842e-02 7.046147948130965233e-04 2.805138876738055842e-07 5.306634648150065914e-06
4.636170615412993357e-06 7.581542013213038445e-05 1.386414965054427739e-07 3.296298746136017144e-05 2.080078120343387127e-04 3.965828454965958372e-06 9.461497068405151367e-01 9.272188693284988403e-02 1.723433233564719558e-04 8.665921688079833984e-01 4.689778870670124888e-05 6.935437917709350586e-01 2.704157494008541107e-02 3.928172191081102937e-06 1.635031730984337628e-05 3.152292370796203613e-01 7.220371812582015991e-02 6.175040034577250481e-04 6.622792716370895505e-05
7.229622678295299920e-09 2.985103637911379337e-04 1.478366040696954542e-12 6.283178977106729235e-10 3.141137494822032750e-05 1.000000000000000000e+00 1.261485920167615404e-07 9.662734344216203364e-14 5.073956344858743250e-05 4.058280378416156964e-10 5.797654120940395461e-16 1.582369651975668035e-11 4.433965000716355576e-11 7.600378921779338270e-06 5.787135215484795481e-09 1.242256020272947126e-10 1.387890670445646180e-12 1.261726652046490926e-07 1.429775409178546397e-07
9.998149275779724121e-01 1.627064368653341475e-13 8.572006673145411672e-31 1.000000000000000000e+00 9.970698356628417969e-01 3.849933884874374606e-24 2.317881442337466069e-09 4.878418185331669103e-20 4.747281623908457706e-21 1.417440815803107206e-17 2.971231780525231124e-25 3.713274665528842888e-08 1.119605777988481876e-14 1.050299811120549071e-16 1.038431125906617711e-17 5.672882821272651199e-07 4.368992279069061624e-09 2.989125611045972487e-25 1.959574014585736476e-27
1.313196402043104172e-02 8.000745177268981934e-01 2.165964588130009361e-06 9.993211030960083008e-01 1.879670344351325184e-05 8.079009461425812333e-08 1.469984417781233788e-03 1.244521141052246094e-01 8.674359008864485077e-08 6.166651473904494196e-06 3.401228241273202002e-06 1.473177491106980597e-07 4.020195337943732738e-04 9.944474697113037109e-01 3.023157887582783587e-06 3.414364473428577185e-04 5.260632606223225594e-04 1.338036236120387912e-04 2.974410051592712989e-08
8.292566537857055664e-01 3.491439274512231350e-04 7.623727343863961892e-11 1.000000000000000000e+00 4.816612899303436279e-01 3.271919268854617258e-08 1.161530308309011161e-04 8.719043762539513409e-07 1.072982286132173613e-06 1.480702053413551766e-06 2.379303154498302320e-08 2.820608824549708515e-05 2.110197419824544340e-05 1.381038891850039363e-04 3.249059545851196162e-07 4.422195255756378174e-03 1.062757291947491467e-04 1.524339876546321193e-09 1.031154894803876232e-08
2.865662390831857920e-04 1.372174693869965267e-07 9.063894427776354778e-17 1.000000000000000000e+00 2.745887264609336853e-02 1.050914688605075753e-09 3.487599268555641174e-02 6.322321000062913754e-10 8.980771781352814287e-06 1.110729910824836963e-10 1.112035030031988114e-11 2.708234969617251409e-09 5.958028737040876877e-09 1.657071067029391997e-07 8.096054671113961376e-08 7.305603958229767159e-06 1.295048132305964828e-04 6.931535559287840820e-14 1.041463269790821045e-11
1.270642131567001343e-02 1.197864662572101224e-06 6.888689063622166486e-10 9.993250370025634766e-01 8.003319501876831055e-01 1.421989873051643372e-04 1.007804870605468750e-01 1.723782929730077740e-06 1.068881010723998770e-05 4.347227513790130615e-03 1.382199799060401801e-09 4.071059226989746094e-01 1.002930803224444389e-04 8.433978138100428623e-08 3.057584981434047222e-04 4.246960207819938660e-02 4.702282603830099106e-03 4.205519144306890666e-05 2.138299537435273123e-09
8.434663322987034917e-05 6.024986731745229918e-08 1.307191688226794213e-08 9.999996423721313477e-01 1.271784276468679309e-04 2.219025418162345886e-02 9.365745354443788528e-04 4.125724444747902453e-06 1.523135097158956341e-06 2.841064542735693976e-06 3.083246819749613232e-13 1.169777719134401650e-09 1.610262188478372991e-05 6.814780135755427182e-06 1.553881820291280746e-02 2.157799201540910872e-07 1.333189662545919418e-03 1.839905962697230279e-05 1.278691041939339357e-10
3.988665412180125713e-05 5.112475719215581194e-06 1.449555725230311509e-06 9.985808134078979492e-01 1.157225369752268307e-06 7.883049306656175759e-07 2.968421205878257751e-02 7.374093402177095413e-03 3.969699591266362404e-08 1.507239794591441751e-04 2.864088480269977310e-11 9.805775746940526005e-09 3.034752444364130497e-04 1.333886012434959412e-02 2.223325073719024658e-01 7.619543112014071085e-07 9.663377404212951660e-01 9.479196742177009583e-03 2.533163401263749392e-10
1.152299500262188303e-08 5.802776661956166038e-12 4.440692622241547774e-15 4.435718059539794922e-01 5.043011697125621140e-08 6.965032639527635183e-07 6.011705100536346436e-02 2.135516297130379826e-06 2.508187884817103530e-13 9.999926090240478516e-01 2.292009745381460781e-16 2.931762253865599632e-03 1.085214353224728256e-05 1.229906280986181599e-11 2.755715286184567958e-05 1.650283229537308216e-05 4.116127383895218372e-04 1.267384959646733478e-05 6.616988032028296111e-16
9.158611369297631200e-12 9.773634673934314399e-14 1.324232166792765203e-14 4.518367648124694824e-01 1.121364806566660377e-10 4.809046050269216721e-09 9.989221096038818359e-01 2.563110001574386843e-06 5.468807351416415941e-11 5.589404736383585259e-06 3.064739324685001039e-19 2.398359844058006729e-10 1.319880993833066896e-06 1.550515321468992624e-06 8.379501104354858398e-02 2.239205487697404351e-09 9.851244091987609863e-01 6.807685508647409733e-07 1.008378629078002242e-13
1.074953234064812690e-11 2.008477070639461126e-14 8.128445799207486416e-18 1.000000000000000000e+00 1.984778869035253024e-10 8.346676214771031610e-13 2.998458035290241241e-02 5.430408833717592643e-08 6.341809367959357763e-15 1.438430172129301354e-05 3.543031937736925255e-25 5.365887991099285714e-14 2.839728985293277219e-08 2.566835632933361921e-09 2.237812623206991702e-05 2.619911579349043507e-11 2.543681859970092773e-01 1.433915659820872435e-11 7.185062254820182740e-22
3.319264294532331405e-07 1.066049549081071746e-06 3.724628072632185649e-07 9.861539602279663086e-01 1.043708337533644226e-07 1.867129562072022964e-09 7.352596521377563477e-01 3.957794047892093658e-03 3.239919408315472538e-07 2.577095528977224603e-06 3.660751909939641280e-11 6.894383730582376302e-09 1.093372484319843352e-04 3.818036522716283798e-03 8.723993785679340363e-03 2.933727273557451554e-06 9.978960752487182617e-01 3.361794733791612089e-05 1.176614450315582872e-08
2.997701994900126010e-05 1.971811798284761608e-05 1.240118763234931976e-07 3.604498691856861115e-03 6.102130934596061707e-02 1.757684908807277679e-02 9.948704242706298828e-01 5.888932719244621694e-06 2.743687629699707031e-01 1.405755392624996603e-05 2.890936457333737053e-06 1.176426932215690613e-02 1.170882678707130253e-04 1.969050936168059707e-04 7.264245767146348953e-03 7.000904064625501633e-03 1.930101891048252583e-03 3.243549959734082222e-03 1.310842926613986492e-03
3.534251078963279724e-02 3.999742679297924042e-03 1.978857908397912979e-03 9.572642445564270020e-01 3.840841352939605713e-03 2.561684465035796165e-03 2.161246091127395630e-01 6.428347527980804443e-02 5.044902791269123554e-04 1.120477356016635895e-02 1.589829116710461676e-05 3.063593176193535328e-04 2.148574776947498322e-02 5.884261429309844971e-02 4.185160398483276367e-01 1.171984942629933357e-03 6.538100838661193848e-01 2.452822960913181305e-02 3.201278013875707984e-05
2.388967065754818778e-15 1.025771815329790115e-02 1.328093980581710690e-15 1.133071724325418472e-02 6.887324155798222420e-17 1.319656807403250956e-20 2.544345259666442871e-01 5.193711519241333008e-01 3.482323335059537249e-15 2.603065222501754761e-03 5.123225511036187186e-17 1.556112599887526926e-10 7.377506250350052142e-08 9.998301267623901367e-01 4.211071161913659822e-12 3.974521678173914552e-05 7.328012585639953613e-02 7.536419843745534308e-07 7.941422744251084518e-18
4.594290255494256765e-23 4.087905836058780551e-05 5.634303331465378806e-24 1.156616955995559692e-01 2.574230126698050708e-27 1.266085160210780590e-26 9.999980926513671875e-01 8.843419891491066664e-06 8.208398078687141567e-19 4.664896146410796117e-23 9.148258139732745380e-27 3.042367694123081801e-31 4.433226450327974744e-16 1.000000000000000000e+00 1.207354071455996394e-14 3.823865389419514723e-17 2.482911513652652502e-04 3.232575636502588168e-06 3.167698313120183203e-27
2.462586153817120771e-20 8.001625246834009886e-06 2.182520085188998252e-21 4.918461292982101440e-02 1.125548711721602696e-23 2.798498576312195446e-23 9.999989271163940430e-01 1.707679803075734526e-05 2.978998358350902834e-15 8.864798335737617591e-20 5.817594216160394634e-23 2.302127849325821120e-26 9.044014723322973959e-14 1.000000000000000000e+00 3.133057615428702647e-12 1.018642923510853018e-14 5.112230312079191208e-03 8.276929729618132114e-04 9.490194851668163537e-23
1.825829269364476204e-03 7.135971449315547943e-03 1.307521131820976734e-03 2.092501847073435783e-03 3.752009570598602295e-02 9.990942478179931641e-01 7.926369085907936096e-03 3.043668111786246300e-04 9.460924565792083740e-02 2.058571204543113708e-03 2.275492261105682701e-05 9.247119305655360222e-04 1.860742340795695782e-03 7.243550382554531097e-03 3.614179417490959167e-02 1.294974703341722488e-03 1.941152382642030716e-03 1.436213310807943344e-02 2.368622832000255585e-02
1.390194054692983627e-02 1.563064984111406375e-07 4.448693271944838268e-16 2.985681872814893723e-03 4.389547705650329590e-01 5.600718153142558720e-11 1.107411365956068039e-02 1.291576268158678431e-07 6.647158951739173816e-12 8.987539410591125488e-01 2.208091565494840758e-13 9.981511235237121582e-01 1.008631588774733245e-04 8.663750462488059578e-14 1.682107144546085564e-13 6.872466206550598145e-02 5.366645723370311316e-07 2.451132559144753031e-07 2.436035416084319366e-14
1.141468435525894165e-02 1.278891140827909112e-04 1.348145067803230290e-10 9.998286962509155273e-01 7.803928107023239136e-03 4.565542326417926233e-07 3.150272823404520750e-04 3.509486850816756487e-05 1.084832224051979210e-10 9.970377683639526367e-01 2.866412107671578724e-10 1.836740225553512573e-01 1.653191051445901394e-03 6.727372579007351305e-07 6.898891342643764801e-07 1.330643333494663239e-02 8.527759200660511851e-05 4.273396825738018379e-06 2.159548147945278274e-12
1.066775433719158173e-02 2.887140959501266479e-02 1.489190571010112762e-02 1.280281972140073776e-02 1.032202783972024918e-02 2.633856795728206635e-02 9.207862615585327148e-01 7.392447441816329956e-02 5.627067685127258301e-01 2.006378024816513062e-02 2.985933795571327209e-02 5.679423362016677856e-02 3.121492452919483185e-02 3.143600746989250183e-02 6.937542557716369629e-02 2.996261231601238251e-02 2.682061195373535156e-01 1.650914698839187622e-01 3.795668482780456543e-01
2.668016590178012848e-02 1.556111313402652740e-02 1.927053672261536121e-04 9.178908467292785645e-01 4.951139912009239197e-03 8.962247371673583984e-01 5.608286242932081223e-03 9.945951402187347412e-03 4.315626341849565506e-03 1.488725305534899235e-03 6.490864507213700563e-06 2.001848770305514336e-05 8.719891309738159180e-03 1.251151114702224731e-01 6.880190223455429077e-02 2.336371835554018617e-04 3.840965218842029572e-03 3.477585688233375549e-02 2.132182562490925193e-04
2.499508354958379641e-06 5.034784408053383231e-06 5.324895028024911880e-06 2.313209921121597290e-01 9.488223440712317824e-06 1.859697022155160084e-06 8.822665214538574219e-01 1.690622419118881226e-02 2.333385964448098093e-05 4.414931463543325663e-04 3.913212509587538079e-08 4.003538924735039473e-05 1.636481494642794132e-03 4.770848434418439865e-03 3.457999974489212036e-02 5.431840545497834682e-04 9.845367074012756348e-01 6.009052973240613937e-03 7.703150913584977388e-06
1.165333924291189760e-05 8.225547958318202291e-07 4.300118661149099353e-08 1.699164386081974953e-05 4.223340451717376709e-01 4.848601520279771648e-07 9.974338412284851074e-01 1.685976030785241164e-06 3.038709051907062531e-03 9.623118785384576768e-06 1.732157812739387737e-07 7.809338569641113281e-01 4.616040969267487526e-04 8.753922742243958055e-08 1.660787347645964473e-06 1.148600503802299500e-01 4.543581511825323105e-03 1.764132684911601245e-05 2.303724613739177585e-05
1.948809767782222480e-06 9.731038517202250659e-06 8.004343509674072266e-01 1.087695285677909851e-01 1.238281722180545330e-03 2.124041031947854208e-08 9.865704178810119629e-01 5.785735324025154114e-03 4.845226430916227400e-05 1.600509676791261882e-05 7.784040079172882542e-09 9.779647225514054298e-04 2.899457933381199837e-03 7.417772430926561356e-04 3.897836722899228334e-04 3.303575143218040466e-02 4.990023076534271240e-01 9.618831973057240248e-05 2.739133833529194817e-06
9.887427091598510742e-01 1.352968662977218628e-01 3.783372085308656096e-05 3.141932189464569092e-03 5.656542181968688965e-01 6.273368398979073390e-06 2.217873930931091309e-01 5.362291354686021805e-03 5.320705240592360497e-04 1.463174121454358101e-03 3.294594353064894676e-04 7.524576187133789062e-01 4.827182367444038391e-02 5.454176789498887956e-05 6.439470894292753655e-07 3.735302388668060303e-02 1.831157132983207703e-03 1.739173603709787130e-04 2.526348107494413853e-04
7.753105535357462941e-08 2.592477447993513096e-11 1.091154496287041920e-19 5.853684759138388927e-10 1.681108915363438427e-05 2.339050134136932968e-11 9.147906093858182430e-04 5.079115226180874743e-07 1.878191206077309272e-13 9.999998807907104492e-01 2.144306088215034573e-14 9.935289025306701660e-01 4.258884928276529536e-06 8.208840310122127729e-18 4.593833955643638733e-16 9.397471696138381958e-02 1.335475463548618791e-08 3.111012958356695890e-08 8.473173915059001738e-16
1.764943229254676378e-16 1.854151055781516622e-13 4.168007364054999204e-20 3.895065248116225121e-08 1.493649506301153451e-06 4.749757878674820688e-12 1.000000000000000000e+00 1.783491214955856830e-12 3.291031680419109762e-05 2.624959338705813022e-14 1.517216267731539463e-16 6.912385970281320624e-07 5.035925898511095511e-09 1.304580665717480770e-09 2.618665121190133505e-06 4.153041572863003239e-06 6.390904309228062630e-05 3.753747035428744994e-10 6.678821939942736208e-10
7.448005080223083496e-01 9.522848267806693912e-05 2.508793386368779466e-06 9.757217764854431152e-01 1.960958587005734444e-03 3.731403558049350977e-04 1.064979191869497299e-02 5.804733373224735260e-04 1.970012135643628426e-07 9.117954224348068237e-02 4.102010731088512330e-09 1.634419895708560944e-03 1.669144257903099060e-02 1.897872571134939790e-04 3.601066172122955322e-01 2.967246291518677026e-05 8.707057684659957886e-03 4.325945628806948662e-04 9.240234355445409165e-09
4.291123616440017940e-07 1.423564845026703551e-05 3.146678500343114138e-05 1.388372760266065598e-02 2.585123002063483000e-05 1.091427463961736066e-07 9.943680167198181152e-01 2.120020799338817596e-02 7.273558294400572777e-04 5.875391434528864920e-05 6.070190011087106541e-06 4.242398426868021488e-04 1.541035831905901432e-03 2.488957718014717102e-03 5.569262430071830750e-03 4.997459240257740021e-03 9.768574237823486328e-01 1.501682098023593426e-03 4.762776952702552080e-04
9.062409996986389160e-01 1.174905555672012269e-04 9.572944215108236676e-09 9.173548221588134766e-01 8.034388422966003418e-01 1.285240432480350137e-05 5.206951498985290527e-01 2.121293618984054774e-06 5.093574291095137596e-04 4.472819625789270503e-07 4.268576674348878441e-07 4.610707983374595642e-02 1.701040127954911441e-05 8.770225576881784946e-06 2.684104721993207932e-03 1.979494467377662659e-03 1.771665364503860474e-02 6.188419774844078347e-06 3.871678018185775727e-06
2.081613909021839959e-10 6.635003554607624143e-14 1.516203037655611008e-17 5.291964043863117695e-06 1.794253941625356674e-03 1.000000000000000000e+00 9.067462514167345944e-08 1.214391715504919183e-17 2.634816337376832962e-04 2.023772425682746068e-12 3.623365617602390938e-22 1.292319658403873195e-12 1.659880891589915475e-12 1.225842127458576236e-12 6.083471504325643764e-09 6.272960623165957372e-11 3.301362072605229514e-09 1.991640829146490432e-06 1.875622573921376102e-11
2.096488606184720993e-04 3.288159379735589027e-03 5.044203135184943676e-04 7.494195830076932907e-03 1.106177689507603645e-03 1.506883272668346763e-04 9.887290000915527344e-01 1.209025532007217407e-01 1.572719365358352661e-01 2.644436899572610855e-03 7.884166203439235687e-03 8.791670203208923340e-03 1.825833693146705627e-02 3.151172399520874023e-02 4.474650695919990540e-02 2.408603020012378693e-02 8.195373415946960449e-01 4.560035094618797302e-02 3.898448497056961060e-02
2.315066605806350708e-01 4.629668965935707092e-02 7.259592413902282715e-02 7.659047245979309082e-01 2.616994269192218781e-02 7.120591402053833008e-02 1.608331501483917236e-01 1.447497457265853882e-01 5.024307407438755035e-03 2.171526402235031128e-01 1.153149176388978958e-03 2.264275960624217987e-02 1.760237365961074829e-01 1.242260560393333435e-01 5.487318634986877441e-01 1.747000589966773987e-02 1.592347472906112671e-01 1.728412061929702759e-01 1.275082700885832310e-03
1.069834070221986622e-06 3.119188463074351603e-08 2.871280990746072348e-11 1.287731138290837407e-04 5.608066916465759277e-01 2.605427880553179421e-06 9.979792237281799316e-01 6.784367201362329070e-08 7.461402565240859985e-03 6.116474651207681745e-06 3.472042209295977955e-08 7.879508137702941895e-01 2.383615174039732665e-05 1.801003968182612880e-08 9.631506827645353042e-07 2.228681147098541260e-01 7.344150217249989510e-04 9.274831973016262054e-05 5.642942142003448680e-06
4.364802407508250326e-06 8.701033671343338938e-09 1.110848565910593777e-10 2.270896453410387039e-03 7.559645175933837891e-01 2.616106371533533093e-07 9.895221590995788574e-01 3.513563626711402321e-07 1.372620608890429139e-04 3.611254214774817228e-05 2.994262615629850188e-09 9.330958127975463867e-01 2.017125916609074920e-05 2.838407375804763433e-08 4.222335974191082641e-07 4.674744904041290283e-01 4.873363766819238663e-03 2.247135154902935028e-03 2.855883280972193461e-07
2.808149112548674609e-12 1.609679409957778454e-17 1.194572973963252039e-28 1.561759754723293647e-13 3.048576181754469872e-04 3.063987187882852292e-14 1.256504212506115437e-03 8.600176126805081367e-12 7.423796277972551284e-18 1.000000000000000000e+00 4.702597513010863549e-22 9.999849796295166016e-01 5.342430942079090528e-10 4.575868045939198368e-25 1.635529285141129685e-22 3.541893959045410156e-01 1.630336382389685479e-12 4.717156353029050564e-12 2.078684962185623527e-22
4.191207025883159076e-08 7.438365201561936146e-11 3.753552473092608457e-18 8.875033152833111671e-09 1.754459910685568502e-10 5.761192911624135604e-11 2.395377407538035186e-07 9.071118256542831659e-06 8.430449440850596820e-17 1.000000000000000000e+00 1.904219173293718315e-14 3.952322006225585938e-01 3.212302090105367824e-06 2.155149073439867119e-16 5.912538660708330229e-14 2.761795651167631149e-03 3.052067265585378664e-09 2.076948675266976352e-07 2.172091295756310851e-18
8.891097324256313356e-16 2.516498748839515397e-19 4.908350953101433458e-31 1.553265809972181194e-14 2.921249830575844975e-12 1.161612629340360699e-18 3.086044273459265241e-07 6.993393641963052687e-10 1.853493580626221665e-24 1.000000000000000000e+00 1.762682082584668144e-24 9.980132579803466797e-01 2.919118072264303976e-11 2.064432965226250593e-26 1.176321235308474519e-22 2.404676005244255066e-02 1.105061246502170302e-12 2.348114107666998684e-12 4.840637618530225658e-28
5.564771130576481891e-18 3.261508621973919185e-15 1.415766773333977357e-23 4.934333259505986960e-16 1.659077319970947428e-08 1.901217966155006878e-14 9.999963045120239258e-01 7.327061180006921859e-09 9.632300512762981270e-10 1.222252752631902695e-02 8.388014281333238450e-16 8.918569087982177734e-01 8.005242125364020467e-05 1.860724305621224023e-19 7.150464867030121457e-17 2.487630993127822876e-01 2.866573822757345624e-06 5.269760756237973354e-12 4.708958049881584174e-12
4.721143537011552108e-16 3.667987070218696466e-14 9.740636353405978268e-22 1.444061070807883818e-13 1.485819751678718603e-07 1.500868700154978086e-11 9.999943971633911133e-01 3.436699369530060721e-09 2.849243285751867916e-09 1.074228528887033463e-02 6.627648471065083514e-16 4.143514335155487061e-01 6.307713192654773593e-05 2.526321756428008710e-17 4.150701660089912981e-14 3.273063153028488159e-02 3.348273594383499585e-06 4.552743598784658730e-11 1.616268056892078420e-11
3.005505095643457025e-05 2.155925074021070031e-07 3.729199837387148220e-13 9.544721979182213545e-05 1.952864465692982776e-07 1.562597162774181925e-06 1.835459988797083497e-05 1.562048855703324080e-04 1.006296955485819211e-11 1.000000000000000000e+00 1.372973956748069213e-10 2.121729254722595215e-01 2.414240007055923343e-04 1.128352012519373559e-11 4.861067104400262906e-09 2.269673859700560570e-03 4.232184949160000542e-07 5.174515990802319720e-06 6.101633955035712376e-13
4.507203411776572466e-04 5.824751779437065125e-02 1.000000000000000000e+00 2.838972257450222969e-03 1.065637188730761409e-04 2.750434191511885729e-07 9.113396704196929932e-02 3.282365500926971436e-01 7.730830475338734686e-06 3.310759202577173710e-04 1.514902407961926656e-07 8.822832569421734661e-06 5.223169922828674316e-03 6.771098971366882324e-01 4.638094396796077490e-04 3.076701983809471130e-02 2.653283439576625824e-02 7.883794751251116395e-06 6.946193025214597583e-05
1.555227058247510286e-08 2.339664206374436617e-06 9.639189839363098145e-01 1.249121908131201053e-07 4.433101275935769081e-05 9.999918937683105469e-01 3.403361188247799873e-03 1.466701959884630924e-08 2.782539725303649902e-01 2.407543036042625317e-07 4.965253035116301561e-12 1.138136056511029892e-07 1.583797768489603186e-07 1.403236865371582098e-06 6.593340076506137848e-04 3.659972890091012232e-06 3.633195956354029477e-05 1.269331187359057367e-05 3.155202418565750122e-02
3.114029467105865479e-01 3.121899664402008057e-01 1.897002905607223511e-01 1.729400008916854858e-01 4.679296910762786865e-02 6.122025474905967712e-02 3.393756747245788574e-01 3.645509779453277588e-01 9.075579047203063965e-02 2.480484545230865479e-01 3.645206615328788757e-02 1.983954757452011108e-01 3.822780251502990723e-01 1.757812947034835815e-01 1.264109313488006592e-01 1.206144541501998901e-01 1.610228568315505981e-01 3.042342960834503174e-01 5.897082388401031494e-02
1.202008686959743500e-03 4.879394691670313478e-05 3.679931737110564427e-08 4.385433858260512352e-04 1.100695590139366686e-05 2.272738129249773920e-05 3.510140231810510159e-04 7.352700456976890564e-03 1.985041997443204309e-08 9.999860525131225586e-01 1.106475565393338911e-06 2.503663599491119385e-01 5.398021545261144638e-03 1.028219145382536226e-07 9.527724955660232808e-07 2.166112139821052551e-02 5.785090615972876549e-05 1.014943118207156658e-03 5.984018169868932091e-09
6.727471947669982910e-01 8.452266454696655273e-01 1.204342479468323290e-04 9.759214520454406738e-01 3.623266937211155891e-03 1.635845910641364753e-05 5.306523665785789490e-02 9.577228873968124390e-02 1.019570278003811836e-03 3.782158019021153450e-04 4.623895138502120972e-02 2.054589102044701576e-03 7.244122680276632309e-03 1.964849382638931274e-01 1.651544334890786558e-05 4.228707402944564819e-03 3.471907693892717361e-03 7.678331894567236304e-05 1.049091879394836724e-04
4.050253890454769135e-03 7.682578288950026035e-04 1.545132981846109033e-04 9.004612565040588379e-01 9.990456746891140938e-04 8.622975349426269531e-01 7.356613408774137497e-03 5.183938425034284592e-03 2.866449765861034393e-03 2.040987601503729820e-03 5.704952172891353257e-07 5.518468242371454835e-06 3.423701040446758270e-03 2.652439102530479431e-02 5.125303268432617188e-01 3.591557833715341985e-05 1.053666509687900543e-02 4.151978716254234314e-02 5.856377538293600082e-05
3.013451888023155334e-08 1.487336809269379501e-09 1.012193042903219379e-15 8.109554694435416877e-10 1.829102839110419154e-04 2.576657109898405906e-08 4.961081147193908691e-01 1.308755690843099728e-05 4.486519600277460995e-08 9.995100498199462891e-01 6.949921194099317745e-11 9.888640642166137695e-01 1.514561445219442248e-04 1.314681446795999339e-14 6.186748704485600658e-13 2.881865799427032471e-01 3.595726639105123468e-06 2.610790090784576023e-07 7.800043388961341861e-10
3.278797589337245633e-12 4.185705254622362759e-11 2.931795118024551998e-15 2.976178858915545788e-09 2.273605059599503875e-05 1.278239233210021197e-11 9.993907213211059570e-01 7.060446023388067260e-06 2.980418045694932516e-08 4.758477210998535156e-02 1.872334232100314466e-11 9.573668241500854492e-01 4.269184137228876352e-04 8.765629823555276534e-13 2.452542682829239595e-11 5.133671164512634277e-01 1.321470364928245544e-03 1.155209332637241459e-07 9.249556676138581679e-10
2.145904302597045898e-01 3.493728935718536377e-01 7.267125695943832397e-02 1.299593150615692139e-01 3.998884931206703186e-02 1.169895008206367493e-02 5.933270454406738281e-01 5.213159322738647461e-01 1.117368489503860474e-01 1.806399375200271606e-01 1.027021855115890503e-01 2.177509218454360962e-01 2.726594209671020508e-01 1.477364301681518555e-01 8.266838639974594116e-02 1.800637394189834595e-01 4.049690365791320801e-01 1.796251982450485229e-01 6.614753603935241699e-02
2.733233486651442945e-05 2.506244072719709948e-06 5.522445429553476948e-14 1.699072308838367462e-02 2.684579885681159794e-05 9.603065791452536359e-07 1.019894843921065331e-03 3.957400258514098823e-05 7.021899728343328206e-11 9.999972581863403320e-01 1.521881370925015631e-10 4.827145636081695557e-01 4.408073145896196365e-04 1.049363790306401256e-10 2.082604844133584265e-08 9.356313385069370270e-03 2.369284857195452787e-06 3.205957682439475320e-06 2.164087702441475081e-12
2.185409814119338989e-01 4.112714901566505432e-02 2.942674327641725540e-03 2.723816782236099243e-02 1.634799316525459290e-02 4.190521314740180969e-03 7.364559918642044067e-02 1.459162235260009766e-01 1.111909165047109127e-03 9.285466074943542480e-01 4.557937383651733398e-03 4.510128796100616455e-01 3.734930157661437988e-01 9.460461442358791828e-04 1.159473205916583538e-03 1.640131026506423950e-01 1.176922116428613663e-02 7.346715778112411499e-02 1.904767239466309547e-03
1.431858545402064919e-04 1.262960631720488891e-05 5.064744179605895624e-10 1.074230019003152847e-02 1.101241353899240494e-02 4.497403278946876526e-05 9.993165731430053711e-01 2.725500507949618623e-06 2.596446545794606209e-03 6.894301236570754554e-07 1.768856350281566847e-08 1.011820859275758266e-03 4.201306364848278463e-05 6.651844887528568506e-05 6.878670770674943924e-03 1.335600245511159301e-04 7.032669149339199066e-03 4.959891157341189682e-06 1.566706305311527103e-05
1.629103207960724831e-03 4.844514114665798843e-05 4.824094013144986093e-09 2.078942768275737762e-02 7.613841444253921509e-02 1.184705542982555926e-04 9.967288970947265625e-01 7.291927431651856750e-06 8.334374986588954926e-03 3.044063078050385229e-06 2.218681629528873600e-07 7.789608091115951538e-03 1.112099998863413930e-04 8.021303801797330379e-05 7.738876156508922577e-03 6.945516797713935375e-04 1.046342216432094574e-02 2.010203206737060100e-05 6.840375135652720928e-05
3.145451997824122436e-12 1.242031380088021164e-13 2.564293813319500466e-18 3.564655912668968085e-07 2.824764955278169509e-08 3.592277308950286852e-10 4.241745471954345703e-01 8.058823368628509343e-06 8.738770883136293133e-13 9.999986886978149414e-01 1.118388528115806402e-15 7.520689964294433594e-01 1.982315779969212599e-06 8.627090707124304009e-15 1.192703935615213595e-09 2.690580114722251892e-02 7.598087540827691555e-05 2.198338961534318514e-06 9.089387737208545065e-15
2.807831549489492318e-07 1.473800942397573976e-10 9.957009813751137427e-19 1.502448526480293367e-06 1.230064605728387050e-09 3.663313918877975084e-08 9.066992561201914214e-07 1.300820485994336195e-06 1.456746320929258945e-15 1.000000000000000000e+00 5.420011363549762096e-15 1.806596219539642334e-01 7.198387720563914627e-06 6.633943514049959068e-17 2.671053699401793047e-12 1.941426162375137210e-04 7.554828429512383536e-10 1.557373074945189728e-08 1.378140058693671521e-17
1.597856993384993984e-07 3.255634339893731521e-08 9.951030308737087576e-15 1.431018336006673053e-05 5.411931169874151237e-08 2.884495975408185586e-09 2.062967396341264248e-04 3.492995456326752901e-04 8.306337930842622175e-13 1.000000000000000000e+00 2.231447839007305589e-11 6.473588347434997559e-01 3.299805757706053555e-05 2.201407632573815221e-11 5.285500370710849438e-10 3.443609923124313354e-02 7.285497758857673034e-06 1.292271917918697000e-05 1.063328705684998821e-13
1.273597227680056676e-09 1.040415312496961731e-14 2.514348111558620203e-20 3.406498194635787513e-08 2.403357028961181641e-01 1.251566385251923208e-11 1.091708987951278687e-02 3.334107989694246044e-10 4.481432365905637857e-15 9.999908208847045898e-01 1.450090833992463410e-18 9.999924898147583008e-01 1.417512240919904798e-08 1.479493423814997683e-17 1.216121598319951330e-16 7.896544337272644043e-01 2.380950103741952262e-09 1.355130319069530742e-08 8.346189308138342071e-19
9.999692440032958984e-01 1.168897375464439392e-01 3.665227010785088169e-09 3.680778201669454575e-03 7.758821249008178711e-01 1.208497635296623685e-09 8.384610712528228760e-02 3.311725231469608843e-05 1.663273433223366737e-04 7.001756330282660201e-08 1.695456739980727434e-04 5.457184314727783203e-01 1.363220071652904153e-04 9.098175155486387666e-07 2.910047203208421251e-10 6.992085836827754974e-04 1.106658310163766146e-04 2.198477844217450183e-08 1.580556090630125254e-05
1.768982154317200184e-03 4.228027592034777626e-06 2.054105108229009602e-09 9.018896889756433666e-06 3.966668771226977697e-07 1.867597632099204930e-07 2.332333679078146815e-05 1.599149079993367195e-03 6.628423504517755305e-11 9.999980926513671875e-01 2.971886203795293113e-08 2.252083867788314819e-01 1.348235458135604858e-02 2.164189105702263305e-10 9.297987380030292570e-10 8.290924131870269775e-03 6.600853907912096474e-07 2.690245164558291435e-04 1.576234420763711341e-10
3.085634261879022233e-06 1.510640085244929764e-10 3.910847679229091656e-15 8.562752008438110352e-01 2.142285183072090149e-02 3.114328364972607233e-06 9.974908828735351562e-01 1.877607624933830266e-09 1.979871058210846968e-06 4.760270044812386914e-08 1.776325287422965242e-15 5.425127528724260628e-05 3.879517578297964064e-07 7.230339438279997921e-09 1.072981278412044048e-03 7.210184776340611279e-06 2.178495749831199646e-03 1.501155111327534541e-07 8.050985572660707135e-11
2.878888381019351073e-06 1.187232864102716334e-11 3.611149277456603233e-17 9.029408693313598633e-01 1.008216962218284607e-01 4.241930753323686076e-07 9.976091384887695312e-01 5.915175987913912081e-11 9.983093605114845559e-07 2.338553128922171709e-09 8.824897464263653513e-17 7.776507118251174688e-05 3.798100323137987289e-08 2.391731535045238388e-10 1.739963045110926032e-04 6.649321676377439871e-06 7.188643794506788254e-04 2.233081808356018882e-08 8.513658528164214090e-12
