6.845279204581444787e-11 1.541828709150649956e-07 5.130443181400323738e-09 2.332618578293477185e-07 2.862481451870735327e-08 6.303708222077375467e-09 9.999992847442626953e-01 2.251085534226149321e-04 8.601500391960144043e-01 9.171666093266139796e-09 3.974965238739969209e-06 4.685222847911063582e-06 3.049874521821038797e-06 2.347359695704653859e-04 5.871964967809617519e-04 1.204071486426983029e-05 7.097569108009338379e-01 3.438535379245877266e-03 2.044646255671977997e-02
6.317688733270543366e-11 1.463239129861904075e-07 4.919596729990871609e-09 2.293104301998027950e-07 2.698537393541755591e-08 5.630683030943828271e-09 9.999992847442626953e-01 2.321507781744003296e-04 8.598294854164123535e-01 8.781110061306662828e-09 3.994425242126453668e-06 4.540792815532768145e-06 3.052784677493036725e-06 2.326083049410954118e-04 5.799430073238909245e-04 1.184745360660599545e-05 7.267773151397705078e-01 3.291568020358681679e-03 1.980842836201190948e-02
6.755355996812539843e-11 1.541761065482205595e-07 4.065580760936882143e-09 2.434689179153792793e-07 2.752747896295204555e-08 5.360102139917444219e-09 9.999992847442626953e-01 2.331136347493156791e-04 8.589085936546325684e-01 8.605915091663973726e-09 4.417752734298119321e-06 4.658521447709063068e-06 3.017489007106632926e-06 2.357563062105327845e-04 5.780606297776103020e-04 1.168636936199618503e-05 7.391147017478942871e-01 3.381252987310290337e-03 2.032412961125373840e-02
1.726039103232324123e-03 4.877946153283119202e-02 1.000000000000000000e+00 3.100441768765449524e-02 4.599554231390357018e-04 1.141428924711362924e-06 1.020894125103950500e-01 2.479768395423889160e-01 7.694744454056490213e-06 2.932811039499938488e-04 2.369426539416963351e-07 1.173643886431818828e-05 1.330115739256143570e-02 7.416264414787292480e-01 1.832330599427223206e-03 2.461519278585910797e-02 1.028502807021141052e-01 7.542687671957537532e-05 9.358905663248151541e-05
1.525084376335144043e-01 2.773510217666625977e-01 9.211014509201049805e-01 9.995911717414855957e-01 1.231760904192924500e-02 3.716177598107606173e-04 4.590794444084167480e-03 1.591038517653942108e-02 1.607665617484599352e-04 7.233052747324109077e-04 1.244425424374639988e-03 4.682102007791399956e-05 1.324071362614631653e-02 7.160021662712097168e-01 2.302989829331636429e-03 4.646958783268928528e-02 7.913422305136919022e-04 8.300968329422175884e-04 1.139302548835985363e-04
2.317601116374135017e-03 8.499567508697509766e-01 1.000000000000000000e+00 9.980157613754272461e-01 8.008044460439123213e-06 8.287984343269272358e-08 2.205189957749098539e-05 1.479422394186258316e-02 6.358646248427746173e-11 9.291542824030329939e-08 2.096497519232798368e-05 2.281419497762726678e-09 3.422231238801032305e-04 9.996370077133178711e-01 3.803007130045443773e-04 3.969768993556499481e-03 3.311749651402351446e-06 6.898035062476992607e-04 3.763084066576993791e-08
3.858114406466484070e-02 1.611743867397308350e-01 1.392308186041191220e-04 9.943587183952331543e-01 1.550814486108720303e-03 2.007570874411612749e-04 5.255517084151506424e-03 2.208751589059829712e-01 2.591557631603791378e-06 2.460901066660881042e-02 1.048265130521031097e-05 8.872232865542173386e-05 3.556100279092788696e-02 9.347297549247741699e-01 3.051132662221789360e-03 5.404866300523281097e-03 1.039341930299997330e-02 1.228216439485549927e-01 2.162672444683266804e-06
7.321420125663280487e-03 8.991499543190002441e-01 9.996857643127441406e-01 9.781962633132934570e-01 3.834701419691555202e-05 3.587300398066872731e-06 1.243336591869592667e-03 1.217771321535110474e-01 8.639700155299578910e-08 5.339596100384369493e-06 2.396791096543893218e-04 4.469591772249259520e-07 1.063794596120715141e-03 9.983516931533813477e-01 5.917109083384275436e-04 3.414349164813756943e-03 1.925125397974625230e-04 1.753436517901718616e-03 6.410598984984972049e-07
1.068945601582527161e-02 9.140612483024597168e-01 9.989756345748901367e-01 9.394519329071044922e-01 4.397241355036385357e-05 6.521801878989208490e-06 3.642927622422575951e-03 1.791731119155883789e-01 3.826940258022659691e-07 1.198223708342993632e-05 5.227500223554670811e-04 1.630407041375292465e-06 1.657871878705918789e-03 9.965219497680664062e-01 6.045146146789193153e-04 3.510797396302223206e-03 4.391914117150008678e-04 1.767464680597186089e-03 1.290623572458571289e-06
1.180272735655307770e-02 1.569496281445026398e-02 1.751243695616722107e-02 4.902843385934829712e-03 1.605154573917388916e-02 6.456928849220275879e-01 3.953115046024322510e-01 7.203728426247835159e-03 4.443673193454742432e-01 1.806722953915596008e-02 1.683234120719134808e-03 3.118574433028697968e-02 1.304369140416383743e-02 6.383477244526147842e-03 3.804763033986091614e-02 1.315955352038145065e-02 3.480681031942367554e-02 6.859925389289855957e-02 4.760262966156005859e-01
8.082154206931591034e-03 2.986681414768099785e-03 5.100677662994712591e-05 1.374436658807098866e-03 3.834742680191993713e-02 1.910342462360858917e-02 4.935978055000305176e-01 2.851135842502117157e-02 1.061356905847787857e-02 9.259791374206542969e-01 8.560417336411774158e-04 6.021647453308105469e-01 8.892699331045150757e-02 2.872316144930664450e-05 3.061181341763585806e-04 2.261560261249542236e-01 7.756468374282121658e-03 5.940550472587347031e-03 3.539429511874914169e-03
6.060221232473850250e-03 1.142614491982385516e-04 7.810709945488270023e-08 1.087043419829569757e-04 1.841618941398337483e-04 2.368038440181408077e-05 3.963798284530639648e-03 6.921783555299043655e-03 6.538214734064240474e-07 9.997647404670715332e-01 3.767433099710615352e-06 4.856617450714111328e-01 4.298889264464378357e-02 2.808524612873952719e-08 2.028261860687052831e-07 5.395382270216941833e-02 6.680629303446039557e-05 1.377550186589360237e-03 4.485095814743544906e-07
7.759017944335937500e-01 2.639377713203430176e-01 2.006633672863245010e-03 9.569643996655941010e-03 1.044935081154108047e-02 1.882499200291931629e-04 2.336358465254306793e-02 9.325149655342102051e-02 2.806823758874088526e-04 2.236036956310272217e-01 7.025767117738723755e-04 4.450574219226837158e-01 9.166065454483032227e-01 6.880757282488048077e-04 5.654693086398765445e-05 5.975235253572463989e-02 1.332902698777616024e-03 4.747118428349494934e-02 8.895416394807398319e-04
1.002008411887800321e-05 7.499116918552317657e-07 3.663014683241705427e-11 1.546493990645103622e-07 8.522514835931360722e-04 2.860110835172235966e-04 2.743954062461853027e-01 1.436921884305775166e-04 2.577086343080736697e-05 9.994151592254638672e-01 6.393254636805068003e-08 8.001384735107421875e-01 3.195507219061255455e-03 1.792351683738147017e-11 3.989912400470529974e-09 1.051257252693176270e-01 8.517274181940592825e-06 7.358783022937132046e-06 1.659291342548385728e-06
1.049644351005554199e-01 2.946258522570133209e-02 1.577807590365409851e-03 1.182633545249700546e-02 2.621243298053741455e-01 5.374656990170478821e-02 7.453833222389221191e-01 1.303644478321075439e-02 3.437514603137969971e-01 6.957019120454788208e-02 1.255181618034839630e-02 5.046003460884094238e-01 6.249283254146575928e-02 1.890085521154105663e-03 6.992803420871496201e-03 1.368663460016250610e-01 3.744968771934509277e-02 2.581422962248325348e-02 1.220811530947685242e-01
9.999939203262329102e-01 4.629914462566375732e-02 8.335798197534050047e-12 1.505110880373194959e-08 3.870774433016777039e-02 1.011851540055896947e-11 8.944249153137207031e-02 1.938964260261855088e-06 2.227368240710347891e-04 1.179457854050269816e-06 2.324440231404878432e-07 8.769447803497314453e-01 3.914738073945045471e-03 1.118604167626990886e-11 1.609484466648456857e-15 5.363527088775299489e-05 1.977599879410263384e-07 4.854449064950472348e-10 5.021014367230236530e-04
9.321288466453552246e-01 1.611554473638534546e-01 3.464921974227763712e-05 2.965660532936453819e-04 5.557256750762462616e-03 1.320073497481644154e-04 6.608154773712158203e-01 2.546011935919523239e-03 4.644376635551452637e-01 2.614499768242239952e-03 3.237386234104633331e-03 2.004646807909011841e-01 1.289553288370370865e-02 2.827548814821057022e-05 8.442398211627732962e-06 1.084294053725898266e-03 8.553346619009971619e-03 2.830927842296659946e-04 5.962225198745727539e-01
6.039241328835487366e-03 2.437859540805220604e-03 4.503763921093195677e-05 5.098410416394472122e-03 1.350708492100238800e-02 1.926045166328549385e-03 1.960518509149551392e-01 7.276418805122375488e-02 8.166650077328085899e-04 9.843288660049438477e-01 5.440094391815364361e-04 6.302170753479003906e-01 4.517863318324089050e-02 8.374395110877230763e-05 4.496264737099409103e-04 2.643527686595916748e-01 1.798831298947334290e-02 1.540590263903141022e-02 1.858679606812074780e-04
2.068874437100021169e-06 1.852392188084195368e-06 5.102199773787674530e-10 1.274400176498602377e-07 2.579728327691555023e-02 9.354804754257202148e-01 1.315267682075500488e-01 1.293724039896915201e-06 3.184667322784662247e-03 5.899370312690734863e-01 4.554094434894295773e-09 8.409410715103149414e-02 3.234494361095130444e-04 6.191432366797755549e-10 2.586952234651107574e-07 1.956306397914886475e-02 3.128169737465213984e-06 1.705411159491632134e-05 1.513373281341046095e-04
1.245346720679663122e-05 1.113540565711446106e-05 1.008535122082321323e-08 1.155650579676148482e-06 3.909007459878921509e-02 8.958915472030639648e-01 1.699428409337997437e-01 8.830045771901495755e-06 6.653458345681428909e-03 5.585081577301025391e-01 6.190541057549125981e-08 1.110211387276649475e-01 9.686849662102758884e-04 1.099993429676260348e-08 2.141075356121291406e-06 3.053086623549461365e-02 1.795038042473606765e-05 7.399680907838046551e-05 4.692126240115612745e-04
2.229934580100234598e-05 5.668113954016007483e-05 6.009767616887984332e-07 5.343406428437447175e-06 1.231844648718833923e-01 9.993933439254760742e-01 1.386197935789823532e-02 1.733883209453779273e-06 5.964325368404388428e-02 1.875744201242923737e-02 6.922810058540562750e-08 7.514829281717538834e-03 2.464564458932727575e-04 9.907757885230239481e-07 5.840282028657384217e-05 8.050830103456974030e-03 1.529910514364019036e-05 3.438464773353189230e-04 4.059857688844203949e-03
1.607786118984222412e-01 1.994100312003865838e-04 6.672042474065165152e-08 9.998365640640258789e-01 5.011636614799499512e-01 6.900315929669886827e-05 2.037405408918857574e-02 5.727829920942895114e-05 7.423566330544417724e-06 2.121468260884284973e-02 1.266564595425734296e-07 6.761752814054489136e-02 1.452866243198513985e-03 1.465878722228808329e-05 5.216628778725862503e-04 3.145212307572364807e-02 8.490961976349353790e-03 2.306421629327815026e-05 3.859692299101880053e-08
1.753751635551452637e-01 2.110646892106160522e-04 2.849147051620093407e-08 9.955973029136657715e-01 8.864057660102844238e-01 1.964199909707531333e-04 1.633770018815994263e-01 1.470591814722865820e-05 8.151562651619315147e-04 1.814125222153961658e-03 2.223247065558098257e-06 2.874660193920135498e-01 1.981872192118316889e-04 2.171428968722466379e-05 1.297772541875019670e-04 2.206942588090896606e-01 2.460505627095699310e-02 9.466083720326423645e-04 2.203151552748749964e-06
2.883878070861101151e-03 1.690156571567058563e-02 1.387358084321022034e-02 3.221672726795077324e-03 2.810902893543243408e-03 4.113496746867895126e-03 9.838845133781433105e-01 3.623916953802108765e-02 5.900093913078308105e-01 4.161210265010595322e-03 1.467304117977619171e-02 2.474241890013217926e-02 9.870965033769607544e-03 1.632851175963878632e-02 5.191221460700035095e-02 1.227904576808214188e-02 3.338540494441986084e-01 5.124320089817047119e-02 3.955915868282318115e-01
4.131650086492300034e-03 1.196522917598485947e-02 1.957092620432376862e-02 3.011449938639998436e-03 5.131345987319946289e-02 9.904536008834838867e-01 3.753641992807388306e-02 1.125734997913241386e-03 2.843859195709228516e-01 9.124192409217357635e-03 2.055290678981691599e-04 8.876492269337177277e-03 5.438090767711400986e-03 5.594525951892137527e-03 5.305112525820732117e-02 7.716087158769369125e-03 7.014329079538583755e-03 2.559447661042213440e-02 2.118891030550003052e-01
5.528669804334640503e-03 3.435464575886726379e-02 9.995377063751220703e-01 1.349951513111591339e-02 2.120437100529670715e-03 1.756511256098747253e-02 8.505841493606567383e-01 1.201979070901870728e-01 2.901015281677246094e-01 6.237156223505735397e-03 3.266845305915921926e-04 1.812705420888960361e-03 1.756634749472141266e-02 2.510185167193412781e-02 2.984753809869289398e-02 1.806710660457611084e-02 2.584369182586669922e-01 6.331555545330047607e-03 1.178512945771217346e-01
4.982020906929562898e-10 3.974153983676842472e-08 2.350573291565183354e-09 6.139382058290010491e-11 1.603615964995697141e-04 1.000000000000000000e+00 2.667818819190870272e-07 5.639933642722153029e-14 3.295173496007919312e-02 2.035945101397373946e-08 1.009332083244749573e-15 9.258758204566674976e-09 5.275619385791685545e-10 1.270472171910341785e-09 5.721925049329001922e-07 2.394618725531927339e-08 5.486194831760826673e-10 9.842549388849874958e-07 1.391524262726306915e-02
2.264384552836418152e-02 7.459008097648620605e-01 2.412288915365934372e-03 5.630749464035034180e-01 5.381410592235624790e-04 3.944752388633787632e-04 1.007623523473739624e-01 5.442137718200683594e-01 2.455709909554570913e-04 3.009118372574448586e-03 3.299680247437208891e-04 1.762590982252731919e-04 2.328741922974586487e-02 9.718975424766540527e-01 8.065942674875259399e-03 8.711482398211956024e-03 3.666332736611366272e-02 5.953656882047653198e-02 3.525531064951792359e-05
2.563747465610504150e-01 1.883588880300521851e-01 4.272926598787307739e-02 1.986261904239654541e-01 5.443582683801651001e-02 4.726598784327507019e-02 2.470604628324508667e-01 3.718326985836029053e-01 2.153102867305278778e-02 7.514416575431823730e-01 4.008531197905540466e-02 3.787569105625152588e-01 3.204313516616821289e-01 4.839945212006568909e-02 5.063074454665184021e-02 2.078695446252822876e-01 1.152417808771133423e-01 2.072226405143737793e-01 1.686769537627696991e-02
8.000355933290848043e-09 1.286318678239695146e-07 1.959831630315989059e-09 1.471520683082871983e-09 2.923846058547496796e-02 9.999996423721313477e-01 2.168647333746775985e-04 3.043583995943066611e-10 1.274627540260553360e-02 3.753112396225333214e-04 6.780766811757821255e-13 4.292017547413706779e-05 6.636794864789408166e-07 1.011211891999153067e-09 2.717763436521636322e-07 1.545269915368407965e-04 1.517807035611440369e-08 2.352684077777666971e-06 8.024923590710386634e-05
4.519816138781607151e-05 1.033368404023349285e-03 9.998624324798583984e-01 3.306248981971293688e-04 2.982762453029863536e-05 8.963883854448795319e-03 9.662584066390991211e-01 7.142524700611829758e-03 4.626067280769348145e-01 1.651466736802831292e-04 2.478257783877779730e-06 3.331072002765722573e-05 5.291641573421657085e-04 1.063278294168412685e-03 4.950731527060270309e-03 6.754616624675691128e-04 1.198067218065261841e-01 1.197178731672465801e-03 1.240362599492073059e-01
1.850499957799911499e-01 3.432657122611999512e-01 9.703511595726013184e-01 2.715746164321899414e-01 5.076250061392784119e-02 1.283108070492744446e-02 5.101776123046875000e-01 5.258289575576782227e-01 5.558243021368980408e-02 9.037785977125167847e-02 2.564582601189613342e-02 5.145445838570594788e-02 2.486843913793563843e-01 3.660335838794708252e-01 1.748742461204528809e-01 1.740547567605972290e-01 4.033530652523040771e-01 1.030023321509361267e-01 6.930404901504516602e-02
1.750006806105375290e-03 4.692494869232177734e-01 2.147588702428038232e-06 8.115943074226379395e-01 5.690217221854254603e-06 1.662827116888365708e-06 6.680740043520927429e-03 5.379990339279174805e-01 1.321620146654822747e-07 6.902503222227096558e-02 1.442566485820861999e-06 5.595605762209743261e-05 1.111069135367870331e-02 9.898616075515747070e-01 9.563973435433581471e-05 3.824251005426049232e-03 6.457759533077478409e-03 2.708499878644943237e-02 3.679173588011508400e-08
1.397818094119429588e-03 5.012494698166847229e-02 6.979951283625496217e-09 6.682416200637817383e-01 3.321708064163431118e-08 1.797812956283451058e-07 7.706176984356716275e-05 3.148417174816131592e-01 4.852447263448134152e-11 9.964855909347534180e-01 1.649369352207941120e-07 1.338155241683125496e-03 1.342716813087463379e-02 1.172542721033096313e-01 1.014032363855221774e-06 1.795503892935812473e-03 1.532283204142004251e-04 3.406575694680213928e-02 3.118751368269556679e-10
2.319073863327503204e-02 1.535884290933609009e-02 3.827822394669055939e-03 3.546061739325523376e-02 8.466529101133346558e-02 2.159132622182369232e-03 8.198168873786926270e-01 6.469879299402236938e-02 3.654303401708602905e-02 7.621457427740097046e-02 2.771571744233369827e-03 3.497481942176818848e-01 8.780556917190551758e-02 6.111886817961931229e-03 9.702371433377265930e-03 1.770900338888168335e-01 1.403772681951522827e-01 3.892396017909049988e-02 1.160965580493211746e-02
1.405178476125001907e-02 3.055901080369949341e-02 3.007322549819946289e-02 7.988206110894680023e-03 5.944416299462318420e-02 9.640185832977294922e-01 7.939682900905609131e-02 5.024900659918785095e-03 3.156976997852325439e-01 2.329831570386886597e-02 1.265971106477081776e-03 2.455077506601810455e-02 1.633976027369499207e-02 1.247240230441093445e-02 8.084966987371444702e-02 1.582066342234611511e-02 1.601333916187286377e-02 4.780237749218940735e-02 2.723468542098999023e-01
1.882645534351468086e-03 4.405704326927661896e-03 1.209601759910583496e-03 3.845908492803573608e-02 2.484804764389991760e-02 4.386725777294486761e-04 9.222871065139770508e-01 1.463500559329986572e-01 8.337560109794139862e-03 1.169185414910316467e-01 1.699361135251820087e-03 3.183320462703704834e-01 8.750858902931213379e-02 8.296073414385318756e-03 2.140177413821220398e-02 2.344690263271331787e-01 4.644859135150909424e-01 2.981013432145118713e-02 5.240362603217363358e-03
4.242778128826785178e-09 4.949977778778702486e-07 1.323239331441072864e-07 7.507468535727923609e-10 1.045835670083761215e-04 1.000000000000000000e+00 1.376498858007835224e-06 4.636828247750468535e-12 6.338500976562500000e-02 7.376113586587962345e-08 9.019553089432627568e-14 4.282978949277094216e-08 7.634386456345509941e-09 3.393353154024225660e-08 1.387769134453264996e-05 7.142318736441666260e-08 9.301344583434456581e-09 5.091209004604024813e-06 3.584210202097892761e-02
1.080355420708656311e-02 1.612996682524681091e-02 4.393933806568384171e-03 6.789745297282934189e-03 2.067563533782958984e-01 9.706555604934692383e-01 9.359072148799896240e-02 3.318697214126586914e-03 2.159168273210525513e-01 6.758464872837066650e-02 6.349781760945916176e-04 5.165118724107742310e-02 2.017183229327201843e-02 3.737170016393065453e-03 2.441729046404361725e-02 4.550529643893241882e-02 7.986166514456272125e-03 3.046738542616367340e-02 8.072481304407119751e-02
6.589462161064147949e-01 2.066088654100894928e-02 7.895066289620444877e-08 3.301630158603074960e-06 1.170754185295663774e-04 2.650884016475174576e-05 9.106925725936889648e-01 2.042144842562265694e-05 5.997298955917358398e-01 1.680636050878092647e-04 6.275974010350182652e-05 5.207669734954833984e-02 1.559957454446703196e-04 2.244733963152611977e-07 2.909249019467097241e-07 1.929684185597579926e-05 1.255289535038173199e-03 2.523355033190455288e-05 8.912588953971862793e-01
1.793086390478038084e-08 1.013130412896856569e-10 7.612235466137643966e-18 2.425276424133926412e-09 8.531750950169225689e-08 1.017563810989940976e-09 1.162851331173442304e-04 1.294193316425662488e-05 8.712491448778503234e-13 1.000000000000000000e+00 3.269840182038713516e-13 8.293904662132263184e-01 8.908309609978459775e-06 1.827935216657406575e-16 1.330681577297113116e-13 2.552866376936435699e-02 3.416179694681886758e-08 2.187922234497818863e-07 4.708088641711995204e-15
1.234142255270853639e-04 1.478200374549487606e-06 4.304110678976513782e-10 6.723436672473326325e-05 7.969411462545394897e-02 3.410781937418505549e-05 1.776918619871139526e-01 1.140811436926014721e-04 2.075882548524532467e-06 9.959851503372192383e-01 3.789416780364263104e-08 9.759839177131652832e-01 7.213272619992494583e-04 3.152959227037399614e-09 4.848319434813674889e-08 3.738296926021575928e-01 9.812092321226373315e-05 1.181881380034610629e-04 5.425842886097598239e-08
1.413970603607594967e-04 7.847967935958877206e-06 6.220122031663777307e-06 2.288784645497798920e-02 4.209571182727813721e-01 1.224707557412330061e-05 9.593653082847595215e-01 5.517306271940469742e-04 7.602814584970474243e-04 2.177483169361948967e-03 2.969432671307004057e-06 7.968229651451110840e-01 2.466928912326693535e-03 4.788702790392562747e-05 1.390977267874404788e-04 4.351823329925537109e-01 1.032213643193244934e-01 3.125110641121864319e-02 4.780088420375250280e-05
5.636538480757735670e-05 3.059050612819191883e-08 8.759493130838791330e-10 1.385817653499543667e-03 7.161319851875305176e-01 1.073583007382694632e-06 7.582325935363769531e-01 6.173323981784051284e-06 5.161789886187762022e-06 3.952695801854133606e-02 1.926472092961262206e-09 9.953643083572387695e-01 1.175202487502247095e-04 3.775824097829172388e-08 7.617430242135014851e-08 6.579401493072509766e-01 2.280065789818763733e-03 3.929492086172103882e-03 3.774369261577703583e-08
1.029663011431694031e-01 6.432499289512634277e-01 3.244712161176721565e-07 9.999674558639526367e-01 7.839264435460790992e-05 8.534420459227476385e-08 5.784489330835640430e-04 3.273191675543785095e-02 2.305464903429310652e-07 2.915164077421650290e-05 5.469302777783013880e-06 4.813499003830656875e-07 2.751067047938704491e-03 9.158253669738769531e-01 2.033754071817384101e-06 4.882981884293258190e-04 3.594483423512428999e-04 7.413157436531037092e-05 1.037327734820792102e-07
3.545306324958801270e-01 7.471301406621932983e-02 2.186236344277858734e-02 9.999060630798339844e-01 4.483471065759658813e-02 1.699492335319519043e-03 3.283296711742877960e-03 8.146595209836959839e-03 3.906407509930431843e-04 1.702608307823538780e-03 2.307028480572625995e-04 2.884155546780675650e-04 1.961393468081951141e-02 2.074630260467529297e-01 3.854400478303432465e-03 3.241822868585586548e-02 2.481664065271615982e-03 1.338953967206180096e-03 1.465440145693719387e-04
8.539025783538818359e-01 8.827138543128967285e-01 4.093023017048835754e-03 9.110253304243087769e-02 4.891202319413423538e-03 3.184576635248959064e-04 1.491099745035171509e-01 6.732481718063354492e-01 1.519423630088567734e-02 7.437216583639383316e-03 2.688461542129516602e-02 3.718438372015953064e-02 2.528180181980133057e-01 9.259332716464996338e-02 3.847433254122734070e-04 3.045361302793025970e-02 3.952765464782714844e-02 2.807233296334743500e-02 1.435367390513420105e-03
8.918746113777160645e-01 7.305751089006662369e-03 2.392086389590986073e-05 1.303912550210952759e-01 8.960132002830505371e-01 2.798888817778788507e-05 5.204594731330871582e-01 3.138398751616477966e-04 8.447373402304947376e-04 2.335596800548955798e-04 1.083433962776325643e-04 7.434843182563781738e-01 1.117476378567516804e-03 9.236641926690936089e-05 5.608379433397203684e-05 1.401812881231307983e-01 1.845188625156879425e-02 1.439238199964165688e-03 5.797323319711722434e-05
8.754920959472656250e-01 8.477007150650024414e-01 2.211847458966076374e-05 9.868864417076110840e-01 5.396972410380840302e-03 4.351132702140603215e-06 8.123706094920635223e-03 1.811329126358032227e-01 1.187597736134193838e-04 5.024183192290365696e-04 8.915532380342483521e-03 1.520519261248409748e-03 2.206449210643768311e-02 1.609126925468444824e-01 7.435065981553634629e-06 7.361531723290681839e-03 3.090028185397386551e-03 1.990942546399310231e-04 2.092352769977878779e-05
4.346171319484710693e-01 8.130787173286080360e-04 7.545124390162527561e-06 9.832831621170043945e-01 6.848862767219543457e-01 4.331889504101127386e-04 3.741837143898010254e-01 3.894024412147700787e-04 1.357876579277217388e-03 4.899493651464581490e-04 2.959607445518486202e-05 1.134919077157974243e-01 1.456824480555951595e-03 2.603583852760493755e-04 1.554251648485660553e-02 4.873505234718322754e-02 1.428612768650054932e-01 4.845109069719910622e-04 2.697967101994436234e-05
3.857421129941940308e-02 6.743329763412475586e-01 9.543234109878540039e-01 1.821385174989700317e-01 3.433950012549757957e-03 1.808809489011764526e-02 1.388835757970809937e-01 3.288331627845764160e-01 1.046394696459174156e-03 6.645382847636938095e-03 2.726864768192172050e-03 1.337964204140007496e-03 3.005190193653106689e-02 9.237290620803833008e-01 2.841114066541194916e-02 2.266845293343067169e-02 9.347134269773960114e-03 1.946210116147994995e-02 7.257183315232396126e-04
9.936170578002929688e-01 2.616015672683715820e-01 9.997909665107727051e-01 4.043169028591364622e-04 3.101039305329322815e-02 4.070619183949020226e-07 3.877460956573486328e-02 6.152624264359474182e-02 1.232607246492989361e-05 4.183974117040634155e-03 1.468670234316959977e-05 2.282230406999588013e-01 8.146270513534545898e-01 1.355254440568387508e-03 4.961291892868757714e-07 1.260379422456026077e-02 6.527888472191989422e-04 9.417902765562757850e-05 1.198301324620842934e-03
4.934678375720977783e-01 1.807555407285690308e-01 9.035341739654541016e-01 1.443312689661979675e-02 1.164115667343139648e-01 3.078564535826444626e-03 5.265817046165466309e-01 1.688572168350219727e-01 4.900085553526878357e-02 1.651974767446517944e-01 9.063603356480598450e-03 3.515065908432006836e-01 4.333692491054534912e-01 7.388937752693891525e-03 2.069595269858837128e-03 1.321074515581130981e-01 6.461651623249053955e-02 6.924757268279790878e-03 9.309662878513336182e-02
1.158373779617249966e-03 8.758548210607841611e-05 1.110695464490163431e-07 4.171914770267903805e-04 5.737721803598105907e-04 1.601385010872036219e-04 9.972383268177509308e-03 8.700619451701641083e-03 2.516168251531780697e-06 9.998393058776855469e-01 4.689062279794597998e-06 5.301981568336486816e-01 8.076154626905918121e-03 2.547403994412889006e-07 3.484210992610314861e-06 8.908445388078689575e-02 3.328500897623598576e-04 1.334314467385411263e-03 3.680539748529554345e-07
3.553816080093383789e-01 1.326906203757971525e-04 5.908383116093318677e-09 3.343825255797128193e-06 4.733088612556457520e-01 2.118833464237468434e-08 3.171207606792449951e-01 2.250900797662325203e-05 9.500174201093614101e-06 8.523887023329734802e-03 1.590181568644766230e-07 9.921646118164062500e-01 8.685591630637645721e-03 1.702929131042196786e-09 1.604742727590036111e-11 8.310920745134353638e-02 1.476070065109524876e-05 3.144974471069872379e-06 8.918959792936220765e-07
7.488452196121215820e-01 4.732097964733839035e-03 8.533000972477111645e-09 2.431928351143142208e-06 4.168019164353609085e-03 3.408816269256931264e-07 7.382570207118988037e-02 6.529132951982319355e-04 5.843691542395390570e-05 6.587477922439575195e-01 9.060172487806994468e-06 8.159672021865844727e-01 4.583728313446044922e-01 1.119256243242716664e-09 2.315631020266550877e-10 1.548997126519680023e-02 6.101699909777380526e-06 2.010201205848716199e-05 2.190058148698881269e-04
2.313253283500671387e-01 3.543657809495925903e-02 1.371695543639361858e-05 5.104188993573188782e-02 5.831650923937559128e-05 8.208690269384533167e-05 1.236244803294539452e-03 9.732802212238311768e-02 6.596071102649148088e-07 9.928221106529235840e-01 5.692897320841439068e-05 1.987721621990203857e-01 3.606079518795013428e-01 2.314508456038311124e-04 1.334984699496999383e-05 2.139530330896377563e-02 2.864228445105254650e-04 6.214050203561782837e-02 8.567767508793622255e-06
1.908328756690025330e-02 4.801442264579236507e-05 3.324909414459398249e-08 1.139284177043009549e-05 4.784255921840667725e-01 1.043564566316490527e-06 5.436226129531860352e-01 6.271612073760479689e-05 1.028350452543236315e-04 2.827900275588035583e-02 7.755374440421292093e-07 9.892702102661132812e-01 1.048029027879238129e-02 1.378709146848677847e-08 1.520640280361362784e-09 2.334180623292922974e-01 1.781549071893095970e-04 3.299122909083962440e-05 5.233004685578634962e-06
7.170419848989695311e-05 9.742850970440031233e-10 1.381374669599116922e-13 5.330907151801511645e-05 9.805934429168701172e-01 6.193416890454273016e-10 9.861791133880615234e-01 4.811382958713750213e-10 3.555641887942329049e-05 1.949650823007686995e-07 4.310549486796766416e-11 9.932659864425659180e-01 2.538816090691398131e-07 1.217970082428854184e-11 1.948767119896999134e-10 2.880604267120361328e-01 2.285491791553795338e-04 8.539078407920897007e-06 6.229115001588070299e-09
6.448671221733093262e-02 8.950420469045639038e-02 1.689298951532691717e-04 2.101971302181482315e-03 8.253225125372409821e-03 1.270280190510675311e-04 9.814881086349487305e-01 2.196415141224861145e-02 4.955678582191467285e-01 5.945541779510676861e-04 1.128374263644218445e-01 8.285892009735107422e-02 6.617081817239522934e-03 2.304318360984325409e-03 7.345819380134344101e-03 8.810229599475860596e-03 5.401843190193176270e-01 3.692749422043561935e-03 4.695702791213989258e-01
1.048195394820787205e-14 6.482080150416180686e-11 1.846738951039758017e-17 3.372089413460344076e-04 2.006469799198384862e-07 4.749901361122965682e-09 1.000000000000000000e+00 9.025989955446789281e-10 2.955602030851878226e-05 1.614548772455037806e-11 1.379917806811157416e-14 7.003568391894532397e-09 2.685362154863923934e-08 1.274947635465650819e-06 9.657820191932842135e-05 1.305555542785441503e-06 3.820747660938650370e-04 1.546881378544640029e-08 2.838758117462703012e-09
8.125843886652717174e-10 1.414060193383193109e-07 9.683002663574136193e-12 1.250166166573762894e-02 3.157472747261635959e-05 4.923059009342978243e-07 9.999897480010986328e-01 1.836215915318462066e-06 5.743499496020376682e-04 1.466411561068525771e-07 1.136205574070459079e-09 8.111655006359796971e-06 9.632374712964519858e-06 6.817504618084058166e-05 1.631587743759155273e-03 2.086864114971831441e-04 1.152545958757400513e-02 6.952727744646836072e-06 1.304984266425890382e-06
2.914110975910013529e-15 4.300668328405254925e-12 1.471572275060765120e-19 1.019919582176953554e-04 2.674873087471496547e-07 2.410857902201968272e-10 1.000000000000000000e+00 1.767296448074162640e-10 6.790250495214422699e-07 9.444135057323777005e-11 1.555211783465203224e-16 5.540535852333050570e-08 3.443656027002361952e-08 1.776185953872300161e-08 5.225215772952651605e-06 2.086578660964732990e-06 2.488027967046946287e-04 8.917006577568997727e-10 6.275174824210694169e-11
5.841026450070785359e-06 1.743241227813996375e-05 7.449293804029366584e-08 1.905522122979164124e-02 9.273640811443328857e-03 2.186965502914972603e-05 9.991288781166076660e-01 7.664900476811453700e-05 3.164101392030715942e-03 2.780632712529040873e-05 2.240713143919492722e-07 5.265046376734972000e-03 8.313020225614309311e-04 2.456290530972182751e-04 4.825350362807512283e-03 7.804684806615114212e-03 3.251193836331367493e-02 1.186985173262655735e-04 3.779917096835561097e-05
6.013024034245972871e-08 7.816230063326656818e-04 1.996597678854961089e-11 9.999066591262817383e-01 4.352330620349675883e-07 1.691338909204365137e-11 9.929546713829040527e-01 6.353036587825044990e-05 9.082166943699121475e-04 1.617651346208504037e-09 6.505057967842731159e-07 3.981646401474137065e-10 4.097908004041528329e-07 3.692039102315902710e-02 4.176435140834655613e-06 3.444167305133305490e-06 1.224042754620313644e-02 2.399165033306616124e-10 1.687644157755130436e-07
1.659455447224900126e-04 2.254283428192138672e-02 8.295515726786106825e-06 7.716543972492218018e-02 1.720569445751607418e-03 2.598210121504962444e-04 9.959342479705810547e-01 5.989166442304849625e-03 1.412368118762969971e-01 1.354140840703621507e-04 1.230999478138983250e-03 1.362721086479723454e-03 1.660924986936151981e-03 8.060403913259506226e-02 1.806878484785556793e-02 6.570969242602586746e-03 5.281064659357070923e-02 1.750780851580202579e-03 5.012298468500375748e-03
2.012943241425091401e-06 3.147110874124336988e-06 7.975607445587229449e-07 1.975132850930094719e-03 2.572466910351067781e-04 1.058695579558843747e-05 9.358567595481872559e-01 3.003357537090778351e-02 1.902837357192765921e-05 8.823027610778808594e-01 9.856066753854975104e-07 4.188385009765625000e-01 6.233766674995422363e-03 1.392243211739696562e-05 8.018050575628876686e-04 1.667605042457580566e-01 1.597590744495391846e-01 4.195823334157466888e-03 5.087718818685971200e-06
7.266426458954811096e-03 8.308446849696338177e-04 3.904292043444002047e-06 3.621582174673676491e-03 4.872504214290529490e-04 4.921659128740429878e-04 6.581167690455913544e-03 3.021739423274993896e-02 5.378278729040175676e-06 9.994781613349914551e-01 5.369386417442001402e-05 3.616336584091186523e-01 2.362207509577274323e-02 8.411546332354191691e-06 4.977070057066157460e-05 7.055901736021041870e-02 1.118101528845727444e-03 6.292313337326049805e-03 1.777879333531018347e-06
3.084706549998372793e-04 2.655273419804871082e-04 2.941672619272139855e-06 1.515230163931846619e-03 2.086533000692725182e-03 9.255351324100047350e-05 1.915335357189178467e-01 5.525084584951400757e-02 5.040496762376278639e-05 9.950919151306152344e-01 4.202780837658792734e-05 7.368478775024414062e-01 9.635622613131999969e-03 2.134395435859914869e-05 1.219054174725897610e-04 3.187337219715118408e-01 1.861395686864852905e-02 7.049959618598222733e-03 8.650263225717935711e-06
4.618944515755174507e-08 8.723846077919006348e-01 1.838669660969571851e-09 5.442665815353393555e-01 3.246487714075874109e-12 7.801806076179751415e-12 7.008838057518005371e-01 5.985016003251075745e-02 4.555649635307190692e-09 1.190526677241621201e-09 7.538304980236887332e-10 9.063775121068151641e-13 3.739644682809739606e-07 9.999750852584838867e-01 4.419760557539120782e-08 1.999602545765810646e-07 3.974349237978458405e-03 3.042062962776981294e-05 1.722986879039434260e-12
2.683596685528755188e-02 2.835231134667992592e-03 6.313460744422627613e-06 1.136803417466580868e-03 2.340033650398254395e-01 1.140015432611107826e-03 9.711602926254272461e-01 1.398351450916379690e-04 5.501407980918884277e-01 3.891328233294188976e-04 1.748762791976332664e-03 4.963397979736328125e-01 1.712503610178828239e-03 1.131583994720131159e-04 9.926150087267160416e-04 3.941949084401130676e-02 1.226313039660453796e-02 2.788493642583489418e-03 8.552456647157669067e-02
1.745480485260486603e-02 9.654261916875839233e-02 8.378901839023455977e-08 4.682801663875579834e-01 1.463775021193214343e-07 5.281715971250378061e-07 1.113026082748547196e-04 2.835166454315185547e-01 4.016098842374304922e-10 9.934136271476745605e-01 3.925454166164854541e-07 7.382156327366828918e-03 8.068241178989410400e-02 2.774349600076675415e-02 8.340464319189777598e-07 2.762077841907739639e-03 1.149375384557060897e-04 6.736271083354949951e-02 6.294000876039262948e-09
2.941950327794984332e-08 5.269497727056204894e-09 4.109014005990453673e-19 9.987977743148803711e-01 1.468797326087951660e-01 5.655092838452446813e-09 9.999400377273559570e-01 3.008483870012290673e-12 4.075124487280845642e-02 7.356747589587486758e-13 1.826314433017728334e-09 2.029728420893661678e-05 3.126380820894780754e-10 1.056901410834143462e-08 5.640274139295797795e-06 1.237483578734099865e-03 1.466444791731191799e-05 7.591980932808439775e-10 1.945092620303512376e-08
8.323766815010458231e-05 1.657244865782558918e-05 2.343581861907750863e-08 2.353684249101206660e-04 1.867602841230109334e-04 8.019944289117120206e-06 1.709786988794803619e-02 9.691089391708374023e-03 2.881759542106010485e-07 9.998972415924072266e-01 8.044748938118573278e-07 7.207733988761901855e-01 2.084889682009816170e-03 2.375601297899265774e-07 2.895292709581553936e-06 1.821501702070236206e-01 9.982759365811944008e-04 1.324826269410550594e-03 4.291114663601547363e-08
3.168380935676395893e-04 1.300086296396329999e-04 2.704468613501376240e-07 6.980660557746887207e-02 3.209686875343322754e-01 3.226432483643293381e-03 9.920573830604553223e-01 3.397793261683546007e-05 3.126434385776519775e-01 7.237094541778787971e-05 1.288986677536740899e-04 1.050509437918663025e-01 4.019808256998658180e-04 2.193862019339576364e-04 7.637105882167816162e-03 8.802643418312072754e-02 5.653782282024621964e-03 7.564762141555547714e-03 2.259731059893965721e-03
3.245581865485291928e-07 3.023712338290351909e-07 1.070979485651157859e-10 8.906312700673879590e-07 9.325702558271586895e-04 2.432278165542811621e-07 8.968005776405334473e-01 1.019983203150331974e-03 3.789153424804680981e-06 9.086168408393859863e-01 6.196778912226363900e-08 9.619304537773132324e-01 3.102514194324612617e-03 1.329382937065304304e-09 1.339572541780853498e-08 4.791304469108581543e-01 1.976809697225689888e-03 4.619712490239180624e-05 3.567999158349266509e-07
6.993854384518272127e-08 1.068935162606976519e-09 1.110541780063867279e-13 4.818813067686278373e-06 3.252372443675994873e-01 4.923069951701108948e-09 9.989795088768005371e-01 7.800449175476842356e-09 2.680243778740987182e-05 3.179089162586024031e-06 7.165162213551568016e-11 9.282330274581909180e-01 1.687561416474636644e-05 8.772430004633235967e-11 5.987420337305593421e-09 1.783852726221084595e-01 3.720333625096827745e-04 7.181494652286346536e-07 2.663463760654849466e-08
5.493315256899222732e-05 1.896184320671068235e-10 2.591031103131297001e-17 3.872439151564321946e-07 9.895334839820861816e-01 8.733684331296842629e-10 9.991644620895385742e-01 7.427536369156509388e-14 6.972036510705947876e-02 2.341014014584086311e-11 8.421716796158662532e-11 9.293610453605651855e-01 1.532411864069160856e-09 1.255452718781219223e-13 1.096981533388330377e-10 1.406464632600545883e-02 2.304223698956775479e-06 3.182286789638055780e-08 6.154949687697808258e-07
4.067855030598366284e-08 3.430189681239426136e-04 2.205381433029174332e-09 8.741842582821846008e-03 1.695222294983977918e-06 3.180283783876802772e-06 9.999629259109497070e-01 1.615065266378223896e-04 1.439179573208093643e-02 4.682242504827627272e-08 2.807373675750568509e-07 1.840836318933725124e-07 1.231812802870990708e-05 1.219194903969764709e-01 4.636979661881923676e-03 1.511495884187752381e-05 1.801067590713500977e-02 2.742041760939173400e-05 3.661735900095663965e-05
1.365645942996707163e-07 7.346364782279124483e-06 2.651663862707209773e-06 1.859292865447059739e-06 2.079153546219458804e-06 5.675854481523856521e-05 9.997288584709167480e-01 1.102301175706088543e-04 8.881424665451049805e-01 1.289202714360726532e-06 1.369182336929952726e-05 7.731874211458489299e-05 1.293313653150107712e-05 1.542112440802156925e-04 8.565615280531346798e-04 5.402071838034316897e-05 6.324341148138046265e-02 3.060494549572467804e-02 3.792861700057983398e-01
1.488322553217993219e-19 8.217993063600026980e-17 3.170568253804623376e-24 3.741554050092077421e-13 1.233485818374902010e-06 5.601723770081063297e-18 1.000000000000000000e+00 1.467224996012927996e-12 5.705906858111120528e-09 1.026354348732105848e-10 1.417311113883058891e-17 1.330516189336776733e-01 2.189493955029320205e-07 1.611333010176720960e-16 3.669575426401387730e-14 1.853081770241260529e-02 2.561512519605457783e-05 1.387647158637705935e-12 7.492608963821645318e-13
1.402349025011062622e-02 3.569538937881588936e-03 6.240095535758882761e-05 5.798033438622951508e-03 2.107830345630645752e-02 8.952826261520385742e-03 1.855248808860778809e-01 5.134313926100730896e-02 1.864081365056335926e-03 9.831748604774475098e-01 8.518978720530867577e-04 5.596879124641418457e-01 6.730216741561889648e-02 5.679975220118649304e-05 5.424354458227753639e-04 2.000128179788589478e-01 8.618721738457679749e-03 1.162649318575859070e-02 4.791633982677012682e-04
7.541874423623085022e-03 1.294594909995794296e-02 9.178327745757997036e-04 6.901262328028678894e-03 4.392023384571075439e-02 3.062017820775508881e-02 8.741163611412048340e-01 5.717619508504867554e-02 7.422508299350738525e-02 2.438155859708786011e-01 4.618623293936252594e-03 2.973120510578155518e-01 1.568986624479293823e-01 2.319208113476634026e-03 1.115027908235788345e-02 1.585980653762817383e-01 6.710732728242874146e-02 2.204758860170841217e-02 3.242275863885879517e-02
1.016348687699064612e-04 9.583285418557352386e-07 1.532101390200324431e-10 4.577884683385491371e-04 3.983853012323379517e-02 5.765117239207029343e-04 3.114327192306518555e-01 3.095993088209070265e-05 2.456958100083284080e-06 9.951756000518798828e-01 6.293472853968751224e-09 8.954330086708068848e-01 1.040034578181803226e-03 1.072504973720356247e-09 9.906755167321534827e-07 1.161117777228355408e-01 6.954007403692230582e-05 5.316783062880858779e-05 4.242820494937404874e-08
6.654624342918395996e-01 6.777494400739669800e-02 7.374541163444519043e-01 8.040117099881172180e-03 3.699850440025329590e-01 1.336313580395653844e-04 3.089957833290100098e-01 7.100423425436019897e-02 9.427934419363737106e-04 8.872459083795547485e-02 1.607111655175685883e-03 7.263694405555725098e-01 3.796707689762115479e-01 1.752386568114161491e-03 7.176843064371496439e-05 1.841456443071365356e-01 1.228398084640502930e-02 5.193559452891349792e-03 1.711771008558571339e-03
1.927887201309204102e-01 1.928522717207670212e-03 3.699288981806603260e-06 3.983358910772949457e-04 1.474392192903906107e-04 4.020911546831484884e-06 1.052176463417708874e-03 1.248952280730009079e-02 3.063126428060058970e-07 9.953891038894653320e-01 1.194937340187607333e-05 4.068329930305480957e-01 6.306712627410888672e-01 2.410640149719256442e-07 1.005147964860952925e-07 3.615349158644676208e-02 1.425126811227528378e-05 6.755446549504995346e-03 2.868718183890450746e-06
1.045843077918107156e-06 5.410679460027267851e-09 7.004042172495872007e-15 1.707814618612246704e-07 2.568575574457554467e-08 1.189158727044059560e-08 6.940565072000026703e-06 6.426595791708678007e-05 3.864632951763175006e-13 1.000000000000000000e+00 1.007797144347843954e-11 4.045429825782775879e-01 5.447466173791326582e-05 6.071377667109245646e-14 8.549099796140158247e-12 7.096388377249240875e-03 5.267983382850616181e-08 1.846069835664820857e-06 1.111333654225596379e-14
1.068298239260911942e-02 4.631840565707534552e-04 3.071732180615072139e-06 1.521050813607871532e-03 1.020913041429594159e-04 1.099199434975162148e-04 1.911192550323903561e-03 2.334370836615562439e-02 5.420365596364717931e-07 9.997450709342956543e-01 2.318599763384554535e-05 2.946424186229705811e-01 3.182645887136459351e-02 1.924530351971043274e-06 7.868434295232873410e-06 4.269297420978546143e-02 2.806724514812231064e-04 5.525848828256130219e-03 4.779352593686780892e-07
6.289327051490545273e-03 1.152826822362840176e-03 6.533486157422885299e-06 3.273069392889738083e-03 1.297422032803297043e-02 1.629161299206316471e-03 1.010518446564674377e-01 2.844321541488170624e-02 2.269386168336495757e-04 9.939482212066650391e-01 1.471573195885866880e-04 6.519641876220703125e-01 2.879044599831104279e-02 1.571544089529197663e-05 1.124742993852123618e-04 2.127198278903961182e-01 4.663165658712387085e-03 6.747299339622259140e-03 3.999406544608063996e-05
9.069647639989852905e-03 1.081993686966598034e-04 1.103590238926699385e-05 9.995024204254150391e-01 1.996484026312828064e-02 1.251882016658782959e-01 2.799351699650287628e-02 4.550462472252547741e-04 1.700285240076482296e-03 4.942992236465215683e-04 3.107153361270320602e-07 4.629621980711817741e-05 1.632761792279779911e-03 5.126968026161193848e-04 5.142058059573173523e-02 4.203170828986912966e-04 1.402697805315256119e-02 1.367202028632164001e-03 7.983810974110383540e-06
7.227418571710586548e-02 1.047095247486140579e-05 7.482598540775597940e-09 2.680255565792322159e-04 9.111829400062561035e-01 1.069549924181956158e-07 4.585404098033905029e-01 6.006638614053372294e-06 2.867733201128430665e-06 5.614831577986478806e-03 1.168522967276430791e-08 9.953759908676147461e-01 5.149178323335945606e-04 1.426369955481732177e-08 7.094790310802068234e-10 3.152718245983123779e-01 1.602646952960640192e-04 6.474718247773125768e-05 5.281303216975175019e-08
9.860994666814804077e-02 2.011180389672517776e-03 1.047502701112534851e-05 7.583820261061191559e-04 2.504977455828338861e-04 2.521267197153065354e-05 2.347156405448913574e-03 2.055473253130912781e-02 1.082667949958704412e-06 9.969303011894226074e-01 3.111105252173729241e-05 3.951690793037414551e-01 3.583504855632781982e-01 1.077035904017975554e-06 9.549847845846670680e-07 5.024318769574165344e-02 8.351252472493797541e-05 9.108380414545536041e-03 5.659595899487612769e-06
2.532989924475259613e-07 3.089761432817361708e-11 1.277854571831750496e-14 4.264417796662200999e-08 4.808215498924255371e-01 1.337037858206713281e-08 7.957732081413269043e-01 1.698955642837063351e-08 1.096403607903084776e-07 2.089461088180541992e-01 1.129699524031468894e-12 9.997556805610656738e-01 3.023140561708714813e-05 6.582013851053752918e-14 3.812948763150247888e-13 7.123165130615234375e-01 5.050191703048767522e-06 1.802849965315544978e-06 7.230979703898299249e-11
5.292211113783196197e-09 2.473326543572795799e-10 2.226921252172602684e-17 4.594353716913524011e-11 1.449538922315696254e-05 6.722679302129108692e-08 2.489327937364578247e-01 3.562308165783178993e-06 1.881135780479326058e-08 9.999856948852539062e-01 8.780493693238966557e-12 9.698108434677124023e-01 6.369925540639087558e-05 9.849993280643058844e-17 4.667284692950503244e-14 1.205647811293601990e-01 1.927526511735777603e-07 2.770319085243500012e-08 1.791197745681927245e-10
2.583542373031377792e-04 3.686968120746314526e-04 5.104754663420862926e-08 2.482584568497259170e-05 9.490562602877616882e-03 1.386598218232393265e-02 5.662008523941040039e-01 3.461508080363273621e-03 1.512895920313894749e-03 9.643092155456542969e-01 1.528468237665947527e-05 5.909870862960815430e-01 2.394641563296318054e-02 2.641111791490402538e-07 4.365501808933913708e-06 1.594737917184829712e-01 5.681349430233240128e-04 2.883743145503103733e-04 3.064770426135510206e-04
1.921210059663280845e-05 4.003208857739082305e-07 3.228582969006486836e-14 5.606358172371983528e-05 2.283751937559586054e-10 1.354016632149068755e-08 1.235176938507720479e-07 4.458038310986012220e-04 3.957053326501813739e-15 1.000000000000000000e+00 6.905918892297080447e-11 5.281228199601173401e-02 1.888717961264774203e-04 2.920064884337492117e-11 6.803976826397217792e-11 6.873174570500850677e-04 6.257495499539800221e-08 1.688881638983730227e-05 3.554841849080477359e-15
5.041607022285461426e-01 1.015458605252206326e-03 7.146270775137963938e-08 9.173627477139234543e-04 5.576770901679992676e-01 4.756803093641792657e-07 1.572365164756774902e-01 3.332679625600576401e-04 7.402689789159921929e-06 8.475422859191894531e-02 7.426154979839338921e-07 9.757553935050964355e-01 1.430505048483610153e-02 1.738624035851898952e-07 5.911257261459468282e-09 1.328042149543762207e-01 1.551629102323204279e-04 1.139057058026082814e-04 7.793245231368928216e-07
1.895787194371223450e-03 6.739746313542127609e-04 8.100702189040021040e-07 3.676007036119699478e-03 5.224799970164895058e-04 1.280117285205051303e-04 1.726858876645565033e-02 3.416600078344345093e-02 3.977342657890403643e-06 9.993894100189208984e-01 2.539912384236231446e-05 5.222951769828796387e-01 1.344283018261194229e-02 1.129739212046843022e-05 3.765636938624083996e-05 1.328811794519424438e-01 2.672697184607386589e-03 5.794106516987085342e-03 1.239529296981345396e-06
6.027478724718093872e-02 1.719269319437444210e-03 9.159219189314171672e-06 1.449857954867184162e-03 1.399944303557276726e-04 4.573654950945638120e-05 1.840276061557233334e-03 2.641920186579227448e-02 5.942210918874479830e-07 9.987258315086364746e-01 3.635018947534263134e-05 3.266778886318206787e-01 1.857238411903381348e-01 2.224048785137711093e-06 2.065522949123987928e-06 4.273276776075363159e-02 1.313892571488395333e-04 9.840108454227447510e-03 2.669783725650631823e-06
2.392943799495697021e-01 3.643115269369445741e-05 2.555112343927135043e-09 2.701711840927600861e-03 9.574475884437561035e-01 1.140217023021250498e-06 9.450252056121826172e-01 1.086154739482481091e-07 3.204201534390449524e-02 5.766764274994784500e-07 6.810810191382188350e-06 8.311685919761657715e-01 4.935172000841703266e-06 9.297712466604934889e-08 2.191220346503541805e-06 5.515394359827041626e-02 1.836714684031903744e-03 3.751715121325105429e-05 1.283232559217140079e-04
1.112789730541408062e-03 2.489126345608383417e-04 9.914234766483787098e-08 1.118615364248398691e-05 8.155515417456626892e-03 3.486829111352562904e-03 6.109808683395385742e-01 2.398788463324308395e-03 3.441770561039447784e-03 9.422832727432250977e-01 3.422211375436745584e-05 6.486412882804870605e-01 6.563965976238250732e-02 6.976387822987817344e-08 1.838362436501483899e-06 1.259297430515289307e-01 3.565157530829310417e-04 2.863431291189044714e-04 1.192321535199880600e-03
1.616697642020881176e-03 7.265573949553072453e-04 1.034289562085177749e-05 4.661753773689270020e-03 9.533456526696681976e-03 3.346114535816013813e-04 1.829355955123901367e-01 4.875478520989418030e-02 1.123925030697137117e-04 9.897291660308837891e-01 9.522603068035095930e-05 7.521322965621948242e-01 1.695828512310981750e-02 6.246865086723119020e-05 2.349500573473051190e-04 3.244313001632690430e-01 1.818308047950267792e-02 1.043150201439857483e-02 2.395979026914574206e-05
2.003874443471431732e-02 1.564077846705913544e-02 5.857788491994142532e-04 7.881877012550830841e-03 4.898172989487648010e-02 1.390571892261505127e-02 5.720124244689941406e-01 1.157315373420715332e-01 2.406719513237476349e-02 8.203863501548767090e-01 6.538722664117813110e-03 5.798860192298889160e-01 1.689207404851913452e-01 5.869169253855943680e-04 2.404365688562393188e-03 2.885338068008422852e-01 4.727175086736679077e-02 2.338863722980022430e-02 1.074522919952869415e-02
7.032176654320210218e-05 7.674115477129817009e-05 1.830025979643323808e-07 1.166867805295623839e-04 1.273874309845268726e-03 5.373612657422199845e-05 3.639115393161773682e-01 2.738718874752521515e-02 9.290287562180310488e-05 9.940926432609558105e-01 1.725558104226365685e-05 7.727699875831604004e-01 9.268928319215774536e-03 9.179656785818224307e-07 7.859007382648997009e-06 2.962772846221923828e-01 7.770812138915061951e-03 1.380688627250492573e-03 1.080776382877957076e-05
5.686116637662053108e-04 3.139074833597987890e-04 2.266934825456701219e-05 2.113337395712733269e-04 2.196557447314262390e-02 7.013153517618775368e-04 6.129741668701171875e-01 2.699129283428192139e-02 9.087451035156846046e-04 9.069439768791198730e-01 9.338124800706282258e-05 8.220661282539367676e-01 5.097808688879013062e-02 5.978691660857293755e-06 2.497134846635162830e-05 3.699271082878112793e-01 1.027184072881937027e-02 1.719770021736621857e-03 2.179729490308091044e-04
2.186312805861234665e-03 4.480293020606040955e-03 6.934491102583706379e-04 5.373829510062932968e-03 4.553499072790145874e-02 1.069640857167541981e-03 8.621073365211486816e-01 7.914937287569046021e-02 1.122525241225957870e-02 2.770580053329467773e-01 2.082350431010127068e-03 6.293120980262756348e-01 1.545073390007019043e-01 7.057226030156016350e-04 1.926237717270851135e-03 3.587882518768310547e-01 1.279921531677246094e-01 1.123711932450532913e-02 4.443881567567586899e-03
2.597321057692170143e-03 7.426253432640805840e-05 9.220325836167830857e-08 4.563200636766850948e-04 1.125927519751712680e-05 1.863037687144242227e-05 3.616227768361568451e-04 9.388442151248455048e-03 1.892305867556842713e-08 9.999763965606689453e-01 1.806021600714302622e-06 2.430039793252944946e-01 1.022741384804248810e-02 1.249866699026824790e-07 7.574341793770145159e-07 2.183145843446254730e-02 5.322515789885073900e-05 1.549736945889890194e-03 1.195471810433446080e-08
3.959064088121522218e-06 7.042335710139013827e-06 2.751359418073917595e-10 3.103765493506216444e-07 4.634757060557603836e-04 4.511492443270981312e-05 8.915087580680847168e-01 1.551921595819294453e-03 2.531083300709724426e-04 9.712017178535461426e-01 1.717588361316302326e-06 7.583676576614379883e-01 1.708363555371761322e-02 1.703962415611215420e-09 4.306282974653186102e-08 1.862686425447463989e-01 3.311500768177211285e-04 2.697598938539158553e-05 5.464901914820075035e-05
4.062854350195266306e-05 1.363401452181278728e-06 8.084623942528068596e-11 3.255897581766475923e-06 1.981985551537945867e-04 2.903505628637503833e-05 1.438201777637004852e-02 6.819788250140845776e-04 6.943504899936669972e-07 9.999743700027465820e-01 8.530173545295838267e-08 7.099763751029968262e-01 1.789973583072423935e-03 1.077408717797823101e-10 1.508807301320302940e-08 7.795936614274978638e-02 1.506637272541411221e-05 4.507682751864194870e-05 2.611872496061096172e-08
1.390906143933534622e-02 2.902568317949771881e-03 5.264017090667039156e-05 6.752475164830684662e-03 4.872029647231101990e-03 6.346445297822356224e-04 6.899265944957733154e-02 7.585866004228591919e-02 9.840718848863616586e-05 9.915695786476135254e-01 3.602083306759595871e-04 5.543641448020935059e-01 6.741607189178466797e-02 7.965827535372227430e-05 2.631963870953768492e-04 2.069212198257446289e-01 1.100415270775556564e-02 2.492346428334712982e-02 5.543455699807964265e-05
1.315450202673673630e-02 3.468024777248501778e-03 6.229773134691640735e-05 5.239350721240043640e-03 2.036188915371894836e-02 6.464031990617513657e-03 1.755326241254806519e-01 5.507740005850791931e-02 1.689852098934352398e-03 9.836417436599731445e-01 8.553388179279863834e-04 5.730039477348327637e-01 6.603551656007766724e-02 5.790510476799681783e-05 4.719727148767560720e-04 2.152360230684280396e-01 9.310127235949039459e-03 1.303280051797628403e-02 4.202381533104926348e-04
1.932691957335919142e-04 1.696277649898547679e-05 1.909563396296221072e-09 2.280569424328859895e-05 7.185503491200506687e-04 1.169657334685325623e-04 4.193076863884925842e-02 2.644584048539400101e-03 8.153988346748519689e-06 9.997726082801818848e-01 1.462437126065196935e-06 6.795499324798583984e-01 5.682443268597126007e-03 4.464085545663465382e-09 2.270181056474029901e-07 1.038248017430305481e-01 1.156702492153272033e-04 1.790260866982862353e-04 5.480578693095594645e-07
1.098481118679046631e-01 1.521785743534564972e-02 1.990492137338151224e-06 5.922729969024658203e-01 6.300820037722587585e-03 3.281515964772552252e-04 3.569981828331947327e-02 2.215185947716236115e-02 1.818875171011313796e-05 9.689977765083312988e-01 3.799385376623831689e-05 2.512351274490356445e-01 8.113180100917816162e-02 1.090121295419521630e-04 2.309486735612154007e-04 2.702992223203182220e-02 4.688968881964683533e-03 1.876613125205039978e-03 5.807516572531312704e-06
2.320460788905620575e-02 2.866965532302856445e-02 1.482768084315466695e-06 9.238210320472717285e-01 3.000544711539987475e-05 6.393154035322368145e-05 4.661632701754570007e-04 1.025757342576980591e-01 2.030511936368384340e-08 9.946004152297973633e-01 4.090597030881326646e-06 1.336355134844779968e-02 5.129886418581008911e-02 1.028925739228725433e-02 9.844021406024694443e-05 3.929171245545148849e-03 1.111428369767963886e-03 2.431540936231613159e-02 2.924266340187386959e-08
7.827905006706714630e-03 1.113241314888000488e-01 2.554395468905568123e-04 6.924407929182052612e-02 2.963338978588581085e-03 7.324352627620100975e-04 2.858668267726898193e-01 4.147551059722900391e-01 1.506059663370251656e-03 8.816514015197753906e-01 2.703065285459160805e-03 3.407251536846160889e-01 9.547683596611022949e-02 2.245186083018779755e-02 2.940432168543338776e-03 2.381435036659240723e-01 1.101384088397026062e-01 5.502933636307716370e-02 6.730897584930062294e-04
2.777059989966801368e-06 2.065989974653348327e-05 1.924517931684022187e-07 6.382779683917760849e-04 6.786792655475437641e-04 9.810913616092875600e-05 9.983661770820617676e-01 1.979144057258963585e-03 7.573936600238084793e-04 8.389132097363471985e-03 7.407672342196747195e-07 1.559630874544382095e-02 1.468864362686872482e-02 1.005417580017820001e-04 2.295057056471705437e-03 1.425219234079122543e-02 5.951337888836860657e-02 3.666701086331158876e-04 7.945230026962235570e-05
9.897424606606364250e-04 8.480385877192020416e-03 8.493447094224393368e-04 6.500419229269027710e-03 5.103678442537784576e-03 4.153706249780952930e-04 9.582995176315307617e-01 2.387629002332687378e-01 1.990218646824359894e-02 1.615841835737228394e-01 4.415564239025115967e-03 1.973693966865539551e-01 1.088216155767440796e-01 7.715820800513029099e-03 1.481930073350667953e-02 1.725900918245315552e-01 4.507322311401367188e-01 1.588019914925098419e-02 1.162749063223600388e-02
3.708930909633636475e-01 1.951378434896469116e-01 1.046896330080926418e-03 1.650743633508682251e-01 1.569957123138010502e-03 1.502545317634940147e-03 1.905943825840950012e-02 2.558756172657012939e-01 1.233164657605811954e-04 8.965059518814086914e-01 1.548688043840229511e-03 2.427735179662704468e-01 4.675377905368804932e-01 1.040995959192514420e-02 8.295662701129913330e-04 6.087173521518707275e-02 5.979046691209077835e-03 1.798998713493347168e-01 5.818356876261532307e-04
1.979955844581127167e-02 4.517216235399246216e-02 6.239478352654259652e-06 3.372974991798400879e-01 2.386847518209833652e-05 1.212579227285459638e-04 2.215528395026922226e-03 2.191790044307708740e-01 3.603360596571292263e-07 9.958065748214721680e-01 5.305736340233124793e-05 5.798109993338584900e-02 6.199686229228973389e-02 8.155597373843193054e-03 1.192725176224485040e-04 2.004389464855194092e-02 2.163175027817487717e-03 6.599761545658111572e-02 8.969652753876289353e-07
1.301973388763144612e-04 2.618242888274835423e-06 2.083969524724338385e-10 4.569687735056504607e-05 7.630778213751909789e-07 1.418409510733908974e-06 5.314374720910564065e-05 1.617723261006176472e-03 2.384288877443907495e-10 9.999994039535522461e-01 2.291455380998286273e-08 2.457530945539474487e-01 1.046943594701588154e-03 1.223097512159654343e-09 2.558898337667869782e-08 1.157003082334995270e-02 5.917017915635369718e-06 1.491086586611345410e-04 4.150937579772140396e-11
3.875785470008850098e-01 7.177102565765380859e-02 1.453620352549478412e-04 8.896403908729553223e-01 1.000964548438787460e-03 7.393654086627066135e-04 2.686072373762726784e-03 8.398107439279556274e-02 1.998208290387992747e-06 9.583126306533813477e-01 4.729481588583439589e-05 5.765775218605995178e-02 2.876119017601013184e-01 3.875065129250288010e-03 6.740484968759119511e-04 7.218718063086271286e-03 1.933157676830887794e-03 4.500724002718925476e-02 5.680370577465509996e-06
1.139826417784206569e-04 9.497383871348574758e-06 2.510059271543241266e-09 8.865991730999667197e-06 9.787081740796566010e-03 4.080791259184479713e-04 3.168103694915771484e-01 7.357116555795073509e-04 7.226853631436824799e-05 9.953786134719848633e-01 9.464458230468153488e-07 8.795123100280761719e-01 4.355776123702526093e-03 4.273152054423690061e-09 1.438840087075732299e-07 2.382962703704833984e-01 1.699085260042920709e-04 1.161084073828533292e-04 4.455204816622426733e-06
2.135343151167035103e-03 1.303830140386708081e-05 7.237013210925624662e-10 1.758808046579360962e-01 3.914767801761627197e-01 4.698404154623858631e-06 2.740038745105266571e-02 3.387504693819209933e-05 5.020046955905854702e-08 9.931736588478088379e-01 1.038752817095200953e-08 9.815969467163085938e-01 4.585857677739113569e-04 6.089197768233134411e-08 3.306339237951760879e-07 3.550570607185363770e-01 1.174792487290687859e-04 2.180679584853351116e-04 5.386376344951315787e-10
9.574223160743713379e-01 1.491270959377288818e-01 7.448621545336209238e-06 5.375909153372049332e-03 2.702888548374176025e-01 1.810555841075256467e-05 2.545909583568572998e-01 9.701272472739219666e-03 2.085902728140354156e-03 1.475883461534976959e-02 9.106576326303184032e-04 7.302909493446350098e-01 6.812304258346557617e-02 3.924930933862924576e-05 1.794451577552536037e-06 4.033414274454116821e-02 2.989458851516246796e-03 3.170746786054223776e-04 8.882483234629034996e-04
1.347332090517738834e-05 2.305830122395491344e-07 1.092391151494287449e-12 1.630651240702718496e-07 2.174627501517534256e-03 8.589804565417580307e-07 1.592157483100891113e-01 9.771903569344431162e-05 5.954861421741952654e-07 9.991323351860046387e-01 9.650952925710498675e-09 9.696837663650512695e-01 8.927976014092564583e-04 6.036799966163686193e-12 1.466913118752799505e-10 2.221024334430694580e-01 1.662130853219423443e-05 7.414786068693501875e-06 2.066287407842537505e-08
3.337002173066139221e-02 1.925467513501644135e-02 4.203984048217535019e-03 4.002056643366813660e-02 9.635710716247558594e-02 2.170405117794871330e-03 7.904072403907775879e-01 6.543818116188049316e-02 3.584431484341621399e-02 7.333344221115112305e-02 3.047325182706117630e-03 3.594042658805847168e-01 8.778001368045806885e-02 6.397080142050981522e-03 8.962249383330345154e-03 1.649640947580337524e-01 1.341954767704010010e-01 3.869983926415443420e-02 1.210367586463689804e-02
3.334262873977422714e-05 1.786252105375751853e-04 7.593308055220404640e-06 9.898707270622253418e-01 1.305808655160944909e-05 3.344602248489536578e-07 4.862439632415771484e-01 4.274286329746246338e-02 2.233695522591006011e-05 5.156356492079794407e-04 4.655322527469252236e-08 9.173915032079094090e-07 2.149436157196760178e-03 5.854466184973716736e-02 1.616073213517665863e-02 1.382845366606488824e-04 9.552553296089172363e-01 1.634755986742675304e-03 4.388102183838782366e-07
3.115499913692474365e-01 4.788181930780410767e-02 2.480107173323631287e-02 2.803399972617626190e-02 2.288273349404335022e-02 3.540174569934606552e-03 7.170344144105911255e-02 1.491489410400390625e-01 1.269486616365611553e-03 8.844075202941894531e-01 4.800982307642698288e-03 4.509614408016204834e-01 5.126190185546875000e-01 1.518023083917796612e-03 1.254173927009105682e-03 1.515060067176818848e-01 8.614883758127689362e-03 6.964673101902008057e-02 2.627237234264612198e-03
4.474024080991512164e-06 5.590901491814292967e-05 3.772959473735681968e-07 2.051426126854494214e-04 1.524866907857358456e-03 2.287506868015043437e-05 9.946931004524230957e-01 5.361594259738922119e-03 8.816003100946545601e-04 4.194137454032897949e-02 9.121476068685296923e-06 1.954519003629684448e-01 3.428196534514427185e-02 2.064983345917426050e-05 1.911985309561714530e-04 1.218785494565963745e-01 5.526014044880867004e-02 3.648844140116125345e-04 1.692334917606785893e-04
1.476161777973175049e-01 3.224140107631683350e-01 7.672919891774654388e-04 3.597223758697509766e-01 6.913316319696605206e-04 7.347268983721733093e-04 2.741040289402008057e-02 4.647040069103240967e-01 8.942247222876176238e-05 7.972260117530822754e-01 1.095960848033428192e-03 1.004749014973640442e-01 2.692071497440338135e-01 1.470706462860107422e-01 1.622466370463371277e-03 5.734874308109283447e-02 1.853664964437484741e-02 2.235117703676223755e-01 1.529097062302753329e-04
4.420756176114082336e-02 3.386111930012702942e-02 9.650876745581626892e-04 9.996473789215087891e-01 2.537294523790478706e-03 4.994581453502178192e-03 2.693331567570567131e-03 7.372858375310897827e-02 2.044738539552781731e-05 4.768562503159046173e-03 2.549776581872720271e-06 8.081125997705385089e-06 3.203462809324264526e-02 5.953083634376525879e-01 2.261976897716522217e-02 1.130907563492655754e-03 8.092692121863365173e-03 1.276164650917053223e-01 8.044165042520035058e-06
1.084688119590282440e-03 1.113185426220297813e-04 1.412589938354358310e-07 3.112792910542339087e-04 1.712025841698050499e-03 3.745781141333281994e-04 3.590024635195732117e-02 9.494148194789886475e-03 2.048710666713304818e-05 9.994743466377258301e-01 1.055940902006113902e-05 6.122912168502807617e-01 1.164502277970314026e-02 2.301383403846557485e-07 4.933784111926797777e-06 1.313588619232177734e-01 5.482129636220633984e-04 1.357189263217151165e-03 2.350170007048291154e-06
2.968529053032398224e-02 1.626551523804664612e-02 2.912085437856148928e-05 9.095071256160736084e-02 2.488388272468000650e-04 1.109122065827250481e-03 6.040964741259813309e-03 1.272619813680648804e-01 7.482410637749126181e-06 9.976443648338317871e-01 2.870275347959250212e-04 1.937599778175354004e-01 6.576713174581527710e-02 8.206480415537953377e-04 3.755119687411934137e-04 4.701194539666175842e-02 3.899550298228859901e-03 3.594256564974784851e-02 8.065766451181843877e-06
1.932361861690878868e-03 2.118017146131023765e-04 1.465943171297112713e-07 1.029019826091825962e-03 3.072531835641711950e-04 1.587266888236626983e-04 5.658985115587711334e-03 1.368628442287445068e-02 1.623567527531122323e-06 9.998528957366943359e-01 7.772035132802557200e-06 4.444942772388458252e-01 1.059707719832658768e-02 8.053368674154626206e-07 6.764598310837754980e-06 7.396642863750457764e-02 4.636684316210448742e-04 2.028474584221839905e-03 3.011343778780428693e-07
1.035543973557651043e-03 1.238144031958654523e-04 1.981762132174935687e-08 1.368715311400592327e-03 9.000509635370690376e-06 2.062043313344474882e-05 4.223870637360960245e-04 1.170743349939584732e-02 1.517668124506599270e-08 9.999836683273315430e-01 1.237412789123482071e-06 2.630406022071838379e-01 5.396178457885980606e-03 5.062262289357022382e-07 1.730072540340188425e-06 2.681013941764831543e-02 1.312856766162440181e-04 1.434960053302347660e-03 7.185370076712160881e-09
6.453066016547381878e-04 3.366068471223115921e-03 1.820306010813510511e-06 1.015796605497598648e-02 2.411178138572722673e-04 3.547012966009788215e-05 6.041180342435836792e-02 1.371731460094451904e-01 9.356957889394834638e-06 9.968348145484924316e-01 5.233824776951223612e-05 4.802363812923431396e-01 1.972801424562931061e-02 2.583739405963569880e-04 1.016132591757923365e-04 1.980972886085510254e-01 1.941993460059165955e-02 1.399615593254566193e-02 4.089703907084185630e-06
6.946756457182345912e-06 1.344488964605261572e-07 7.355719494877427378e-14 3.713726619025692344e-05 4.197222096991026774e-06 6.434542143551880145e-08 1.191611081594601274e-04 1.105611954699270427e-04 6.388694694797747431e-12 9.999998807907104492e-01 7.794744710798440224e-11 7.793676853179931641e-01 5.499159306054934859e-05 2.280420817457606830e-11 1.032407936918389169e-09 3.427938744425773621e-02 1.939060439326567575e-06 8.252952284237835556e-06 4.194467310373456437e-13
1.278015673160552979e-01 5.511729046702384949e-02 6.663834676146507263e-03 9.337960928678512573e-02 2.509552612900733948e-02 2.508264593780040741e-02 1.110724210739135742e-01 2.243717461824417114e-01 3.485783934593200684e-03 9.412873387336730957e-01 1.259820442646741867e-02 4.009789526462554932e-01 1.824607402086257935e-01 6.827273871749639511e-03 1.373021397739648819e-02 1.835373044013977051e-01 4.307693988084793091e-02 9.982338547706604004e-02 2.425956074148416519e-03
1.808203756809234619e-03 5.803579188068397343e-05 4.286738075620633026e-08 1.571592292748391628e-04 1.112851023208349943e-04 1.045457793225068599e-05 3.820122685283422470e-03 8.932532742619514465e-03 1.708862242821851396e-07 9.998893737792968750e-01 1.756169694999698550e-06 5.149903297424316406e-01 1.630023680627346039e-02 5.686179704866844986e-08 4.681845666709705256e-07 7.559252530336380005e-02 1.695146493148058653e-04 1.719658728688955307e-03 8.470654933034893475e-08
4.066766239702701569e-03 4.776238638442009687e-04 1.882889478110882919e-06 6.909384857863187790e-03 7.295407354831695557e-02 4.150978929828852415e-04 1.344372034072875977e-01 8.781556971371173859e-03 4.485128374653868377e-05 9.889239668846130371e-01 2.274633152410387993e-05 8.823906183242797852e-01 9.358038194477558136e-03 1.593061824678443372e-05 3.960201502195559442e-05 3.649639785289764404e-01 3.444627393037080765e-03 4.691271111369132996e-03 5.467732989927753806e-06
1.017684233374893665e-03 8.570821228204295039e-05 2.178249802753384756e-09 4.644836764782667160e-03 1.323189280810765922e-05 1.814202732930425555e-05 2.473771746736019850e-04 3.943604417145252228e-03 3.579953444798888995e-09 9.999935626983642578e-01 2.617244376779126469e-07 2.945052683353424072e-01 2.936506643891334534e-03 1.632440529419909581e-07 1.248761350325366948e-06 1.934016123414039612e-02 5.716943996958434582e-05 4.873209691140800714e-04 1.324440113137370645e-09
3.252331225667148829e-05 6.667995648967917077e-07 2.216816313849179210e-11 7.507074042223393917e-05 8.468342013657093048e-03 1.240949814018676989e-06 2.490948513150215149e-02 1.380838657496497035e-04 1.769085855585217359e-08 9.998743534088134766e-01 3.478650034693941961e-09 9.756105542182922363e-01 1.788766094250604510e-04 1.464316778942986730e-09 1.061404475422023097e-08 3.204407393932342529e-01 3.575002119760029018e-05 5.673078703694045544e-05 4.313076562567630390e-10
2.250732017211251601e-13 3.272833948297915185e-10 1.536433632230715940e-12 2.072902134386822581e-07 2.330822646001706744e-09 6.095154762852939001e-13 9.999986886978149414e-01 6.094519048929214478e-04 7.735969234090589453e-07 4.404463652463164181e-06 1.274383792937427984e-10 5.232192779658362269e-05 7.172436744440346956e-05 6.436517878682934679e-07 1.151579544966807589e-05 4.257928230799734592e-04 9.656783342361450195e-01 3.677066899854253279e-07 2.603321433980454458e-07
5.967367906123399734e-04 3.530810135998763144e-05 2.305878821218243502e-09 6.264753756113350391e-04 1.060531189978064504e-06 5.966684511804487556e-06 6.186184327816590667e-05 5.440012551844120026e-03 7.792206879742025194e-10 9.999977350234985352e-01 2.160257679406640818e-07 1.716994941234588623e-01 2.995336893945932388e-03 5.536161751251711394e-08 2.183169982572508161e-07 1.020359247922897339e-02 1.992569195863325149e-05 5.119999404996633530e-04 3.995560826641764152e-10
9.126465010922402143e-05 4.682184662669897079e-04 2.015710560954175889e-05 2.747154328972101212e-03 1.402851077727973461e-03 6.398881669156253338e-05 6.806087493896484375e-01 2.429260909557342529e-01 2.632925170473754406e-04 9.558546543121337891e-01 1.309633371420204639e-04 7.039208412170410156e-01 1.549764350056648254e-02 3.468636423349380493e-04 9.895203402265906334e-04 3.958024084568023682e-01 1.697645038366317749e-01 1.645073667168617249e-02 8.026439172681421041e-05
5.039670213591307402e-06 1.559573320264462382e-05 2.176890120608732104e-06 1.061062980443239212e-02 1.431883138138800859e-04 5.571209385379916057e-06 9.907641410827636719e-01 1.753802783787250519e-02 2.038228558376431465e-04 2.569979056715965271e-03 1.451201796953682788e-06 3.921420779079198837e-03 6.953518372029066086e-03 1.063398900441825390e-03 1.551182474941015244e-02 7.242785766720771790e-03 8.626036047935485840e-01 2.304972847923636436e-03 8.643623732496052980e-05
6.558055281639099121e-01 2.808281779289245605e-02 6.623196441069012508e-06 2.463803859427571297e-03 5.981710739433765411e-03 3.901738637068774551e-06 1.040725316852331161e-02 2.255550958216190338e-02 3.170901663906988688e-06 8.718220591545104980e-01 3.628366175689734519e-05 6.756505966186523438e-01 5.164635181427001953e-01 2.848454641934949905e-06 1.409950556308103842e-07 5.203354358673095703e-02 1.298043644055724144e-04 3.054269123822450638e-03 1.360986061627045274e-05
7.717369589954614639e-05 4.627190719475038350e-06 2.742665643207242709e-11 5.328470724634826183e-04 6.005949071408167583e-09 3.416685672164021526e-07 1.513015490672842134e-06 1.817790092900395393e-03 1.042959555525024840e-12 1.000000000000000000e+00 2.351304262404596557e-09 7.076154649257659912e-02 7.007378735579550266e-04 3.188744379656327510e-09 8.207906354584793007e-09 1.676390878856182098e-03 1.084270593310066033e-06 8.471226465189829469e-05 1.032441927090177458e-12
9.407787001691758633e-05 3.864602604153333232e-06 6.071068127389001035e-13 1.798510202206671238e-03 3.250619551309341659e-09 2.676194696960010333e-07 6.517396968774846755e-07 7.874812581576406956e-04 1.385102563243936769e-13 1.000000000000000000e+00 4.263177311170096573e-10 4.735416546463966370e-02 5.520986160263419151e-04 8.096572301496962609e-10 3.859160546682005588e-09 5.999805871397256851e-04 3.594574025100882864e-07 4.052414078614674509e-05 1.271211190782481348e-13
8.645533584058284760e-03 4.353128671646118164e-01 4.862876448896713555e-05 7.444879412651062012e-01 4.168370287516154349e-05 1.449791943741729483e-05 1.246035657823085785e-02 5.762032866477966309e-01 1.277531623600225430e-06 2.062660753726959229e-01 2.424653575872071087e-05 6.561198388226330280e-04 3.514505550265312195e-02 9.502617716789245605e-01 5.818947684019804001e-04 1.271849218755960464e-02 1.319865975528955460e-02 7.901475578546524048e-02 7.868027864788018633e-07
1.165349408984184265e-02 8.846434764564037323e-03 2.137808905899873935e-06 9.549643099308013916e-02 2.326753019588068128e-05 2.057783131022006273e-04 1.224751700647175312e-03 9.160292893648147583e-02 2.553375111347122584e-07 9.994674324989318848e-01 3.885244586854241788e-05 1.139378547668457031e-01 3.394816443324089050e-02 3.876226255670189857e-04 6.907650094944983721e-05 2.232519723474979401e-02 1.048601581715047359e-03 2.329903654754161835e-02 3.889857396188745042e-07
2.714407542595172196e-14 1.938427890424421207e-10 9.999652091022072950e-17 3.218508209101855755e-04 4.881277604340539256e-08 6.870135016434630870e-10 1.000000000000000000e+00 8.681092289464231726e-09 5.438838343252427876e-06 5.765183122563577456e-11 2.677968015797702744e-14 6.371692506945692003e-09 7.420152314807637595e-08 5.808735295431688428e-06 1.335420674877241254e-04 9.509714686828374397e-07 2.638449892401695251e-03 6.147285791513468212e-09 2.126820941583673630e-09
1.654521797345154255e-10 1.324985898776276372e-09 4.120985711421158715e-14 7.089876453392207623e-04 1.154310302808880806e-04 2.807668124660267495e-07 9.999984502792358398e-01 1.066904964375225973e-08 6.513640983030200005e-05 2.132340970462109908e-09 2.065584845094975419e-13 6.370664323185337707e-06 1.337299977421935182e-06 1.247960312866780441e-06 3.422004519961774349e-04 2.583883178886026144e-05 1.275237533263862133e-03 1.659215342897368828e-07 1.657555870338001114e-08
2.976981150482060912e-08 4.102802732969257349e-12 2.919697122960585034e-11 1.000000000000000000e+00 4.699613476155661829e-10 5.667766090482473373e-04 3.010685077242669649e-06 3.104075858573196456e-07 1.418470202407817737e-11 1.679678085508840013e-08 4.379257943001426876e-22 1.700296549754595104e-17 7.543071944837720366e-08 2.180832098019891419e-06 2.247426658868789673e-01 1.799152325602029756e-13 9.826849418459460139e-05 1.292952947551384568e-04 1.446048030107641115e-17
7.794740796089172363e-01 3.069422245025634766e-01 9.993790388107299805e-01 8.173854947090148926e-01 3.666065633296966553e-02 7.090923609212040901e-04 1.352255884557962418e-02 1.230113431811332703e-01 2.936567761935293674e-05 1.588227041065692902e-02 3.815671661868691444e-03 1.758880913257598877e-02 5.904622077941894531e-01 4.889630973339080811e-01 2.803223952651023865e-02 7.051882892847061157e-02 3.540484234690666199e-03 1.992442160844802856e-01 6.090675015002489090e-04
6.117663159966468811e-02 1.060695666819810867e-02 6.443569873226806521e-05 9.961937665939331055e-01 1.015620753169059753e-01 5.713372956961393356e-03 2.555317580699920654e-01 3.039187286049127579e-03 1.009021978825330734e-02 1.596743706613779068e-03 6.835164822405204177e-05 1.269575441256165504e-03 5.301291123032569885e-03 1.456126291304826736e-02 1.080345548689365387e-02 9.002505801618099213e-03 2.966632880270481110e-02 1.849333202699199319e-04 2.105061721522361040e-04
