6.450591683387756348e-01 9.398773312568664551e-01 1.865447702584788203e-04 8.141977339982986450e-02 5.219737649895250797e-04 1.668033364694565535e-04 4.294314384460449219e-01 4.546967744827270508e-01 8.405885845422744751e-02 6.807112949900329113e-04 3.866900876164436340e-02 6.835628300905227661e-03 1.031642779707908630e-02 9.639661014080047607e-02 1.453449804103001952e-04 2.296947874128818512e-03 3.893700987100601196e-02 1.865053782239556313e-03 1.618690788745880127e-03
1.360681096684857039e-07 2.811754355207085609e-03 2.583620600446479010e-12 1.000000000000000000e+00 2.027483597677459670e-10 2.541521002983812560e-14 1.806560234740572923e-08 5.219853483140468597e-03 2.179593772213378527e-19 2.549749647529075958e-11 6.718309236367406211e-19 8.025161546382277722e-20 1.766671431369104539e-08 1.000000000000000000e+00 1.388706483140822456e-08 8.122965411416771531e-09 2.994324859173502773e-07 7.098056958056986332e-04 1.701221653042037925e-20
1.885962672531604767e-02 8.493516594171524048e-02 5.211206826061243191e-06 8.272262215614318848e-01 3.083355841226875782e-05 6.975499854888767004e-05 1.286461600102484226e-03 2.960303425788879395e-01 8.099684833950959728e-08 9.653843641281127930e-01 1.693960984994191676e-05 8.101688697934150696e-03 5.433386564254760742e-02 1.552688479423522949e-01 1.886232930701225996e-04 8.353052660822868347e-03 2.891034819185733795e-03 7.243790477514266968e-02 1.959513298288584338e-07
6.250617730074736755e-07 2.041823609033599496e-05 7.663832548132631928e-06 1.642570879312188481e-07 8.944519213400781155e-04 9.999994039535522461e-01 5.282014171825721860e-05 4.484062454679360599e-09 1.111048981547355652e-01 4.802723196917213500e-06 2.026192269521942535e-10 3.393769247850286774e-06 9.329133945357170887e-07 2.475017254255362786e-06 2.618123544380068779e-04 4.106802862224867567e-06 1.058165139511402231e-06 1.040001880028285086e-04 7.154782116413116455e-02
1.217658223140460905e-06 3.208308214652788593e-07 4.927281338495959062e-07 1.151621248573064804e-02 1.617034257606064784e-07 9.970855116844177246e-01 6.938556907698512077e-04 2.370867514400742948e-05 2.665421634446829557e-04 1.399731627316214144e-05 1.430757508996682859e-11 6.345733938317721368e-10 8.051863005675841123e-06 5.277820397168397903e-03 9.969139099121093750e-01 2.235612139855902569e-09 1.009257975965738297e-03 6.090616807341575623e-04 7.320485195805304102e-08
1.122713275253772736e-02 7.478449940681457520e-01 1.253593480214476585e-03 6.097360253334045410e-01 2.121560246450826526e-04 1.483671949245035648e-04 7.650893181562423706e-02 5.064241886138916016e-01 7.309037755476310849e-05 1.322626252658665180e-03 1.051443396136164665e-04 4.452357097761705518e-05 1.204036828130483627e-02 9.866223931312561035e-01 4.315890371799468994e-03 4.622632637619972229e-03 2.426954358816146851e-02 3.677182272076606750e-02 9.231987860403023660e-06
1.407812163233757019e-02 7.686363458633422852e-01 1.291843829676508904e-03 5.874391198158264160e-01 2.354151220060884953e-04 1.666159078013151884e-04 7.711624354124069214e-02 5.369353890419006348e-01 9.193417645292356610e-05 1.460849656723439693e-03 1.309702201979234815e-04 5.782983134849928319e-05 1.451051980257034302e-02 9.840757250785827637e-01 4.606575705111026764e-03 5.155466031283140182e-03 2.529678680002689362e-02 4.239258170127868652e-02 1.127423001889837906e-05
7.449147688021184877e-06 1.786596648400973208e-08 2.243001742542307048e-16 1.127172634005546570e-02 2.355570599688050493e-11 4.270742692824569531e-08 7.428504034123761812e-09 8.754933332966174930e-06 1.592310436891512489e-17 1.000000000000000000e+00 2.126251919757488063e-14 4.493861459195613861e-03 3.311021282570436597e-05 2.221753868120873721e-13 2.700063506111405331e-10 3.747624305106000975e-06 2.315875047287363486e-09 3.299567197245778516e-07 2.734304037822371106e-18
4.383346438407897949e-02 3.332773596048355103e-02 2.223714627325534821e-02 9.516686797142028809e-01 8.684638887643814087e-03 3.516840934753417969e-02 1.213986501097679138e-01 2.303074300289154053e-01 1.463140593841671944e-03 1.017749011516571045e-01 1.725546171655878425e-04 9.851139038801193237e-04 7.573952525854110718e-02 2.989593744277954102e-01 4.295786023139953613e-01 8.496366441249847412e-03 2.037658542394638062e-01 5.434966087341308594e-01 2.709359978325664997e-04
2.730984605125996723e-10 6.884360459480376448e-08 1.213716593895242113e-08 3.727425659794114665e-11 3.115211075055412948e-05 1.000000000000000000e+00 1.790052408523479244e-07 9.580500319938609066e-14 4.254939407110214233e-02 6.853229539416361149e-09 1.136026612813837919e-15 3.481928967374869899e-09 4.767961581109148028e-10 3.352717881099920305e-09 2.656703372849733569e-06 6.976411004444571518e-09 6.151211762173147690e-10 9.398368092661257833e-07 2.201385051012039185e-02
3.713822690770030022e-03 1.404357515275478363e-02 9.032781235873699188e-03 1.896288129501044750e-03 3.631265461444854736e-02 9.923970103263854980e-01 3.303699940443038940e-02 7.311350200325250626e-04 2.598440349102020264e-01 6.502467207610607147e-03 1.331108360318467021e-04 6.618593353778123856e-03 3.757503349334001541e-03 4.705615807324647903e-03 3.535902872681617737e-02 4.937148652970790863e-03 3.674954408779740334e-03 1.975683867931365967e-02 2.053408622741699219e-01
6.244747783057391644e-04 4.670573025941848755e-02 3.074000005653942935e-06 9.999694824218750000e-01 2.210329512308817357e-05 3.761423386094975285e-07 2.689960529096424580e-04 8.462774008512496948e-02 1.274039429510764876e-09 1.424291258445009589e-05 2.055080994267655115e-09 1.210102906767929198e-09 2.414304617559537292e-04 9.994723200798034668e-01 2.917130768764764071e-04 1.099355649785138667e-04 9.117276640608906746e-04 4.454527422785758972e-02 3.215523958211008448e-10
8.049317002296447754e-01 1.342928409576416016e-01 7.929516868898645043e-05 1.301309443078935146e-03 4.279163666069507599e-03 8.218144103011582047e-06 1.115551684051752090e-02 3.845320641994476318e-02 2.597575439722277224e-05 3.122958242893218994e-01 8.041025284910574555e-05 5.678768754005432129e-01 9.453441500663757324e-01 2.716353628784418106e-05 1.375812416881672107e-06 4.681141674518585205e-02 2.436629438307136297e-04 1.312091946601867676e-02 1.090721270884387195e-04
4.034996964037418365e-03 2.279367909068241715e-04 2.972981008042552276e-07 8.305258117616176605e-03 7.789076771587133408e-03 8.317889878526329994e-04 5.627462640404701233e-02 5.429177545011043549e-03 1.308111950493184850e-05 9.984018206596374512e-01 6.121732440078631043e-06 6.569439768791198730e-01 1.246352028101682663e-02 1.216039322571305092e-06 5.825086554978042841e-05 1.062339693307876587e-01 1.123958849348127842e-03 1.561346347443759441e-03 1.606111368346319068e-06
6.179552292451262474e-04 5.173384852241724730e-05 4.931615293912727793e-08 1.137977349571883678e-03 2.458680537529289722e-04 8.576470281695947051e-05 8.785144425928592682e-03 8.753291331231594086e-03 5.698404947906965390e-07 9.999206066131591797e-01 1.720097884572169278e-06 5.447024106979370117e-01 4.814881365746259689e-03 2.912991305947798537e-07 8.169493412424344569e-06 8.149371296167373657e-02 6.598265026696026325e-04 1.382484566420316696e-03 1.031438543463991664e-07
5.651636103554125157e-11 2.414120662035600887e-17 1.239359276891551800e-25 6.709682809358241684e-10 2.332836091518402100e-01 1.951496994871074891e-14 1.708116964437067509e-03 1.527314733018592108e-12 1.014375410884110895e-18 9.999996423721313477e-01 1.268267833195159606e-22 9.999995231628417969e-01 3.363348488605311104e-10 4.183135762366448159e-22 4.414314770168154839e-21 7.490535378456115723e-01 7.234025010960376534e-12 7.381802807904236374e-11 2.277220867863961287e-23
2.303028547041575315e-22 2.365662234893500089e-21 3.325300133059505073e-32 3.192776543750552810e-18 1.057344384031329299e-13 5.789837772867846069e-21 4.298322498798370361e-01 6.045569733714728500e-08 1.081598039896125578e-19 1.000000000000000000e+00 1.536905831661526372e-23 9.996532201766967773e-01 4.789068100419235918e-11 3.416787383956737496e-26 4.349189910064640043e-23 3.622886538505554199e-01 2.172578916770362412e-08 5.544443485057393151e-13 1.179339874671175138e-23
1.002415592665784061e-05 7.592267092793036909e-11 9.395155654480618909e-19 9.998320341110229492e-01 2.472336842630068476e-13 1.740161081897895201e-08 8.020347580517395158e-11 1.987087649979457638e-08 4.295651498149100414e-23 1.000000000000000000e+00 1.775853216016067900e-20 2.359634527238085866e-05 4.809891834156587720e-06 3.173061388682065940e-16 2.164077805844044633e-10 4.679140408470061629e-10 1.503120544699143579e-11 6.752151615607715485e-10 3.514829667337208320e-25
2.173758519639942106e-17 5.833133488572251246e-21 2.292738950476583068e-28 1.881915283330481969e-11 4.451238200999796391e-04 2.783093200342534601e-12 9.999983310699462891e-01 1.684101478326439894e-16 6.235679507471392213e-12 2.422966360882128356e-07 8.367933264174048905e-26 3.781515359878540039e-01 1.927916715160904459e-09 5.294538036578557808e-22 2.345774102917243427e-15 1.046733232215046883e-03 1.992180287402334216e-08 3.891513305175064996e-13 4.636557437235308587e-18
1.049063434185133412e-14 1.928945277009104854e-18 6.189580785681315563e-32 4.283577319351532443e-22 2.829048753483220935e-05 4.664876109343803504e-24 9.778724908828735352e-01 1.697374066387397074e-13 5.674572160421567104e-17 4.515797365456819534e-03 4.961857343709345673e-22 9.999996423721313477e-01 2.685581057448871434e-05 1.876337130769829448e-31 1.901440870576555137e-31 2.095970958471298218e-01 2.931560549868095222e-11 5.418558106475179932e-17 4.468941810132899464e-20
2.048525466012002250e-13 8.229991499330867643e-21 4.872011720740113262e-31 1.646045055629912629e-14 2.336983941495418549e-02 2.160130060935294694e-11 4.274181723594665527e-01 4.882262967864712915e-16 1.248290559697909970e-15 9.999003410339355469e-01 1.243920495297442978e-25 9.999947547912597656e-01 4.941591025264813197e-10 7.750376634157939443e-29 4.419719123701191913e-23 3.135150372982025146e-01 3.367785379997795259e-13 5.472798321297378532e-13 6.454203956931792478e-21
3.214755367900797196e-15 3.157513139839807081e-10 2.778463006544718006e-12 1.355455303553299018e-09 1.866975463116204992e-10 1.018623119880546213e-11 1.000000000000000000e+00 6.043320354365278035e-06 6.689018011093139648e-01 3.066605649970632896e-11 6.297327104221039917e-09 8.534681228411500342e-08 1.385767376405055984e-07 1.799135679902974516e-05 8.942127169575542212e-05 1.544087467664212454e-06 3.587501645088195801e-01 7.403252675430849195e-05 4.974960465915501118e-04
2.899860730394721031e-03 2.339586353627964854e-04 2.995452814502641559e-05 5.528376251459121704e-02 1.885318011045455933e-01 6.157557014375925064e-03 5.765761137008666992e-01 6.897263694554567337e-03 1.950156525708734989e-03 5.280013680458068848e-01 4.874367368756793439e-05 6.483206748962402344e-01 1.660741493105888367e-02 1.507665292592719197e-04 2.001125598326325417e-03 2.678822875022888184e-01 3.906660899519920349e-02 3.128192946314811707e-02 1.645095326239243150e-04
2.441375690978020430e-04 6.720724286424228922e-06 3.976053652987587839e-10 1.225924934260547161e-04 5.037451273892656900e-07 1.912671905301976949e-06 3.323057535453699529e-05 2.385760890319943428e-03 1.874479182983890269e-10 9.999992847442626953e-01 4.334671999117745145e-08 1.837834268808364868e-01 1.497206394560635090e-03 4.424178801087919055e-09 3.894151490158037632e-08 8.316592313349246979e-03 6.073090844438411295e-06 2.040861727437004447e-04 5.644558778716834979e-11
1.916773908305913210e-05 1.392955510937099461e-07 2.299946232338996761e-15 5.873331800103187561e-03 1.224070150795952827e-10 6.765707638578533079e-08 2.773581364579058572e-08 4.035869278595782816e-05 3.188593061258953622e-16 1.000000000000000000e+00 6.307952749549927685e-13 1.040422916412353516e-02 9.205997048411518335e-05 3.892524757381776723e-12 4.995751590186614521e-10 2.106311148963868618e-05 1.091085533033719912e-08 1.477410023653646931e-06 9.624864496408176619e-17
7.781661426342623145e-10 4.690275723362447025e-09 2.842091489583253860e-04 1.295462157577276230e-02 2.276987970617483370e-06 4.864738056831185986e-10 9.996017813682556152e-01 4.676346143241971731e-04 1.258061956832534634e-07 2.904790562752168626e-05 2.818548562946721070e-12 1.096902196877636015e-04 9.163420763798058033e-04 6.265727279242128134e-06 2.553085796535015106e-04 8.988017216324806213e-04 7.307761907577514648e-01 1.912237848955555819e-06 1.822553485908429138e-08
6.142172003214402265e-14 1.218800338431691443e-10 1.000000000000000000e+00 3.152890801429748535e-01 2.691461081240874298e-14 2.264630886014761992e-18 8.275703191757202148e-01 3.151921555399894714e-03 1.924029783152009232e-13 4.972323334323514032e-12 2.089268395820715522e-20 1.315458260711926258e-15 3.519594201861764304e-06 2.523169852793216705e-03 2.524368574086111039e-05 1.377019298587356388e-08 9.999837875366210938e-01 7.264588930411264300e-07 8.011903640525730452e-12
5.365844699554145336e-04 7.068816921673715115e-04 9.981942772865295410e-01 1.498266123235225677e-03 4.571490734815597534e-02 2.588672487036092207e-06 5.493553280830383301e-01 1.432788074016571045e-01 4.996858478989452124e-05 1.369156241416931152e-01 3.461916776359430514e-06 2.969333231449127197e-01 6.413488835096359253e-02 9.336681687273085117e-04 2.725570266193244606e-05 4.422348141670227051e-01 8.701911568641662598e-02 5.104709998704493046e-04 6.156587915029376745e-05
6.773155927658081055e-02 1.899582743644714355e-01 8.810458183288574219e-01 1.303279697895050049e-01 8.261378854513168335e-02 1.917052641510963440e-02 4.794732034206390381e-01 4.124140143394470215e-01 2.510632015764713287e-02 2.222180366516113281e-01 1.355968136340379715e-02 1.441059708595275879e-01 1.846368014812469482e-01 2.097927629947662354e-01 4.922058805823326111e-02 2.511111795902252197e-01 1.809969991445541382e-01 4.686509445309638977e-02 1.905321702361106873e-02
9.986610412597656250e-01 1.012325957417488098e-01 1.146536413580179214e-02 2.156371010642033070e-05 2.401153445243835449e-01 6.543654507140672649e-08 3.182419836521148682e-01 4.962913808412849903e-04 9.718644432723522186e-04 8.753254223847761750e-05 2.906375448219478130e-05 7.496566176414489746e-01 3.723872825503349304e-02 1.906056695588631555e-06 3.682528504356241683e-09 2.940075937658548355e-03 1.944325340446084738e-04 6.391272222572297323e-07 7.971036247909069061e-03
5.491694901138544083e-04 5.299774784361943603e-05 1.684055746409285348e-06 4.048039019107818604e-02 4.343710839748382568e-02 6.335816346108913422e-03 9.555162191390991211e-01 8.058371022343635559e-04 1.694783102720975876e-03 3.111252561211585999e-02 7.587817663079476915e-07 7.660534232854843140e-02 8.600873872637748718e-03 8.511875785188749433e-05 8.640471845865249634e-03 1.722297444939613342e-02 2.671277150511741638e-02 1.953714294359087944e-03 5.527582470676861703e-05
3.578423929866403341e-04 7.500777428504079580e-05 2.503687937860377133e-06 2.972012385725975037e-02 6.774034351110458374e-02 2.804541261866688728e-03 9.777998924255371094e-01 6.390263442881405354e-04 4.572448786348104477e-03 4.621770232915878296e-03 1.751431227603461593e-06 7.176745682954788208e-02 7.249419577419757843e-03 1.695843238849192858e-04 7.950526662170886993e-03 2.645760588347911835e-02 3.487687557935714722e-02 2.084703184664249420e-03 1.334362896159291267e-04
2.901900000870227814e-02 1.583254709839820862e-02 7.363218348473310471e-03 1.797766685485839844e-01 6.375955045223236084e-02 7.420314941555261612e-03 5.934882164001464844e-01 1.588320583105087280e-01 9.366073645651340485e-03 5.059340596199035645e-01 2.465997356921434402e-03 3.462117910385131836e-01 1.233958229422569275e-01 1.041228882968425751e-02 3.327650949358940125e-02 2.295775115489959717e-01 1.805866807699203491e-01 8.262497931718826294e-02 3.837602678686380386e-03
1.276441868869326868e-10 4.806835374182583109e-09 7.305660937317881576e-11 3.673464865627806830e-09 1.393401453242404386e-05 1.000000000000000000e+00 7.298230908503455794e-09 6.235506224859174718e-14 1.503261009929701686e-04 2.287259964761645392e-11 1.524454991446440012e-18 1.960664839035022866e-13 5.767976721249290506e-11 1.862773615357582457e-07 9.797328857530374080e-06 1.469925917096936985e-11 1.861564458138786904e-09 1.507542265244410373e-06 5.584480788911605487e-08
1.052536546808369167e-07 1.508629566160379909e-06 9.344431077806802932e-07 3.021315933438017964e-06 1.423407520633190870e-04 1.000000000000000000e+00 1.478990157011139672e-06 1.049196174385258473e-09 1.698415027931332588e-03 1.184052855762729450e-08 1.584986753389722169e-13 2.171673535444895720e-10 6.223643111979981768e-08 4.395518044475466013e-05 9.978917660191655159e-04 7.320802630772504926e-09 1.150285811490903143e-06 8.009449084056541324e-05 4.612321390595752746e-06
9.446920156478881836e-01 1.023123934864997864e-01 3.699401759149623103e-06 1.547351857880130410e-04 6.543550640344619751e-02 9.156354963124613278e-07 1.169122084975242615e-01 1.262773107737302780e-02 1.640264817979186773e-04 3.482183068990707397e-02 7.393438863800838590e-05 8.099977374076843262e-01 5.280771255493164062e-01 2.813806304402532987e-06 6.361142368405126035e-08 3.675769641995429993e-02 8.798736380413174629e-04 3.103082999587059021e-04 1.920104405144229531e-04
5.043451208621263504e-03 4.696390591561794281e-03 4.127051234245300293e-01 1.757104694843292236e-02 1.169624179601669312e-01 9.281389713287353516e-01 2.480626553297042847e-01 4.592134617269039154e-03 2.333583682775497437e-01 1.411389186978340149e-02 2.256221050629392266e-04 1.599384471774101257e-02 1.158776134252548218e-02 6.783512886613607407e-03 5.103102326393127441e-02 3.183163702487945557e-02 5.254715308547019958e-02 2.170977555215358734e-02 4.093540459871292114e-02
6.176314570893737255e-09 1.765844295732676983e-03 6.487844289582156421e-11 2.161425205482458978e-10 2.360770622544805519e-06 1.000000000000000000e+00 1.178312913907575421e-07 4.741871500492378377e-13 6.398820551112294197e-05 3.862529393550140355e-11 4.235251821846391278e-16 1.900534634183270732e-12 2.685614231001665075e-11 1.409638498444110155e-04 2.495738726793206297e-08 2.047035457808377146e-11 1.311932333603049727e-12 6.220166426373907598e-08 3.566128157217463013e-07
3.050676174461841583e-02 2.562883198261260986e-01 9.999989271163940430e-01 5.876252427697181702e-02 2.097333548590540886e-03 2.803029019560199231e-05 1.259958297014236450e-01 4.379959106445312500e-01 8.129420166369527578e-05 2.797257620841264725e-03 7.029856351437047124e-05 2.692613634280860424e-04 5.886348709464073181e-02 7.794333696365356445e-01 2.191969379782676697e-02 5.085428059101104736e-02 9.949023276567459106e-02 2.228446770459413528e-03 2.613537246361374855e-03
2.309714545845054090e-05 7.380174793070182204e-05 3.396844793429132717e-15 1.970827728509902954e-01 9.266635852753224434e-13 2.327280729241820723e-10 1.291245599333024074e-08 7.654848508536815643e-03 2.585539947352924982e-18 1.000000000000000000e+00 3.787754398326681482e-12 1.082812319509685040e-03 4.599056846927851439e-04 4.792826757693546824e-07 3.309113053018286621e-11 5.381632945500314236e-05 5.134988612098823069e-08 4.428546235430985689e-04 4.071198348273280380e-17
3.684710338711738586e-02 2.330089174211025238e-02 1.044994569383561611e-03 9.714336991310119629e-01 1.297378633171319962e-02 2.104379935190081596e-03 1.413943320512771606e-01 9.078619629144668579e-02 5.388010176829993725e-04 4.732321500778198242e-01 1.171528201666660607e-04 1.391661074012517929e-02 7.217457145452499390e-02 3.474266827106475830e-02 3.056509792804718018e-02 2.698381617665290833e-02 1.449553370475769043e-01 9.736347943544387817e-03 7.010984700173139572e-05
1.407726434990763664e-03 1.272511482238769531e-01 2.337073087692260742e-01 4.478906746953725815e-03 4.633462056517601013e-03 9.870786666870117188e-01 7.855397462844848633e-02 7.114527281373739243e-03 2.504775300621986389e-02 1.058243797160685062e-03 3.665393887786194682e-05 2.533340593799948692e-04 7.244911976158618927e-04 5.184710025787353516e-01 1.313930749893188477e-02 2.143333666026592255e-03 1.186659792438149452e-03 3.984600771218538284e-03 2.234150888398289680e-03
9.386484026908874512e-01 2.881228029727935791e-01 5.415260326117277145e-03 1.401817500591278076e-01 5.671181082725524902e-01 1.291821128688752651e-03 3.260110616683959961e-01 5.471070110797882080e-02 1.334043312817811966e-02 9.348873980343341827e-03 2.562618628144264221e-02 5.239076018333435059e-01 7.636851072311401367e-02 1.069502905011177063e-02 1.054612686857581139e-03 1.001547276973724365e-01 4.230625182390213013e-02 7.223781198263168335e-03 6.986306514590978622e-03
1.809885579859837890e-04 2.333876118063926697e-02 1.221468392759561539e-02 8.776561357080936432e-03 5.530065391212701797e-04 3.575308801373466849e-05 6.970182657241821289e-01 4.539366066455841064e-01 8.615941624157130718e-04 7.231053113937377930e-01 2.947673492599278688e-04 2.226732224225997925e-01 3.288100659847259521e-02 4.643641412258148193e-02 1.964704599231481552e-03 3.148277401924133301e-01 1.692430377006530762e-01 1.026281807571649551e-02 2.408370783086866140e-04
9.999653100967407227e-01 1.135127735324203968e-03 8.230562932587393021e-12 7.340425252914428711e-01 9.796391725540161133e-01 1.304405368440786361e-11 1.470460835844278336e-02 5.493540129464236088e-07 3.125327330266713943e-09 2.166272849990491522e-08 1.803059390681482910e-08 5.032413005828857422e-01 1.293131117563461885e-05 6.236726335373532493e-08 8.506071402791803848e-10 1.232685521245002747e-03 1.095633124350570142e-04 3.451512853303029260e-09 8.795516398540925707e-11
8.803882636129856110e-03 1.046120473802147899e-06 1.215562206446918481e-09 9.999691247940063477e-01 2.811812162399291992e-01 1.662857597693800926e-03 3.853178396821022034e-02 1.852775426414154936e-06 4.210194310871884227e-05 7.451436977135017514e-05 1.313516850842688655e-09 8.823397802188992500e-04 5.370385042624548078e-05 4.410800897858280223e-07 1.608324819244444370e-03 1.530890935100615025e-03 5.012416746467351913e-03 6.930226845724973828e-06 1.018885065207086882e-08
4.698399081826210022e-02 6.522102048620581627e-04 6.324633886833908036e-06 7.014297842979431152e-01 6.579088568687438965e-01 1.762903993949294090e-03 2.530414760112762451e-01 9.736680658534169197e-04 3.180277417413890362e-04 3.993582427501678467e-01 1.062934461515396833e-05 8.645889759063720703e-01 7.702958304435014725e-03 5.819950820296071470e-05 7.748458883725106716e-04 2.925292551517486572e-01 1.514546666294336319e-02 9.565614163875579834e-03 6.154572474770247936e-06
1.099875662475824356e-04 2.518083420000039041e-05 3.718924517670529895e-06 1.234708633273839951e-02 2.138489633798599243e-01 8.587948286731261760e-06 9.779176712036132812e-01 9.909222135320305824e-04 1.097745494917035103e-03 1.993261743336915970e-03 1.196434550365665928e-05 7.225669622421264648e-01 5.967946723103523254e-03 8.676094148540869355e-05 3.035603440366685390e-04 3.698258697986602783e-01 1.416765451431274414e-01 7.162666413933038712e-03 1.185320288641378284e-04
6.749568856321275234e-04 6.467522325692698359e-05 1.270262418984202668e-05 9.359691292047500610e-03 1.556807309389114380e-01 1.569837040733546019e-04 7.598476409912109375e-01 5.118064116686582565e-03 3.785597509704530239e-04 3.778115808963775635e-01 1.549476110085379332e-05 9.060152769088745117e-01 1.669028960168361664e-02 4.539150177151896060e-05 1.774408301571384072e-04 5.174430012702941895e-01 4.771152511239051819e-02 1.317145396023988724e-02 5.426483403425663710e-05
1.473899556003743783e-05 3.909112128894776106e-04 7.758786523481830955e-06 2.798550704028457403e-04 4.391655093058943748e-04 1.538179276394657791e-05 9.849160909652709961e-01 1.456865966320037842e-01 1.651103142648935318e-03 3.981825709342956543e-01 2.421485551167279482e-04 3.283714652061462402e-01 4.700692743062973022e-02 1.802626502467319369e-04 5.108442855998873711e-04 2.257414013147354126e-01 2.436916679143905640e-01 1.881404081359505653e-03 9.564811480231583118e-04
9.181353379972279072e-04 6.825076416134834290e-03 4.811144899576902390e-04 8.336345665156841278e-03 3.308833576738834381e-03 1.656165986787527800e-04 8.089663982391357422e-01 5.044448375701904297e-01 2.613956341519951820e-03 7.264210581779479980e-01 1.829728251323103905e-03 5.225309729576110840e-01 6.944401562213897705e-02 5.291573703289031982e-03 6.954882293939590454e-03 3.569728434085845947e-01 4.891236722469329834e-01 3.020224347710609436e-02 1.680598477832973003e-03
8.949199888086400989e-12 8.302402515480977740e-11 1.643972180609409861e-09 9.050944527189130895e-08 1.278715499211102724e-04 4.651160099428119921e-12 9.994388222694396973e-01 4.087465640623122454e-05 3.317130747859664552e-08 1.488845911808311939e-03 3.595675493461847338e-11 8.792009949684143066e-01 1.355298911221325397e-03 2.034743484813361647e-10 5.095586175229982473e-10 4.692766368389129639e-01 9.726523421704769135e-03 2.669073353445128305e-07 2.311598912285717233e-09
1.158573947890317868e-08 3.845723881568119396e-07 2.341231741809224332e-08 3.080517798662185669e-02 4.684477971750311553e-05 1.479060756537364796e-06 9.999495744705200195e-01 2.192718966398388147e-05 2.213728876085951924e-04 3.496729448215774028e-07 4.691991795091610129e-10 9.851229151536244899e-06 1.158402228611521423e-04 4.255674139130860567e-04 9.703691117465496063e-03 1.431076379958540201e-04 8.681079000234603882e-02 8.532566425856202841e-06 1.284246422983414959e-06
1.328037857462049942e-08 3.889033735049451934e-07 2.256002673561852134e-08 2.874265238642692566e-02 5.822742605232633650e-05 1.516825250291731209e-06 9.999462366104125977e-01 2.197982212237548083e-05 2.251759724458679557e-04 4.212758994981413707e-07 4.888474625097671833e-10 1.320336650678655133e-05 1.260206045117229223e-04 3.831182839348912239e-04 9.032315574586391449e-03 1.717912236927077174e-04 8.314703404903411865e-02 8.968772817752324045e-06 1.314583528255752753e-06
1.855899014741466835e-24 4.860908009949900922e-17 9.466584560319260742e-23 1.181774556685555311e-11 8.711800036959483230e-19 4.734714294711333699e-20 1.000000000000000000e+00 2.580768843074565666e-08 4.279603017494082451e-04 7.305937309549311380e-19 2.037755865604137448e-15 1.468529475667852322e-16 3.962482685720969400e-12 2.172645849896071013e-07 3.532449454723973759e-06 1.863650509956182866e-12 9.999358654022216797e-01 1.812112127019815944e-09 2.386862263392686145e-08
2.307383644888731336e-20 6.357256231362401607e-17 4.260310703775686958e-20 6.142922188701049890e-07 1.249357053587841940e-16 1.079029365858019673e-10 1.000000000000000000e+00 5.217310472538372323e-10 9.323640171032820945e-08 7.694150748608464020e-19 3.161730274318806927e-22 2.127333405841073218e-19 6.564230929650971547e-12 1.362734037684276700e-04 2.460491806268692017e-01 1.246358795182578132e-15 9.730471968650817871e-01 1.371218583123834378e-09 3.399267195849930978e-12
4.419966657758477024e-14 6.226605897552417446e-10 3.805029750482413764e-13 9.919900298118591309e-01 6.171156250942000376e-13 1.714514286294856193e-14 9.996975660324096680e-01 1.937413981067948043e-05 3.367978784751812782e-09 5.647678939096900663e-12 9.059884256166697699e-17 5.353390634061435272e-16 4.380492413247338845e-08 3.301675431430339813e-03 2.285794616909697652e-04 2.247526748044847977e-10 9.970268607139587402e-01 2.361727480248987376e-09 2.175448189645212693e-12
3.112677893213344760e-10 2.358825199389837181e-19 1.100095720184194140e-24 1.000000000000000000e+00 1.177825150080025196e-03 1.113185426220297813e-04 2.344599366188049316e-01 2.122043022307004305e-17 1.618244738210705691e-08 7.061176344733187480e-17 1.103207459254629191e-28 1.471438530915858411e-14 5.277108096205310184e-14 5.437818643079007658e-16 2.136118200724013150e-05 8.166886437954712363e-12 5.218358637648634613e-06 2.471799620453601909e-13 6.058452269085253511e-19
5.560372490435838699e-03 7.582856217935862730e-12 3.441257140740992780e-21 9.816088080406188965e-01 9.957646131515502930e-01 2.920556296803766827e-10 9.483044147491455078e-01 1.114398261780409800e-15 3.745705907931551337e-05 1.422736304853081113e-13 3.683401968715893302e-15 2.409224584698677063e-02 7.631550773268269694e-12 5.307755103489686377e-14 3.288524297317962919e-08 4.145663697272539139e-04 3.386810203664936125e-05 1.671925237145543974e-10 1.541888838829663655e-11
2.499755247242774203e-08 3.702775586145179432e-10 5.607290771704161528e-15 6.245080008682180051e-09 2.502980874851346016e-03 3.114784818958327151e-11 7.620124816894531250e-01 5.324321136868093163e-06 2.296363099674181285e-09 9.021719098091125488e-01 1.635061183669073159e-11 9.991625547409057617e-01 2.643560292199254036e-04 8.028784072040134889e-14 1.894702792012634140e-13 6.223731040954589844e-01 4.802298644790425897e-05 6.508415708594839089e-07 4.096994618563165602e-11
9.994731545448303223e-01 7.695228123338893056e-05 1.952604744559494065e-12 1.263242484128568321e-05 9.928505420684814453e-01 4.275738183651123236e-12 8.484461903572082520e-01 8.829322828418639801e-10 1.722027081996202469e-05 8.680983709652423386e-11 1.966463614166968910e-08 9.525004029273986816e-01 1.801908240395277971e-07 2.662875128733865893e-11 2.853470498082044671e-12 2.796179149299860001e-03 1.117423289542784914e-05 5.303738004336366885e-10 1.455115068438317394e-07
2.416534908115863800e-02 3.475289486232213676e-05 2.150434283976210281e-07 1.452673040330410004e-02 8.836883902549743652e-01 1.128958501794841141e-06 9.725069999694824219e-01 8.318465916090644896e-06 5.183547269552946091e-03 3.302867753518512473e-06 1.986800998565740883e-05 8.060997724533081055e-01 8.423330291407182813e-05 4.396322310640243813e-06 6.752955232514068484e-05 1.478465944528579712e-01 8.324425667524337769e-02 5.209188675507903099e-04 1.046834368025884032e-04
2.169753657653927803e-03 6.233437375158246141e-07 6.993690959689047304e-09 9.998112320899963379e-01 2.453178922223742120e-07 3.476305282674729824e-04 3.749851748580113053e-05 5.798694110126234591e-05 4.498267210106821068e-12 9.999948740005493164e-01 8.694612412853131023e-13 1.069294594344682992e-04 9.568831301294267178e-04 7.130843471259140642e-08 9.522030595690011978e-04 5.574056558543816209e-07 1.447183876734925434e-05 1.972835161723196507e-05 2.249233141589108281e-14
9.999684095382690430e-01 9.921656847000122070e-01 6.155287834985756490e-09 2.697388231754302979e-01 1.122179764934116974e-05 4.387541111677828454e-12 1.346174849459202960e-05 1.197917088866233826e-01 1.130291749085188258e-09 1.623186705046464340e-07 1.846391910476086196e-06 2.972012152895331383e-04 3.424689173698425293e-01 3.136117476969957352e-03 1.005168496180652848e-12 2.704308644752018154e-05 3.168847513279615669e-07 5.946235432929825038e-06 4.973162992527591086e-10
1.079259099963565151e-15 2.661759362725633904e-14 1.424405707436188440e-25 1.000000000000000000e+00 6.635938326615686833e-11 2.726227961693699056e-21 9.966334700584411621e-01 2.013630364880447665e-12 1.347650723654281180e-11 3.723861238595323805e-17 4.974322576634849804e-24 2.486905586943606563e-19 7.972311504532425541e-13 7.835610382755930914e-09 2.446223223984134165e-10 4.817300638254584655e-12 1.574483932927250862e-03 1.319464754482709470e-21 1.831644932745635724e-20
1.006061900454824354e-09 2.385975221841363236e-07 4.091808836204080535e-11 1.549362641526386142e-04 6.277069041971117258e-05 9.499567568127531558e-06 9.999967813491821289e-01 4.830394004784466233e-07 2.498022280633449554e-02 1.277726813242452408e-08 2.464615844743889284e-09 1.498894198448397219e-05 4.520037236943608150e-06 1.820858160499483347e-04 2.728168386965990067e-03 1.745736371958628297e-04 1.152868499048054218e-03 2.185929224651772529e-05 2.076676355500239879e-05
4.507790585250859294e-09 2.332952391270737280e-07 2.920529817984629517e-09 3.587397979572415352e-03 4.395014912006445229e-05 3.391784844097855967e-07 9.999763965606689453e-01 2.283866524521727115e-05 1.341270690318197012e-04 9.426400993106653914e-07 4.217465543465692690e-10 5.242936458671465516e-05 1.905595272546634078e-04 1.639931724639609456e-04 3.035490866750478745e-03 3.580181219149380922e-04 7.956647127866744995e-02 6.539931746374350041e-06 1.437292098671605345e-06
9.999878406524658203e-01 2.270630151033401489e-01 9.996836185455322266e-01 1.540064695291221142e-03 4.144346415996551514e-01 7.197190066143832610e-10 1.916171051561832428e-03 1.583686680532991886e-03 3.618906951885492163e-09 4.589228979057224933e-07 8.146722620949731208e-07 1.308684945106506348e-01 6.777849793434143066e-02 6.287813652306795120e-03 1.018787387785380361e-09 3.280358796473592520e-04 4.988100499758729711e-06 3.361269591550808400e-06 6.872585345263360068e-07
9.992924928665161133e-01 8.801709860563278198e-02 4.463076591491699219e-01 7.436896562576293945e-01 6.240620017051696777e-01 4.479786355204851134e-07 4.459592048078775406e-03 8.816485642455518246e-04 1.621749277092021657e-07 3.057582216570153832e-05 3.622768053901381791e-05 1.068121045827865601e-01 2.740166522562503815e-02 1.060288865119218826e-02 8.531118510290980339e-06 6.375071126967668533e-03 1.607935555512085557e-04 8.141980651998892426e-05 1.951556896528927609e-06
9.234103560447692871e-01 4.012470841407775879e-01 9.998217225074768066e-01 4.723810404539108276e-02 4.909488558769226074e-02 1.447117538191378117e-04 1.024639606475830078e-01 2.645723223686218262e-01 4.472188302315771580e-04 5.568488501012325287e-03 9.170150733552873135e-04 3.166532889008522034e-02 4.410045146942138672e-01 1.569502651691436768e-01 1.085535855963826180e-03 2.431502752006053925e-02 2.188512682914733887e-02 7.856375537812709808e-03 8.483750745654106140e-03
6.118473011319984045e-17 8.175629444273635471e-12 1.834209528510898080e-14 8.911119064869410522e-11 1.668946963051184951e-13 1.194538719059156477e-17 1.000000000000000000e+00 1.723384048091247678e-05 5.971606448292732239e-02 8.725325691995300392e-14 2.217179329022656020e-08 7.548850988747801694e-10 3.237470735939496080e-09 2.993645296101021813e-07 2.897646481869742274e-06 5.329246022256484139e-08 9.999816417694091797e-01 5.258882538328180090e-07 2.036827150732278824e-03
7.545325756072998047e-01 5.937604606151580811e-02 3.056977959658979671e-07 9.999566078186035156e-01 5.295732021331787109e-01 5.312163921189494431e-06 2.052341587841510773e-02 6.449994980357587337e-04 1.383647089824080467e-03 8.221880998462438583e-04 1.300999545492231846e-03 7.216153200715780258e-03 1.453313976526260376e-03 1.013198494911193848e-02 3.145811206195503473e-05 7.801420986652374268e-02 5.070812534540891647e-03 3.373861773070530035e-06 4.728074782178737223e-05
2.216206773653084383e-08 1.584687015565577894e-05 1.712697894618031569e-07 9.086450338363647461e-01 1.331796647718874738e-05 2.814910304849149725e-09 9.992375373840332031e-01 2.569157804828137159e-04 4.637933161575347185e-04 4.021553081656747963e-07 5.402391778375204012e-08 1.767015646692016162e-06 1.151114993263036013e-04 3.527197521179914474e-03 1.030910760164260864e-03 6.241909577511250973e-04 1.376879811286926270e-01 7.498294962715590373e-07 1.364612558063527104e-06
1.267365441890433431e-04 1.739393740152195278e-09 2.422867104396614091e-17 5.136259831488132477e-03 1.908482164144515991e-01 4.224486038761909867e-10 1.196293509565293789e-03 1.034941998767635596e-08 8.495320332618794268e-14 9.999016523361206055e-01 3.330521054867936932e-15 9.986584186553955078e-01 3.763949962376500480e-06 4.414765790759040895e-15 4.826826330121825048e-13 1.040474027395248413e-01 3.493492428674471739e-08 1.773305768892896594e-07 8.665042494782065766e-17
8.246361017227172852e-01 3.331572562456130981e-02 6.357728125294670463e-05 9.999986886978149414e-01 1.057543442584574223e-03 2.936604687420185655e-06 6.112567916716216132e-06 5.792225711047649384e-03 2.502549278915466857e-09 1.691708806902170181e-03 7.781876831813860917e-08 2.479137037880718708e-06 6.648710370063781738e-02 4.838141500949859619e-01 2.236574073322117329e-04 7.590312743559479713e-04 7.437522435793653131e-05 2.459621243178844452e-02 1.671046945261878136e-08
6.092598869855692101e-09 1.949202612649969524e-07 2.696527723333730364e-10 9.999049901962280273e-01 6.930465645815786502e-10 4.065341813186407194e-12 2.714314870536327362e-02 8.710963651537895203e-03 1.985517167346628753e-10 1.046540546667529270e-06 4.798274357188528697e-15 1.612922902877178544e-12 7.635708243469707668e-06 2.723824419081211090e-02 2.127279760316014290e-03 9.972701775495806942e-09 9.991925358772277832e-01 2.629982680082321167e-02 7.368712302661950542e-13
1.178624131625838345e-07 2.102016878779977560e-05 9.353543646284379065e-07 3.957725130021572113e-05 2.977054691655212082e-06 1.830256337598257232e-07 9.998958110809326172e-01 1.155863981693983078e-02 5.336697101593017578e-01 2.907312364186509512e-06 5.443935515359044075e-04 1.202758576255291700e-04 2.109061606461182237e-04 1.911201630719006062e-03 3.413450205698609352e-03 4.151168977841734886e-04 9.657599329948425293e-01 7.688603829592466354e-03 3.368478268384933472e-02
2.663127670530229807e-04 1.410711888638616074e-06 1.440026494492485654e-06 1.000000000000000000e+00 1.430651195732934866e-06 7.900653872638940811e-05 2.808511453622486442e-05 7.268639164976775646e-04 1.061051690953718207e-09 1.432909630239009857e-05 1.233931678351878752e-14 2.841109942794406429e-12 9.857087570708245039e-05 5.940184928476810455e-03 3.702709823846817017e-02 3.216631228042388102e-08 1.586631289683282375e-03 3.537920489907264709e-02 1.622958386605921621e-12
4.542393088340759277e-01 7.648400217294692993e-02 1.821851474232971668e-03 8.720844388008117676e-01 6.222406625747680664e-01 1.659148931503295898e-02 3.056406378746032715e-01 2.701237611472606659e-02 4.342769086360931396e-02 9.424390643835067749e-02 1.316092815250158310e-02 4.032705426216125488e-01 4.691347852349281311e-02 2.423667535185813904e-02 1.658305712044239044e-02 3.418431282043457031e-01 1.402523368597030640e-01 4.176416620612144470e-02 6.639923434704542160e-03
5.764509936057038431e-08 4.691121102684547850e-11 2.094513729122837731e-10 3.140606885665420123e-09 2.196571743939834676e-11 1.033721649945640308e-10 3.024121042471961118e-08 3.619864219217561185e-05 5.354245475593672073e-17 1.000000000000000000e+00 2.470078991605867413e-13 1.445518136024475098e-01 3.187001129845157266e-05 2.507190418818416866e-15 1.640892418686493159e-13 2.065541921183466911e-03 6.172248823155257469e-10 5.302843533172563184e-07 4.722363363717271806e-18
5.937638889008667320e-06 2.442649460476786771e-08 1.418990335525166860e-14 4.105322659597732127e-06 7.861099549089090033e-10 1.755941525516391266e-08 1.955261126340701594e-07 8.732079004403203726e-05 1.068905943304217926e-14 1.000000000000000000e+00 1.116847499899042973e-11 9.251614660024642944e-02 5.605037586065009236e-05 5.016837097658599642e-13 4.205302078785777553e-11 6.158174946904182434e-04 2.195360337964302744e-08 2.378839326411252841e-06 1.549817242382377398e-15
3.991801804659189656e-06 2.645177055171643588e-08 2.150863168126626590e-11 7.928792342681845184e-07 7.736940865754604602e-09 1.985973696605469740e-08 2.160720214305911213e-06 2.788693236652761698e-04 3.471835178289056634e-13 1.000000000000000000e+00 1.669824972738709334e-10 1.934063434600830078e-01 1.825240324251353741e-04 3.440898607709463874e-12 1.617860290181738492e-10 5.389817990362644196e-03 1.510394298520623124e-07 9.276335731556173414e-06 4.209532841661228764e-14
1.581133983563631773e-04 7.064502316467269338e-10 1.585171868205179860e-16 9.999990463256835938e-01 7.561668305400282009e-12 4.246010476549599844e-08 6.759535153832985088e-10 6.977025890364529914e-08 1.184508096891730597e-21 1.000000000000000000e+00 5.396971895227480139e-20 4.985285613656742498e-06 4.133547554374672472e-05 1.384328713943325240e-13 7.829186188246239908e-09 3.995720976313066330e-10 4.448205970231100537e-10 4.253586816105325852e-09 8.007378372378383150e-24
3.381425887346267700e-02 1.387991127558052540e-03 7.320247874531560228e-08 9.968632459640502930e-01 7.866280611779075116e-06 3.674836625577881932e-05 3.391431891941465437e-05 4.420524463057518005e-03 1.497101331793260215e-10 9.997761845588684082e-01 1.028416907189466656e-08 4.171466454863548279e-03 3.025812655687332153e-02 4.970600275555625558e-05 2.352985575271304697e-05 1.579446397954598069e-04 7.766516500851139426e-05 1.053601386956870556e-03 1.047673892085043690e-10
1.269859820604324341e-02 5.697935703210532665e-04 3.023294947723798032e-09 9.971733093261718750e-01 5.225695645094674546e-07 4.459842784854117781e-06 3.726433305928367190e-06 2.672068076208233833e-03 1.632835143136612821e-12 9.999730587005615234e-01 7.803629409330881117e-10 2.085237763822078705e-03 1.600655540823936462e-02 1.261325905943522230e-05 2.065089574898593128e-06 5.401005546445958316e-05 1.329318547504954040e-05 4.623157437890768051e-04 2.085645458421714338e-12
2.784057869575917721e-06 2.811190825013909489e-05 1.111738257009164954e-07 1.157950237393379211e-02 6.333830242510885000e-05 1.502207965131674428e-06 8.533073663711547852e-01 3.186006844043731689e-02 7.187289156718179584e-06 8.856560587882995605e-01 2.423026614906120813e-07 9.908090531826019287e-02 6.296662148088216782e-03 6.614386074943467975e-05 4.948760615661740303e-04 6.792566925287246704e-02 1.271478086709976196e-01 2.002676483243703842e-03 9.614217333364649676e-07
1.028975488799252491e-13 3.260251443815143091e-12 8.285071847330405248e-13 3.118231543339788914e-04 1.077595859766411479e-10 1.195539435679127127e-13 9.998891353607177734e-01 7.226881280075758696e-05 3.846858387390739153e-09 1.320712428309889219e-08 1.517307567295341636e-14 2.405293564322619204e-08 1.930458665810874663e-06 1.684375433796958532e-06 1.583560224389657378e-04 2.110492232532124035e-06 9.998176693916320801e-01 1.318762429036723915e-06 2.785035757568721237e-09
2.032203951785049867e-07 3.357124114700127393e-06 9.024359926002034626e-09 1.745196618139743805e-02 3.361483322805725038e-05 6.902188260937691666e-07 9.979954957962036133e-01 1.482384279370307922e-03 2.343619962630327791e-05 4.668250214308500290e-03 5.249594536849144788e-09 9.995768778026103973e-04 2.281845547258853912e-03 1.343439071206375957e-04 1.494119991548359394e-03 2.671402180567383766e-03 1.919511854648590088e-01 7.458296022377908230e-05 6.815786832703452092e-07
1.556546048959717155e-04 2.628919219205272384e-06 4.357364389306894736e-07 3.100832924246788025e-03 2.930596470832824707e-01 1.533639988338109106e-05 7.919420599937438965e-01 2.634203410707414150e-04 4.629887189366854727e-05 1.618667244911193848e-01 3.067929981170891551e-07 9.683635234832763672e-01 3.688385477289557457e-03 1.443824544367089402e-06 6.760012638551415876e-06 5.377982854843139648e-01 1.327951624989509583e-02 3.598155686631798744e-03 2.267053105242666788e-06
3.511741757392883301e-03 1.221394995809532702e-06 4.561518718304569120e-09 9.993268251419067383e-01 3.938939414638298331e-07 2.742142823990434408e-04 3.062394534936174750e-05 6.578511238330975175e-05 5.381071890159239146e-12 9.999979734420776367e-01 4.004078752589679269e-12 4.590763128362596035e-04 1.430398318916559219e-03 2.924578623719753523e-08 2.543828159105032682e-04 1.553155584588239435e-06 8.501296179019846022e-06 1.880158197309356183e-05 6.640308691362867277e-14
6.894149919389747083e-06 2.234047835614205724e-09 1.463658512966536929e-12 2.066238084807991982e-05 5.912889838218688965e-01 4.157021464834542712e-07 1.216811090707778931e-01 7.918901019365875982e-07 9.873827089279529901e-09 9.933607578277587891e-01 1.247726661574022344e-11 9.994722008705139160e-01 2.069786023639608175e-05 2.786366450069355238e-11 1.035136282245829875e-10 6.579165458679199219e-01 4.757519945997046307e-06 1.572881592437624931e-05 2.277026310559815414e-11
4.968055509380064905e-05 4.401587538893636520e-09 9.050583230563998318e-19 1.021737924301879819e-12 3.973358161601936445e-06 7.680887037508909998e-10 6.642031483352184296e-03 3.118418874237249838e-07 4.777040096826112858e-09 9.999697208404541016e-01 2.774614045464307566e-11 9.047829508781433105e-01 1.099442131817340851e-02 4.317375503166762176e-20 1.946538622816525827e-17 5.229359958320856094e-03 2.504424723159814903e-10 5.434664718251269733e-09 1.634420598861652252e-09
7.670286111533641815e-03 6.956833203730639070e-06 5.551145321192052506e-08 9.999346733093261719e-01 8.229567110538482666e-02 1.608692668378353119e-02 2.813640981912612915e-02 1.622535455680917948e-05 2.394974872004240751e-04 1.018658949760720134e-04 1.172355990064488651e-08 1.165674548246897757e-04 2.035721117863431573e-04 9.035477887664455920e-06 6.545595824718475342e-03 6.287594442255795002e-04 7.268724963068962097e-03 4.394566349219530821e-05 1.819915809164740494e-07
8.612370834271132480e-07 2.204549787165888119e-08 2.245447404403133618e-11 1.115704662879579701e-06 7.711660861968994141e-02 9.983677268028259277e-01 6.303972005844116211e-02 6.833455579169367411e-09 4.684981831815093756e-04 1.103753969073295593e-02 5.891718536654710903e-12 2.172627719119191170e-03 1.421436354576144367e-05 7.577601324193494747e-10 2.417233872620272450e-06 4.732566594611853361e-04 1.876923079180414788e-06 3.383978764759376645e-05 5.636471200887172017e-07
1.665733151412496227e-07 2.622168437937943963e-07 1.240408643854440385e-11 5.855298695678357035e-06 2.803838924592128024e-06 1.175335917480424541e-08 2.026517875492572784e-02 3.781180363148450851e-03 1.987803033287605103e-09 9.999893903732299805e-01 3.844966123267568037e-09 8.512777090072631836e-01 1.332117826677858829e-04 2.821624045523662971e-09 2.406826382639337680e-08 2.377111762762069702e-01 4.524508549366146326e-04 9.706605487735942006e-05 1.180680136991796303e-10
1.458168298995587975e-05 8.765689563094980485e-11 7.556149682461012901e-15 9.964805245399475098e-01 3.608538099797442555e-05 8.416781201958656311e-03 5.492930300533771515e-03 5.769820177192741539e-09 2.613433428000355718e-11 9.957423806190490723e-01 1.362774889302284638e-18 8.848001743899658322e-05 9.102374860958661884e-06 4.486494075556235472e-12 3.504549677018076181e-04 2.963263625588297145e-07 3.153537363687064499e-06 4.869059466727776453e-08 7.618198445737416231e-16
3.001540335390018299e-06 2.236076720920493477e-13 5.468503070760923252e-23 4.155797928007132214e-09 9.654706716537475586e-01 2.242029062404782280e-10 9.999939203262329102e-01 2.287919328980579933e-18 4.311383888125419617e-02 1.121502459457929626e-16 3.852505690948550754e-16 4.119087010622024536e-02 1.586121750433988620e-12 1.320601868284127997e-15 2.919036123927298831e-10 3.595932184907724150e-06 2.114368413685951964e-08 2.344132526976849817e-11 1.995123533049536491e-08
2.747208927358912867e-12 2.754820839761390472e-13 1.533275535955448167e-15 9.468735754489898682e-02 1.216647831370210042e-07 5.016344978292508472e-11 9.999532699584960938e-01 1.898884960382929421e-07 3.216836796937627696e-10 1.819489261833950877e-05 1.912467012026435990e-18 3.258270680817076936e-06 3.357556352057144977e-06 4.952416254866420786e-09 3.712788384291343391e-05 4.707275365944951773e-06 9.796950966119766235e-02 4.513255191795906285e-08 1.379694698332850633e-13
3.605456352233886719e-01 3.014538586139678955e-01 5.958500783890485764e-03 2.992908470332622528e-02 4.379522800445556641e-02 1.401902060024440289e-03 3.837834298610687256e-01 3.890565931797027588e-01 1.352967880666255951e-02 2.722712755203247070e-01 2.505331486463546753e-02 5.116547346115112305e-01 5.218372941017150879e-01 1.352635025978088379e-02 3.806835273280739784e-03 2.180160284042358398e-01 1.684312969446182251e-01 5.961855873465538025e-02 1.359846908599138260e-02
4.034915110362469193e-11 1.114918704234191260e-12 7.804523396445975173e-21 7.490991160707949348e-10 1.851672981612040303e-10 2.305535319949147954e-13 7.483638455596519634e-06 4.009443273389479145e-06 1.486837133293243462e-17 1.000000000000000000e+00 2.903091871359623133e-16 9.165440201759338379e-01 1.096648389875554130e-07 2.263923687950059781e-17 5.296739270604054750e-15 3.056824766099452972e-02 1.406338867582235252e-08 4.333779202170262579e-08 1.830640005236611829e-19
3.383436535386863397e-07 3.115919675056311178e-11 3.663008869652247771e-18 2.625446970938583036e-09 1.220441499596991441e-12 4.216737636147938062e-12 2.037812807387240355e-09 4.986412477592239156e-06 2.113889006700701579e-19 1.000000000000000000e+00 7.714681215902075007e-15 7.595768570899963379e-02 1.190830516861751676e-05 5.623519565631529299e-18 6.321879106226937703e-16 1.859544572653248906e-04 2.867209247803259586e-11 1.424376421255146852e-07 5.980698713221946735e-20
7.055796658050894621e-08 8.518898539477959275e-06 1.118652676268538926e-06 7.225896115414798260e-05 7.572878530481830239e-06 4.008987161796540022e-05 9.998906850814819336e-01 8.495620568282902241e-04 4.563747644424438477e-01 1.102555984289210755e-06 7.853179340600036085e-06 2.844015580194536597e-05 1.198847166961058974e-04 1.240014284849166870e-02 2.670647390186786652e-02 1.192910494864918292e-04 1.906819492578506470e-01 1.026246882975101471e-02 1.065934821963310242e-02
8.489108721532190316e-12 2.253400843699182587e-08 1.202067556604902165e-09 7.063243145921660471e-08 1.053904075121181450e-08 3.583944874208100373e-08 9.999995231628417969e-01 1.421967681380920112e-05 8.674227595329284668e-01 6.801632035369209461e-10 1.115119232508732239e-07 4.072817034739273367e-07 3.493279905342205893e-07 2.444732526782900095e-04 6.206686375662684441e-04 2.041564130195183679e-06 1.446835100650787354e-01 4.264355171471834183e-03 1.591004990041255951e-02
1.016176227608411864e-07 1.435048346820622100e-07 4.624311156220528574e-09 4.407635788084007800e-05 1.566459104651585221e-04 9.997707009315490723e-01 1.526766866445541382e-01 8.721205091433148482e-09 7.361527532339096069e-03 2.593480452617313858e-08 6.968111526152453994e-13 1.873548249875511829e-08 2.339549638463722658e-07 1.027788748615421355e-04 2.080869628116488457e-03 1.298924559023362235e-07 1.924962271004915237e-05 2.387143904343247414e-04 3.544232868080143817e-06
9.999978542327880859e-01 3.999636192020261660e-06 1.370289914024621258e-21 3.632502556128597293e-13 7.894246578216552734e-01 8.449183427363697791e-18 9.823883175849914551e-01 8.229102430098859163e-16 1.004106830805540085e-03 1.916947156227282421e-15 1.628357518268508386e-11 9.917417764663696289e-01 1.103390157020101014e-10 1.599462023332735171e-19 5.248170584861643396e-21 1.224924744747113436e-06 1.341736999282971965e-10 8.762369227399545045e-17 2.116085852321702987e-05
8.063147106440737844e-05 2.644711230459506623e-06 6.254819329143401774e-09 1.381278252665651962e-05 3.489770293235778809e-01 1.035668849945068359e-01 5.735815167427062988e-01 9.181353561871219426e-06 4.357544239610433578e-03 2.954734861850738525e-01 3.146461153846757952e-07 8.439215421676635742e-01 1.369573874399065971e-03 1.973956820222610986e-08 9.375315812576445751e-07 2.223161756992340088e-01 1.625436416361480951e-04 3.642815572675317526e-04 6.160734483273699880e-05
1.269324711756780744e-04 1.806457028408203769e-08 4.459347387880674418e-12 4.169989377260208130e-02 7.979580163955688477e-01 9.094609936255437788e-07 8.804155141115188599e-02 2.954704996227519587e-07 8.094770187483391055e-09 9.498139023780822754e-01 1.038311537443492583e-11 9.982953667640686035e-01 1.612951746210455894e-05 3.225493483416386198e-10 8.727461420221516164e-09 4.313335120677947998e-01 2.302000757481437176e-05 6.364594446495175362e-05 1.104764717207995517e-11
2.299712039530277252e-03 3.658387577161192894e-04 2.671768561413045973e-05 4.918662831187248230e-03 1.709263026714324951e-01 9.901013374328613281e-01 7.262064516544342041e-02 1.052014922606758773e-04 4.662050679326057434e-02 1.084385346621274948e-02 4.057982096128398553e-06 6.627712864428758621e-03 2.320758765563368797e-03 2.000804233830422163e-04 5.628969985991716385e-03 5.298327654600143433e-03 3.053398104384541512e-03 1.521466206759214401e-02 1.216694479808211327e-03
2.408376662060618401e-03 3.824149316642433405e-04 2.793507701426278800e-05 5.054580513387918472e-03 1.807215213775634766e-01 9.859397411346435547e-01 9.211437404155731201e-02 1.266800099983811378e-04 4.603005945682525635e-02 1.321458071470260620e-02 4.699350029113702476e-06 8.632503449916839600e-03 2.682530321180820465e-03 2.020631509367376566e-04 5.652300082147121429e-03 6.380900740623474121e-03 3.350597340613603592e-03 1.537069492042064667e-02 1.245331950485706329e-03
2.409128239378333092e-03 3.801101993303745985e-04 2.772900552372448146e-05 5.096845794469118118e-03 1.806074976921081543e-01 9.857221841812133789e-01 9.316309541463851929e-02 1.271037326660007238e-04 4.589695855975151062e-02 1.321760844439268112e-02 4.674092451750766486e-06 8.644042536616325378e-03 2.689977642148733139e-03 2.015997597482055426e-04 5.677690729498863220e-03 6.377742625772953033e-03 3.366369055584073067e-03 1.537879370152950287e-02 1.236687065102159977e-03
8.251821441930995600e-18 2.135312620606355473e-16 2.133697138937990941e-19 3.960034788974553521e-08 5.003941358494579106e-11 3.511068668674032812e-15 9.998422861099243164e-01 3.073775951634161174e-05 1.122816236146483015e-13 9.937746524810791016e-01 4.447450300725579335e-18 2.628401517868041992e-01 1.519113936865323922e-07 1.532519770808260517e-13 1.797149651316942709e-09 1.958206109702587128e-02 2.462678775191307068e-02 8.673983984408550896e-07 3.126957226544336763e-15
1.701612927718088031e-04 1.287001534365117550e-03 1.074700194294564426e-04 4.865368828177452087e-03 1.569511601701378822e-03 8.986613102024421096e-05 7.979088425636291504e-01 3.976587355136871338e-01 8.570921490900218487e-04 8.825802803039550781e-01 3.923616604879498482e-04 5.899525880813598633e-01 2.807106822729110718e-02 1.593618537299335003e-03 3.095348831266164780e-03 3.663273751735687256e-01 3.395794928073883057e-01 2.542661689221858978e-02 3.592373104766011238e-04
