1.524654426147964426e-12 5.788729565137096245e-11 2.236273883085559966e-12 9.926169514656066895e-01 6.863010715285611241e-10 3.223763617166142126e-11 9.998973608016967773e-01 5.255348014543415047e-07 2.795867892757541995e-08 3.363755454732775263e-12 4.740721975668396213e-17 1.173294724180970472e-13 9.854811366949434159e-08 3.518226367305032909e-05 2.942903432995080948e-03 1.021591256034071193e-09 8.719734549522399902e-01 1.385784487162311507e-09 4.861792392285568809e-12
8.356238686246797442e-05 3.391358859516913071e-06 1.296083326451480389e-03 9.999986886978149414e-01 6.765602302039042115e-05 1.283385499846190214e-04 1.016767509281635284e-02 7.418843451887369156e-04 3.298860519862500951e-06 9.513683835393749177e-06 5.804982883272913341e-11 1.388843484662061201e-09 3.438181302044540644e-04 1.517689903266727924e-03 2.311426773667335510e-02 2.169067329305107705e-06 1.284677088260650635e-01 4.797616202267818153e-05 2.621928896218150840e-09
1.773778051137924194e-01 4.353795666247606277e-04 6.842730613243475091e-07 9.618698358535766602e-01 2.206475883722305298e-01 8.425118401646614075e-03 4.693238437175750732e-01 7.739302236586809158e-05 5.545497871935367584e-03 2.257662854390218854e-04 8.354674037036602385e-07 2.500315429642796516e-03 5.486216978169977665e-04 2.864266862161457539e-04 4.754461348056793213e-02 1.067976583726704121e-03 1.560831908136606216e-02 9.767646406544372439e-05 7.236150122480466962e-05
5.506361686058447447e-11 1.290074297388699165e-11 2.968151347072592869e-17 4.194292024806145491e-09 9.874894203676376492e-06 1.472923401024672785e-07 9.975233674049377441e-01 2.466047135385451838e-07 9.973044612365811190e-09 9.494249224662780762e-01 9.899145983179383212e-14 6.176622509956359863e-01 1.551942696096375585e-04 1.019867648449288011e-14 8.983134375251111692e-11 2.169176749885082245e-02 9.482406312599778175e-06 2.348602556878631731e-08 2.911068608391076395e-10
1.794447563588619232e-02 4.910645075142383575e-04 2.951646251858619507e-07 1.633839856367558241e-04 1.277262531220912933e-02 3.663764218799769878e-04 9.436456561088562012e-01 1.479843398556113243e-03 8.595187100581824780e-04 1.034273654222488403e-01 1.765756860550027341e-05 4.005362987518310547e-01 9.162870794534683228e-02 3.421251676627434790e-06 1.380121248075738549e-04 1.700166240334510803e-02 1.552419271320104599e-02 1.919346541399136186e-04 5.731639103032648563e-04
1.890842490177499502e-14 2.561436035063840988e-13 1.808876624826400248e-20 1.708824054480473364e-10 8.303163340315222740e-04 5.471624542341402275e-11 1.000000000000000000e+00 1.899374077072787936e-13 1.487681642174720764e-03 8.902841137914396796e-12 8.255946788845655582e-14 1.505346409976482391e-02 1.942319549641524645e-08 4.833764139823559791e-13 1.529022242152677791e-09 1.775121781975030899e-03 1.557437599331024103e-06 1.503893454213311998e-09 1.364935631187336185e-08
5.165930633665993810e-05 6.108506568125449121e-06 1.107705998037999962e-07 1.581150572746992111e-04 1.163660511374473572e-01 9.999729394912719727e-01 1.374601619318127632e-03 6.061664947765166289e-08 3.777672722935676575e-02 9.031250374391674995e-05 3.457719666144498660e-09 1.203712017741054296e-04 1.398121275997254997e-05 2.788080337268183939e-06 9.031491936184465885e-05 2.018490340560674667e-04 5.261728801997378469e-05 1.507918001152575016e-03 1.852886198321357369e-04
4.368310868585467688e-08 9.889795579698379413e-12 7.170736350691386991e-16 5.021305241825757548e-06 4.673947393894195557e-01 9.999381303787231445e-01 5.821750499308109283e-03 5.686105916896753293e-15 4.829061031341552734e-02 7.595403417326451745e-09 1.624653132667886867e-15 1.757747850206214935e-05 3.330479225738258720e-10 3.605508036227944579e-12 4.442239465163311252e-09 4.851709491049405187e-06 2.299151802276355738e-08 1.142493783845566213e-05 8.343735657945217099e-08
1.026794027580990587e-08 1.098857865144964308e-06 3.116191237495513633e-06 5.096998647786676884e-04 6.481081072706729174e-05 3.920586314052343369e-04 9.999469518661499023e-01 2.225392745458520949e-05 2.911236137151718140e-02 1.443935815359509434e-07 6.689802933834698706e-09 6.514640517707448453e-06 4.743456520373001695e-05 3.587530693039298058e-03 2.751493826508522034e-02 1.185143919428810477e-04 1.084123644977807999e-02 2.286492090206593275e-04 1.069185454980470240e-04
1.321187936831336174e-09 6.542331476566687343e-08 2.337123561346743372e-07 1.857451512478291988e-03 2.523740477045066655e-05 4.081098595634102821e-04 9.999675750732421875e-01 1.996779474211507477e-06 5.367014091461896896e-03 4.045994206336445131e-09 2.620806176245604746e-11 1.485585841010106378e-07 5.169035830476786941e-06 1.965908333659172058e-03 3.595807775855064392e-02 7.750547410978469998e-06 6.197073496878147125e-03 4.711313522420823574e-05 2.566130660852650180e-06
9.075854734419408487e-08 6.322688506088525173e-08 4.801811170906944426e-10 1.000000000000000000e+00 3.209963139738647442e-08 1.949192543482247686e-12 2.638700604438781738e-02 4.146541468799114227e-04 2.052503278449080426e-09 7.397345314075209899e-08 1.920824237785102168e-14 1.924481353356849445e-13 4.848050593864172697e-06 8.081860141828656197e-04 1.021815987769514322e-04 1.197103394190435210e-08 9.755620360374450684e-01 8.413572771814870066e-08 1.627983229994522940e-13
6.927247113708290271e-07 1.656009773753908121e-09 1.902372703810328858e-09 1.000000000000000000e+00 9.834442380451946519e-07 1.347876036561501678e-06 2.314533805474638939e-03 1.395884555677184835e-05 2.778334673436688718e-09 2.029629797561938176e-07 2.395591022221025016e-16 1.200849098978440388e-12 3.069647164011257701e-06 8.494318535667844117e-06 5.400057416409254074e-03 2.368905072103189013e-09 2.870440483093261719e-01 4.414925172113726148e-07 8.002915008204630753e-14
8.530654667993076146e-06 5.881961150783210357e-12 1.694038620047699090e-14 9.977631568908691406e-01 5.986059457063674927e-02 9.314142167568206787e-02 2.495956420898437500e-01 1.525874981922470397e-10 7.915004971437156200e-06 2.468362936269841157e-06 1.375372477800191601e-17 8.344232810486573726e-06 1.494954631198197603e-07 3.025241515630661127e-11 1.029132050462067127e-03 1.606338173587573692e-06 6.548305827891454101e-05 1.214620624523377046e-06 8.233546656966073130e-12
1.000000000000000000e+00 1.922880743521204749e-10 2.938616419164232008e-36 2.745488003608187455e-10 1.000000000000000000e+00 3.304821150319946605e-35 2.812524326145648956e-02 2.558371056570994014e-27 9.547476828379196190e-19 4.681182908223103766e-33 2.014345277429180551e-23 9.933726787567138672e-01 4.869655785978093155e-22 3.524316260908805359e-28 7.250595375200908401e-36 9.651058840987047915e-10 6.450918222994025952e-17 5.520466333292128977e-29 6.228001310912160644e-23
1.000000000000000000e+00 7.514900062233209610e-04 4.793443555271456698e-23 4.213329851627349854e-01 9.996640682220458984e-01 4.455466178127578389e-25 1.548994441691320390e-05 1.323334562590428032e-12 1.394848197168568871e-17 5.369068572850137643e-19 9.715940888204571690e-14 3.608382046222686768e-01 1.121005510640316061e-10 6.401544333685393884e-14 1.106205940933196640e-24 1.501359889743980602e-07 4.293711913794240331e-11 2.077735688624136357e-20 2.824877044948568638e-20
1.169762176012056898e-09 9.601365709432929663e-12 1.562356769005137732e-19 7.379908858497208346e-13 4.270182671461952850e-06 8.275440563920710701e-07 8.949930965900421143e-02 1.087056276105613506e-07 6.168615396262566719e-09 9.999992847442626953e-01 1.490974905387146277e-13 9.341188669204711914e-01 2.942109676951076835e-05 6.918306645081096491e-20 9.214365330993548944e-16 3.161128237843513489e-02 8.180801036594687048e-10 8.986052457693460838e-10 4.209282228329058739e-11
1.901665596597851174e-16 5.727367365093716245e-12 8.424084782345368804e-17 1.129724308848381042e-01 4.371757400534193039e-10 1.988205607095228089e-12 1.000000000000000000e+00 8.173871302030732977e-11 9.880147899821167812e-07 1.736016789408146004e-16 1.117380490252582943e-18 5.496898577051108348e-14 1.833478924240239394e-10 1.070654161594575271e-05 3.588204272091388702e-04 3.382900626291984736e-10 1.732745906338095665e-03 5.773829331312541058e-12 3.780774738421088799e-12
4.773620437554732719e-18 1.680029406607788656e-13 4.384837840331500718e-16 1.652514329180121422e-04 1.561669821237288147e-10 1.272461910145628039e-11 1.000000000000000000e+00 1.773475949429226262e-10 2.137456249329261482e-06 3.197070008176397049e-16 6.798358089183576927e-19 5.610195467908862810e-13 7.590374440091807173e-10 8.316625098814256489e-06 1.260187360458076000e-03 1.035622698708493772e-09 4.936825484037399292e-03 2.116306851984717241e-10 2.571429527642443702e-11
2.873540960734999317e-09 1.919529422564347776e-12 4.929297709380636379e-21 4.238674966572375524e-10 8.217972354032099247e-04 1.404024396745029435e-10 1.587443985044956207e-02 2.560226164405321470e-08 1.340154983514585396e-12 9.999989271163940430e-01 1.200927336023646479e-15 9.993114471435546875e-01 3.893186431014328264e-07 3.442758796670203304e-18 2.863190531494637196e-16 2.955498397350311279e-01 7.020608094876479299e-09 5.830632865411189414e-09 1.140625154684481515e-15
9.998528957366943359e-01 4.997163079679012299e-03 2.342347236311548286e-13 6.508087402323781134e-10 1.331563480198383331e-02 2.953312290901455306e-12 9.591004997491836548e-02 7.182439958342001773e-07 1.843826612457633018e-05 2.415372873656451702e-04 1.355572365469015494e-08 9.611628055572509766e-01 2.660606056451797485e-02 4.155391173299091689e-14 6.452025983270356967e-17 2.288664545631036162e-04 1.521638992585394590e-08 3.537272141862501940e-10 9.321461402578279376e-05
5.146190140692397108e-10 7.456369743863433541e-09 2.004258888913782073e-15 1.677619848594602558e-11 7.728280252194963396e-06 5.229049293120624498e-06 9.988118410110473633e-01 2.740654508670559153e-06 1.220757258124649525e-04 2.316742092370986938e-01 6.967910137767319156e-10 3.176471889019012451e-01 3.294721944257616997e-03 4.872791081224348009e-13 6.543957042914883004e-11 2.786019630730152130e-02 5.685058567905798554e-06 6.780563666097805253e-08 6.838862191216321662e-06
8.103888630867004395e-01 4.673912923358614080e-10 1.542294537223429738e-19 3.601342868364554306e-08 9.997079968452453613e-01 2.969815965337294582e-17 9.984649419784545898e-01 2.901287161786379439e-16 3.586459342841408215e-06 1.708170316569364864e-16 3.271006512525764798e-13 9.940723776817321777e-01 2.718918623231814102e-12 3.402963137400277142e-17 7.518107738733927764e-16 1.614928478375077248e-03 1.943733423104276881e-06 5.734732350451410277e-13 8.594260025862610064e-11
1.136211610908155478e-10 4.349929444424915914e-11 2.910331209967503829e-13 3.116739151209912961e-07 5.764499292126856744e-06 1.000000000000000000e+00 5.196006968617439270e-04 1.568324056776607134e-13 2.983985177706927061e-04 7.809741568720607319e-12 9.378893025143884962e-20 8.320862445246324235e-13 6.766200794094956450e-11 1.981666173378471285e-07 4.378708035801537335e-05 1.523233969513704267e-11 4.827372279692099255e-08 8.714266186871100217e-06 2.386337349946643371e-09
2.470569526735744148e-09 3.145852689456773987e-09 3.205216647650388495e-11 1.725549765296818805e-07 1.159886363893747330e-03 8.624612092971801758e-01 9.794770479202270508e-01 4.218650762055631276e-09 1.062319963239133358e-03 1.042317944666137919e-05 3.463772508833368180e-13 5.374668398872017860e-05 6.382474566635210067e-06 2.180732749934577441e-08 6.168992968014208600e-06 7.005230145296081901e-05 2.362275154155213386e-06 4.131291461817454547e-06 4.599714031883195275e-07
4.568598726562564990e-16 5.238075217070474489e-19 2.744326530355339238e-17 9.553389549255371094e-01 2.502130880093410729e-19 9.790273904800415039e-01 1.113751846304467108e-08 1.467676501165637859e-11 7.840045480227500474e-14 1.934783713450349829e-12 1.860591413327923677e-32 7.809946851044051890e-28 2.434062608587528320e-13 4.969393785358988680e-07 9.999988079071044922e-01 1.099953567449073314e-23 2.769369018551515182e-07 1.861842633843480144e-06 2.148484290158228708e-23
2.495505668775876984e-08 3.483029633482605247e-14 2.188083969654336380e-14 1.000000000000000000e+00 6.784223570156225000e-16 7.923007389054603777e-11 9.812158897892775400e-12 6.371694638573899283e-08 9.634224498888878930e-26 6.152426823973655701e-03 6.124474855566672347e-32 7.070885935277604046e-23 2.432611267977335956e-08 6.424665571103105322e-06 3.790396964177489281e-03 2.777195048303501325e-17 2.620326142732665176e-07 9.479486616328358650e-04 1.322597712224584965e-31
6.950234524255936245e-20 3.482833607688400077e-27 3.873236047153698074e-25 1.000000000000000000e+00 2.822141209696034854e-20 2.297963251976509191e-12 5.641921652088655037e-11 1.821886554381063617e-15 1.738401067181481841e-25 1.767208219360028012e-22 0.000000000000000000e+00 0.000000000000000000e+00 3.272371171012855345e-18 4.906839501774354351e-14 7.865127554396167397e-05 5.258166034843993800e-30 8.027180592762306333e-05 1.816993456803012337e-15 0.000000000000000000e+00
1.855193113442510366e-04 1.160782761871814728e-03 1.124398931860923767e-01 1.048719882965087891e-01 3.998040687292814255e-03 7.341995835304260254e-03 9.780763983726501465e-01 1.890907809138298035e-02 3.787642717361450195e-02 4.403725615702569485e-04 1.805479769245721400e-05 7.177413790486752987e-04 1.076657883822917938e-02 6.453423947095870972e-02 1.613396257162094116e-01 6.063907407224178314e-03 2.437476962804794312e-01 7.639148272573947906e-03 2.180461771786212921e-03
1.992374762949111755e-07 8.003128459677100182e-05 3.673586093100311700e-07 9.595786929130554199e-01 5.127813710714690387e-05 7.048989232316671405e-07 9.983207583427429199e-01 3.168409602949395776e-05 1.562585937790572643e-03 6.422746423595526721e-08 1.161778051539386070e-08 1.296808136430627201e-07 1.865147896751295775e-05 5.811949726194143295e-03 7.399673922918736935e-04 5.851532114320434630e-05 7.698902394622564316e-03 6.289575793516632984e-08 1.075178374776442070e-06
1.504210871644318104e-03 5.763144184101065548e-09 1.284229127056699342e-18 5.964913285527728704e-11 8.561713621020317078e-03 1.918612634759821189e-14 1.710716821253299713e-02 3.891523192578461021e-08 2.595959471690667542e-12 8.866940140724182129e-01 1.230911667081738270e-13 9.997695088386535645e-01 1.455815508961677551e-03 3.648322484671521903e-19 8.711591561595725724e-21 4.996052384376525879e-02 9.839006276379791416e-10 1.186923781482107643e-09 2.540765991695947967e-13
2.869714421649405267e-07 1.814297689861632534e-07 1.065187729687444573e-10 4.274965798023444563e-11 2.001972809750895976e-09 7.886224921094253659e-05 9.993188381195068359e-01 2.308984531351754299e-10 9.174800515174865723e-01 2.399506193739853188e-08 4.735000724842564068e-10 9.113215128309093416e-06 1.210707756271744984e-09 1.176878178243967454e-10 3.258473313394461002e-08 4.068373193888419337e-09 2.474304892530199140e-05 2.209517879236955196e-05 9.941012263298034668e-01
3.905360699718585238e-06 6.189106329657079186e-07 5.225286869858791761e-10 9.891624450683593750e-01 1.266718842089176178e-03 3.644468904440145707e-08 9.751296043395996094e-01 2.775231041596271098e-05 1.077287924999836832e-05 6.204925739439204335e-05 1.636559637807621925e-10 2.283997164340689778e-04 1.946027769008651376e-04 1.752906791807617992e-05 4.520113288890570402e-04 1.241095596924424171e-03 9.056558459997177124e-02 6.048313707651686855e-07 1.199489396697117627e-08
1.649243346159626460e-15 7.889466857591287408e-12 1.219286338560721106e-10 7.871975190937519073e-03 1.984623715367561658e-10 3.549112670420129234e-10 9.999998807907104492e-01 7.469554219596830080e-08 1.354339133285975549e-06 1.707606088864957461e-13 3.485775828117655976e-17 9.118029681981498769e-13 5.270826619607760222e-08 1.517154305474832654e-04 4.746071062982082367e-03 4.591379720864097180e-09 1.425316780805587769e-01 1.203779920189163022e-08 1.307467190070354945e-10
8.001460693776607513e-03 3.996960344920807984e-07 1.277207966318560959e-19 5.631876008877336002e-16 8.600619366916362196e-06 5.340095726724669589e-11 9.246227145195007324e-01 9.178067195136918599e-10 2.527164760977029800e-04 3.877990692853927612e-02 1.184266157361335559e-10 9.632698893547058105e-01 1.543743256479501724e-02 2.587421763859437513e-20 2.898141530401641346e-19 1.773151743691414595e-04 1.005808214493697506e-10 3.150459493977963987e-12 5.559879355132579803e-04
9.800198430554019069e-10 1.305870256373964367e-07 5.865581891723037344e-12 1.574192864950418880e-08 8.105407687253318727e-06 2.496205553370600683e-08 9.991517066955566406e-01 7.369508384726941586e-04 1.933296334755141288e-05 1.954287290573120117e-01 6.331980983986795763e-08 4.644736051559448242e-01 1.095743197947740555e-02 1.258365633916014303e-09 1.886068545786656614e-08 2.274348586797714233e-01 3.990543540567159653e-03 1.725246647765743546e-06 3.020964641109458171e-06
5.639465783247032959e-08 7.551467784416843188e-11 1.549574885080344262e-15 5.230854416282681996e-09 1.822034120559692383e-01 7.537300698459148407e-03 7.264211177825927734e-01 1.452896580822482520e-09 5.910610980208730325e-06 3.961428701877593994e-01 4.672666875822628629e-13 9.567076563835144043e-01 1.797432742023374885e-05 1.162040434580027815e-14 3.572432974441319686e-11 1.199913695454597473e-01 2.277141248896441539e-07 5.718068223359296098e-07 4.819945775835776658e-09
8.580214381217956543e-01 1.298411370953544974e-04 6.263664384646721759e-17 3.878819466139604710e-13 2.627681405797943626e-09 1.404343169530974933e-10 9.938264489173889160e-01 1.028740981290354739e-11 8.252017498016357422e-01 3.474684318049980902e-09 3.317273122860342482e-10 2.072370378300547600e-03 2.086281147839486039e-09 1.326099323870045220e-15 2.053237086781104295e-15 3.579123455943467036e-11 3.147574432205146877e-07 6.161095245094116990e-11 9.965513944625854492e-01
4.049710332765243948e-05 3.058761649299412966e-06 8.800458163022994995e-03 9.999699592590332031e-01 5.086780220153741539e-05 8.631351374788209796e-05 4.784980788826942444e-02 1.560894423164427280e-03 5.951040293439291418e-06 2.001163556997198611e-05 1.584611469818142382e-10 1.092489210208213990e-08 6.835747044533491135e-04 1.416852697730064392e-03 2.415866591036319733e-02 4.501706825976725668e-06 4.680110812187194824e-01 4.046077447128482163e-05 1.336892374581566401e-08
3.714168902990699905e-11 4.461148783718726918e-09 1.422750589216703609e-12 2.791515924036502838e-02 7.453983243976836093e-07 2.136698924459778937e-07 9.999988079071044922e-01 1.130964548679003201e-07 9.181256609736010432e-05 5.542577508066415248e-11 3.124593682748977308e-13 3.002056825351928637e-09 3.400494108518614667e-07 2.758016344159841537e-04 1.403693389147520065e-02 2.734469717324827798e-07 1.452765148133039474e-02 1.594676746208278928e-07 2.124417797233491001e-08
