2.311474643647670746e-03 2.212634533643722534e-01 9.999042749404907227e-01 9.999920129776000977e-01 6.761455006198957562e-05 1.016345322568668053e-06 1.207687091664411128e-05 1.237492356449365616e-02 7.463024642717641655e-10 9.783703944776789285e-07 3.290022505098022521e-06 7.677518620852197273e-10 4.599986423272639513e-04 9.991922974586486816e-01 2.459263196215033531e-03 6.184821948409080505e-03 1.483627420384436846e-05 4.231862723827362061e-02 7.046006089694856200e-08
2.320499392226338387e-03 2.266114652156829834e-01 9.999102354049682617e-01 9.999918937683105469e-01 6.762544944649562240e-05 1.002357180368562695e-06 1.208267713082022965e-05 1.244409661740064621e-02 7.428033188539018283e-10 9.595549954610760324e-07 3.388042387086898088e-06 7.808125812580613001e-10 4.536907654255628586e-04 9.992061257362365723e-01 2.432772889733314514e-03 6.258169189095497131e-03 1.468832670070696622e-05 4.124138504266738892e-02 7.109846933417429682e-08
8.453301154077053070e-03 4.203057033009827137e-04 8.430916815996170044e-02 9.979154467582702637e-01 1.365082524716854095e-02 1.920523792505264282e-01 2.083371952176094055e-02 1.788965077139437199e-03 1.133386977016925812e-03 4.136176430620253086e-04 9.264128379982139450e-07 2.471574043738655746e-05 8.083770982921123505e-03 6.699799560010433197e-03 8.898167312145233154e-02 9.075769339688122272e-04 1.037930790334939957e-02 9.864572435617446899e-03 1.553573201817926019e-05
3.896759590134024620e-03 2.274105548858642578e-01 9.999814033508300781e-01 9.999940395355224609e-01 9.081425378099083900e-05 1.420778744432027452e-06 8.296623491332866251e-06 7.306377403438091278e-03 1.554594564190381334e-09 7.070978540468786377e-07 8.122059625748079270e-06 1.280251016311240164e-09 6.550817051902413368e-04 9.985390901565551758e-01 2.651777816936373711e-03 1.034138817340135574e-02 8.285443072963971645e-06 1.653366535902023315e-02 2.251897797123092460e-07
7.667899131774902344e-02 5.694804787635803223e-01 9.999281167984008789e-01 7.543183565139770508e-01 3.525024512782692909e-03 4.858449101448059082e-04 1.333770528435707092e-02 1.911399513483047485e-01 1.376008822262519971e-05 1.308979699388146400e-03 3.115372499451041222e-03 2.099583361996337771e-04 6.040454283356666565e-02 9.324240684509277344e-01 6.980996578931808472e-02 5.407346040010452271e-02 5.812553688883781433e-03 3.916049748659133911e-02 5.810227012261748314e-04
6.150470301508903503e-02 6.312978803180158138e-05 1.437653827451867983e-05 9.860339760780334473e-01 3.917203684977721423e-06 1.964977127499878407e-04 3.562776691978797317e-05 1.175262732431292534e-03 1.599698151721895556e-10 9.999893903732299805e-01 2.935172327411805782e-09 5.889451596885919571e-03 2.537059411406517029e-02 1.237202809534210246e-06 9.577097080182284117e-05 5.782448351965285838e-05 2.488531572453211993e-05 4.801006289198994637e-04 4.102562040086965567e-11
3.104612827301025391e-01 1.763683408498764038e-01 9.898277521133422852e-01 2.148641645908355713e-01 6.567788869142532349e-02 1.594448089599609375e-02 1.199400052428245544e-01 3.088878095149993896e-01 2.364643150940537453e-03 4.422258138656616211e-01 8.232020772993564606e-03 1.162778809666633606e-01 4.203149080276489258e-01 1.744126230478286743e-01 5.601733177900314331e-02 1.324299722909927368e-01 4.936295747756958008e-02 9.258030354976654053e-02 8.636327460408210754e-03
7.123719842638820410e-05 5.386853629829602141e-08 8.151351772386905559e-13 1.482221523474436253e-05 8.860324621200561523e-01 5.428464191936654970e-06 9.972220659255981445e-01 3.197988540648566413e-10 4.516049027442932129e-01 6.780292238772744895e-08 6.541495878309433465e-08 7.478207349777221680e-01 5.018467845729901455e-07 9.645151344273017457e-10 2.720623513141617877e-07 2.435796521604061127e-02 2.990509165101684630e-05 1.467315087211318314e-05 9.279698133468627930e-05
7.827929221093654633e-04 1.325839984929189086e-04 2.031908391542103232e-10 9.999772310256958008e-01 2.761390805244445801e-02 1.911413846755749546e-06 6.576397418975830078e-01 4.308368261263240129e-06 2.492323517799377441e-03 5.769360313934157602e-07 2.581658122835506219e-07 4.701402758655603975e-06 7.154259037633892149e-06 2.206092758569866419e-04 9.306176070822402835e-05 3.915234119631350040e-04 3.364359028637409210e-03 1.545754813037092390e-08 6.995207399995706510e-07
2.109207808971405029e-01 1.166816582554019988e-04 1.016471795622919672e-09 9.993525147438049316e-01 8.634683489799499512e-01 3.250248255426413380e-06 1.744807213544845581e-01 5.419856279331725091e-06 2.003740373766049743e-04 1.610425679245963693e-04 3.653001670045341598e-07 1.267752796411514282e-01 8.200506272260099649e-05 8.193055691663175821e-06 6.314628262771293521e-05 7.394673675298690796e-02 1.322318334132432938e-02 8.188954780052881688e-06 4.086266471858834848e-07
4.283001908333972096e-05 3.902694443240761757e-04 1.081089212675578892e-04 8.513888716697692871e-02 2.039643732132390141e-04 6.700995436403900385e-05 3.603073358535766602e-01 7.127792388200759888e-02 1.468160306103527546e-03 1.853415626101195812e-03 8.219257324526552111e-06 8.117672987282276154e-04 3.988531418144702911e-03 4.922465980052947998e-02 3.238859027624130249e-02 4.457454197108745575e-03 9.507592916488647461e-01 8.830003142356872559e-01 1.965960982488468289e-04
2.724031946854665875e-05 2.058281097561120987e-05 1.923390982483397238e-06 9.999990463256835938e-01 4.894838525615341496e-07 2.744737457760493271e-06 6.299378001131117344e-04 2.473286725580692291e-02 1.298409491035101837e-09 1.497218618169426918e-04 3.363984980332690444e-13 1.655262732436213469e-11 2.638647565618157387e-04 1.508083492517471313e-01 1.008654758334159851e-01 1.454485243357339641e-07 9.732423722743988037e-02 5.074491500854492188e-01 4.665883131249604077e-12
1.418580859899520874e-01 9.983576601371169090e-04 1.698932217131243760e-09 9.999529123306274414e-01 7.087664008140563965e-01 6.972641585889505222e-06 2.090084999799728394e-01 1.127393989008851349e-05 7.714546751230955124e-03 4.217837340547703207e-05 1.095143234124407172e-04 9.143574163317680359e-03 4.303616151446476579e-05 1.217815588461235166e-04 7.368803926510736346e-05 4.631800949573516846e-02 1.018095389008522034e-02 6.292808620855794288e-07 9.163875802187249064e-06
5.841312668053433299e-05 5.916408099437830970e-06 5.791846630119959483e-14 1.655487576499581337e-03 5.014842707762312557e-11 1.107198599470393674e-08 7.334838869610393886e-08 1.885200035758316517e-03 1.082417474065639623e-15 1.000000000000000000e+00 1.074283509372442325e-10 1.619295589625835419e-02 5.156766856089234352e-04 2.027627843403934094e-09 1.417646000589911637e-10 3.180774510838091373e-04 8.527164396809894242e-08 1.114280239562503994e-04 4.354702260952764831e-15
3.986192345619201660e-01 9.641206860542297363e-01 2.635970304254442453e-05 2.579219341278076172e-01 1.603013333806302398e-05 1.934948386406176724e-06 7.625950500369071960e-03 8.208827972412109375e-01 1.403261376253794879e-05 2.415518974885344505e-03 5.639980372507125139e-05 7.929394487291574478e-04 1.138638183474540710e-01 6.101464033126831055e-01 1.642545794311445206e-05 4.358080681413412094e-03 4.669548477977514267e-03 3.161275759339332581e-02 4.672972977459721733e-07
9.917775392532348633e-01 7.720687389373779297e-01 9.506091737421229482e-05 9.559577107429504395e-01 1.626055105589330196e-03 9.260295428248355165e-07 1.667689793976023793e-04 8.283571898937225342e-02 6.682306974425955559e-08 3.195792669430375099e-03 2.222393959527835250e-05 8.884688839316368103e-03 5.736754536628723145e-01 1.090232506394386292e-01 1.673532210588746238e-06 2.478588605299592018e-03 6.750271131750196218e-05 6.341556087136268616e-03 8.112794489534280729e-07
2.651969436556100845e-03 2.194241824327036738e-05 5.523642343518986308e-08 1.739399856887757778e-03 6.011572480201721191e-01 1.274242663384939078e-06 8.291995525360107422e-01 7.394630665658041835e-05 1.454755984013900161e-04 3.884622128680348396e-03 8.632986236989381723e-07 9.641019701957702637e-01 2.257387619465589523e-03 4.491833180964022176e-07 8.902890158424270339e-07 3.124862015247344971e-01 9.029546752572059631e-03 2.553923113737255335e-04 4.190846084384247661e-06
3.140372371035482502e-07 1.109681093680592312e-07 5.164237960875173172e-12 9.842817187309265137e-01 5.076154693961143494e-02 1.583525310877575976e-08 9.992231130599975586e-01 3.321667634281766368e-07 1.018303562887012959e-03 5.286392479320056736e-08 1.291989626395206869e-08 1.983454916626214981e-03 3.203430196663248353e-06 2.285106347699183971e-06 2.160400472348555923e-04 2.794158086180686951e-02 1.391319558024406433e-02 2.623421778480405919e-06 1.424849358500068774e-07
2.382685488555580378e-05 2.649161033332347870e-03 3.174890395030161017e-08 9.999998807907104492e-01 1.217723252011637669e-06 6.212666492366736293e-10 4.049588460475206375e-03 8.907821029424667358e-03 4.513651319371092541e-08 1.867912487796274945e-06 4.761491201321632616e-10 1.859139057980296883e-11 1.309478539042174816e-04 6.128368973731994629e-01 2.082872379105538130e-05 2.710756234591826797e-06 6.812233477830886841e-02 4.670973339671036229e-06 4.928629171452314495e-10
1.312888002757972572e-07 1.799818892322946340e-05 6.275217678819444700e-09 3.733006508355174446e-07 2.296397951795370318e-07 5.323023688497130479e-10 9.999964237213134766e-01 5.973735824227333069e-04 5.127661228179931641e-01 3.183161112474408583e-08 4.324432520661503077e-04 8.863354014465585351e-05 9.677159141574520618e-06 3.558383104973472655e-05 6.734876660630106926e-04 1.793421142792794853e-05 9.916437268257141113e-01 3.468988506938330829e-05 4.567075073719024658e-01
4.534378206244582543e-08 6.971984589654312003e-08 3.591712172124061908e-08 6.402997374534606934e-01 1.367692981091295223e-08 1.790105619292603478e-09 7.321959733963012695e-01 2.026510424911975861e-03 6.712877365089298110e-08 5.672244469678844325e-07 4.575366127634872271e-12 3.671846604547113202e-09 2.966563988593406975e-05 1.941087772138416767e-03 4.325855523347854614e-02 6.007177262290497310e-07 9.998077750205993652e-01 2.379418147029355168e-04 1.653000047951991291e-08
1.856831088662147522e-02 1.472300738096237183e-01 3.638300113379955292e-04 9.994387030601501465e-01 9.293606271967291832e-04 5.602055898634716868e-05 5.785175599157810211e-03 1.215649768710136414e-01 4.984263341611949727e-06 1.004437915980815887e-03 6.774138910259352997e-06 3.199094862793572247e-06 9.288100525736808777e-03 9.507307410240173340e-01 3.895590314641594887e-03 2.484178170561790466e-03 1.412133220583200455e-02 3.880199044942855835e-02 2.415137259959010407e-06
6.194410100579261780e-02 5.575834512710571289e-01 7.100248709321022034e-03 5.360015109181404114e-02 2.191480621695518494e-02 7.193574309349060059e-01 4.069720804691314697e-01 1.183266267180442810e-01 9.191864728927612305e-02 3.341159224510192871e-02 7.786594796925783157e-03 2.564870007336139679e-02 3.678198158740997314e-02 3.741286993026733398e-01 2.327443286776542664e-02 2.017036266624927521e-02 2.389901690185070038e-02 4.042107984423637390e-02 1.260068546980619431e-02
5.525164965547446627e-07 1.416367158526554704e-04 4.434899558702909417e-09 4.226958751678466797e-02 1.713125966489315033e-04 9.899853466777130961e-06 9.999096393585205078e-01 2.863209010683931410e-05 1.944796182215213776e-02 1.605956754247017670e-07 5.455490281747188419e-07 1.373243958369130269e-05 2.718885480135213584e-05 6.252806633710861206e-03 1.420145668089389801e-02 1.385469222441315651e-04 1.183148752897977829e-02 1.984363916562870145e-05 8.765474194660782814e-05
2.891924123105127364e-05 4.386822070046036970e-07 4.047257806671922253e-10 6.671790964901447296e-03 7.816865295171737671e-02 9.227823019027709961e-01 5.011852383613586426e-01 2.429943801729450570e-09 1.145134940743446350e-01 6.560738796679288498e-08 1.935631099847512360e-10 2.868516639864537865e-05 3.507453527618054068e-07 2.239073637610999867e-06 6.156625458970665932e-04 1.740845436870586127e-05 3.708535223267972469e-05 3.202249936293810606e-04 1.835488001233898103e-05
9.991236031055450439e-02 3.641959978267550468e-03 1.464040451537584886e-06 9.290825128555297852e-01 6.976889371871948242e-01 3.291535191237926483e-03 6.906063556671142578e-01 1.596182119101285934e-04 1.978750526905059814e-01 5.359472706913948059e-04 2.083002589643001556e-03 1.399550586938858032e-01 8.557819528505206108e-04 5.282353959046304226e-04 4.818632733076810837e-03 1.170480623841285706e-01 2.468031086027622223e-02 1.219627796672284603e-03 2.476354362443089485e-03
2.779685854911804199e-01 3.544454812072217464e-04 1.666856874749100825e-09 1.471371069783344865e-04 6.105635166168212891e-01 4.869063559453934431e-06 9.782732725143432617e-01 1.374928046971035656e-07 5.456567406654357910e-01 5.224918595558847301e-07 1.387908851029351354e-04 7.059613466262817383e-01 5.436281753645744175e-06 2.419124314201326342e-07 2.624507715154322796e-06 4.811754450201988220e-03 4.795627319253981113e-04 1.482336210756329820e-05 1.597353629767894745e-02
2.929675879670412542e-08 2.436761860735714436e-06 6.715246399835450575e-06 6.873752176761627197e-02 3.193708607795997523e-06 3.802984149814392367e-09 9.981657862663269043e-01 4.314501304179430008e-03 8.289001561934128404e-05 3.428822765272343531e-06 1.250493824045406654e-07 2.205276177846826613e-05 3.561023913789540529e-04 1.198731129989027977e-03 2.534556668251752853e-03 8.318939362652599812e-04 9.845624566078186035e-01 1.319016737397760153e-04 3.162025677738711238e-05
1.323986798524856567e-03 3.992452693637460470e-04 2.127416109942714684e-06 1.227294560521841049e-04 1.378361415117979050e-02 5.633290391415357590e-03 4.948275685310363770e-01 9.063298813998699188e-03 2.478196984156966209e-03 9.688730239868164062e-01 8.422607788816094398e-05 6.514755487442016602e-01 4.743438959121704102e-02 9.740840596350608394e-07 1.958113716682419181e-05 1.895636022090911865e-01 1.686605392023921013e-03 1.005972037091851234e-03 5.968948826193809509e-04
1.065130438655614853e-02 7.607243657112121582e-01 5.604337202385067940e-04 3.893466591835021973e-01 1.269835629500448704e-04 5.137348489370197058e-05 2.968088984489440918e-01 5.244927406311035156e-01 1.155818230472505093e-03 4.044535569846630096e-03 9.257292258553206921e-04 6.857455009594559669e-04 1.577210612595081329e-02 8.817896842956542969e-01 8.892331388778984547e-04 9.647355414927005768e-03 1.053882315754890442e-01 1.384800486266613007e-02 4.625460496754385531e-05
1.520459227322135121e-05 5.360571986301465586e-09 2.874764662430528972e-12 3.208257548976689577e-04 9.391362071037292480e-01 6.419733722395903897e-08 9.937432408332824707e-01 4.337994408132317403e-09 1.419113134033977985e-03 4.602157730460021412e-07 2.600627047044667961e-09 9.405350685119628906e-01 1.419646423528320156e-06 1.010920791522096351e-09 5.265079749960932531e-08 2.789245247840881348e-01 7.122892420738935471e-04 1.097692220355384052e-04 5.021105380365042947e-07
1.112733781337738037e-01 2.594903483986854553e-02 9.527230868116021156e-04 6.019314527511596680e-01 5.101170856505632401e-03 2.136246114969253540e-02 3.296259418129920959e-02 8.566349744796752930e-02 1.914928143378347158e-04 9.852786064147949219e-01 6.211997824721038342e-04 1.500441282987594604e-01 1.140823662281036377e-01 2.275238512083888054e-03 1.479350868612527847e-02 2.445873990654945374e-02 1.385155320167541504e-02 3.334036841988563538e-02 8.406263077631592751e-05
6.121725348862128158e-11 3.589254333746794146e-07 3.047504604355641411e-14 5.717574968002736568e-04 1.014682493405416608e-05 1.195275700638376293e-08 9.999997615814208984e-01 2.406546428801448201e-08 2.649600245058536530e-02 7.257993511755600480e-11 2.568147916548468856e-09 1.521478566246514674e-06 8.818879848604410654e-08 5.775889803771860898e-05 2.217256551375612617e-04 8.282127964776009321e-05 2.995552495121955872e-04 5.000036935598473065e-07 2.884104105760343373e-06
1.022287676732958062e-08 1.275924006449713488e-07 8.858639868750475821e-14 1.687932090135291219e-04 8.612562902271747589e-03 1.083775487131788395e-06 9.999924898147583008e-01 4.617903393011602020e-09 1.908343844115734100e-02 6.253042084125581823e-09 2.314342939513380770e-09 1.952246646396815777e-03 1.360760620627843309e-06 4.934249773214105517e-07 5.261904152575880289e-05 2.187394769862294197e-03 9.129555110121145844e-05 9.855962161964271218e-07 4.710445864475332201e-06
3.663062041192599594e-12 3.959109706741514856e-10 1.043948838486130626e-08 6.678540725260972977e-03 8.983345178847912393e-10 1.159716745378902569e-12 9.967573285102844238e-01 5.081911222077906132e-04 1.260764292965177447e-07 1.013239714353630916e-08 2.503748510601644384e-12 1.087566037227816196e-08 3.534346660671872087e-06 5.335565947461873293e-05 4.368279769551008940e-04 5.534543561225291342e-06 9.999197721481323242e-01 3.168518742313608527e-05 1.154888735754866502e-07
1.006529259939270560e-07 5.052355618317960761e-07 2.729701691350783221e-07 2.948042750358581543e-01 1.570724776911447407e-07 2.922007979577756487e-06 7.777720093727111816e-01 4.865962546318769455e-03 7.150330475269583985e-06 1.424787001269578468e-06 2.352487371570788355e-10 1.259730275648962561e-08 9.187931573251262307e-05 9.688417427241802216e-03 2.516500055789947510e-01 9.426122460354235955e-07 9.958723187446594238e-01 1.662458758801221848e-03 3.287938454832328716e-07
1.408691023243591189e-04 5.482672713696956635e-04 1.300260075367987156e-03 4.713410735130310059e-01 4.209209291730076075e-04 2.641715400386601686e-05 8.639494776725769043e-01 5.711065605282783508e-02 9.981223847717046738e-04 1.289336360059678555e-03 1.108274045691359788e-05 6.225645192898809910e-04 1.018231362104415894e-02 2.340847440063953400e-02 5.441433936357498169e-02 5.304153542965650558e-03 9.383748173713684082e-01 6.654274649918079376e-03 3.947981749661266804e-04
9.662361145019531250e-01 4.185495972633361816e-01 4.701571073383092880e-03 8.524405211210250854e-02 3.997192904353141785e-02 2.407978026894852519e-04 2.175305597484111786e-02 1.440850943326950073e-01 1.344752672594040632e-04 3.908048942685127258e-02 7.599081145599484444e-04 3.205763399600982666e-01 7.780470848083496094e-01 1.036482583731412888e-02 2.401672682026401162e-04 2.102290652692317963e-02 2.288021147251129150e-03 3.492297604680061340e-02 2.922887797467410564e-04
9.653586149215698242e-01 2.370812445878982544e-01 1.539077889174222946e-02 7.677016258239746094e-01 1.518953144550323486e-01 6.727768341079354286e-04 2.984545193612575531e-02 9.119034558534622192e-02 1.043697629938833416e-04 3.803514316678047180e-02 1.801307545974850655e-03 1.880052536725997925e-01 3.828033208847045898e-01 3.970540314912796021e-02 7.574079092592000961e-03 2.442086860537528992e-02 1.708405278623104095e-02 2.150283753871917725e-02 2.183752803830429912e-04
9.653375744819641113e-01 7.218893766403198242e-01 8.037817897275090218e-04 9.789606332778930664e-01 1.150446105748414993e-02 1.958599204954225570e-05 2.049052156507968903e-03 1.497558057308197021e-01 1.308497485297266394e-05 3.292779205366969109e-03 1.208211877383291721e-03 7.371922489255666733e-03 2.582107782363891602e-01 2.682110071182250977e-01 5.879970922251231968e-05 1.212424598634243011e-02 1.442703069187700748e-03 7.596089504659175873e-03 4.283132511773146689e-05
9.891904592514038086e-01 5.759924054145812988e-01 5.474410500028170645e-05 9.513131380081176758e-01 1.605307310819625854e-01 5.983364189887652174e-06 1.140014454722404480e-02 4.862652719020843506e-02 7.426841330016031861e-05 1.012685941532254219e-03 6.113948766142129898e-03 5.744549632072448730e-02 5.921657010912895203e-02 3.885802254080772400e-02 9.653294910094700754e-06 1.597208157181739807e-02 3.031150437891483307e-03 1.518768258392810822e-04 6.211070285644382238e-05
2.757474804049309114e-10 8.013413932417279284e-09 3.472961122245182830e-13 8.213767443976394134e-08 4.486343095777556300e-05 4.389499963508569635e-07 9.999995231628417969e-01 1.785314784896741003e-09 7.450163364410400391e-01 9.043601978397930452e-10 3.746289056749674273e-09 3.186778340023010969e-04 6.703255195361634833e-08 2.455795709010999417e-07 2.920862971222959459e-05 1.284869504161179066e-04 7.080598879838362336e-05 5.167522249394096434e-05 8.075764053501188755e-04
6.136193602321034050e-16 2.249102232647110129e-16 8.861183644454250533e-27 5.637839528560562030e-09 9.164505900116637349e-05 3.165137485439117881e-08 1.000000000000000000e+00 4.696506951464480062e-20 5.648308247327804565e-02 7.430587999488282771e-20 3.568024508319304942e-20 3.659360814367573767e-08 5.023563521818017602e-15 3.024339676263587684e-12 7.881786814323277213e-07 9.801793154906590644e-09 7.070244389950630648e-10 3.767101908191961002e-10 4.128909159017979391e-10
5.482339560103355325e-08 3.596416499931365252e-04 1.072164366178185446e-07 9.971725940704345703e-01 2.779125729546194634e-08 9.571785031248225550e-11 9.445788264274597168e-01 1.690006069839000702e-02 6.583592039532959461e-06 5.824611548632674385e-07 7.161562454172099024e-09 3.123948877359339349e-10 5.876545765204355121e-05 6.990284323692321777e-01 2.103458537021651864e-04 4.475001333048567176e-06 8.849244117736816406e-01 7.579973316751420498e-05 6.553697318167905905e-08
1.231868844479322433e-02 1.365116685628890991e-01 6.363055435940623283e-04 9.923662543296813965e-01 3.630907973274588585e-03 6.722276157233864069e-05 3.109717965126037598e-01 1.176333352923393250e-01 3.984116483479738235e-03 3.206918947398662567e-03 1.473334501497447491e-03 2.221558534074574709e-04 1.533353049308061600e-02 3.930208981037139893e-01 5.432817153632640839e-03 7.631943095475435257e-03 1.887209862470626831e-01 1.099300105124711990e-03 3.763839777093380690e-04
4.947848990559577942e-02 7.586942613124847412e-02 5.576146245002746582e-01 3.207261562347412109e-01 9.762988984584808350e-02 5.505122616887092590e-02 6.559749841690063477e-01 1.763156205415725708e-01 9.109728038311004639e-02 4.794936999678611755e-02 4.605648573487997055e-03 4.366189986467361450e-02 1.041648387908935547e-01 1.234643757343292236e-01 1.272145360708236694e-01 1.141042709350585938e-01 2.257973402738571167e-01 4.925805330276489258e-02 2.160120941698551178e-02
1.215237068282913266e-14 2.796299867005580531e-12 9.144306812409672136e-14 9.955939503925037570e-07 2.829669276671609168e-10 1.496567287955462289e-14 9.999889135360717773e-01 5.198402213864028454e-04 3.059131170601858685e-09 1.021193384076468647e-05 5.047359015117325320e-13 4.724712198367342353e-05 9.456939551455434412e-06 7.539691893043709570e-08 3.907745394826633856e-06 4.820883914362639189e-04 9.972273707389831543e-01 8.694391340213769581e-07 2.100684071137948195e-09
1.453461916794962505e-13 1.058001169312872136e-11 1.717817782551783745e-13 3.716379069373942912e-06 4.183553947711970977e-09 5.537637405919615396e-13 9.999595880508422852e-01 7.666039164178073406e-04 1.344006905767969329e-09 5.285019986331462860e-03 8.064610177577202776e-13 3.479240695014595985e-03 2.463342570990789682e-05 2.438269319782193634e-08 2.305824182258220389e-06 4.508080426603555679e-03 8.571915030479431152e-01 7.763108442304655910e-06 3.878470045126647392e-10
1.815184802467229019e-08 5.922782619904864987e-08 3.661069891691681732e-09 3.303134813904762268e-03 3.942504918086342514e-06 3.620551680683092854e-08 9.961234927177429199e-01 3.800318110734224319e-03 1.921542889249394648e-06 2.411739202216267586e-03 2.870533588605894693e-09 1.448922208510339260e-03 7.223860011436045170e-04 3.681796079035848379e-05 1.614185865037143230e-03 2.901367843151092529e-03 9.126220941543579102e-01 8.135522366501390934e-04 5.585838493971095886e-07
7.664095392101444304e-06 9.623715877532958984e-01 7.326155326836669701e-08 8.659750223159790039e-01 3.325768549444774180e-10 1.680105637946738284e-10 6.991425761952996254e-04 4.448739290237426758e-01 1.481081923770943831e-11 1.244607616968096409e-08 5.580223783052673525e-11 1.128476327140470747e-12 7.515135621360968798e-06 9.999980926513671875e-01 5.451199740491574630e-07 1.122940943787398282e-06 5.977843102300539613e-05 1.696768449619412422e-04 1.249585287674270795e-13
1.149203255772590637e-02 9.389494061470031738e-01 6.287345313467085361e-04 9.999829530715942383e-01 1.286040742343175225e-06 8.359005154723320175e-10 4.611776239471510053e-05 2.125210128724575043e-02 3.709285378850069037e-10 2.954444688896273874e-08 1.125076323660323396e-06 9.392977506905708651e-10 1.615266774024348706e-05 9.989976286888122559e-01 1.865720733462694625e-08 6.801225390518084168e-05 1.680821128502429929e-06 2.101069640048081055e-06 2.192420411883944098e-10
8.146058320999145508e-01 1.331745386123657227e-01 1.406032401618517724e-09 1.000000000000000000e+00 1.113162469118833542e-02 4.163922540101339109e-09 5.152877565706148744e-05 4.345180059317499399e-04 6.131269714160225703e-08 1.131273438659263775e-05 2.030021960308658890e-06 1.827397341003234033e-06 3.338394162710756063e-04 2.314942777156829834e-01 1.947019079295841948e-08 2.960850251838564873e-03 1.397520099999383092e-05 1.977401922204080620e-07 3.032293705018673791e-08
2.804320274663041346e-06 9.971547126770019531e-01 1.000000000000000000e+00 9.987128973007202148e-01 1.332842083229257568e-11 1.419720604980642155e-15 1.572605334843046876e-08 6.489428691565990448e-03 4.062271709785701327e-20 1.482942424185697966e-14 4.751847249018226194e-10 6.976835685988300693e-17 1.155872695335347089e-07 1.000000000000000000e+00 1.391545367823709967e-07 2.989598669955739751e-06 3.626914601984054798e-10 3.106459871560218744e-07 2.309414790139878958e-15
4.863291513174772263e-03 8.764727115631103516e-01 9.999998807907104492e-01 9.033150672912597656e-01 2.198202309955377132e-05 2.416518896097841207e-07 3.631013096310198307e-04 1.038621813058853149e-01 1.511274883014834813e-09 1.556341999275900889e-06 5.555294046644121408e-05 9.272263667980951141e-08 1.935180858708918095e-03 9.988152980804443359e-01 2.492982661351561546e-03 4.851179663091897964e-03 7.882811041781678796e-05 1.519974437542259693e-03 5.795477022729755845e-07
3.275283670518547297e-04 9.466195106506347656e-01 1.000000000000000000e+00 9.998736381530761719e-01 2.518148392027796945e-07 1.401470051121123106e-09 1.150641310232458636e-06 9.015643037855625153e-03 2.484741470736018254e-13 7.968037896155522049e-10 7.261007795023033395e-07 9.029253039694040694e-12 1.335477372776949778e-05 9.999897480010986328e-01 1.334210719505790621e-05 2.833436301443725824e-04 1.632456161360096303e-07 9.837678226176649332e-05 1.362546603322911665e-10
1.234479434788227081e-02 2.365463674068450928e-01 1.000000000000000000e+00 2.191667445003986359e-02 5.552406655624508858e-04 1.638010871829465032e-06 5.388380214571952820e-02 3.911404013633728027e-01 5.614182555291336030e-06 7.335980189964175224e-04 6.063791261112783104e-06 3.705678682308644056e-05 2.499180287122726440e-02 8.771444559097290039e-01 5.493151955306529999e-03 2.669164910912513733e-02 4.263116791844367981e-02 3.075741115026175976e-04 5.858528311364352703e-04
2.002780943475765407e-14 3.157716449431191563e-11 1.153997362078607036e-12 3.064043241352010227e-08 1.029624389220495928e-11 2.603317382205669632e-16 9.999985694885253906e-01 6.631931319134309888e-05 2.091455598929314874e-06 3.504111237284668334e-11 3.214745136759233901e-10 1.641898350612791546e-08 1.949416486013433314e-07 2.543956441058981000e-07 4.422578422236256301e-05 1.466778257963596843e-06 9.999969005584716797e-01 8.233406134650067543e-08 7.975031621754169464e-05
6.043739306888381542e-22 7.538169300499339591e-19 7.047637548775287055e-18 1.710302312858402729e-04 4.208368633918152640e-18 2.036900546203440765e-23 9.999996423721313477e-01 1.747088518300188298e-08 9.926651006449214304e-15 1.325511436682536432e-17 4.278706213702319426e-24 1.287335231615866589e-16 2.363293241658404042e-11 1.332757015859442618e-09 1.744754399624071084e-06 4.537647601415839560e-12 1.000000000000000000e+00 1.890465865447832350e-12 3.959161760914119144e-14
1.712278653838216672e-18 1.329319875484404078e-16 4.895934609028989356e-16 2.533115819096565247e-02 1.112071199016462231e-11 2.466167910492960737e-20 9.999998807907104492e-01 9.631313524494089506e-09 1.883465605700962442e-12 5.789041256998653240e-14 6.281429433762263134e-21 6.671399543911604724e-10 6.890899850731102561e-09 6.789577233767829512e-10 3.462566269263334107e-07 1.538011957791241002e-07 9.993351101875305176e-01 2.891234994473190767e-11 4.930405991246042396e-14
3.559905327335868841e-14 5.989025247954415931e-11 1.154339211023591716e-11 8.869323646649718285e-04 4.297093525451600726e-08 6.580947267166570303e-14 9.999988079071044922e-01 2.134617352567147464e-05 1.655065375416597817e-06 1.999831633625603899e-09 3.860084474283098643e-11 7.001314315857598558e-06 1.705096678961126599e-06 9.524435427010757849e-07 1.176498153654392809e-05 4.020373453386127949e-04 9.748889207839965820e-01 1.036711296364956070e-06 9.835018488502100809e-08
1.248893514275550842e-01 9.378687143325805664e-01 5.016313025407725945e-06 5.009235814213752747e-02 2.542473885114304721e-05 4.855477300225174986e-07 4.970014989376068115e-01 5.208155512809753418e-01 6.693894043564796448e-03 1.919686292239930481e-05 5.741522088646888733e-02 2.844232949428260326e-04 2.081521321088075638e-03 2.713091671466827393e-01 2.317887629033066332e-05 6.273623439483344555e-04 1.662954837083816528e-01 1.134308404289186001e-03 3.536822259775362909e-05
3.775291377678513527e-03 2.264177965116687119e-05 3.908334349489450688e-07 8.929703384637832642e-02 7.082553505897521973e-01 8.013819751795381308e-05 7.938165068626403809e-01 1.708584459265694022e-04 4.982808022759854794e-04 1.549965143203735352e-02 1.786568077477568295e-06 8.958951830863952637e-01 1.415118458680808544e-03 1.176085334009258077e-05 6.623765511903911829e-05 4.466348290443420410e-01 2.315008454024791718e-02 1.371206250041723251e-02 1.156360121967736632e-05
2.067131116041139335e-23 9.803201782701496078e-19 4.573195841252520411e-26 9.999577999114990234e-01 2.481623374322246668e-22 4.452543941511800303e-25 3.216796585547854193e-06 6.433973794628400356e-06 3.627526701105250731e-23 8.246605836558277246e-16 2.984710304854999386e-36 1.450706842775845367e-23 7.316846781235675223e-14 1.629974576644599438e-04 1.167632217402569950e-05 4.006824009718076065e-18 1.000000000000000000e+00 9.999839067459106445e-01 9.251889155959317083e-28
3.890418091574265186e-15 3.717894915544750489e-12 1.089342736033051978e-16 9.997271895408630371e-01 4.786610289988363354e-15 1.482239498012551224e-16 1.496162585681304336e-04 7.556813652627170086e-04 2.316533996182432945e-16 2.042679914104894578e-10 3.519594436508549807e-24 2.937581464785042141e-16 3.330036024706828357e-09 4.544262308627367020e-03 1.771521870978176594e-03 8.873931320665939815e-13 9.999970197677612305e-01 9.982075691223144531e-01 2.318767427263308279e-19
1.287392228841781616e-01 3.349814414978027344e-01 1.000000000000000000e+00 9.990867376327514648e-01 1.296360278502106667e-04 4.483504767449630890e-07 3.161522181471809745e-05 1.248286105692386627e-02 5.202195896281125442e-10 1.106948457163525745e-05 1.763705513440072536e-04 2.684420508103357861e-07 7.611893117427825928e-02 9.872291088104248047e-01 9.033518843352794647e-03 4.106613248586654663e-02 4.175961294095031917e-06 4.145013540983200073e-02 1.898335767691605724e-06
1.018968876451253891e-02 1.190015152096748352e-01 1.000000000000000000e+00 9.990308284759521484e-01 8.235269342549145222e-05 2.021211855662841117e-07 9.928878716891631484e-05 1.157298218458890915e-02 2.944675336902236040e-10 1.120275464927544817e-05 1.812026748666539788e-04 4.044598611585570325e-08 5.746394768357276917e-02 9.846770763397216797e-01 9.369563311338424683e-02 2.692040428519248962e-02 1.356026677967747673e-05 1.679714024066925049e-01 2.280597527715144679e-06
8.745528612053021789e-05 3.100344620179384947e-04 1.000000000000000000e+00 9.999998807907104492e-01 7.289636982932279352e-08 7.234663562671883597e-11 9.504138347438129131e-07 1.492843730375170708e-04 6.272706196660865399e-16 4.637500339299549523e-08 1.761310763903622956e-09 1.234403204652956276e-13 1.808002032339572906e-02 9.752392172813415527e-01 3.500155359506607056e-02 1.962958485819399357e-04 7.480489472300178022e-08 2.714564502239227295e-01 4.876187127689224354e-12
2.031360864639282227e-01 7.621714845299720764e-03 3.545738873071968555e-04 9.999992847442626953e-01 3.497725992929190397e-04 2.449619933031499386e-05 1.989941119973082095e-05 9.247544221580028534e-03 7.151925718318352665e-09 1.739571336656808853e-03 1.302883134712828905e-08 9.644957543741838890e-08 2.104269526898860931e-02 5.673473477363586426e-01 3.042746568098664284e-03 2.444019191898405552e-04 3.910354862455278635e-04 9.801791608333587646e-02 1.361007750944054351e-08
1.879076186100600565e-13 3.677233620684103310e-14 1.356369823024133406e-18 1.000000000000000000e+00 2.247953867728870112e-15 2.755844027768405085e-18 1.655210553508368321e-06 6.763585133739979938e-06 1.962670826450175476e-20 7.052533557150297838e-10 7.639213913790507958e-30 4.687527855806772247e-25 3.487264366164311014e-10 1.599290771991945803e-05 1.539456025057006627e-05 6.737616376326945175e-17 9.446423053741455078e-01 9.988183080622548005e-08 5.475105868276948604e-28
2.544835297157987952e-06 4.769622137246187776e-06 1.023405138411703774e-09 1.000000000000000000e+00 4.439825840307776161e-09 1.738176491627996256e-09 8.834923903577873716e-08 1.686358824372291565e-03 1.496717011616801327e-16 1.020876982948948353e-08 4.055522820716063601e-19 1.798598776468458168e-18 1.037562810779490974e-06 9.990463852882385254e-01 7.777153514325618744e-04 7.201295670888896439e-10 1.221509137394605204e-05 9.045409560203552246e-01 1.661522954849539463e-18
2.909535765647888184e-01 1.560334116220474243e-03 9.445198520552366972e-05 9.999971389770507812e-01 4.905233625322580338e-03 3.486890054773539305e-04 5.234444979578256607e-04 7.947175181470811367e-04 2.382610546192154288e-06 3.929463564418256283e-04 8.510249216442389297e-08 1.767619096426642500e-06 5.166091024875640869e-03 1.296816952526569366e-02 1.216470170766115189e-02 2.340639621252194047e-04 2.423612400889396667e-03 4.246738390065729618e-04 3.149979761474241968e-07
1.933408784680068493e-04 2.037524609477259219e-05 4.151498069404624403e-05 8.299396187067031860e-02 1.854923539212904871e-05 9.125449657440185547e-01 2.686612680554389954e-02 6.095997523516416550e-04 2.097128890454769135e-03 5.381707451306283474e-04 1.645381431103487557e-08 9.609698281565215439e-07 3.518455778248608112e-04 1.689514145255088806e-02 9.823013544082641602e-01 9.291159130953019485e-07 1.188063062727451324e-02 4.594040103256702423e-03 9.823618711379822344e-06
1.350983744487166405e-03 2.638241767272120342e-07 4.547850707137257587e-10 9.999988079071044922e-01 1.892521604895591736e-02 4.306513816118240356e-03 1.008457317948341370e-02 5.561494162975577638e-07 4.220726623316295445e-05 9.053617304743966088e-07 8.203872477186013867e-12 3.098146237334731268e-07 7.361660209426190704e-06 1.328661937805009075e-06 2.094862982630729675e-03 1.436349157302174717e-05 1.744520268402993679e-03 6.201619839885097463e-07 3.382386148942373438e-09
3.241923823952674866e-02 6.302714347839355469e-02 1.499633118510246277e-02 7.979410290718078613e-01 1.571715809404850006e-02 1.706397533416748047e-02 2.910514175891876221e-01 3.458909988403320312e-01 6.315800826996564865e-03 9.242150932550430298e-02 1.212592353112995625e-03 9.455380961298942566e-03 9.303971379995346069e-02 3.057579100131988525e-01 3.970759510993957520e-01 2.326936274766921997e-02 5.224137306213378906e-01 5.615881681442260742e-01 1.897782436572015285e-03
4.686913523954672200e-09 1.143989365459674445e-07 4.738306969009897784e-10 2.611022889614105225e-01 6.829659469076432288e-06 5.145526301930658519e-06 9.999419450759887695e-01 2.342414518352597952e-06 3.808708861470222473e-04 2.077121585841723572e-09 2.438637833335199900e-11 2.086536987633280660e-08 3.093846316915005445e-06 9.776805527508258820e-04 4.646892100572586060e-02 1.441036260985129047e-06 4.066081717610359192e-02 3.096175078098895028e-06 2.238730871795269195e-07
8.542311661585699767e-06 3.931259852834045887e-04 7.914341040304861963e-06 1.148155060946010053e-04 3.544189530657604337e-05 1.026170366458245553e-06 9.996711015701293945e-01 1.619177125394344330e-02 3.973442912101745605e-01 2.487051278876606375e-05 3.520807484164834023e-03 1.627319725230336189e-03 9.170896955765783787e-04 2.505252137780189514e-03 1.030300464481115341e-02 1.253679394721984863e-03 9.471473097801208496e-01 2.144205849617719650e-03 1.908500641584396362e-01
6.785064339637756348e-01 6.052412986755371094e-01 2.071093209087848663e-02 8.690919876098632812e-01 3.743958845734596252e-02 3.527520690113306046e-03 4.906943440437316895e-02 3.522084653377532959e-01 2.043336397036910057e-03 5.473385751247406006e-02 1.648052223026752472e-02 3.420029953122138977e-02 2.882179617881774902e-01 4.105327725410461426e-01 9.427209384739398956e-03 6.903060525655746460e-02 3.121529705822467804e-02 1.028582751750946045e-01 2.265402814373373985e-03
5.236391871221712790e-07 1.954464323716820218e-08 3.268604276129849495e-10 9.997550845146179199e-01 9.738907101564109325e-05 1.147614209912717342e-03 8.101429343223571777e-01 5.931334499109652825e-07 1.044950404320843518e-04 5.884360110286479539e-09 2.494052598993323766e-13 5.681837778048759446e-10 1.017574049910763279e-06 1.361729937343625352e-05 3.077336587011814117e-02 1.259137434317381121e-07 1.967909000813961029e-02 9.098617965719313361e-07 3.213814991909202945e-09
1.366178854368627071e-03 2.031297236680984497e-02 2.126544277416542172e-04 3.685616829898208380e-04 3.541836142539978027e-02 9.997566342353820801e-01 7.118483074009418488e-03 4.565832932712510228e-05 7.076968252658843994e-02 1.199221005663275719e-03 6.615324764425167814e-06 7.007498061284422874e-04 4.286484618205577135e-04 2.812231658026576042e-03 2.256162464618682861e-03 7.731303921900689602e-04 1.308055943809449673e-04 3.911457490175962448e-03 1.918933354318141937e-02
4.946319829418621694e-12 4.297212030657249215e-10 2.432736304069926803e-12 1.117439387599006295e-04 4.243544682314137617e-10 2.980891076731495559e-05 9.999954700469970703e-01 5.511240033229114488e-07 2.633550320751965046e-04 3.899732967105329351e-12 8.132339609666014435e-14 2.485591593659464138e-12 5.943344305592290766e-08 1.449249405413866043e-02 5.138754248619079590e-01 2.193403375594371596e-10 2.237797081470489502e-01 6.321389719232684001e-06 1.172235783997166436e-07
9.076895845849310128e-19 2.488165652247270598e-13 4.507215837061821946e-16 6.156095078146961441e-10 5.381572466302275703e-13 1.980101499432507239e-10 1.000000000000000000e+00 1.767257984397474502e-08 2.482153475284576416e-02 3.866347109279192479e-15 2.485607849915787843e-14 8.557300376112186857e-13 1.209634503673839845e-09 1.690820208750665188e-04 9.110264363698661327e-04 3.737850584606405846e-10 4.519668966531753540e-02 1.907282239699270576e-06 7.226385037029103842e-07
8.235267199116594033e-21 5.678773576188846442e-17 9.285525892381362801e-18 9.169728798497089883e-08 1.576915149854022551e-16 3.808345330458427286e-18 9.999998807907104492e-01 6.450313208006264176e-07 1.735050503270940681e-08 2.935296328712027648e-16 1.186504810077796451e-17 4.173650239026579015e-15 1.920721914849821133e-10 6.146795783479319653e-08 5.248003435553982854e-05 3.918068300357013811e-11 9.999994039535522461e-01 1.518832171143458254e-08 8.919456284672833135e-10
2.318196199238564681e-12 3.814565850690510018e-12 1.948640460959754489e-14 1.000000000000000000e+00 2.556345163762935302e-13 2.242767365051643210e-19 2.513951249420642853e-02 9.431423677597194910e-06 4.639618902827283287e-14 8.799606876497279018e-12 7.733570242648070290e-22 8.730393118425114621e-20 7.930182732707180548e-09 2.577712984930258244e-05 8.865542895364342257e-07 9.435194596105200837e-13 9.998332262039184570e-01 6.436078753280227716e-11 1.017106644944487353e-19
1.363447097627075856e-16 1.441243568933714414e-09 8.981270588348522210e-14 5.280367913655936718e-04 5.639704605013215466e-15 8.621022754996076313e-18 9.999941587448120117e-01 5.599326323135755956e-05 4.749812276827469759e-08 7.412891914887476119e-13 2.596782575957161908e-15 1.335109594494815477e-14 3.143233229252473393e-08 9.139171838760375977e-01 1.535520482320862357e-06 4.944443077192772762e-08 9.971793889999389648e-01 9.877419471740722656e-01 2.208139053549995623e-12
7.161753286764882542e-13 1.696189022570848692e-10 8.411955349950026029e-15 9.999952316284179688e-01 6.978693317671869067e-11 1.735565711276508587e-17 9.969340562820434570e-01 3.019472387677524239e-06 6.698724352993679076e-10 1.067740618143631082e-10 2.170452444167690165e-17 7.442227986220045777e-14 1.386994341601166525e-07 4.363984407973475754e-05 1.620728767193213571e-06 1.104174440769156718e-08 8.920348882675170898e-01 2.127771266471900624e-12 3.230418997622955257e-14
1.329506979768496633e-13 1.103201121492418391e-13 3.908223147642024206e-15 1.000000000000000000e+00 4.644461898406504474e-14 9.253403300763310413e-14 2.557312545832246542e-04 1.417911789758363739e-06 1.105317433311133260e-14 1.627956124940210803e-12 1.457587885707986561e-27 6.410440501930854607e-25 4.101343431539561379e-10 1.817248812585603446e-05 2.492491621524095535e-04 1.819656131342485832e-16 6.907374858856201172e-01 1.990104886440136056e-10 1.016271139514355964e-22
4.582389071583747864e-02 1.121350564062595367e-03 2.603145367174874991e-05 9.439530968666076660e-01 8.668867498636245728e-02 1.106431055814027786e-02 1.108331829309463501e-01 3.437468316406011581e-03 6.893935642438009381e-05 8.999810218811035156e-01 5.017949206376215443e-06 2.774711549282073975e-01 2.392094954848289490e-02 1.251608773600310087e-04 1.453478634357452393e-02 3.287560865283012390e-02 1.781439036130905151e-02 3.630992723628878593e-03 2.628422862471779808e-06
5.339685082435607910e-01 5.086344480514526367e-01 2.532186452299356461e-03 8.914673328399658203e-01 9.243285655975341797e-02 1.367109012790024281e-03 2.034352421760559082e-01 2.388514429330825806e-01 1.460760924965143204e-02 4.135549440979957581e-02 6.763181835412979126e-02 6.053132936358451843e-02 1.068390235304832458e-01 1.807467341423034668e-01 5.702694877982139587e-03 7.755290716886520386e-02 1.238761320710182190e-01 8.201768621802330017e-03 3.962268587201833725e-03
2.881483407691121101e-03 8.469848036766052246e-01 5.375450709834694862e-04 6.601312756538391113e-01 1.433433226338820532e-05 1.065310061676427722e-05 2.873659320175647736e-02 4.837181866168975830e-01 3.652827899713884108e-06 1.043853917508386075e-04 9.967454388970509171e-06 1.230517909789341502e-06 2.359605627134442329e-03 9.974783062934875488e-01 7.322182646021246910e-04 7.485898677259683609e-04 6.226179655641317368e-03 9.055833332240581512e-03 3.219667519260838162e-07
1.390738487243652344e-01 9.920951724052429199e-01 9.851640462875366211e-01 7.664119601249694824e-01 4.238575002091238275e-07 1.472570829719188623e-07 4.898141487501561642e-04 5.016732215881347656e-01 1.287146567108266026e-08 2.878413852158701047e-06 3.026570266229100525e-05 1.907262230815831572e-06 6.020113825798034668e-03 9.944292306900024414e-01 3.472706339380238205e-06 3.306787693873047829e-04 6.025029870215803385e-05 1.050493330694735050e-03 6.622996373550904536e-09
9.136026934974950109e-10 9.842093362522064126e-08 1.182966391510831272e-09 7.239414117066189647e-05 7.039079264359315857e-06 5.059670726836884569e-08 9.999425411224365234e-01 1.172101328847929835e-04 6.441942787205334753e-06 3.902793105226010084e-04 2.927885156545073642e-10 1.270163222216069698e-03 1.712663332000374794e-03 2.963856559290434234e-06 7.083408127073198557e-05 3.055847948417067528e-03 4.420363157987594604e-02 2.031910298683214933e-06 3.401431456495629391e-07
3.097084350883960724e-03 1.007399614900350571e-02 5.015745409764349461e-04 1.215977594256401062e-02 1.893105357885360718e-02 4.081834049429744482e-04 9.474171996116638184e-01 1.842135936021804810e-01 2.342477068305015564e-02 7.755660265684127808e-02 4.827382043004035950e-03 3.169548809528350830e-01 9.915164113044738770e-02 8.068175055086612701e-03 1.062972471117973328e-02 2.129567414522171021e-01 4.155878424644470215e-01 3.121820278465747833e-02 1.404198352247476578e-02
8.391398296225816011e-07 1.027484238147735596e-01 1.000000000000000000e+00 6.212397420313209295e-05 2.364055132209053056e-11 7.850702372313821250e-17 4.528597401076694950e-06 2.093821763992309570e-02 7.407954114880935698e-18 4.890383931144270946e-11 8.317728016765668642e-15 5.707337644752629585e-15 2.698203161344281398e-06 9.999954700469970703e-01 8.907535402613575570e-07 4.064705990458605811e-06 5.211815050643053837e-07 5.860463503370993976e-11 3.196192442656009547e-12
6.403099177987314761e-06 9.852545261383056641e-01 1.000000000000000000e+00 3.969295024871826172e-01 4.638039952098438334e-12 2.358452068555272167e-15 6.896279955981299281e-07 2.231778763234615326e-02 2.539596681770504719e-18 7.641333854731258146e-13 3.610065371639770149e-11 1.752552672483562862e-15 8.281534746856777929e-07 9.999997615814208984e-01 6.307547550932213198e-07 1.545989789519808255e-06 5.665522273545775533e-09 4.013828203142111306e-08 2.858288285960755570e-14
4.516388475894927979e-02 3.770543634891510010e-02 5.510482005774974823e-04 5.245911702513694763e-02 3.040375374257564545e-02 1.799277774989604950e-02 2.177376598119735718e-01 1.399183869361877441e-01 4.677054006606340408e-03 9.437587261199951172e-01 5.388583522289991379e-03 4.691735804080963135e-01 1.236400008201599121e-01 2.003380097448825836e-03 3.738510888069868088e-03 2.049919664859771729e-01 3.097296133637428284e-02 3.841220960021018982e-02 2.131185494363307953e-03
4.547660052776336670e-02 3.811626462265849113e-03 1.870883512310683727e-03 9.999657869338989258e-01 2.355974866077303886e-03 3.535155439749360085e-03 2.471952931955456734e-03 2.278116904199123383e-02 1.433500165148871019e-05 2.381770405918359756e-03 3.463497648681368446e-07 2.131150267814518884e-06 1.277491636574268341e-02 1.371912956237792969e-01 5.207981914281845093e-02 4.549635923467576504e-04 1.501912903040647507e-02 4.586860537528991699e-02 2.038604861809290014e-06
6.314773112535476685e-02 2.013628929853439331e-02 1.987328082323074341e-01 9.118764996528625488e-01 9.807538986206054688e-02 1.480191200971603394e-01 2.601622045040130615e-01 5.583320930600166321e-02 3.624299168586730957e-02 1.922085508704185486e-02 1.272758468985557556e-03 8.497090078890323639e-03 6.717891991138458252e-02 5.534674227237701416e-02 2.024891376495361328e-01 3.282911330461502075e-02 1.711015254259109497e-01 3.920162469148635864e-02 4.598447121679782867e-03
4.054911642015213147e-07 4.364209016785025597e-04 2.814337676682043821e-06 8.412102237343788147e-03 3.204291715519502759e-06 1.596606438170056208e-07 9.988067150115966797e-01 2.585864998400211334e-02 7.573581300675868988e-03 1.676936335570644587e-05 5.766022877651266754e-05 1.448137754778144881e-05 1.048988779075443745e-03 3.165144920349121094e-01 4.648029804229736328e-03 2.114649629220366478e-03 8.859984874725341797e-01 2.733017206192016602e-01 3.121741465292870998e-04
2.690447864495126851e-08 2.786952245514839888e-04 1.831462697055030731e-07 1.410610973834991455e-01 2.295268046736964607e-07 8.580461674512207537e-09 9.996719360351562500e-01 4.649726208299398422e-03 9.873986709862947464e-04 2.703328902953217039e-07 1.019296178128570318e-06 9.519181531914000516e-08 8.517251262674108148e-05 2.819952368736267090e-01 2.630659146234393120e-03 6.021159060765057802e-05 8.284628987312316895e-01 3.852336667478084564e-04 1.745027475408278406e-05
2.120501274571751082e-10 1.678354379919255734e-07 1.962117579523692257e-08 6.987722963094711304e-02 4.143933196587568091e-09 2.228883883015342349e-10 9.992289543151855469e-01 9.527090005576610565e-04 6.667056823062011972e-06 2.077027083657867479e-08 2.219715800055865884e-10 1.770043445148417049e-09 1.541349593026097864e-05 5.773832090198993683e-03 2.950052032247185707e-03 2.834480255842208862e-06 9.976342916488647461e-01 8.458812226308509707e-05 4.622687015398696531e-07
3.049609222216531634e-05 5.962938885204493999e-04 5.345685167412739247e-06 9.910506010055541992e-01 6.104156454966869205e-06 2.032541033258894458e-07 4.912720620632171631e-01 6.701037287712097168e-02 3.191551149939186871e-05 1.985927810892462730e-04 1.080270592979104549e-07 2.214232068808996701e-07 1.587641541846096516e-03 2.242081910371780396e-01 1.085977349430322647e-02 6.269824370974674821e-05 9.478201270103454590e-01 4.380636848509311676e-03 7.863287123655027244e-07
9.343887654722493608e-07 2.118960546795278788e-04 5.756060872386115079e-08 9.999220371246337891e-01 1.300751932831190061e-07 2.009910432532180380e-10 2.035642862319946289e-01 3.180699422955513000e-02 3.351387078964762622e-07 8.697877092345152050e-06 1.830107176914452793e-10 1.373717806174568068e-10 1.301114534726366401e-04 3.936622440814971924e-01 5.349564016796648502e-04 1.958769189513986930e-06 8.856877088546752930e-01 1.824704522732645273e-04 1.232946633678011494e-09
1.110517473534855526e-07 7.659938419237732887e-04 6.698868570964577884e-09 9.999462366104125977e-01 9.382936205781788885e-09 8.032591085338491865e-12 2.634070515632629395e-01 3.671182692050933838e-02 5.854762719081918476e-08 4.203741070796240820e-07 7.142484520494818412e-11 3.463999052877309026e-12 3.041439413209445775e-05 9.082892537117004395e-01 5.365639663068577647e-05 4.571559202304342762e-07 7.491797208786010742e-01 1.256315154023468494e-04 2.359821504871462139e-10
5.319569725543260574e-03 5.704411268234252930e-01 7.544367760419845581e-02 9.921831488609313965e-01 2.417383948341012001e-04 4.229288606438785791e-05 5.543346516788005829e-03 1.872822642326354980e-01 2.481755700500798412e-06 8.800105570117011666e-05 3.512949115247465670e-05 1.350583261228166521e-06 1.486256485804915428e-03 9.968308806419372559e-01 2.007333794608712196e-03 3.702257992699742317e-03 2.847772091627120972e-03 1.329971197992563248e-02 1.763027853485255037e-06
2.481075674295425415e-01 2.503084391355514526e-02 4.211865663528442383e-01 9.869684576988220215e-01 3.612064290791749954e-03 4.934066440910100937e-03 4.491402301937341690e-03 4.524713754653930664e-02 6.914522145962109789e-06 7.820710539817810059e-01 6.523686170112341642e-05 8.674177341163158417e-03 2.205080538988113403e-01 3.617949411273002625e-02 4.322338476777076721e-02 1.165628526359796524e-02 4.469769541174173355e-03 6.133963167667388916e-02 8.157371667039114982e-06
1.239890418946743011e-02 8.820835351943969727e-01 9.393347501754760742e-01 7.442023158073425293e-01 8.338798943441361189e-05 5.243255873210728168e-05 2.018544636666774750e-02 3.271316289901733398e-01 8.892165169527288526e-06 1.071411461452953517e-04 7.557480130344629288e-04 1.073622297553811222e-05 3.989330958575010300e-03 9.938694238662719727e-01 3.390711266547441483e-03 3.499956103041768074e-03 3.286759136244654655e-03 6.707089953124523163e-03 9.096735084312967956e-06
6.915579433552920818e-04 1.338784117251634598e-02 1.027427606459241360e-05 9.667825698852539062e-01 8.120257407426834106e-04 8.467381462651246693e-07 9.228999614715576172e-01 1.312094461172819138e-02 1.055602636188268661e-02 1.969966069736983627e-05 3.321775933727622032e-03 7.474244921468198299e-05 1.013420405797660351e-03 4.687646403908729553e-02 6.184238940477371216e-03 1.031200052239000797e-03 5.906200408935546875e-01 4.940511280437931418e-05 5.336597678251564503e-04
8.183725178241729736e-03 7.969874888658523560e-02 1.166790025308728218e-04 9.682548046112060547e-01 6.524848286062479019e-03 3.639535134425386786e-05 7.692217826843261719e-01 4.253191128373146057e-02 3.954255208373069763e-02 4.959657089784741402e-04 1.822705566883087158e-02 7.138008368201553822e-04 4.887112416326999664e-03 1.195277944207191467e-01 9.193398058414459229e-03 6.962717510759830475e-03 3.062830865383148193e-01 2.286590315634384751e-04 2.088017063215374947e-03
1.033195367199368775e-04 1.213883608579635620e-02 7.829024980310350657e-06 8.443092703819274902e-01 3.547299420461058617e-04 3.339519707878935151e-06 9.810723662376403809e-01 1.138152182102203369e-02 2.405308745801448822e-02 3.589240077417343855e-05 9.830475319176912308e-04 7.871303387219086289e-05 1.039630384184420109e-03 8.835157752037048340e-02 9.158931672573089600e-03 1.862621633335947990e-03 2.834036946296691895e-01 1.384600182063877583e-04 7.630147738382220268e-04
1.141218196332172141e-13 2.295649998221294119e-12 1.283636218152306441e-11 9.997116923332214355e-01 1.386871168037803748e-13 2.592820625668494221e-17 9.201709628105163574e-01 2.639894591993652284e-05 1.521342839032324701e-12 2.924825312500267671e-11 2.809080803305646816e-20 2.843751337113387817e-15 6.365341675973468227e-08 1.445179896109038964e-05 4.426300074555911124e-05 2.050448144608196799e-10 9.999910593032836914e-01 3.319040819960150657e-09 4.066437043727865949e-15
9.744666749611496925e-05 6.967442459426820278e-05 4.687774890044238418e-06 9.375663995742797852e-01 1.515927631407976151e-02 2.137462388418498449e-06 9.692484736442565918e-01 9.737682994455099106e-04 1.494038267992436886e-03 9.088876686291769147e-05 3.603769982873927802e-06 4.112141206860542297e-03 1.733812619931995869e-03 7.043358054943382740e-04 6.682942155748605728e-03 2.011861465871334076e-02 3.330504596233367920e-01 2.467091835569590330e-04 3.060995732084847987e-05
1.993410592149302829e-07 1.163173166673914238e-07 1.362314083763749295e-08 9.999932050704956055e-01 4.206856729638275283e-08 2.434566610809429932e-11 1.289925128221511841e-01 1.112199854105710983e-03 8.617478286510049656e-09 6.496447326753695961e-07 2.632647517954861405e-13 3.258139244510793731e-11 2.368957757425960153e-05 7.205945439636707306e-04 5.677998415194451809e-04 1.197266925601070398e-07 9.963227510452270508e-01 1.727027893139165826e-06 5.704733994221777849e-12
1.118494954165387975e-23 2.004614053385442435e-19 1.144629267196151643e-18 1.195346521853934973e-05 7.539894489064395499e-19 3.473287985827714326e-23 9.999998807907104492e-01 4.508996553909128124e-08 1.412049459564163056e-13 6.472087760102728058e-18 1.560661904505714010e-23 1.855615426193064557e-17 1.140760229334514264e-11 1.347287170716526816e-09 1.129166435021033976e-06 3.670475381967186479e-12 1.000000000000000000e+00 6.402051631881899851e-12 1.255608301792970893e-13
1.172196212215314188e-21 5.747924221037054450e-18 4.468848950320346378e-16 1.293178502237424254e-04 1.672984700289319236e-17 1.020953931443718242e-21 9.999852180480957031e-01 4.862196760768711101e-07 3.856143377702070385e-13 7.290552866849652012e-16 4.493553664530619823e-22 3.479413618067041117e-16 8.278366186997843101e-11 1.881243250068109774e-08 2.162295004382031038e-06 5.322249932437905784e-11 1.000000000000000000e+00 1.721718101421743086e-09 4.590074522727027873e-13
1.643694084872330501e-19 1.243025508776895646e-15 2.733545256774670088e-16 4.940318103763274848e-05 2.451382806055620034e-15 1.002763026161262413e-20 1.000000000000000000e+00 7.333551366173196584e-08 2.243413961544593604e-11 7.089682179781846890e-16 6.131691874496464273e-19 1.312094286302564750e-13 5.973227468203390345e-10 1.280801331660086362e-08 4.278131200408097357e-06 4.371139838976745295e-10 9.999980926513671875e-01 9.894003151489361159e-12 4.235246181538698806e-11
2.859450178220868111e-03 5.182111053727567196e-04 7.208528131741331890e-06 9.902337789535522461e-01 1.946998387575149536e-02 2.872406730602961034e-05 7.519511580467224121e-01 2.720405580475926399e-03 2.289273310452699661e-03 2.653600531630218029e-04 1.138193783845053986e-05 6.985604995861649513e-04 2.669916255399584770e-03 3.226252738386392593e-03 1.776755414903163910e-02 4.737261217087507248e-03 3.506013751029968262e-01 7.206243026303127408e-05 2.978467273351270705e-05
2.003227746172342449e-05 1.367764298265683465e-06 1.057690879324724165e-10 1.362189766950905323e-03 3.062305152416229248e-01 5.993127706460654736e-04 9.987369179725646973e-01 3.178622876021108823e-08 4.748861789703369141e-01 5.122028028381464537e-07 6.065955631129327230e-07 9.861174970865249634e-02 4.153916961513459682e-06 9.804326737139490433e-07 3.031057422049343586e-04 1.226572319865226746e-02 1.982560206670314074e-04 4.663234576582908630e-04 3.558332391548901796e-04
7.312859594821929932e-02 2.038838865701109171e-04 2.941574393844348378e-06 2.207135111093521118e-01 8.547255992889404297e-01 1.134093254222534597e-04 7.686928510665893555e-01 1.657071261433884501e-04 2.776113105937838554e-03 1.776201417669653893e-03 2.845260678441263735e-05 8.058245778083801270e-01 6.858670967631042004e-04 3.751715121325105429e-05 2.454597852192819118e-04 3.738672733306884766e-01 6.373779475688934326e-02 3.051076829433441162e-02 7.038986223051324487e-05
6.814429163932800293e-02 6.947645545005798340e-02 1.050307694822549820e-02 7.144666463136672974e-02 7.390426844358444214e-02 2.610293962061405182e-02 7.003722786903381348e-01 1.413228213787078857e-01 7.136850804090499878e-02 2.450280487537384033e-01 1.450130343437194824e-02 2.822900712490081787e-01 1.577145308256149292e-01 1.570342853665351868e-02 2.162349224090576172e-02 1.478667557239532471e-01 9.494099766016006470e-02 5.637482181191444397e-02 2.842694520950317383e-02
4.642267152667045593e-02 1.185433973205363145e-07 6.437619534671590316e-13 1.000000000000000000e+00 3.797782957553863525e-01 7.702355446781439241e-07 5.559553392231464386e-04 3.702989248566268543e-09 1.184567622658505570e-06 2.709915492005166016e-08 6.075055822979402720e-12 2.090604084514779970e-06 2.628665924930828623e-07 6.448339462394869770e-08 4.494028416957007721e-06 1.811714028008282185e-04 1.733079989207908511e-04 6.784399708692490094e-10 1.192209941880406632e-10
7.946132123470306396e-02 8.210892019633320160e-07 6.779089008895899937e-12 1.000000000000000000e+00 2.071254700422286987e-01 1.126923280025948770e-06 3.632574516814202070e-04 2.900507567460408609e-08 1.511653977104288060e-06 1.014284265465903445e-07 4.372672363084362246e-11 1.374401335851871409e-06 1.128588223764381837e-06 6.840244850536691956e-07 8.151919246301986277e-06 1.799229648895561695e-04 2.039319224422797561e-04 1.627210366450526635e-09 5.595894303489501453e-10
3.247496271896466169e-09 7.455107464693355723e-08 5.516820876673824217e-15 9.500190019607543945e-01 1.159896637545898557e-04 6.499905680357187521e-08 9.999779462814331055e-01 1.032169683057304610e-09 1.887091435492038727e-03 3.202557359929802949e-12 5.378004465372843157e-12 8.393789663330153417e-09 5.659916535449838193e-09 1.388865348417311907e-05 3.916239948011934757e-04 8.832436151351430453e-07 1.307729107793420553e-04 1.368892887931849600e-09 1.497245527559698530e-08
8.703644275665283203e-01 1.190704177133738995e-03 3.023349626207760821e-11 1.000000000000000000e+00 1.304795965552330017e-02 1.316559306019371434e-09 5.313392534844751935e-07 2.305115913259214722e-06 1.070873251185489039e-10 2.335747240067576058e-06 1.524670667496508258e-10 8.429330478065821808e-08 1.833774294937029481e-04 4.789263010025024414e-03 3.950627203153089795e-08 2.982443547807633877e-04 4.765207904711132869e-06 2.303456536623116335e-09 5.141449072043613455e-11
1.473973393440246582e-01 6.303372979164123535e-01 4.818530082702636719e-01 7.148720622062683105e-01 1.526438724249601364e-02 9.997804649174213409e-03 8.822315931320190430e-02 3.702142536640167236e-01 1.478532794862985611e-03 6.343197822570800781e-02 1.952176727354526520e-02 1.536562945693731308e-02 1.198894307017326355e-01 8.342556953430175781e-01 3.288750723004341125e-02 9.475837647914886475e-02 3.550799563527107239e-02 9.439499676227569580e-02 2.178533002734184265e-03
5.831661542554655853e-11 2.532865681515589218e-16 1.134051350380914220e-24 1.002866626548248874e-12 2.026139199733734131e-02 1.867091897755912555e-11 4.572693258523941040e-02 1.518204312267457112e-11 7.040946466271499893e-14 9.999933242797851562e-01 1.137802442203174936e-19 9.999884366989135742e-01 1.193833476520467229e-08 9.404818013617903872e-23 1.983663442550549560e-20 5.929988026618957520e-01 3.645221277603916121e-11 1.005380431684521625e-10 5.081589292185269283e-18
8.225349336862564087e-02 1.004105210304260254e-01 7.864797953516244888e-04 9.999800920486450195e-01 1.803997717797756195e-02 1.296793834626441821e-05 2.240982837975025177e-02 2.099578268826007843e-03 6.288385484367609024e-04 4.675783566199243069e-05 3.971415571868419647e-04 1.890837120299693197e-05 1.008409308269619942e-03 1.792958825826644897e-01 1.012763386825099587e-04 1.029585860669612885e-02 1.267772633582353592e-03 1.587423980708990712e-06 1.696881008683703840e-05
2.518263459205627441e-01 2.761531434953212738e-02 1.529382416265434586e-06 9.999775886535644531e-01 2.124088406562805176e-01 2.096493517456110567e-05 5.069059878587722778e-02 3.315787762403488159e-04 3.549640532582998276e-03 8.200115553336217999e-05 5.732055869884788990e-04 5.117752589285373688e-04 4.501511866692453623e-04 1.252811588346958160e-02 6.798747926950454712e-05 2.254982292652130127e-02 2.824633615091443062e-03 7.640805961273144931e-07 2.809234683809336275e-05
