2.301910892128944397e-03 4.097695928066968918e-04 2.079436322674155235e-03 1.000000000000000000e+00 3.319253664813004434e-05 2.920119368354789913e-05 3.721438042703084648e-05 5.222688894718885422e-03 1.259766335692802386e-08 2.893013697757851332e-05 1.237391716868430080e-10 9.939195300123770949e-11 1.144219888374209404e-03 3.832850754261016846e-01 4.347406793385744095e-03 1.527069616713561118e-05 1.484585925936698914e-03 1.840032637119293213e-02 1.310488828565326003e-09
9.979774355888366699e-01 9.812991134822368622e-03 1.208578339628729736e-07 4.870744422078132629e-03 9.416160583496093750e-01 3.457629205172452203e-08 3.037928342819213867e-01 2.561480869189836085e-05 1.780882485036272556e-05 3.646615141406073235e-06 4.415625880938023329e-06 8.404228091239929199e-01 3.173280856572091579e-04 9.355586030324047897e-07 1.187483711362347094e-08 2.274581417441368103e-02 4.459980700630694628e-04 3.660123184090480208e-06 1.480915329921117518e-06
3.052274245997581097e-22 1.187189070424112566e-16 1.530441363713935278e-15 1.029824616693986172e-07 6.916394061850193991e-16 1.337520480560446626e-22 9.999998807907104492e-01 6.102578481659293175e-06 1.139208838374372590e-09 1.616145300811604180e-14 2.372926008739276041e-16 4.646566985344602330e-12 6.180047029680224568e-10 3.539502912985881267e-08 7.260551626586675411e-08 1.306991492810993805e-07 9.999996423721313477e-01 8.625671910067467252e-08 3.879668808437486405e-10
7.077672847799476585e-08 1.110910773277282715e-01 6.484576431375899119e-08 4.167265892028808594e-01 1.973293306534174008e-09 6.964933629838299112e-10 9.540361166000366211e-01 5.666828900575637817e-02 3.557751142579945736e-07 2.882111402868758887e-07 3.910755719260805563e-09 3.865059383656443970e-10 1.397425330651458353e-05 9.996116757392883301e-01 1.119333592214388773e-05 1.104991952161071822e-05 5.451789870858192444e-02 1.609967206604778767e-03 7.707935956169364999e-10
1.587327034258123604e-07 1.908457534227636643e-06 1.430067869678808279e-10 8.040651082992553711e-01 1.823125057853758335e-03 8.576240162483372842e-09 9.993920326232910156e-01 7.454000751749845222e-06 4.059244238305836916e-04 2.315204255864955485e-06 7.160552151219690131e-09 7.862306083552539349e-04 4.349720620666630566e-05 5.102005889057181776e-05 1.221395359607413411e-04 1.130615640431642532e-02 1.539400778710842133e-02 7.705625080234312918e-07 4.466617724574462045e-07
2.798469495246536098e-06 3.482222865613948670e-08 1.371245131331910727e-12 1.853176279098533996e-08 7.478376477956771851e-02 1.389196491800248623e-03 6.573416590690612793e-01 1.073255475603218656e-06 8.461119432467967272e-05 8.697624206542968750e-01 1.469582677771086310e-09 9.781131148338317871e-01 6.748201558366417885e-04 1.895307261828849121e-12 2.209375737916019489e-10 2.920792400836944580e-01 3.801800176006508991e-06 3.861890945699997246e-06 8.406232723245921079e-07
1.009561271386738568e-11 3.362104206150462460e-10 4.324854090440944168e-15 3.661285290945670567e-06 1.723840978229418397e-05 1.281861623283475637e-04 9.999992847442626953e-01 5.694181584581237132e-11 4.065860062837600708e-02 4.829112804083379729e-12 1.935292068743973970e-13 1.959343478574737674e-07 4.278191578777068571e-09 4.115703177376417443e-06 5.878017982468008995e-04 9.379492666994337924e-07 6.883940386614995077e-06 2.322980435565114021e-06 7.823680334695382044e-07
6.653392574662575498e-07 5.774686062665068675e-09 8.585560040685891181e-11 2.513651503250002861e-03 1.321075716987252235e-03 9.999995231628417969e-01 1.139241721830330789e-04 1.257654813624498047e-10 1.701205037534236908e-03 5.129562996586400914e-09 2.884657734509850184e-15 7.461217754745064212e-10 3.279898663777203183e-08 2.705590986806782894e-07 1.559993252158164978e-04 1.082716583056253512e-08 1.135664115281542763e-05 3.931533428840339184e-04 3.599434350576302677e-08
2.109186523493635882e-25 1.963308272509724153e-19 1.979052388560782883e-28 1.318306064889934021e-16 1.920272968414238335e-12 3.311281641677626952e-13 1.000000000000000000e+00 1.305646952766016896e-19 7.671478390693664551e-01 1.097305973546308829e-21 2.768536553659295834e-21 1.380304117531983010e-11 6.358833168482172699e-17 2.658295404547178498e-13 2.126053222362145334e-10 3.770214140885741472e-10 3.701356166008196169e-10 6.795939366810443971e-10 3.012296545534809411e-08
1.158450505661656749e-11 2.728467407564494351e-08 4.737638614749073440e-10 5.690788285050984996e-09 4.112790552568412750e-09 6.239237393401708687e-08 9.999994039535522461e-01 1.409129481544368900e-06 9.510882496833801270e-01 3.471549159250741923e-10 7.367142274006255320e-08 5.057697194388310891e-07 4.512119033961425885e-08 1.291358967137057334e-05 5.136687104823067784e-05 7.719872883171774447e-07 2.737834304571151733e-02 7.550789043307304382e-03 1.515035331249237061e-01
2.482768678147007080e-11 1.020115741011407007e-12 3.660455494269854171e-09 1.000000000000000000e+00 1.146092595827319371e-11 4.491628965465344070e-13 2.753204200416803360e-03 9.316737305198330432e-06 3.300845382615824608e-13 2.689716505077655029e-10 5.627069792508864216e-22 3.720763860791618993e-18 7.247988520475701080e-08 2.635209511936409399e-06 1.173550699604675174e-04 9.643443812587526587e-13 9.980956912040710449e-01 2.279870736643374585e-09 1.829147176875500895e-18
9.523153901100158691e-01 4.440411031246185303e-01 3.995685279369354248e-02 6.409142632037401199e-03 1.985695585608482361e-02 2.730700070969760418e-04 8.235351741313934326e-02 2.092618197202682495e-01 1.392737217247486115e-02 2.299658209085464478e-02 1.741652609780430794e-03 1.777313649654388428e-01 8.186565041542053223e-01 4.071156494319438934e-03 9.448522905586287379e-05 2.813450619578361511e-02 5.765710491687059402e-03 6.583693437278270721e-03 2.479737624526023865e-02
9.621223211288452148e-01 4.443840384483337402e-01 8.829818107187747955e-03 2.452605636790394783e-03 5.483899265527725220e-03 6.394110823748633265e-05 2.773428894579410553e-02 1.602091193199157715e-01 1.662997063249349594e-03 1.477376278489828110e-02 2.463429700583219528e-04 1.380260884761810303e-01 9.352023601531982422e-01 1.555487862788140774e-03 1.218168108607642353e-05 1.747658662497997284e-02 1.132781617343425751e-03 6.239082664251327515e-03 2.631608862429857254e-03
9.760199189186096191e-01 4.422746002674102783e-01 5.751451477408409119e-03 1.277022412978112698e-03 3.538470948114991188e-03 2.398244396317750216e-05 1.813041605055332184e-02 1.343704015016555786e-01 8.572130464017391205e-04 8.753828704357147217e-03 9.959469753084704280e-05 1.196723803877830505e-01 9.530497789382934570e-01 8.521021227352321148e-04 3.764922894333722070e-06 1.160383503884077072e-02 5.552232032641768456e-04 3.698283340781927109e-03 1.491898554377257824e-03
5.541897816472879813e-16 3.110640564574218558e-11 3.325522637213224053e-13 6.596071345371656847e-12 2.168393069268415019e-12 2.012068983647807840e-11 1.000000000000000000e+00 6.477393554860100267e-08 9.907579421997070312e-01 2.126366574137228405e-13 6.851252343231806208e-10 3.332634834762870923e-09 1.874479182983890269e-10 4.303955165596562438e-07 2.139436446668696590e-06 7.133874380116367320e-09 7.510581612586975098e-02 1.707698218524456024e-03 7.302394509315490723e-02
4.477616641906934092e-07 1.995581015989955631e-07 4.678437637295473905e-09 4.642585736291948706e-06 8.621718006907030940e-05 9.999879598617553711e-01 8.534790016710758209e-03 8.158518860490460156e-10 1.192063745111227036e-02 1.868238186375492660e-08 4.423933008118607901e-13 2.075518246158480906e-08 3.606223586416490434e-08 8.726981832296587527e-06 6.613194709643721581e-04 1.523372716860649234e-08 1.439128595848160330e-06 9.667697304394096136e-05 8.458481170237064362e-05
6.219269721441378351e-07 2.244834286102559417e-05 5.055397167552655446e-08 9.200861228464418673e-08 2.664249052486411529e-07 1.579169065735186450e-06 9.999589920043945312e-01 5.227687779552070424e-06 9.048447012901306152e-01 1.990257345596546656e-07 1.427891311323037371e-05 1.239800330949947238e-04 5.226169150773785077e-07 4.665964752348372713e-06 8.491202606819570065e-05 3.724752332345815375e-06 3.786294534802436829e-02 2.164249774068593979e-03 8.012046813964843750e-01
9.990678429603576660e-01 9.954233765602111816e-01 3.806618735779920826e-07 2.196135697886347771e-03 1.359723773930454627e-05 1.717755715446855902e-09 5.102467723190784454e-03 7.424476146697998047e-01 4.912071017315611243e-05 1.708215222606668249e-06 1.899673952721059322e-04 8.145925239659845829e-04 1.852356940507888794e-01 2.394608920440077782e-03 2.446717550785848516e-10 2.508070028852671385e-04 1.134375561377964914e-04 7.184957212302833796e-05 2.636913905007531866e-07
9.999969005584716797e-01 4.812321662902832031e-01 8.405300067071408421e-11 9.917734265327453613e-01 3.566444516181945801e-01 9.431901874107362360e-13 2.225703792646527290e-04 1.460283237975090742e-04 1.698359675117444567e-08 5.966330096640604097e-09 9.998254972742870450e-05 1.376190315932035446e-02 1.913745363708585501e-04 8.128451008815318346e-05 1.091358123664343260e-12 1.041774667100980878e-04 5.594732101599220186e-06 7.077675251432324899e-11 2.338918836386483235e-09
4.975256385803157599e-15 3.193631069233621167e-13 8.503413901836398558e-13 7.019271850585937500e-01 1.012745795428773854e-14 8.295198634434598761e-15 5.154474377632141113e-01 7.559083314845338464e-05 1.827151277500327353e-12 4.300088063402540683e-11 1.708505527635192857e-20 7.492854510202724867e-16 1.661861048773971561e-08 6.884508184157311916e-05 1.091359998099505901e-03 4.183206558927565766e-11 9.999992847442626953e-01 1.235033505508909002e-05 3.958754168659900374e-14
2.875973656273067558e-14 1.696775966258945445e-12 2.042538534141602469e-11 8.198061026632785797e-03 1.328673716188832898e-12 2.679490642223687075e-14 9.728109240531921387e-01 8.062401320785284042e-05 5.644432143903088672e-10 1.402081645229813489e-10 3.150975798675798110e-16 5.482810386259195923e-12 1.073494431125254778e-07 1.492179399065207690e-05 4.689116613008081913e-04 2.271009513776789390e-08 9.999985694885253906e-01 5.734732985729351640e-05 4.659555519204161556e-10
5.007462459616363049e-05 4.710367647930979729e-04 3.963428890640940949e-11 2.541246102438776688e-09 3.901370249081992370e-08 3.652823599153975920e-10 9.999929666519165039e-01 1.070547568815527484e-06 9.009509086608886719e-01 1.576511921008716399e-09 1.451661664759740233e-04 1.270660577574744821e-04 4.204393988516130776e-08 4.014961518805648666e-08 1.003975967250880785e-06 1.184747944193986768e-07 2.479612380266189575e-01 3.367339559190440923e-06 9.465229511260986328e-01
2.603737503381609031e-10 1.194673360238596160e-09 6.618996583468428341e-12 2.649426925927400589e-03 5.186132057133363560e-07 4.673912923358614080e-10 9.996238946914672852e-01 1.754540717229247093e-04 2.742042326531191065e-08 1.792930532246828079e-03 1.502755710668102207e-12 5.978408735245466232e-04 1.274847600143402815e-04 7.328887363655667286e-07 8.671213436173275113e-05 8.278046152554452419e-04 5.101394057273864746e-01 1.236503067048033699e-05 1.332741694781702790e-09
1.972745593548097531e-07 6.104855856392532587e-07 1.034126885686437181e-12 1.000000000000000000e+00 1.467480359451656113e-07 1.425746409822181704e-09 3.934534732252359390e-03 2.237035914731677622e-05 1.041837727200345398e-09 2.053777279797941446e-05 2.802931284137986185e-16 1.676077354163807431e-12 6.093488991609774530e-06 8.967500762082636356e-04 5.619442163151688874e-06 2.506175889038786408e-08 4.072664771229028702e-03 3.279063409689086939e-10 6.583731295057605737e-15
3.101681795669719577e-05 6.311594188446179032e-05 2.103746482573498611e-10 1.644526049494743347e-02 3.860286250710487366e-02 4.142933059483766556e-03 9.950418472290039062e-01 1.543873935361261829e-07 3.358585238456726074e-01 4.168120710801304085e-07 1.079851926988339983e-06 1.713535981252789497e-03 2.590416215753066353e-06 4.665454980568028986e-05 5.414023762568831444e-04 1.180380932055413723e-03 7.511249714298173785e-05 8.308366523124277592e-05 4.447749233804643154e-04
9.988686442375183105e-01 1.068344456143677235e-03 1.764007162563530073e-09 3.930660430341959000e-03 9.820263981819152832e-01 1.104350833003309162e-09 3.741760551929473877e-01 6.553784146490215790e-07 2.120533281413372606e-06 9.254207355979815475e-08 1.944637091355616576e-07 8.889253139495849609e-01 1.400064047629712150e-05 2.857359326924324705e-08 7.444556637814514488e-10 1.653725653886795044e-02 1.667397300479933619e-04 3.653026396932546049e-07 4.532458675043926632e-08
9.986934065818786621e-01 1.665928959846496582e-02 2.677936095096811187e-07 3.838013112545013428e-02 9.464885592460632324e-01 1.763983448199724080e-07 2.524507939815521240e-01 3.337724047014489770e-05 6.395325181074440479e-05 1.660166617512004450e-06 3.757053491426631808e-05 6.797348260879516602e-01 1.644057338126003742e-04 8.287758646474685520e-06 1.862837564203800866e-07 1.776600442826747894e-02 1.049670623615384102e-03 7.214800461952108890e-06 5.700721430912381038e-06
1.000000000000000000e+00 1.457555190427228808e-04 9.938849709637389261e-23 1.108169389585356157e-10 9.981297850608825684e-01 2.391016498910898425e-24 2.160213887691497803e-03 9.114252050562016150e-14 1.849388867145463494e-14 1.815598909699586737e-17 1.612433623612559517e-16 9.904344081878662109e-01 2.195924553305417248e-09 2.530486114503845672e-19 1.307185949671462494e-28 2.800725553697702708e-07 4.895073604273270096e-13 1.504040535820149281e-19 6.429473995747507237e-16
1.000000000000000000e+00 5.461882427334785461e-02 1.243415332045136146e-21 8.398712836852652297e-15 1.145317312330007553e-02 7.022867735318529491e-25 4.112328952032839879e-06 4.843018208688931736e-10 4.616518281476585106e-14 3.245450783118108973e-14 6.227355126222584099e-17 9.536560773849487305e-01 8.300028741359710693e-03 1.503759552905822675e-19 1.112154821374945558e-32 1.603554178331023650e-09 9.233681917355683264e-16 2.223219329418213491e-18 2.172237812802374490e-13
9.999684095382690430e-01 2.393931448459625244e-01 5.065253425029503376e-11 4.409830722806873382e-09 3.716166077083471464e-07 7.411183593428465229e-16 1.892844352369138505e-07 1.017978283925913274e-04 4.718114801302054906e-14 1.016435362544143572e-05 3.897803033028196529e-14 4.182913005352020264e-01 9.999880790710449219e-01 3.325538455722920617e-11 1.196170477574024520e-18 7.430876394209917635e-06 8.602948214919692305e-12 1.552156049910990987e-06 1.896605485510183264e-12
1.951065769389970228e-06 2.736196620389819145e-07 1.660516276044062429e-17 2.889514144044369459e-04 1.304809451103210449e-01 3.446538414664246375e-07 9.999727010726928711e-01 1.128928331026179954e-12 6.888288855552673340e-01 3.669439318371159331e-12 2.963079559492598491e-08 9.138710796833038330e-03 4.128712371986864582e-10 1.047163511458393259e-08 3.944156105717411265e-06 1.688587071839720011e-04 1.363492515338293742e-06 2.004117476417377475e-07 8.384799002669751644e-05
1.236975233354087322e-08 1.250140144293254707e-06 9.171336057273030487e-16 9.776835213415324688e-05 5.549951456487178802e-04 1.055113330039603170e-07 9.999991655349731445e-01 2.303038038053983882e-10 4.049621522426605225e-01 8.134131389281318292e-12 3.565317996390149347e-08 9.389619663124904037e-05 4.041096790530218641e-09 3.114164883299963549e-06 9.328726446256041527e-05 3.842993100988678634e-05 2.052162017207592726e-05 8.423550639236054849e-07 6.470681546488776803e-05
4.115528718599131830e-13 3.497609952773927944e-07 1.557935841423573053e-14 1.141123124398291111e-03 7.918366407011490082e-08 3.325673625376168729e-10 1.000000000000000000e+00 3.766559331097596441e-08 4.037202801555395126e-03 1.571819605895863337e-12 9.122179400744556688e-11 1.881881317444822344e-09 1.262508586563626523e-08 5.868537700735032558e-04 9.837603283813223243e-05 2.212362915088306181e-06 3.019065188709646463e-04 1.336780197647158275e-08 1.242789835487201344e-07
9.913002699613571167e-02 1.208645198494195938e-02 8.155003888532519341e-04 2.172856479883193970e-01 3.351473063230514526e-02 1.592337340116500854e-02 3.158013820648193359e-01 9.220005571842193604e-02 1.737064914777874947e-03 8.769659996032714844e-01 9.389561600983142853e-04 3.577328026294708252e-01 1.511779129505157471e-01 1.939717447385191917e-03 2.257594466209411621e-02 9.273228049278259277e-02 9.515884518623352051e-02 6.427031755447387695e-02 9.159244364127516747e-04
1.481320410966873169e-01 3.993694670498371124e-03 4.340482064435491338e-06 2.078610850730910897e-04 4.146159887313842773e-01 2.339133789064362645e-04 8.533287048339843750e-01 3.504953929223120213e-04 1.078022494912147522e-01 3.700573462992906570e-03 6.404560990631580353e-04 8.291001319885253906e-01 1.384961884468793869e-02 8.072884156717918813e-06 1.088711815100396052e-05 9.907002747058868408e-02 4.336059559136629105e-03 4.374082200229167938e-04 1.357465144246816635e-02
7.253168150782585144e-03 7.725661853328347206e-04 8.006364623724948615e-06 1.285973470658063889e-03 2.186110913753509521e-01 1.260273420484736562e-04 7.606180310249328613e-01 3.138260450214147568e-03 1.391410361975431442e-03 8.298297226428985596e-02 6.754043715773150325e-05 8.819342851638793945e-01 5.577178299427032471e-02 1.042074381985003129e-05 2.852455145330168307e-05 2.912388443946838379e-01 2.127448469400405884e-02 1.631113118492066860e-03 2.286653470946475863e-04
2.790194912449805997e-06 2.931039588816020114e-08 1.839144808668535802e-11 3.959029982070205733e-06 6.365860998630523682e-02 7.825261327809585055e-09 7.615232467651367188e-01 1.811901529435999691e-05 2.189362504623204586e-07 4.454450607299804688e-01 1.082773759542021708e-09 9.974722266197204590e-01 1.011956250295042992e-03 2.164271817317597879e-10 2.897778683674800959e-10 6.293026208877563477e-01 5.182002205401659012e-04 2.699696415220387280e-05 5.235645694767754321e-09
1.724097210484276665e-13 5.386496804149487616e-11 5.819529699715303428e-14 1.080363858818600420e-06 2.925602871073351707e-07 3.198581265302646859e-13 9.999991655349731445e-01 1.473832253395812586e-05 8.503337767251650803e-08 2.328469918211339973e-06 5.851044908994351701e-12 3.638278227299451828e-03 1.309143990511074662e-04 2.703003332271691761e-08 7.649117605978972279e-07 5.112634971737861633e-03 3.667081892490386963e-01 1.309157084961043438e-07 1.054241760556351437e-08
5.588291331418138164e-13 1.731675070004712325e-08 9.904312613107091323e-12 5.597390099865151569e-06 2.469485949063709995e-09 2.766278417269674161e-13 9.999982118606567383e-01 7.096798508428037167e-04 7.881110377638833597e-07 1.656840368013945408e-06 3.391654734841154095e-10 1.414867438143119216e-05 4.945724867866374552e-05 7.859637662477325648e-06 1.275038357562152669e-05 4.004877409897744656e-04 9.553812742233276367e-01 1.690321340674927342e-07 1.777701470473402878e-07
4.026805162429809570e-01 7.084071967256022617e-06 1.766647050871483771e-09 5.042906403541564941e-01 9.447046518325805664e-01 4.442330805431993213e-07 8.309053778648376465e-01 3.957664489462331403e-07 1.415123842889443040e-04 2.895058912599779433e-07 1.079133724601888389e-07 4.470551013946533203e-01 5.919399427511962131e-06 3.254303351241105702e-07 1.785925123840570450e-04 2.340274117887020111e-02 3.654136136174201965e-02 1.972827340068761259e-05 4.804605850949883461e-07
1.377409535052720457e-05 7.794137104610854294e-07 5.783603818088067783e-09 4.529464349616318941e-04 2.769912779331207275e-01 8.194674592232331634e-07 9.947130084037780762e-01 7.899689990154001862e-06 4.033673612866550684e-04 8.668957161717116833e-05 1.038303523159811448e-07 7.594001293182373047e-01 6.452807574532926083e-04 4.194290568193537183e-07 9.646117177908308804e-06 1.631513237953186035e-01 1.291136071085929871e-02 8.835944026941433549e-05 5.574031547439517453e-06
1.318371078973257227e-09 2.402734722295463143e-08 4.772128803232078553e-10 8.949651964940130711e-05 1.362424086437385995e-06 1.247342229504511124e-09 9.998885393142700195e-01 1.129042822867631912e-03 1.698556047813326586e-06 1.277053379453718662e-04 1.073735100831640921e-09 1.232234179042279720e-03 7.388705853372812271e-04 6.217968802957329899e-06 2.265963412355631590e-04 1.817357609979808331e-03 8.804333806037902832e-01 1.409359447279712185e-05 6.528526341753604356e-07
5.427372455596923828e-01 3.173055347360786982e-06 3.170826164025468408e-14 1.000000000000000000e+00 9.439909830689430237e-03 1.519071257671811281e-10 1.376212281911648461e-07 8.878334512019137037e-09 9.110976730009046065e-12 1.830272999825410807e-08 3.949786122627550744e-14 1.261809767783006464e-09 1.719784677334246226e-06 1.303833778365515172e-05 1.197729027069271979e-08 9.345257240056525916e-06 1.655223172747355420e-06 4.164773994425052805e-12 7.947499402289823212e-14
7.559784571640193462e-04 8.254806260765690240e-08 2.648073316180443726e-09 1.000000000000000000e+00 5.978914714432903565e-07 1.262346927433100063e-06 8.177985932888987008e-08 4.019504558527842164e-06 1.098443818542405026e-12 7.001808910445106449e-08 4.117159150084686767e-18 2.258750361432810237e-15 4.656576038541970775e-06 5.524965818040072918e-04 2.607874630484730005e-04 1.227741797116266298e-09 1.259153123100986704e-05 2.322512227692641318e-05 2.955409549561054637e-15
4.869310259819030762e-01 4.056288526044227183e-05 1.974755775568937111e-11 1.000000000000000000e+00 2.462716214358806610e-02 6.585710643491893279e-09 9.542301268083974719e-05 7.629351443938503508e-07 2.103664265007409995e-08 4.681234315739857266e-07 5.233395938830653904e-10 1.515737579893539078e-07 1.384830284223426133e-05 3.278326403233222663e-05 3.511574732328881510e-06 2.312055039510596544e-05 1.066916971467435360e-03 2.418729105890804476e-10 9.601772849032741419e-11
1.110043398219237588e-18 6.270498849976144373e-14 7.297883672310341964e-20 1.152166625995043603e-10 7.701561166584269813e-09 9.504322676101573109e-12 1.000000000000000000e+00 1.265485763055074209e-12 3.511417508125305176e-01 3.962581910548542558e-15 3.658861814871336438e-14 7.826412939948568237e-08 6.949815722911978355e-11 3.034010598312875118e-09 5.563127274399448652e-07 2.985780611197696999e-06 4.738023562822490931e-06 1.874816035751791787e-07 5.889252179258619435e-07
1.385812902014163170e-14 1.157359455227792693e-15 1.393609879316853754e-23 1.934198114172946958e-11 5.349346436560153961e-03 3.434222890064120293e-05 9.999996423721313477e-01 1.385989713193585360e-18 4.049836099147796631e-01 2.307638401113226712e-13 1.189759104043702572e-17 1.014163135550916195e-03 1.649204969637885210e-12 1.655793134303388744e-15 2.316678099356650478e-10 1.691781653789803386e-05 2.713383129293589491e-10 1.551632955454351759e-08 3.836331075035559479e-08
8.486033417284488678e-03 1.868149638175964355e-02 3.007025420665740967e-01 7.288313354365527630e-04 1.448071910999715328e-03 8.131843991577625275e-03 9.687291979789733887e-01 1.066221483051776886e-02 6.153328418731689453e-01 4.269697703421115875e-03 2.400056459009647369e-03 1.735124178230762482e-02 3.912576008588075638e-03 2.098569413647055626e-03 9.637975133955478668e-03 4.534391686320304871e-03 1.721898913383483887e-01 1.313948631286621094e-02 6.158724427223205566e-01
9.982423782348632812e-01 6.437472254037857056e-02 7.872993367809798249e-15 1.000000000000000000e+00 1.049276217818260193e-01 6.611847706708764982e-14 1.903504426081781276e-06 2.008107912843115628e-06 1.459735221587266096e-09 3.857719832467410015e-08 3.496562612781417556e-07 2.111299409079947509e-06 4.659303613152587786e-06 8.257629233412444592e-04 1.425550487117038800e-13 8.274756837636232376e-04 2.190239314359132550e-07 1.147305883110461000e-12 1.738678645502034215e-11
1.088754758238792419e-01 3.046721985811018385e-09 1.093185698044965137e-15 5.383051037788391113e-01 9.964080452919006348e-01 3.508943802188468908e-09 7.806218862533569336e-01 4.869615995162224209e-12 9.026306543091777712e-06 1.422202022816065892e-09 3.488870433873692001e-12 7.188606858253479004e-01 2.454384473438153691e-09 4.943396386680731780e-12 1.220544021407476976e-08 4.102060943841934204e-02 2.517483080737292767e-04 3.672948651001206599e-06 2.828654810382857931e-10
7.928354382451155251e-16 1.946852748457850169e-11 4.097751851787857433e-15 9.999985694885253906e-01 4.322304233278506658e-12 1.723961930524500363e-21 9.998791217803955078e-01 2.453590752793388674e-07 9.387692845308492906e-10 1.392139136987321363e-14 4.415403818326560197e-16 3.949498216128779007e-15 4.230697125962024074e-09 6.526424840558320284e-06 1.198822019432554953e-07 3.742210985535621148e-09 9.684684276580810547e-01 1.441746570220170387e-13 6.932739023699299730e-14
4.869309577770764008e-08 2.063536868453373678e-17 2.804878567769260901e-23 6.898727633597445674e-08 9.983136653900146484e-01 9.675998154898244621e-17 9.713677763938903809e-01 9.429350763336162913e-16 3.410249079655036653e-12 5.798893809583205439e-08 1.745801235452069229e-21 9.999977350234985352e-01 2.872759669036994978e-11 2.643229313342917485e-20 4.434316546679312571e-20 6.547374129295349121e-01 1.491322194624444819e-07 2.630952522508778202e-08 4.463000882651269979e-18
1.000000000000000000e+00 3.279646261944435537e-05 8.405433246417926991e-25 1.105959643609821796e-03 9.999084472656250000e-01 2.061522191745501500e-25 4.241872811689972878e-04 3.114482887626827956e-14 4.787263127397569805e-17 5.007099506675761189e-19 4.590347885670095253e-16 9.077740907669067383e-01 1.523518637636112061e-11 7.976372283184307512e-17 2.843801901605190574e-25 6.212239895830862224e-07 4.193040359368183090e-11 7.543573116344783667e-20 1.207184558682404277e-20
1.000000000000000000e+00 3.056716741411946714e-05 1.224701230544510586e-24 9.992194175720214844e-01 9.999109506607055664e-01 2.995976374969751211e-24 2.082655919366516173e-05 2.984237341832965407e-14 6.374619745036624722e-17 1.153571399810579579e-18 5.805029850911025413e-14 1.729065179824829102e-01 1.983092726490220947e-12 3.229716299089913090e-14 9.339001139484780238e-23 2.850501005013938993e-06 7.547008573638436246e-10 6.178527842443239713e-21 1.290154489971880905e-20
7.603234308817263809e-08 2.845284674535264458e-09 1.460913855378648111e-16 2.031147778325248510e-05 1.120683476328849792e-01 5.489878058433532715e-01 9.417240023612976074e-01 1.182172307094553343e-13 2.720474302768707275e-01 8.408736484888379437e-10 1.360766100494403830e-12 2.356347395107150078e-04 5.955867465878839084e-10 6.315896139419407973e-10 2.446244877774006454e-07 2.134920396201778203e-05 2.933741249933063955e-08 3.012902652699267492e-06 3.023437329829903319e-06
2.186145486859913944e-09 1.537737493763347008e-13 1.509013011673405009e-25 2.897052375772091182e-08 8.253356218338012695e-01 2.083524464069341775e-10 9.999994039535522461e-01 1.645770825197721446e-19 8.970088362693786621e-01 1.452871939288958572e-16 1.287663823224677317e-13 2.119996696710586548e-01 4.394789789247469103e-14 1.162093098853523351e-15 9.065963257892661886e-11 1.268612104468047619e-04 1.620180212213995219e-09 1.164281893117902200e-09 1.625807897198683349e-07
4.230933785438537598e-01 3.861787021160125732e-01 2.533560472528506580e-09 9.998174309730529785e-01 4.749985411763191223e-03 4.593543323494486685e-09 9.947627782821655273e-02 2.684774808585643768e-03 1.545297913253307343e-03 8.262152277893619612e-07 4.989280998706817627e-01 7.872518472140654922e-05 6.211716390680521727e-05 9.115479886531829834e-03 5.103386797600251157e-07 3.891522937919944525e-04 2.239868044853210449e-02 1.494748858021921478e-08 5.662765033775940537e-06
1.381256762612859124e-12 1.014859997667372227e-03 3.466260625764280325e-15 9.999986886978149414e-01 2.012610930235241014e-14 1.303069638923060657e-19 2.551841437816619873e-01 4.395914264023303986e-03 5.027125092073314594e-13 3.452845648288516145e-11 1.547653999644428720e-16 5.652227489175641540e-19 9.609147255673633481e-09 9.998867511749267578e-01 7.338707974646752064e-10 5.246028611516351248e-10 8.773308247327804565e-02 1.000686555840957226e-08 8.341931850884562265e-17
4.971021966455879681e-13 3.343469463288784027e-03 4.397324247350925530e-13 2.668551751412451267e-04 2.668322919389953807e-13 2.423810983649986100e-16 7.716425657272338867e-01 6.623641848564147949e-01 5.534781660765375477e-11 3.744106292724609375e-01 5.331083339533970733e-13 6.579600267286878079e-06 4.427415660757105798e-06 7.219768166542053223e-01 1.287484785450487834e-09 3.840788733214139938e-03 2.290488481521606445e-01 1.335458273388212547e-05 3.319679600655156548e-13
2.281872411913354881e-06 8.840137720108032227e-01 3.980592981969732769e-13 9.988177418708801270e-01 4.541622286580171419e-12 9.027258717560389389e-15 1.971292931557400152e-06 4.940168559551239014e-01 1.288077047189204144e-16 8.560887181374710053e-07 6.559414249691355656e-15 3.425175182543427344e-13 1.559339762025047094e-05 9.999988079071044922e-01 2.102270163506503309e-10 1.021064008455141447e-06 7.528233709308551624e-06 4.750939842779189348e-05 5.154057344880121208e-18
1.010315962834962278e-12 2.182854119681110205e-09 2.999149051937516353e-13 9.999996423721313477e-01 2.989778129930398265e-12 4.789014268754344564e-18 9.696193933486938477e-01 3.297525108791887760e-05 7.434382554016849554e-10 1.209481039626814081e-11 3.278709690610726686e-16 1.063897138378593749e-16 4.204650849715108052e-08 1.010175794363021851e-03 1.142841711043729447e-06 3.757041622254320146e-10 9.852899909019470215e-01 1.068885171345845819e-11 7.923131280836853696e-14
5.000579176915153756e-16 7.002493723762270861e-11 5.622345300033949021e-16 9.999994039535522461e-01 5.998946948053288444e-15 4.727060127547090575e-21 9.990839958190917969e-01 3.157428409394924529e-06 5.895250954068842475e-11 3.438290708461348710e-14 1.189159501497178196e-18 1.525245310822946146e-19 1.335803356816711585e-09 7.156206993386149406e-04 2.397765967998566339e-07 1.098936913690451433e-11 9.898487925529479980e-01 2.360218411771169977e-13 2.420116490631858859e-15
1.781069319806150020e-10 4.062434018123894930e-04 9.823647564898355111e-14 9.999954700469970703e-01 1.082003306396295272e-10 2.129145214898719302e-14 9.794088006019592285e-01 6.955950084375217557e-05 1.190009356832888443e-06 1.195697967720787958e-11 1.985576807139732836e-11 1.777219965973502597e-15 8.357765146627116337e-09 7.941976189613342285e-01 2.800014620163437939e-08 3.202525356016394653e-09 3.362233052030205727e-03 5.929881152083593676e-12 1.706699365167096971e-11
8.112462523968133610e-07 6.652821866737212986e-07 3.601157566590629244e-12 3.559525452168088577e-10 1.442112278482454713e-07 9.031799095282622147e-07 9.999797344207763672e-01 3.049953345435341134e-10 9.148277044296264648e-01 2.532096754492840773e-09 1.142774319617956280e-08 1.447284594178199768e-04 1.544445460410770465e-09 1.834473351003396147e-09 2.195115911263201269e-07 7.598421092325224890e-08 8.690875256434082985e-05 1.798778976080939174e-05 8.920198082923889160e-01
3.479130525341211921e-11 1.828530243885850837e-10 1.837632552763386238e-16 1.526904817861218788e-11 5.948442094450001605e-07 1.267621474454472263e-08 1.000000000000000000e+00 4.174394933453146050e-13 9.527063369750976562e-01 2.278441324499169696e-12 2.332554288608790216e-11 8.153907401720061898e-05 3.506718526669061475e-11 8.699663905931132035e-11 7.314874039821006591e-08 4.298364615351601969e-07 3.069348622375400737e-06 3.704998334796982817e-06 1.933852024376392365e-02
5.283736186356691178e-07 5.038920676270208787e-07 1.054525853305676719e-07 4.447129526852222625e-07 2.324020490050315857e-03 9.997355341911315918e-01 5.981361120939254761e-02 1.444962260954696376e-09 1.832815259695053101e-01 1.596830315975239500e-06 5.494339011535842587e-11 3.216244658688083291e-05 3.173625771069055190e-07 3.638947703166195424e-07 3.578545874916017056e-05 1.248546868737321347e-05 7.932619610073743388e-07 2.174384280806407332e-04 1.141798961907625198e-02
3.404200185630479325e-11 1.283997477230514050e-07 3.806617798751688042e-10 1.989188058360014111e-05 1.773552639861009084e-06 1.015575001872548455e-08 9.999994039535522461e-01 2.789972131722606719e-05 6.716009229421615601e-02 2.795009557132743794e-08 2.449377518587425584e-07 2.106054125761147588e-05 1.810252069844864309e-05 1.977872016141191125e-04 9.065627236850559711e-04 6.927050417289137840e-04 5.417453125119209290e-02 8.389941649511456490e-05 1.060484573827125132e-04
9.460698717489446352e-12 3.843629581279373042e-10 3.722752106583016030e-10 1.497495546936988831e-02 2.178574504796415567e-05 5.344543167404292028e-13 9.999864101409912109e-01 1.261842226085718721e-05 1.094737740459095221e-06 3.951312876893098291e-08 5.437832475974069268e-11 1.236170064657926559e-03 7.236795681819785386e-06 6.696182026644237339e-07 6.448814929171930999e-06 7.245882414281368256e-03 8.609768152236938477e-01 2.171358573832549155e-05 9.288283564501398359e-08
2.615642415548791178e-06 2.034188219113275409e-04 2.421508895622537239e-07 1.605301986273843795e-05 1.446238820790313184e-05 2.626580197784278425e-08 9.999673366546630859e-01 1.456700381822884083e-03 3.252799808979034424e-01 8.695593578522675671e-07 1.952608232386410236e-03 1.551382476463913918e-03 1.324472686974331737e-04 2.186236088164150715e-04 2.447246108204126358e-03 3.879288851749151945e-04 9.367665052413940430e-01 1.099785586120560765e-04 2.349511682987213135e-01
1.380675472319126129e-02 2.287877257913351059e-03 6.206437030975564539e-10 9.999998807907104492e-01 7.088995189405977726e-04 2.938858267853561301e-09 2.785130636766552925e-03 4.817937151528894901e-04 5.653563306395881227e-08 1.069189514964818954e-03 8.030427878225054883e-09 1.282907192035054322e-06 7.569264271296560764e-04 7.317567244172096252e-03 2.152179149561561644e-06 1.993953919736668468e-04 1.146114990115165710e-02 2.223158546144077263e-08 7.601065887818947431e-10
1.724641397595405579e-02 1.595243811607360840e-01 3.670481673907488585e-04 1.405864208936691284e-02 2.855254150927066803e-02 9.350501298904418945e-01 2.464023977518081665e-01 3.545216517522931099e-03 9.358161687850952148e-02 3.789277048781514168e-03 4.779679584316909313e-04 4.144249483942985535e-03 3.853057045489549637e-03 5.334656313061714172e-02 1.026002317667007446e-02 3.761498490348458290e-03 2.390651497989892960e-03 9.097640402615070343e-03 1.659243926405906677e-02
9.999588727951049805e-01 2.230723649263381958e-01 2.438818036409884371e-08 1.982489600777626038e-03 1.499906629323959351e-01 9.348851470747376879e-09 2.346659079194068909e-02 9.364229044876992702e-04 1.193397547467611730e-04 9.520954336039721966e-06 4.902959335595369339e-05 3.978345990180969238e-01 1.219532731920480728e-02 4.196709596726577729e-06 2.097933160527531982e-09 2.827518328558653593e-04 1.179941173177212477e-04 7.957752927723049652e-07 4.274204911780543625e-05
3.317532688379287720e-02 5.872434377670288086e-02 6.258130818605422974e-02 2.206533029675483704e-02 8.643098175525665283e-02 9.081787467002868652e-01 1.458056718111038208e-01 1.841402053833007812e-02 3.372339010238647461e-01 4.954488202929496765e-02 5.302515812218189240e-03 5.339365079998970032e-02 3.934944421052932739e-02 2.808889560401439667e-02 1.319318860769271851e-01 3.440803661942481995e-02 3.944535553455352783e-02 8.202578872442245483e-02 3.007590472698211670e-01
3.506565008137840778e-06 9.861872196197509766e-01 1.498599822014057281e-08 5.491136107593774796e-03 3.484578181556230447e-10 3.617032198235392570e-03 7.809995114803314209e-02 3.273458452895283699e-03 6.440422453124483582e-07 8.013150143426628347e-10 1.463234333698437695e-08 1.012532939437260637e-11 8.971367293497678475e-08 9.999520778656005859e-01 8.571256415734751499e-08 7.440614346876373020e-09 4.277305549749144120e-07 2.009529225688311271e-06 1.353511885904268297e-10
1.892700674943625927e-05 8.268904057331383228e-04 1.139371930136690025e-09 1.000000000000000000e+00 3.083942701209707593e-08 2.109262764449226779e-10 7.657226319679466542e-08 2.973861526697874069e-03 1.254534674826831859e-15 5.754312581984777353e-09 4.372260724553754443e-16 1.087466094833740673e-16 2.378846147621516138e-06 9.999527931213378906e-01 1.880818444988108240e-06 3.964531813949179195e-08 2.580824229880818166e-06 8.287364616990089417e-03 2.015159408851556868e-16
3.852742387469142452e-23 3.759413461322852934e-18 2.393421704996038180e-27 2.103119414731402514e-11 2.327811365887555439e-08 1.735978037650809120e-15 1.000000000000000000e+00 4.718547910423809711e-17 1.335016638040542603e-02 1.973227770716671776e-18 2.492434358760334431e-18 1.360701986641288386e-07 5.331165196797993389e-13 2.423334157040241132e-13 2.060159154382290581e-09 1.169359438790706918e-05 8.008940710624301573e-08 1.676184746557396466e-10 7.328940232476099936e-11
3.350019078786715480e-21 6.800011093315490513e-21 9.154737967141822692e-30 2.986484304301484372e-08 1.231992609973531216e-05 1.120933623894289160e-16 1.000000000000000000e+00 2.906943766094971252e-19 2.784787334064731112e-08 9.443046051526200714e-20 1.306275635772088534e-25 2.319617067314538872e-07 2.053771920324659606e-13 7.876113625429246277e-16 5.790289914209267863e-10 8.495804877384216525e-07 4.117439686979196267e-07 5.333612986490286756e-14 1.621154621897930590e-16
2.448489588857682975e-08 6.505133075002805798e-14 1.606617497522836853e-18 2.413587026239838451e-05 9.457072019577026367e-01 4.456018887211143920e-10 9.991784691810607910e-01 1.599048855566859162e-13 3.210687737009720877e-06 5.102124500666604945e-09 7.529501920061274205e-16 9.495028257369995117e-01 5.189810359240709658e-09 5.430462056052985653e-15 8.309372634407452551e-11 6.375394761562347412e-02 1.027763664751546457e-05 9.759077812532268581e-08 2.961566408776761250e-11
5.200231911750563540e-10 6.218778435140848160e-03 2.475758265063632280e-09 8.817120790481567383e-01 2.023376882709371216e-10 4.744820530401538949e-13 9.859378933906555176e-01 2.816512249410152435e-02 1.138890581842133543e-07 3.327089075355615932e-07 6.439369870658850914e-11 2.723222515543799460e-11 3.848229425784666091e-06 9.938451051712036133e-01 2.186158553740824573e-06 4.340477516961982474e-06 2.090444415807723999e-01 3.762618234759429470e-06 2.349057059980452777e-10
3.973066486651077867e-05 7.251262664794921875e-03 1.528234983005916092e-09 1.000000000000000000e+00 1.539203253742016386e-07 9.767355813039557688e-10 1.043317752191796899e-06 5.717489402741193771e-03 1.715944823298815036e-13 1.972884078327297175e-08 9.182039758517598904e-14 1.348041924126904684e-14 8.732276910450309515e-06 9.999458789825439453e-01 6.466376021307951305e-07 6.373280143634474371e-07 7.549888778157765046e-06 7.175088976509869099e-04 3.220514133150942371e-14
3.541141995810903609e-05 6.120094563812017441e-03 7.661997147856425272e-10 1.000000000000000000e+00 1.128779416603720165e-07 9.514671273080921310e-10 6.752614467586681712e-07 4.221793729811906815e-03 1.160942273304571559e-13 1.290487272598284108e-08 4.323066766218942869e-14 6.238227826421997510e-15 7.672878382436465472e-06 9.999405145645141602e-01 4.026376814181276131e-07 4.159230400091473712e-07 5.023805897508282214e-06 4.594955244101583958e-04 1.887693052273018562e-14
4.340252246493037092e-07 2.293749856718818592e-09 1.367983781808135291e-10 6.495642010122537613e-04 3.563363850116729736e-01 2.639472107546225743e-08 9.817666411399841309e-01 2.869155650842003524e-06 3.814584033534629270e-06 8.129439083859324455e-04 4.908047857021813343e-10 9.782553315162658691e-01 7.737612031633034348e-05 2.931922971072253858e-08 8.818879848604410654e-08 6.265323758125305176e-01 8.913843892514705658e-03 1.559980679303407669e-03 3.187195218856686552e-08
2.637720619702577096e-08 2.305059337848192058e-10 3.090591820754580228e-19 2.069685433525592089e-05 1.850116386776790023e-04 1.289476598415051356e-11 7.787773502059280872e-04 2.198795101548967068e-07 4.218452352705700723e-15 9.999998807907104492e-01 2.201491357714893161e-15 9.980575442314147949e-01 3.212284980236290721e-07 1.225001833505450291e-14 1.462058826871143191e-13 2.937291860580444336e-01 5.238764089199321461e-08 1.085806715650505794e-07 1.210649964004035563e-17
5.708304584572942986e-08 8.158392574841855094e-07 2.169447952837799676e-06 1.192341279238462448e-02 1.224840616487199441e-06 1.388738581908910419e-07 8.907824754714965820e-01 1.036135852336883545e-02 1.014019580907188356e-04 8.311972123919986188e-06 5.604840680462075397e-08 5.806437002320308238e-06 2.447078586556017399e-04 2.098165918141603470e-03 1.011370867490768433e-02 2.425559068797156215e-04 9.978054165840148926e-01 5.704626813530921936e-02 3.188688424415886402e-05
2.182264178991317749e-01 5.361457467079162598e-01 1.452392752980813384e-04 9.834880232810974121e-01 1.268720440566539764e-02 4.362132312962785363e-05 2.715901136398315430e-01 8.952439576387405396e-02 1.182990428060293198e-02 1.131991390138864517e-03 1.671682298183441162e-01 2.792106708511710167e-03 8.762269280850887299e-03 1.903090029954910278e-01 6.557960296049714088e-04 1.200910937041044235e-02 9.580127894878387451e-02 2.043412532657384872e-04 7.051948923617601395e-04
8.880926179699599743e-05 9.215666214004158974e-04 1.358256668027024716e-05 9.856679439544677734e-01 1.912439256557263434e-05 1.283919459638127591e-06 2.604557871818542480e-01 1.067475304007530212e-01 2.814917570503894240e-05 8.252771804109215736e-04 2.224401924877383863e-07 1.350160687252355274e-06 2.938142046332359314e-03 1.903856396675109863e-01 2.814313396811485291e-02 1.296204573009163141e-04 9.536948204040527344e-01 5.099986866116523743e-02 1.425268123966816347e-06
2.519205954953918081e-09 7.126544369384646416e-04 2.243245145194805445e-09 1.422508209943771362e-01 2.701928403237019438e-10 4.971766401351551679e-11 9.988895058631896973e-01 6.279979366809129715e-03 1.753604010445997119e-06 2.687919220534240594e-08 8.267561635300069156e-10 7.820641356737212391e-11 6.266420768952229992e-06 9.983102083206176758e-01 3.392628786968998611e-05 3.149579015371273272e-06 4.050710797309875488e-01 3.013716638088226318e-01 1.552330819443170640e-09
1.047982767232724655e-08 1.122109897551126778e-04 7.966031723150024391e-10 1.047743444360094145e-05 5.539129688258981332e-07 3.790225022726190218e-09 9.510847926139831543e-01 1.403727680444717407e-01 4.306079972593579441e-06 9.703626036643981934e-01 3.638333225808310090e-07 3.325130045413970947e-01 1.965844538062810898e-03 2.232361566711915657e-06 3.135823476441146340e-07 2.393888086080551147e-01 4.088456183671951294e-02 3.880878648487851024e-05 4.269089686204097234e-07
1.153646007878705859e-05 4.964091931469738483e-05 1.767166857291613269e-08 6.679592132568359375e-01 1.522970997029915452e-04 1.879216870293021202e-05 7.983381748199462891e-01 1.706507755443453789e-03 1.650810736464336514e-05 4.585204720497131348e-01 1.560724527394086181e-08 2.559053245931863785e-03 3.597266739234328270e-03 1.577865914441645145e-04 1.102188369259238243e-03 2.550257369875907898e-03 2.689910307526588440e-02 3.552432463038712740e-05 1.545671324265640578e-07
1.040142581440473002e-12 3.026186289403764995e-12 7.697198455870746248e-13 4.393439367413520813e-02 4.391243965673474747e-11 1.839149249560634303e-10 9.998577833175659180e-01 5.857008090970339254e-06 2.501451712433322427e-09 1.500757851324863168e-10 3.043085638763771647e-17 3.134623420206206212e-12 4.889981255473685451e-07 4.775367779075168073e-05 6.810078024864196777e-02 8.772449988647679220e-10 9.993847608566284180e-01 1.588230986726557603e-07 2.779991167822792875e-11
9.972305967109740266e-12 2.572072069217945511e-11 2.619940505863005420e-12 6.896243691444396973e-01 2.255948899909654415e-10 1.485132524976506829e-04 9.990441203117370605e-01 8.979463927971664816e-08 6.757259143341798335e-07 7.475080667299072168e-13 1.362494268279476023e-18 2.662248905417499527e-16 4.500840145027495964e-09 5.198250873945653439e-04 6.798406243324279785e-01 3.402450576058674292e-13 1.920849233865737915e-01 6.817536046810346306e-08 1.159305897807660912e-11
3.851189115874897873e-13 1.877107844161507444e-11 5.158321982889901847e-07 1.446037087589502335e-02 2.061233995986899714e-11 2.583963043534254211e-10 9.997977614402770996e-01 3.284331251052208245e-05 7.362338294569781283e-08 1.101106445605681827e-11 7.077684487479581760e-16 3.578799312019959045e-13 6.468158630923426244e-07 4.169507301412522793e-04 4.070385172963142395e-02 1.759850154492426100e-09 9.995843768119812012e-01 8.528097055204852950e-07 2.636617812967756436e-09
4.955506227588557522e-09 7.376432906332219819e-13 2.265500748154306021e-13 1.000000000000000000e+00 1.530939375271600511e-09 1.036762000694579910e-07 2.026605361606925726e-04 2.758366974831005791e-07 2.342257789632318232e-13 1.203483520839654375e-06 3.974146818605207815e-23 1.367416849883281143e-15 5.349961185174834100e-08 9.199667516668341705e-08 4.256061743944883347e-03 2.092718576554575272e-12 5.729227140545845032e-02 1.836756702289221721e-08 1.121487984831185714e-19
4.026549309492111206e-02 1.485872431658208370e-03 6.109795533120632172e-03 9.964560866355895996e-01 8.779129944741725922e-03 3.056706115603446960e-02 2.386170811951160431e-02 6.697328761219978333e-03 5.899049210711382329e-05 5.882466435432434082e-01 3.044051481992937624e-06 5.079547408968210220e-03 3.115694038569927216e-02 1.534040784463286400e-03 7.571895420551300049e-02 4.942066036164760590e-03 1.342781912535429001e-02 3.698107553645968437e-03 1.151587525782815646e-06
1.704509244859764294e-08 3.770171872474747943e-07 3.929897740562182662e-09 9.994159936904907227e-01 1.597969867539461575e-09 1.333994248398084892e-07 3.044033888727426529e-03 1.013637706637382507e-02 6.891957837762419103e-11 9.813506039790809155e-06 1.947959361766867306e-15 1.770028221215191877e-11 1.548465661471709609e-05 5.750812590122222900e-02 3.800218701362609863e-01 9.645984455630696175e-09 8.845885396003723145e-01 9.728028178215026855e-01 2.001636297032163836e-13
9.999681711196899414e-01 3.771275942199281417e-06 3.583175355276017882e-14 9.999687671661376953e-01 8.034126758575439453e-01 4.519183638418411419e-11 1.343471929430961609e-03 1.226798440612242302e-09 5.237489886233959169e-10 6.515846195931374041e-11 4.291564065922459648e-12 9.390607592649757862e-04 1.318769591307500377e-07 1.418353257065518847e-08 8.099265187411219813e-07 3.908528015017509460e-06 1.250413479283452034e-04 2.065937525219663229e-11 5.211824895268168945e-12
1.000000000000000000e+00 2.058571204543113708e-03 1.169947472234866837e-09 9.997124075889587402e-01 7.319990396499633789e-01 7.115496207651603178e-14 6.045458576409146190e-06 2.970150205783284036e-07 1.521425502671713142e-14 9.516539778431365448e-10 2.821707451028387936e-11 4.778672475367784500e-03 2.453376655466854572e-04 1.363469095849723089e-06 3.940381076983356934e-10 6.809601472923532128e-06 5.622915182357246522e-07 2.234391838218385828e-10 6.229360831420255318e-14
5.753597617149353027e-01 1.526125706732273102e-03 2.237003529444336891e-03 9.933464527130126953e-01 1.674123574048280716e-03 6.655817851424217224e-04 4.026650451123714447e-03 4.774673841893672943e-03 8.009442353795748204e-07 1.241753902286291122e-02 1.281000834296719404e-07 2.121661382261663675e-04 6.257613748311996460e-02 1.486403401941061020e-02 4.967998266220092773e-01 9.896578558254987001e-05 2.401797845959663391e-02 1.797076128423213959e-02 1.115487151537308819e-07
3.028913226899021538e-07 1.770500087684701018e-12 1.897044211307411313e-15 2.487356541678309441e-03 8.617782592773437500e-01 1.894955026227052031e-10 9.868372678756713867e-01 5.786315315781109803e-10 4.140134635122194595e-08 8.775788955972529948e-06 1.342788964601212415e-14 9.921534657478332520e-01 1.836477281358384062e-07 3.262602861486829653e-12 5.364302335664206112e-10 4.456013739109039307e-01 6.256313645280897617e-04 5.894337300560437143e-05 1.149433326297355507e-11
1.358510344289243221e-03 6.003017093830775863e-13 4.596782109321668897e-22 9.999994039535522461e-01 9.968917965888977051e-01 6.280991352025644403e-12 5.310039035975933075e-03 2.169565965954873415e-14 4.789275746819310342e-12 8.193400162781472318e-07 5.940792418545091606e-20 8.714538812637329102e-01 2.227740630855734594e-10 7.458632790946875032e-16 4.838307185450752002e-11 1.476225350052118301e-02 8.705917935003526509e-06 1.545924083190541864e-10 2.164876936646353051e-19
9.681608080863952637e-01 2.683229104150086641e-04 2.179965158854903912e-14 1.000000000000000000e+00 9.652509689331054688e-01 1.127999707528637430e-10 8.947185415308922529e-05 5.606078712361295402e-09 1.182371420327399392e-06 1.327400269701684010e-07 2.643684027248127677e-08 2.448938612360507250e-04 2.410916124517825665e-07 7.124839157768292353e-06 3.190281927523130889e-10 2.486594021320343018e-02 1.034957494994159788e-05 8.657696955183258325e-12 7.327490281205939482e-10
4.786679986864328384e-03 2.271553277969360352e-01 5.152522353455424309e-04 9.634493589401245117e-01 1.040444476529955864e-03 6.787010352127254009e-05 3.450117707252502441e-01 2.456157803535461426e-01 1.313164015300571918e-03 4.289611242711544037e-03 3.465658810455352068e-04 1.133856421802192926e-04 1.579971797764301300e-02 8.026952147483825684e-01 6.925494875758886337e-03 6.666669156402349472e-03 1.967015862464904785e-01 9.417369961738586426e-03 1.567552972119301558e-04
7.633215188980102539e-02 3.551524877548217773e-01 2.046541776508092880e-03 7.785422801971435547e-01 4.085820633918046951e-03 1.585651072673499584e-03 5.650079622864723206e-02 5.011392235755920410e-01 2.026446745730936527e-04 2.589707076549530029e-01 1.105712028220295906e-03 1.104385033249855042e-02 1.283382624387741089e-01 7.711176276206970215e-01 1.476320996880531311e-02 4.772620648145675659e-02 5.658740922808647156e-02 2.124779224395751953e-01 1.579968957230448723e-04
3.722860664129257202e-02 6.858577132225036621e-01 9.211332537233829498e-03 5.256844758987426758e-01 1.760412589646875858e-03 1.649113954044878483e-03 2.094353586435317993e-01 4.959901571273803711e-01 1.626295968890190125e-03 8.675124496221542358e-03 1.902961288578808308e-03 1.070151920430362225e-03 3.984961286187171936e-02 9.293536543846130371e-01 1.956688798964023590e-02 1.859320513904094696e-02 7.111936807632446289e-02 7.641742378473281860e-02 2.960330166388303041e-04
3.685931005747988820e-05 1.279770560358439724e-12 4.675385626060792727e-17 9.988742470741271973e-01 9.759383797645568848e-01 1.056044474090356289e-09 9.526125788688659668e-01 4.836127158458491948e-12 4.689298691573640099e-07 2.698755663388396897e-10 3.180455615734681558e-15 5.956856906414031982e-02 1.029851204314979896e-09 2.179676144437037166e-12 3.984222587405383820e-07 1.468708366155624390e-02 4.200298804789781570e-03 1.596748006704729050e-06 1.145598047848361833e-12
1.282600185091817041e-16 2.698361361030298571e-16 2.736537464188316948e-14 1.000000000000000000e+00 5.201290092393283035e-15 1.685117176306631114e-23 9.638559818267822266e-01 7.514481126236205455e-08 2.739526897569061550e-16 2.297464849320015289e-15 2.813931683428996962e-25 1.345383210128204093e-18 2.321880188116409727e-10 1.224353862738780663e-08 1.039482668829805334e-07 1.707893592176046305e-12 9.999915361404418945e-01 5.164912483704257873e-14 2.219285516918852714e-20
4.804680123925209045e-02 1.335912855893184314e-07 2.358947412406386945e-11 9.998521804809570312e-01 9.000260233879089355e-01 4.782229098054813221e-06 2.599397003650665283e-01 5.212999099057924468e-08 1.728234383335802704e-05 8.879300139597035013e-07 4.454795143882250841e-10 2.217864245176315308e-02 1.884197217805194668e-06 3.141189353073059465e-08 1.963913528015837073e-04 1.090971380472183228e-02 1.661363244056701660e-02 1.973704684132826515e-06 2.605840432323702771e-09
3.020563420954179818e-20 2.296342671570528182e-08 1.227171840347745116e-22 5.015816539525985718e-02 3.485853665813297216e-18 3.483299693973251459e-19 1.000000000000000000e+00 2.806081589312725555e-09 3.329514015604218002e-07 3.128190281522412409e-20 3.778650787238692422e-18 9.849817731914442350e-22 6.017101828728263491e-14 6.822835206985473633e-01 2.938389087603354710e-08 6.983556257150053126e-14 1.436319085769355297e-03 1.338491221070797765e-13 4.743180539090383063e-14
6.386999490350337016e-20 2.068814231037663376e-09 8.768399240294441930e-22 3.055691421031951904e-01 3.729945979181263876e-17 2.587602108620019680e-18 1.000000000000000000e+00 1.788757475473801151e-09 1.109238851881855226e-07 1.159102342976415399e-19 2.784957890198127723e-19 2.193755282014871089e-21 2.389593785432492234e-13 1.288936734199523926e-01 3.825758483344543492e-07 5.887837147087321421e-14 5.283205304294824600e-03 4.899507245769742225e-14 2.133698525209979519e-14
8.356926112489280370e-19 4.064532549818977714e-05 1.222956546323478535e-22 9.836005568504333496e-01 6.507061525088141198e-20 5.336779480703902174e-21 9.999997615814208984e-01 1.158838358605862595e-07 1.661730419932894165e-09 2.447386710061458888e-20 1.993031973846051511e-19 3.107819594997788976e-25 2.753956527342012184e-15 9.999809265136718750e-01 1.014903005386313950e-12 2.049433908847932487e-15 2.818726716213859618e-05 3.391872710028749974e-15 2.052310869488171519e-17
1.167005492241912634e-09 4.151931348641418884e-13 7.763568287845345915e-23 2.028130552389484365e-09 2.176087036787066609e-06 1.962353239973180230e-12 2.821012094500474632e-05 2.663229814459100453e-08 3.024049565890966310e-17 1.000000000000000000e+00 7.896051060471938397e-18 9.976530671119689941e-01 3.035366802350836224e-08 5.036697579956557056e-19 6.551105677041958622e-17 8.864734321832656860e-02 3.204766174658146838e-10 1.850003927827970074e-09 2.800948260791058084e-20
1.043700558511773124e-05 3.319341658425400965e-06 8.633703885152499424e-08 1.326008059550076723e-04 7.539082318544387817e-02 2.424139999845920102e-08 9.969166517257690430e-01 1.838608150137588382e-04 1.069175341399386525e-04 1.028655460686422884e-04 1.039906578625959810e-06 8.345593810081481934e-01 4.280825611203908920e-03 2.075997372230631299e-06 1.073739986168220639e-05 2.481704801321029663e-01 1.574732512235641479e-01 1.243022561538964510e-04 2.093973853334318846e-05
8.960137367248535156e-01 1.777273719199001789e-03 2.316028618887244761e-10 9.997825026512145996e-01 1.065932065102970228e-05 1.512682956672506407e-08 6.457273684645770118e-07 3.039290022570639849e-04 8.978598707619703245e-14 9.960040450096130371e-01 2.746340307946404380e-11 2.512038219720125198e-03 1.243534311652183533e-01 1.771752067725174129e-06 1.958733619744634780e-08 3.106746953562833369e-05 6.982563718338496983e-07 5.440322274807840586e-05 1.098829469255158120e-12
6.012851940795371775e-07 9.193434379994869232e-04 1.808020755333927809e-07 9.507092088460922241e-02 1.665419949858915061e-05 3.451328439041390084e-06 9.995299577713012695e-01 1.843507518060505390e-03 4.333902616053819656e-03 5.427827090898063034e-06 7.839275326659844723e-07 4.334942786954343319e-06 3.313291235826909542e-04 9.447398036718368530e-02 8.491138927638530731e-03 2.005181595450267196e-04 1.152043566107749939e-01 5.547633918467909098e-05 4.747760249301791191e-05
2.057205529126804322e-05 1.655970263527706265e-04 2.267141780976089649e-06 4.756706475745886564e-04 3.779636754188686609e-04 6.890152803862292785e-07 9.930793642997741699e-01 7.421795278787612915e-02 3.234120958950370550e-04 1.528092566877603531e-02 4.683361476054415107e-05 1.576186865568161011e-01 2.780318818986415863e-02 3.989006218034774065e-04 1.924150623381137848e-03 9.120032191276550293e-02 8.610414266586303711e-01 8.174528484232723713e-04 6.555585423484444618e-04
1.293497859933268046e-07 4.727597348392009735e-03 6.424449594533143681e-08 4.031135700643062592e-03 2.283949697812204249e-06 3.367345300375745865e-07 9.998763799667358398e-01 8.088096976280212402e-03 1.025225501507520676e-02 7.710890713497065008e-06 1.081070149666629732e-05 1.350195452687330544e-05 3.171892894897609949e-04 1.354225426912307739e-01 1.200286205857992172e-03 7.424373761750757694e-04 1.329452991485595703e-01 1.038217378663830459e-04 9.036608389578759670e-05
6.482028425125463400e-08 5.325186958060612596e-10 4.190534141697717731e-20 1.320110095548443496e-05 3.379923896318359766e-08 2.128172305049247370e-09 4.728687781607732177e-05 6.514538881674525328e-07 3.710054707434197116e-15 1.000000000000000000e+00 6.381219269896258595e-15 5.475960969924926758e-01 8.517428796039894223e-06 2.380060673133117420e-16 2.650545364787926239e-12 1.532653463073074818e-03 8.373130633287928504e-09 1.893508105865748803e-08 6.666770672967493503e-17
1.906617399072274566e-05 5.774839315563440323e-03 6.590297196851224726e-09 4.994667135179042816e-03 3.533134440658614039e-05 8.790615538600832224e-06 2.443375885486602783e-01 4.156702384352684021e-02 1.307061938859988004e-05 9.923316240310668945e-01 5.483591849042568356e-06 1.834778338670730591e-01 6.978292483836412430e-03 6.336114165605977178e-05 5.648455953632947057e-06 9.656953066587448120e-02 2.947326982393860817e-03 4.053305019624531269e-04 1.281932554775266908e-06
1.840724396728793070e-18 2.849494008737535160e-16 9.916061045320266738e-21 1.628101431450090786e-09 3.046411040097396494e-11 2.836849289142686151e-15 9.999992847442626953e-01 2.452246008033398539e-06 1.121682391067024831e-12 1.890772134065628052e-01 4.574086689423772554e-18 1.500895991921424866e-02 1.516414499747043010e-06 5.600677731375063029e-14 9.365712649866964057e-10 2.051020739600062370e-03 1.355933025479316711e-02 4.344304027625867093e-09 5.408592004168058520e-14
8.382907509803771973e-01 9.052400290966033936e-02 1.273670059163123369e-04 1.533850654959678650e-02 2.521584033966064453e-01 1.655146188568323851e-04 3.018311858177185059e-01 2.747586928308010101e-02 1.932184328325092793e-03 9.076716005802154541e-02 1.318610738962888718e-03 7.074642777442932129e-01 1.652990728616714478e-01 1.955676270881667733e-04 4.623238055501133204e-05 8.335810154676437378e-02 1.251149643212556839e-02 3.162052249535918236e-03 1.223381143063306808e-03
1.585135585628449917e-03 2.572814992163330317e-07 2.500461643295537328e-11 1.000000000000000000e+00 3.367493263795040548e-05 9.240361009688058402e-08 1.678184617048827931e-06 5.552834068112133536e-07 4.315295690227038961e-11 6.037710420514486032e-08 1.389008778499977326e-15 8.056216284357820001e-13 3.321301619507721625e-06 4.381226608529686928e-05 1.441827862436184660e-05 2.165896795247590489e-08 1.206915258080698550e-04 4.063084535488314941e-09 3.130025942208944367e-14
1.142237614840269089e-02 1.320208888500928879e-02 2.435116039123386145e-05 9.999986886978149414e-01 1.306717022089287639e-04 6.462870715040480718e-06 4.177901428192853928e-05 2.508896403014659882e-02 2.017501055107118191e-09 8.048374729696661234e-05 3.040968588052805899e-09 4.639737039013880349e-09 1.810264540836215019e-03 9.881119728088378906e-01 9.663969394750893116e-04 9.389287879457697272e-05 3.879235300701111555e-04 1.409671902656555176e-01 2.644726659895013654e-09
1.176878754449717235e-07 1.884574157884344459e-05 5.994101326400880225e-10 1.652600127272307873e-03 7.167917647166177630e-05 4.921935669699450955e-06 9.996397495269775391e-01 9.358494571642950177e-05 3.347065357957035303e-04 3.023224417120218277e-04 9.304698345147244254e-09 4.581038956530392170e-04 6.770145264454185963e-04 7.314511458389461040e-05 1.955480693140998483e-04 1.292920322157442570e-03 5.992369260638952255e-03 4.248021923558553681e-06 2.565381691965740174e-06
4.600698488843590894e-09 3.000362485181540251e-04 2.919672281720409046e-09 9.676668643951416016e-01 4.474329240444774314e-10 8.305153439969181761e-12 9.759079217910766602e-01 1.477531064301729202e-02 3.477000518614659086e-07 8.808137152982453699e-08 1.422410245144334340e-10 1.081530177915457358e-11 1.225431878992822021e-05 9.837168455123901367e-01 7.071887375786900520e-05 5.854623168488615192e-07 9.158056974411010742e-01 1.016640383750200272e-02 9.744894891028366146e-10
1.918373193632305629e-08 1.562110730446875095e-03 7.475429303349656607e-11 6.549206773343030363e-06 9.509828487352933735e-06 3.105374844381003641e-06 9.999383687973022461e-01 3.050521481782197952e-04 4.123486578464508057e-03 6.777477392461150885e-05 3.815843570009747054e-07 4.962981911376118660e-04 6.156754097901284695e-04 7.109570287866517901e-05 6.089707312639802694e-06 2.550070406869053841e-03 1.508502522483468056e-03 9.063889478966302704e-07 5.212158430367708206e-05
4.327466460405055557e-20 7.261995468670328496e-15 4.219073591815507648e-18 1.688589372494941898e-11 8.239817926277218096e-15 6.271972190577239139e-21 9.999996423721313477e-01 3.375605866312980652e-02 1.172136714945593017e-12 5.163638293743133545e-02 1.152724173303061941e-15 5.503226537257432938e-03 1.656548107575872564e-07 7.469742879795404633e-11 1.409476563241085501e-10 1.981081441044807434e-02 9.917205572128295898e-01 3.034261197853993508e-08 6.871238604141960415e-13
5.854466356147725037e-10 8.152973838150501251e-03 5.939955558670328983e-12 7.209537434391677380e-04 4.224534333463481062e-10 5.869071451058971434e-09 9.999969005584716797e-01 1.375484862364828587e-04 3.298892639577388763e-03 5.842695077751258736e-11 7.296230108977397322e-08 1.243884995005828387e-10 5.187349572111088492e-08 9.793573617935180664e-01 6.591124019905691966e-06 2.656118169852561550e-07 1.515560434199869633e-03 1.111227902583777905e-05 4.142351031077851076e-07
1.730806361947834215e-12 4.700882982433540747e-06 1.348084512943492630e-12 1.466024405090138316e-04 5.476260070413907499e-11 3.680563666341729601e-12 9.999998807907104492e-01 2.345183311263099313e-04 3.956886008381843567e-03 5.517884760219970985e-11 6.046399647630096297e-08 1.135914765026946327e-10 2.692291616313013947e-07 2.439191490411758423e-01 1.590136089362204075e-04 5.226084454079682473e-07 8.481555581092834473e-01 6.766731530660763383e-05 2.843200263669132255e-06
9.973372817039489746e-01 3.622179627418518066e-01 9.998800754547119141e-01 2.630408562254160643e-04 7.489511743187904358e-03 3.027157049473316874e-07 5.974423512816429138e-02 9.024444222450256348e-02 5.416658241301774979e-04 3.340597031638026237e-04 9.962390322471037507e-06 2.186959423124790192e-02 5.823761820793151855e-01 1.050801714882254601e-03 1.969425795778079191e-07 2.155824331566691399e-03 2.029771683737635612e-03 2.352032061025965959e-05 2.199157513678073883e-02
2.201170474290847778e-01 2.811954021453857422e-01 1.283094316022470593e-04 2.171924803406000137e-03 7.298824377357959747e-03 7.956474291859194636e-05 9.223582744598388672e-01 1.083146482706069946e-01 4.041520655155181885e-01 1.291290274821221828e-03 2.218229174613952637e-01 9.887816011905670166e-02 2.462998218834400177e-02 2.535146195441484451e-03 3.081700531765818596e-03 1.538452133536338806e-02 6.150967478752136230e-01 2.715663053095340729e-03 3.714825510978698730e-01
6.348510384559631348e-01 2.438136003911495209e-02 4.018995696242200211e-07 1.604281169420573860e-05 2.291073650121688843e-02 3.776692665269365534e-06 4.050969481468200684e-01 3.225570544600486755e-03 2.169243758544325829e-03 1.166349053382873535e-01 3.181887732353061438e-04 8.115895390510559082e-01 3.413470983505249023e-01 1.828436637651975616e-07 4.008801468557976477e-08 3.522942960262298584e-02 4.870804841630160809e-04 6.342249980662018061e-05 4.282333888113498688e-03
7.432128801276860486e-10 7.385576282104011625e-06 7.512023780797960626e-10 4.458407461643218994e-01 3.286273297931074922e-08 1.432124197009443378e-09 9.998784065246582031e-01 3.236428310628980398e-04 4.835449726670049131e-05 3.389885705473716371e-08 3.255022917869609955e-10 2.279414434980253645e-09 1.612761116120964289e-05 4.528879746794700623e-02 1.993441954255104065e-03 2.948311703221406788e-06 4.979624748229980469e-01 1.301731344938161783e-06 1.481413818282817374e-07
9.878231503535062075e-05 2.868516836315393448e-03 3.443932072855204751e-08 2.286306582391262054e-02 2.714292349992319942e-06 1.197982442135980818e-06 4.533008206635713577e-03 1.470174789428710938e-01 2.876920568439800263e-08 9.997146725654602051e-01 1.805665078791207634e-06 1.871177703142166138e-01 6.410381291061639786e-03 4.938772763125598431e-04 7.771923264954239130e-06 7.004389911890029907e-02 3.512259339913725853e-03 8.977301418781280518e-03 2.302948232113521954e-08
2.126504199395640171e-07 3.445563606874202378e-06 3.107784323219675571e-07 2.791893493849784136e-04 2.480400098647805862e-06 8.753655578175312257e-08 9.996803998947143555e-01 2.057693665847182274e-03 2.313214819878339767e-03 1.174270437331870198e-06 4.269128112355247140e-06 3.258148717577569187e-05 2.351188013562932611e-04 4.826665972359478474e-04 2.604932337999343872e-02 1.048094854922965169e-04 9.920286536216735840e-01 6.388936162693426013e-05 5.586400628089904785e-03
9.982335567474365234e-01 1.083179339766502380e-01 1.039426678062227438e-08 6.536923820021911524e-07 1.405814662575721741e-03 1.722384901370332955e-09 7.754457648843526840e-03 6.747883162461221218e-04 5.146326657268218696e-06 9.286214597523212433e-03 4.067041459165920969e-07 7.083560824394226074e-01 9.093865752220153809e-01 1.805116278674745445e-09 1.828489833502477957e-12 1.272435416467487812e-03 5.766643198512610979e-07 4.650988103094277903e-06 5.381843948271125555e-05
8.878704975359141827e-04 9.468238949775695801e-01 3.377847406227374449e-06 2.937743067741394043e-01 8.978762622291469597e-08 4.792839902734158386e-08 2.634533941745758057e-01 4.225217700004577637e-01 2.099826997437048703e-05 3.669017587526468560e-06 3.774549986701458693e-05 4.658187435779836960e-07 2.908050082623958588e-04 9.813281297683715820e-01 7.085984179866500199e-06 9.689450962468981743e-05 3.641461953520774841e-02 9.458258282393217087e-04 6.695869814166144351e-08
9.948250055313110352e-01 1.801199018955230713e-01 1.919039149811396783e-08 9.991483688354492188e-01 4.250070452690124512e-01 1.844673924722428637e-08 1.204888522624969482e-02 5.863005644641816616e-04 8.023041300475597382e-05 2.845451717803371139e-06 2.110822871327400208e-02 1.048136409372091293e-02 2.461060939822345972e-04 1.052892068400979042e-03 1.768936073176519130e-07 3.363805823028087616e-03 3.546719206497073174e-03 3.053495234439651540e-08 2.902026835727156140e-06
1.479341764934360981e-03 2.896890938282012939e-01 2.642095751070883125e-05 9.746877551078796387e-01 1.531517773400992155e-04 1.266997060156427324e-05 8.948436379432678223e-02 2.148972600698471069e-01 2.488239624653942883e-05 2.868224866688251495e-03 5.075704848422901705e-06 1.088359931600280106e-05 7.189916912466287613e-03 9.741123914718627930e-01 7.452438003383576870e-04 3.020864678546786308e-03 4.013054445385932922e-02 5.286998115479946136e-03 2.867736156986211427e-06
4.049261808395385742e-01 2.980101108551025391e-01 8.832123477020559221e-09 9.965330536942929029e-05 1.528936700196936727e-04 3.035693453057319857e-06 9.848743081092834473e-01 1.235312665812671185e-04 7.692395448684692383e-01 4.082156010554172099e-06 2.727819373831152916e-03 1.332161854952573776e-02 1.362027433060575277e-05 1.719226020213682204e-05 2.985274022648809478e-06 1.384240022161975503e-05 7.767045404762029648e-03 1.867655919340904802e-05 2.229729443788528442e-01
1.271497074295524499e-10 6.127234082669019699e-03 4.644577500378943569e-10 1.701132655143737793e-01 5.737426592850036755e-12 3.725027014275794635e-13 9.987692236900329590e-01 1.361352205276489258e-02 1.156596027840350871e-07 2.749912741961679785e-09 8.403489015762488634e-11 2.244170344348206392e-12 6.095169737818650901e-07 9.995855689048767090e-01 1.330010832134576049e-06 6.846046289865626022e-07 1.650822758674621582e-01 9.054983383975923061e-04 5.215287576798566249e-11
3.723571300506591797e-01 8.546728349756449461e-05 4.327961544703384789e-09 1.493202944402582943e-05 3.958375453948974609e-01 7.791943090751374257e-09 7.637137919664382935e-02 5.109006815473549068e-05 2.549000441831594799e-07 1.233708411455154419e-01 1.995488929651401122e-08 9.941177368164062500e-01 1.412219461053609848e-02 1.178747766061860602e-09 8.441573828843473848e-12 1.025763228535652161e-01 5.526009772438555956e-06 1.065238939190749079e-05 4.270881248658042750e-08
2.230483889579772949e-01 4.306455991809343686e-07 1.010431538786549233e-12 6.898760034346196335e-07 9.843903183937072754e-01 3.895601549674942987e-11 9.093383550643920898e-01 1.309741648469753272e-09 8.101118510239757597e-06 2.029701420269702794e-07 1.377992719930887233e-10 9.972781538963317871e-01 2.179628154408419505e-06 1.078781270043294160e-12 1.843125261788425284e-13 5.599813163280487061e-02 6.719103566865669563e-06 2.289616141126771254e-08 8.824731168033395079e-09
2.923993393778800964e-03 2.038883479826836265e-07 3.708436890903499261e-10 6.139336898922920227e-02 9.606227278709411621e-01 3.711469673817191506e-07 9.620796442031860352e-01 7.815194891236387775e-08 1.188615686260163784e-03 1.904673922581423540e-06 5.924952617419876333e-08 8.833420872688293457e-01 1.520840442026383244e-06 3.358575995093815436e-08 2.479642944308579899e-06 2.676243185997009277e-01 8.694982156157493591e-03 1.770778209902346134e-03 9.918951491272309795e-07
1.706061812001280487e-05 2.322000653975919704e-07 3.523777380998183162e-10 9.995841383934020996e-01 3.791195695157512091e-06 9.985816478729248047e-01 2.456803713357658125e-06 6.027543690834136214e-07 1.259810051124077290e-05 1.718864517386009538e-08 9.899424826425619328e-15 5.394655533917658286e-13 2.092780505336122587e-06 2.787534322123974562e-04 2.236853912472724915e-02 5.108850564816691531e-10 1.593086017237510532e-05 4.973450559191405773e-04 1.094687118730064412e-09
4.354963451623916626e-02 2.469053491950035095e-02 1.786664710380136967e-03 9.047514796257019043e-01 5.278750136494636536e-02 3.988302126526832581e-02 4.376424551010131836e-01 2.959673292934894562e-02 1.557814050465822220e-02 7.506930828094482422e-02 2.485910372342914343e-04 1.197300013154745102e-02 4.455856978893280029e-02 2.937352284789085388e-02 5.783320963382720947e-02 2.152235060930252075e-02 7.358328253030776978e-02 3.410071833059191704e-03 8.947197347879409790e-04
3.402597030799370259e-06 2.583337155304121779e-10 5.919081197403031069e-11 1.000000000000000000e+00 1.496832169323170092e-07 5.392940511228516698e-05 1.090137473624963604e-07 1.462204846092163280e-08 1.117092529590024697e-11 4.546408735595086625e-11 2.881987323117462933e-21 2.883817347131637135e-18 4.986132395856657240e-08 2.506820010239607655e-06 2.488604513928294182e-04 1.624067720584765340e-11 3.557097443263046443e-06 6.429917220884817652e-08 3.969810158848165735e-17
8.925513625144958496e-01 2.239514701068401337e-02 5.480332632146200922e-08 9.999886751174926758e-01 7.788774371147155762e-01 2.023647084570256993e-06 5.531640257686376572e-03 8.455546048935502768e-05 3.391403879504650831e-04 2.750763087533414364e-04 1.111771198338828981e-04 9.096927009522914886e-03 4.467090475372970104e-04 2.599648199975490570e-03 3.767598400372662582e-06 9.632530063390731812e-02 1.295505207963287830e-03 1.091405010811286047e-06 9.284318366553634405e-06
6.953523159027099609e-01 3.528220355510711670e-01 2.172314416384324431e-04 9.959198236465454102e-01 1.687157899141311646e-01 3.065913042519241571e-04 3.775358572602272034e-02 5.568370223045349121e-02 2.145583741366863251e-03 1.430493034422397614e-02 1.046049501746892929e-02 1.431018300354480743e-02 3.850267082452774048e-02 1.860772222280502319e-01 6.146696396172046661e-04 8.854380995035171509e-02 1.285980734974145889e-02 1.435717334970831871e-03 8.829756407067179680e-04
1.286272199862992238e-09 1.420678188424062682e-07 1.543807712778288987e-07 9.791812896728515625e-01 3.732596098870999413e-08 4.325446251174369650e-12 9.958440661430358887e-01 5.674993153661489487e-04 5.369942641664238181e-07 4.666488706561722211e-08 4.065754677373689674e-11 8.850284949346587382e-09 2.474550274200737476e-05 8.037247462198138237e-04 4.829852550756186247e-04 7.960508810356259346e-06 9.927675724029541016e-01 8.468544479001138825e-07 2.158523138007240050e-08
5.256469845771789551e-01 3.640147671103477478e-02 2.570446522440761328e-04 6.897484064102172852e-01 6.365299224853515625e-01 1.582518219947814941e-03 4.251852929592132568e-01 1.151783019304275513e-02 1.034032087773084641e-02 2.266147918999195099e-02 3.256881609559059143e-03 4.884879887104034424e-01 2.622322179377079010e-02 3.271912457421422005e-03 4.550781566649675369e-03 1.975702643394470215e-01 1.093335300683975220e-01 6.952053401619195938e-03 1.078589702956378460e-03
3.327396989334374666e-04 6.932277028681710362e-05 3.660254878923296928e-03 3.377211838960647583e-02 1.224000658839941025e-02 9.996944665908813477e-01 6.754931528121232986e-03 3.616854883148334920e-05 3.138685971498489380e-02 2.104365557897835970e-05 2.065483606372708891e-08 4.610241376212798059e-06 1.856217859312891960e-04 1.474621007218956947e-03 3.230429440736770630e-02 4.031153730466030538e-05 9.137069806456565857e-03 1.131264492869377136e-02 1.459653867641463876e-04
2.480012939801157223e-12 4.905246148097274286e-15 1.353852298829828267e-18 2.944129315340937580e-11 9.463788568973541260e-02 1.000000000000000000e+00 5.111297650728374720e-05 9.793738965740860153e-20 3.209774941205978394e-02 6.862199142254610251e-10 4.555465386882086327e-21 5.881304900867689867e-07 4.515783905666148623e-13 5.265610492155103992e-16 2.831151112159258076e-12 1.188713625310811040e-07 4.770431012018905292e-12 3.847961238534480799e-08 4.506116013658356678e-08
1.982161076739430428e-03 2.890908531844615936e-02 9.997767806053161621e-01 7.685903459787368774e-02 5.441590910777449608e-04 5.879931632080115378e-05 8.562240004539489746e-01 3.602679669857025146e-01 1.649112999439239502e-02 6.742741097696125507e-04 9.278653305955231190e-05 2.814141334965825081e-04 2.630179747939109802e-02 1.450459808111190796e-01 3.036966919898986816e-02 1.632806845009326935e-02 7.591822147369384766e-01 3.390593687072396278e-03 1.025268062949180603e-02
5.668921861797571182e-03 1.230573207139968872e-01 9.997988343238830566e-01 1.050327196717262268e-01 7.920374628156423569e-04 4.421713674673810601e-05 7.202318906784057617e-01 4.593979418277740479e-01 7.769327145069837570e-03 1.068385667167603970e-03 4.329138901084661484e-04 2.273184654768556356e-04 3.355817496776580811e-02 4.300672411918640137e-01 3.947093710303306580e-02 3.662973269820213318e-02 6.249567270278930664e-01 9.257204830646514893e-03 1.101758610457181931e-02
5.280041135847568512e-03 7.690824568271636963e-02 9.997830986976623535e-01 4.731033742427825928e-02 5.010789609514176846e-04 8.227670332416892052e-05 8.369572162628173828e-01 4.400868415832519531e-01 3.512563556432723999e-02 8.966552559286355972e-04 3.544040664564818144e-04 3.131258708890527487e-04 2.640979550778865814e-02 1.993532329797744751e-01 2.833480387926101685e-02 2.136461809277534485e-02 7.290453910827636719e-01 6.708093918859958649e-03 2.244171313941478729e-02
9.044212102890014648e-01 2.292936667799949646e-02 8.685152863563416759e-08 6.772493124008178711e-01 1.915678679943084717e-01 5.383773532230407000e-05 4.605845510959625244e-01 5.464349669637158513e-05 7.554506510496139526e-02 7.778277904435526580e-06 3.614009125158190727e-03 3.354863449931144714e-02 6.928087532287463546e-05 2.298171893926337361e-04 2.803515235427767038e-04 6.936374702490866184e-04 5.837458651512861252e-03 4.804917807632591575e-06 8.425513282418251038e-03
1.481295012865924132e-13 6.751536179086525813e-13 3.672545806519412422e-21 5.422415849665185306e-09 2.118454358424060047e-05 1.098221900974749587e-06 1.000000000000000000e+00 7.917775999731133107e-16 1.952618956565856934e-01 9.429242766635387990e-16 4.394751566885724253e-16 4.316612205457204254e-07 2.608173659685020240e-12 2.130531751021180753e-09 5.542196049646008760e-06 6.830369869703645236e-08 2.264858345313314203e-08 3.483279087390656059e-08 2.492473640813841484e-07
3.465328365564346313e-02 4.592688009142875671e-02 4.580570873713440960e-07 6.006807088851928711e-02 6.412847433239221573e-03 9.121329188346862793e-01 1.305142939090728760e-01 6.178903277032077312e-05 4.326554760336875916e-02 2.255232539027929306e-05 9.219248568115290254e-06 5.206872447161003947e-05 5.582505400525406003e-05 1.163467671722173691e-02 8.371688891202211380e-04 2.755481364147271961e-05 1.374793791910633445e-04 2.372985909460112453e-04 1.883596647530794144e-03
1.907804253278300166e-04 2.469255477190017700e-01 2.174060455217841081e-06 1.183609128929674625e-04 1.053229570970870554e-04 9.999933242797851562e-01 2.404633210971951485e-03 1.247342424903763458e-05 1.971530728042125702e-03 1.521678882454580162e-06 5.423225246659058030e-08 4.220681262268044520e-07 4.091272330697393045e-06 2.788658440113067627e-01 9.484306792728602886e-05 1.376135287500801496e-06 2.048960368483676575e-06 1.871501299319788814e-04 2.936301461886614561e-05
2.259545475244522095e-01 4.328233301639556885e-01 9.989132881164550781e-01 1.683364361524581909e-01 1.890725083649158478e-02 2.381386235356330872e-03 4.093985855579376221e-01 4.908604621887207031e-01 1.818962022662162781e-02 2.310524135828018188e-02 7.048407569527626038e-03 8.958290331065654755e-03 1.968936920166015625e-01 4.204163551330566406e-01 8.009647578001022339e-02 1.033186689019203186e-01 3.418829441070556641e-01 2.616593241691589355e-02 3.896544501185417175e-02
9.919392466545104980e-01 3.692280966788530350e-03 1.999796023222089048e-10 1.000000000000000000e+00 7.269627531059086323e-07 5.284436516844737142e-12 7.793180163695456741e-12 1.906021134345792234e-05 9.620633715729151649e-19 2.120548379025422037e-05 2.941788412736258233e-15 6.896638815589994920e-11 2.516843937337398529e-02 3.420030474662780762e-01 3.411424920329864108e-09 3.411642239825596334e-07 1.370253799315435117e-09 1.510721922386437654e-04 1.884701644246715674e-16
2.282806113362312317e-02 9.824776053428649902e-01 2.895102113598113647e-08 3.272614255547523499e-02 8.185007516203768319e-08 8.888598190814889222e-10 4.070160984992980957e-01 4.692685008049011230e-01 2.771179424598813057e-04 1.063628047859310755e-07 5.566766951233148575e-03 1.565338607179000974e-06 8.962983702076599002e-05 5.447778105735778809e-01 2.578690612153877737e-07 1.586454527569003403e-05 9.304621070623397827e-02 8.139776036841794848e-05 1.671924252377721132e-07
1.352710969513282180e-04 6.681497325189411640e-04 7.206961250005861075e-09 1.597088761627674103e-03 6.290360033744946122e-05 2.465112447680439800e-05 2.397334016859531403e-02 1.965148374438285828e-02 8.556284001315361820e-07 9.997115731239318848e-01 3.060065864701755345e-06 4.591833651065826416e-01 8.171700872480869293e-03 2.000305585170281120e-06 1.977893134608166292e-06 9.762772917747497559e-02 6.269938312470912933e-04 8.549262420274317265e-04 1.814894687868218170e-07
9.921318888664245605e-01 4.533490836620330811e-01 4.592139739543199539e-04 1.061784569174051285e-02 1.316899433732032776e-02 1.064516982296481729e-05 5.606877151876688004e-03 7.535895705223083496e-02 1.314131168328458443e-05 7.309749722480773926e-03 4.176818038104102015e-05 3.120160698890686035e-01 9.073461890220642090e-01 1.518367906101047993e-03 3.767645011976128444e-06 6.464208941906690598e-03 2.182861790060997009e-04 9.130669757723808289e-03 2.420359123789239675e-05
4.864698227580177559e-11 6.564456356272785342e-08 5.270412106739286173e-09 5.035769845562754199e-07 5.532477587166795274e-08 2.776996268494258402e-07 9.999984502792358398e-01 2.892100565077271312e-05 7.235688567161560059e-01 2.485785133288231918e-09 1.362098913659792743e-07 6.768908065168943722e-07 1.533502427264465950e-06 1.011916319839656353e-03 2.635900396853685379e-03 4.652904408430913463e-06 1.192403212189674377e-01 3.631185973063111305e-03 7.293035741895437241e-03
3.496298086116955695e-12 2.331653758957941136e-09 8.928920380846250282e-10 2.979449187368032881e-10 5.964051474904863426e-10 4.076318020906910533e-07 9.999979734420776367e-01 1.258004402870938065e-07 9.775338768959045410e-01 1.458148324307018129e-10 4.852026336266135331e-09 1.207319115792415687e-07 6.458330759073760419e-09 5.541480732063064352e-07 9.764700735104270279e-06 1.088867804810433881e-07 7.355443201959133148e-03 4.705655854195356369e-03 4.230233132839202881e-01
2.209964440044514741e-15 1.253483011831590943e-10 4.753135818963416526e-13 9.877660495094531257e-11 6.873195155382427757e-12 2.416789858517010003e-12 1.000000000000000000e+00 1.720875843602698296e-06 9.851049780845642090e-01 9.400955491498108607e-13 1.795718240771293495e-08 1.361145240963423930e-08 2.114496577831914692e-09 2.611985564726637676e-06 8.016717401915229857e-06 2.759287198728088697e-08 7.168823480606079102e-01 1.373780309222638607e-03 2.201153151690959930e-02
1.029323757393285632e-04 6.630085408687591553e-02 2.124086080357301398e-07 9.999984502792358398e-01 8.579497148275549989e-07 3.074204224517984585e-09 2.321202191524207592e-04 2.606992051005363464e-02 4.959077593014171725e-10 8.826928592498006765e-07 2.368452378664898106e-10 1.644293555480569324e-11 7.132889732019975781e-05 9.984643459320068359e-01 1.406856517860433087e-05 1.257225994777400047e-05 1.304291072301566601e-03 6.176991155371069908e-04 5.519821405508551493e-11
1.621473493287339807e-04 4.288837313652038574e-03 1.154834194494469557e-06 9.997984766960144043e-01 7.447265033988514915e-06 8.975419518719718326e-09 1.955728530883789062e-01 4.031149297952651978e-02 8.739658369449898601e-06 2.636900535435415804e-05 3.810785074165323749e-07 1.501037161233398365e-08 5.385671975091099739e-04 2.914901375770568848e-01 1.461834996007382870e-03 1.960682857315987349e-05 8.049092292785644531e-01 1.281527947867289186e-04 1.235102757846107124e-07
7.109405845403671265e-02 1.655110530555248260e-02 1.891612737381365150e-05 9.696267843246459961e-01 5.417449399828910828e-03 9.262521416530944407e-07 6.013162732124328613e-01 1.482948288321495056e-02 1.589765422977507114e-03 4.178021117695607245e-05 4.872843157500028610e-03 3.840020799543708563e-04 1.697806408628821373e-03 2.086894214153289795e-02 1.463894732296466827e-02 7.187848677858710289e-04 8.870117068290710449e-01 8.819385402603074908e-05 1.593678898643702269e-04
4.926947076455689967e-05 8.723712198843713850e-06 1.090203038955905868e-09 6.598123945877887309e-06 2.808592841029167175e-02 7.209465838968753815e-04 6.113594174385070801e-01 2.795481414068490267e-04 1.069602512870915234e-04 9.707643985748291016e-01 3.168569264744292013e-07 9.133995175361633301e-01 4.957150667905807495e-03 3.776975177061103750e-09 1.059960368365864269e-07 2.958220541477203369e-01 1.663757138885557652e-04 7.313730020541697741e-05 7.115644621080718935e-06
1.099591776728630066e-01 1.235563606023788452e-01 7.069204002618789673e-04 8.858904242515563965e-01 1.611881516873836517e-02 3.099059686064720154e-02 5.127385631203651428e-02 1.305619925260543823e-01 7.517972262576222420e-04 6.791444420814514160e-01 5.070649785920977592e-04 3.371995314955711365e-02 1.221224144101142883e-01 1.242316216230392456e-01 1.413872931152582169e-02 2.618544176220893860e-02 2.266430296003818512e-02 2.861950919032096863e-02 2.083092840621247888e-04
4.700293905718182230e-14 1.084244707905135385e-10 5.276831031728263302e-16 2.275340420965221711e-06 5.788086809843662195e-07 7.493687614879007697e-11 1.000000000000000000e+00 1.619260459051474754e-08 2.364389274589484558e-06 2.064820980862691613e-09 1.554403883440112072e-14 4.197001544525846839e-06 2.835577561199897900e-06 1.004168836971075507e-07 4.583451755024725571e-06 4.182011616649106145e-05 2.122936770319938660e-03 3.681194238325247170e-09 1.962285001155805730e-09
2.989543718285858631e-04 4.296057857573032379e-03 2.359020290896296501e-04 3.974271938204765320e-03 2.387308282777667046e-03 6.142693455331027508e-04 9.919221401214599609e-01 9.678582102060317993e-02 1.438274085521697998e-01 8.938292041420936584e-03 5.381532013416290283e-03 3.814183548092842102e-02 2.355530299246311188e-02 2.341943420469760895e-02 3.603408113121986389e-02 4.213895276188850403e-02 5.791712999343872070e-01 3.828578069806098938e-02 4.065886512398719788e-02
8.808754086494445801e-01 9.937751293182373047e-01 5.554422841669293121e-07 4.045298695564270020e-01 8.997978511615656316e-06 2.844824997794148658e-08 1.384061574935913086e-02 7.168292999267578125e-01 9.735611820360645652e-05 4.543422164715593681e-06 4.167524166405200958e-03 5.841006350237876177e-05 4.972205031663179398e-03 1.116893589496612549e-01 9.350549845521527459e-08 3.688764700200408697e-04 2.562131732702255249e-03 7.513376476708799601e-05 4.499928536461084150e-07
3.624757828959990213e-13 1.482722722379037350e-09 6.069415369597264132e-12 2.411983075489843031e-07 6.811212704960212250e-10 4.830096322905319539e-09 9.999997615814208984e-01 2.972168113046791404e-05 1.548201590776443481e-01 1.314899855664464212e-10 5.283002924016955149e-09 9.110713072857379302e-09 6.360304496411117725e-07 6.548872916027903557e-04 4.113369621336460114e-03 2.313715867785504088e-07 8.538690805435180664e-01 9.822858555708080530e-05 2.046610170509666204e-04
1.520896944384730887e-06 7.947954259179823566e-07 5.593528307201722782e-09 5.614300025627017021e-04 1.234509545611217618e-04 5.058492206444498152e-06 4.175325036048889160e-01 9.835715405642986298e-03 6.957232017157366499e-07 9.983261227607727051e-01 6.050944989510753658e-08 7.265598773956298828e-01 1.067999983206391335e-03 3.843952356419322314e-07 4.436234667082317173e-05 1.957089751958847046e-01 1.771138608455657959e-02 2.994690323248505592e-03 7.578822902587489807e-08
9.977959394454956055e-01 8.915114402770996094e-01 4.783643362316070125e-06 8.244234137237071991e-03 1.166765484958887100e-02 6.475589771071099676e-07 8.492697030305862427e-02 2.276525646448135376e-01 8.317358791828155518e-03 4.178690505796112120e-05 2.684187144041061401e-02 4.824344813823699951e-02 8.699756860733032227e-02 1.892859116196632385e-03 1.378409848484807299e-07 1.479215803556144238e-03 3.295855596661567688e-03 7.699705747654661536e-05 2.994330134242773056e-04
9.999661445617675781e-01 5.188820138573646545e-02 2.346973531075491337e-07 2.525638043880462646e-02 1.301339417695999146e-01 1.795762649692278501e-08 8.919674903154373169e-03 5.051312036812305450e-04 1.480830633227014914e-06 2.523381772334687412e-05 1.194860715258982964e-06 2.914257645606994629e-01 2.083162963390350342e-02 1.566114769957493991e-05 8.255404537749200244e-08 1.482653751736506820e-04 1.087056007236242294e-04 2.714463107622577809e-06 1.550834781482990365e-06
1.760902534897468286e-11 3.371836498899938306e-08 1.290528990095796136e-12 3.347778276818758059e-09 7.168741689156377106e-08 4.052424492978143333e-14 1.000000000000000000e+00 2.366611624893266708e-05 1.554933551233261824e-04 3.653326974273340966e-09 9.556967484058986884e-08 8.509526960551738739e-04 5.183814209885895252e-05 1.972647680759109790e-07 6.113669769547414035e-06 2.029033785220235586e-04 9.393164515495300293e-01 1.155576789813039795e-08 1.970263983821496367e-04
4.468853620487323042e-10 4.568555667106011242e-08 4.849749616654686069e-13 4.627743521723459708e-09 8.466508916171733290e-07 9.238859455251713371e-09 9.904650449752807617e-01 4.089384339749813080e-03 1.329000383520906325e-06 9.921035766601562500e-01 1.508266400662705564e-08 8.122856020927429199e-01 1.581320189870893955e-03 6.230213567270936892e-11 8.597411671473764727e-10 2.707843482494354248e-01 1.177185913547873497e-03 1.613939161870803218e-06 2.226229156576664536e-07
6.085432179871175240e-13 5.181309201129913333e-11 8.992055445937349430e-17 9.989063048942981027e-11 1.742894895073732187e-08 1.819921123524803619e-11 9.516189098358154297e-01 9.382688440382480621e-04 1.379950154145603847e-09 9.999455213546752930e-01 9.008128444565333126e-12 9.563558101654052734e-01 1.942132985277567059e-05 7.039832448539271037e-14 2.667703297848378341e-12 3.412837386131286621e-01 2.081101556541398168e-04 1.536547387104292284e-07 3.116198965535943444e-11
1.951037943363189697e-01 3.094548285007476807e-01 9.987240433692932129e-01 6.555976271629333496e-01 3.115864098072052002e-02 8.193634450435638428e-03 9.751097857952117920e-02 2.918771803379058838e-01 7.622401462867856026e-04 3.922275826334953308e-02 1.702719181776046753e-02 7.780473213642835617e-03 3.191624283790588379e-01 6.052686572074890137e-01 2.637304961681365967e-01 1.123645156621932983e-01 4.918155819177627563e-02 2.353215217590332031e-01 1.062284223735332489e-02
1.212565004825592041e-01 3.076701760292053223e-01 9.997859597206115723e-01 2.527938783168792725e-01 1.366551592946052551e-02 2.081956248730421066e-03 1.098955422639846802e-01 3.347707688808441162e-01 3.110802208539098501e-04 2.038778178393840790e-02 2.558210864663124084e-03 4.517765250056982040e-03 1.969807446002960205e-01 6.885446906089782715e-01 1.166355237364768982e-01 6.894991546869277954e-02 5.054021254181861877e-02 4.658463224768638611e-02 5.865758284926414490e-03
2.460435553075512871e-06 5.129205528646707535e-03 2.912071766331791878e-03 4.655956923961639404e-01 5.851123205502517521e-06 2.222485164793397416e-07 9.921849370002746582e-01 3.406687080860137939e-02 1.325993915088474751e-03 8.605427865404635668e-06 1.064090611180290580e-05 1.181236370939586777e-06 9.199540945701301098e-04 3.880041539669036865e-01 9.312467649579048157e-03 7.400604663416743279e-04 6.309666037559509277e-01 4.185298748780041933e-04 8.858882938511669636e-05
