1.522486127214506269e-04 9.888456986573146423e-08 3.347937432927189372e-13 6.533957161991565954e-07 8.733510270531041897e-08 5.594285923393726989e-09 8.788443665252998471e-06 1.647350873099640012e-04 7.696479087729302115e-13 9.999998807907104492e-01 1.545844563466403088e-10 3.843668997287750244e-01 1.408775104209780693e-03 3.654121005346872009e-13 8.756060113079833229e-12 6.147506646811962128e-03 7.560919357274542563e-08 1.733271892589982599e-05 3.682506773475258122e-13
1.881450772955872708e-09 2.616198815745540696e-13 1.469553819415700676e-25 4.162504555990133304e-15 4.848624812439084053e-04 6.432149084190097454e-12 1.000000000000000000e+00 1.854508721864484255e-20 9.734793901443481445e-01 1.194325058306934030e-16 6.941243573302911807e-15 1.137953475117683411e-01 9.862411180696500912e-15 2.117941778111905138e-18 9.175754096422614192e-14 1.090270558279371471e-07 3.967652317804493123e-10 3.730996414597065325e-11 5.680540343746542931e-04
8.022069231117257004e-09 3.679937465861371493e-09 3.743873971690653280e-13 5.147863030433654785e-01 1.386326912324875593e-04 1.344721968052908778e-04 9.998165965080261230e-01 2.570589607842066471e-08 1.871772838057950139e-04 4.027215450008725384e-09 2.019637712277755348e-13 8.954322794352265191e-08 3.661288587863964494e-07 8.486505066684912890e-06 1.020503696054220200e-02 1.302225541621737648e-06 2.505274722352623940e-03 1.484453150624176487e-06 8.914391891323703021e-09
8.344072103500366211e-01 4.634395539760589600e-01 4.698850214481353760e-02 2.730922773480415344e-02 3.018001094460487366e-02 2.316813915967941284e-03 1.228739172220230103e-01 2.905958890914916992e-01 1.793355494737625122e-02 8.560194820165634155e-02 6.795049645006656647e-03 2.339124679565429688e-01 7.982020378112792969e-01 1.554256118834018707e-02 9.907815838232636452e-04 7.254441082477569580e-02 1.655768044292926788e-02 4.189591109752655029e-02 2.073477022349834442e-02
4.555558860301971436e-01 2.799504697322845459e-01 2.789134392514824867e-03 1.629454493522644043e-01 4.042390733957290649e-03 2.746504032984375954e-03 3.644616156816482544e-02 2.926276326179504395e-01 5.467010196298360825e-04 7.760297060012817383e-01 3.624027827754616737e-03 2.650060057640075684e-01 5.365664958953857422e-01 1.896230131387710571e-02 1.982783898711204529e-03 7.593973726034164429e-02 1.076426357030868530e-02 2.098215371370315552e-01 1.805977779440581799e-03
8.194993715733289719e-04 1.533152826596051455e-04 3.778166046686237678e-07 7.202134293038398027e-05 8.195929229259490967e-03 3.043498378247022629e-03 3.326036632061004639e-01 5.375154782086610794e-03 8.530099294148385525e-04 9.913427829742431641e-01 3.115558865829370916e-05 6.840938925743103027e-01 2.570864930748939514e-02 1.811533110185337136e-07 6.036172180756693706e-06 1.740248054265975952e-01 7.506676483899354935e-04 6.209372659213840961e-04 1.369140954921022058e-04
2.210915237665176392e-01 1.358676403760910034e-01 2.807288058102130890e-02 1.694950312376022339e-01 4.912107810378074646e-02 4.777266085147857666e-02 2.007960379123687744e-01 3.286999464035034180e-01 1.412511523813009262e-02 8.331474065780639648e-01 3.173366934061050415e-02 3.959687650203704834e-01 2.796157896518707275e-01 2.855903655290603638e-02 3.883018717169761658e-02 2.070953547954559326e-01 8.964865654706954956e-02 1.755908876657485962e-01 1.118750683963298798e-02
8.146584150381386280e-04 4.583738627843558788e-04 3.732939876499585807e-05 1.948016142705455422e-04 9.425090625882148743e-03 3.138594562187790871e-03 5.581926107406616211e-01 2.187887579202651978e-02 1.666196854785084724e-03 9.528168439865112305e-01 1.164714485639706254e-04 6.253766417503356934e-01 7.045818120241165161e-02 4.532494585873791948e-06 4.304236063035205007e-05 2.340703159570693970e-01 3.793242853134870529e-03 1.208208967000246048e-03 4.755845002364367247e-04
9.999580383300781250e-01 9.373919367790222168e-01 8.710164750916349341e-13 2.503549467292032205e-06 7.264867041278932902e-10 2.246710846878774426e-15 1.255968484770164650e-08 2.965596737340092659e-03 3.886561550565416356e-15 2.188052458222955465e-04 5.556290020095056015e-13 1.464391499757766724e-02 9.998621940612792969e-01 4.503091943774961692e-08 5.164153497846637187e-18 1.515856297373829875e-06 1.391063046002338766e-12 1.010856867651455104e-04 4.738290922817744999e-13
9.999711513519287109e-01 1.189037458971142769e-03 1.134358268927657267e-17 9.072137064204763984e-15 5.253536528471158817e-06 1.674858067176893811e-14 4.263878166675567627e-01 6.840623067994044959e-10 2.159833442419767380e-03 2.183889409934636205e-05 6.538632968400293066e-10 8.985977768898010254e-01 2.609054092317819595e-03 5.064131541959761064e-19 7.297435023763259980e-21 4.226082239711104194e-07 1.721080361560822780e-10 1.549623737705577153e-13 1.485949605703353882e-01
9.637619256973266602e-01 2.620696425437927246e-01 5.060267994849709794e-06 2.022559056058526039e-04 3.596299560740590096e-03 2.646781285875476897e-05 7.108076810836791992e-01 2.445016754791140556e-03 5.559604167938232422e-01 7.600554381497204304e-04 4.159215372055768967e-03 1.628779768943786621e-01 5.648062098771333694e-03 1.733536191750317812e-05 1.806116301850124728e-06 4.173308843746781349e-04 7.109398487955331802e-03 8.815088949631899595e-05 4.443627893924713135e-01
7.500385079522852435e-21 2.142387516237856220e-15 7.140706121035465858e-17 7.278705416169373166e-11 3.813191556674248861e-15 2.529083922196533248e-21 1.000000000000000000e+00 2.354294527322053909e-03 1.331249832592362736e-10 2.767029911865392933e-07 4.775175768716903926e-15 1.002035105557297356e-06 7.416021219341928372e-08 6.015166587047815483e-09 8.593826095193435322e-09 3.046452475246042013e-04 9.999685287475585938e-01 3.712091967145170202e-08 1.101121693825035663e-10
6.182460859417915344e-02 6.923124194145202637e-01 8.933787234127521515e-03 5.113831758499145508e-01 3.124674782156944275e-03 2.444954123347997665e-03 1.732007712125778198e-01 5.619208812713623047e-01 1.993014011532068253e-03 1.412795297801494598e-02 2.364549785852432251e-03 1.934926724061369896e-03 6.340079754590988159e-02 9.082736372947692871e-01 2.654521353542804718e-02 2.677967585623264313e-02 7.949372380971908569e-02 1.222366318106651306e-01 3.966264193877577782e-04
5.323913693428039551e-02 4.532702732831239700e-03 9.342621196992695332e-04 1.841070204973220825e-01 4.516582489013671875e-01 8.306549862027168274e-03 5.892378687858581543e-01 3.365491703152656555e-02 1.067700702697038651e-02 2.415265738964080811e-01 1.724921399727463722e-03 7.188795208930969238e-01 3.703106194734573364e-02 3.105431096628308296e-03 5.824232008308172226e-03 4.243947267532348633e-01 1.807145178318023682e-01 2.932002842426300049e-01 3.648100886493921280e-03
7.808129191398620605e-01 8.408384025096893311e-02 3.537250459194183350e-01 2.028702729148790240e-04 1.694793812930583954e-02 1.476316683692857623e-04 7.136795520782470703e-01 5.576555617153644562e-03 1.104001402854919434e-01 1.499259844422340393e-02 4.577315703500062227e-04 3.142774105072021484e-01 1.225112900137901306e-01 4.746501872432418168e-05 2.411629066045861691e-05 6.875763181596994400e-03 8.788495324552059174e-03 6.688456778647378087e-05 2.607999444007873535e-01
4.451721161603927612e-02 7.055363804101943970e-02 6.693096756935119629e-01 5.238314345479011536e-02 5.923216417431831360e-02 3.139128442853689194e-03 5.018363595008850098e-01 4.330476820468902588e-01 8.926110342144966125e-03 5.804358124732971191e-01 9.551713243126869202e-03 4.289782047271728516e-01 2.732660174369812012e-01 3.739275783300399780e-02 1.529340818524360657e-02 3.668451309204101562e-01 1.726050376892089844e-01 5.254449322819709778e-02 1.034851651638746262e-02
1.593589410185813904e-02 1.298468466848134995e-02 9.980112314224243164e-01 7.710459642112255096e-03 3.691828995943069458e-02 1.532800706627313048e-05 4.834707379341125488e-01 3.028618395328521729e-01 2.057400415651500225e-04 2.587630152702331543e-01 1.634684304008260369e-04 2.243815213441848755e-01 2.740437984466552734e-01 5.973140243440866470e-03 3.956377913709729910e-04 3.105744123458862305e-01 8.711419254541397095e-02 2.633931580930948257e-03 1.040283241309225559e-03
1.275030225515365601e-01 1.325709074735641479e-01 9.997307658195495605e-01 1.518560387194156647e-02 4.395580384880304337e-03 4.143726255279034376e-05 8.175671696662902832e-01 4.314350783824920654e-01 2.454391494393348694e-02 3.215536708012223244e-03 3.726506838575005531e-04 5.063876509666442871e-03 1.298745870590209961e-01 3.690982237458229065e-02 9.120572358369827271e-03 3.028739802539348602e-02 7.470632791519165039e-01 1.187427551485598087e-03 6.809580326080322266e-02
9.896809458732604980e-01 7.745764255523681641e-01 9.999867677688598633e-01 2.461168915033340454e-02 1.425473717972636223e-03 6.584920697605411988e-07 3.248550230637192726e-03 2.686705887317657471e-01 8.995797884381317999e-07 1.529711007606238127e-04 5.283591235638596117e-05 5.547030828893184662e-03 4.818085134029388428e-01 6.064018011093139648e-01 7.031578661553794518e-06 2.376388991251587868e-03 3.266157000325620174e-04 9.468740317970514297e-04 5.196747588342987001e-05
8.279552616841101553e-07 3.638150519691407681e-05 9.998737573623657227e-01 3.057529684156179428e-04 4.015438025817275047e-05 1.421444903826341033e-04 9.959050416946411133e-01 3.882517805323004723e-03 1.097484305500984192e-01 1.189452632388565689e-05 1.405565797085728263e-07 2.653028423083014786e-05 3.815710078924894333e-04 6.899616564624011517e-04 2.954606665298342705e-03 1.638516783714294434e-03 1.659220755100250244e-01 1.227735774591565132e-04 5.476123653352260590e-03
2.876454964280128479e-02 3.890952467918395996e-02 2.472553402185440063e-01 4.234669730067253113e-02 8.768565207719802856e-02 2.870725840330123901e-02 9.278219342231750488e-01 2.620398998260498047e-02 2.844569385051727295e-01 5.913652945309877396e-03 4.268378019332885742e-03 6.816806644201278687e-02 2.940957620739936829e-02 3.201428428292274475e-02 8.800917118787765503e-02 4.971522837877273560e-02 1.337504237890243530e-01 1.663675345480442047e-02 8.768777549266815186e-02
3.114029467105865479e-01 3.121899664402008057e-01 1.897002905607223511e-01 1.729400008916854858e-01 4.679296910762786865e-02 6.122025474905967712e-02 3.393756747245788574e-01 3.645509779453277588e-01 9.075579047203063965e-02 2.480484545230865479e-01 3.645206615328788757e-02 1.983954757452011108e-01 3.822780251502990723e-01 1.757812947034835815e-01 1.264109313488006592e-01 1.206144541501998901e-01 1.610228568315505981e-01 3.042342960834503174e-01 5.897082388401031494e-02
1.763438194757327437e-04 1.148489653132855892e-03 4.691443245974369347e-05 7.707006335258483887e-01 2.231438702438026667e-04 7.518816710216924548e-05 1.323709040880203247e-01 1.336668133735656738e-01 1.615678193047642708e-04 2.680350560694932938e-03 1.349674221273744479e-06 2.270472759846597910e-04 5.673259031027555466e-03 1.470314711332321167e-01 1.188819780945777893e-01 1.139097148552536964e-03 9.523672461509704590e-01 8.592150807380676270e-01 2.193639193137641996e-05
5.484439043357269838e-06 1.200548808810708579e-06 1.458792979747158824e-07 2.082058344967663288e-04 2.885296382009983063e-02 1.388647660860442556e-06 8.976799249649047852e-01 1.471669529564678669e-03 1.930300641106441617e-05 3.479327261447906494e-01 4.745430146613216493e-07 9.635198116302490234e-01 5.482162348926067352e-03 7.044466769912105519e-07 1.880703621282009408e-06 6.162853240966796875e-01 1.901066303253173828e-02 1.043314463458955288e-03 1.958139819180360064e-06
1.887947519207955338e-06 1.383316128311662396e-08 6.623608335664917315e-15 2.225765229013632052e-06 4.530717342277057469e-05 2.476912008830822742e-08 5.391573067754507065e-04 2.537053296691738069e-05 1.217677434578456896e-11 9.999996423721313477e-01 1.226425124650765142e-11 9.547934532165527344e-01 1.932499981194268912e-05 1.352836787905931093e-12 5.454400472948428558e-11 9.629649668931961060e-02 6.825140985711186659e-07 2.298291747138136998e-06 1.734917141589867318e-13
2.371734194457530975e-02 3.663699375465512276e-03 9.973664418794214725e-06 1.867548525333404541e-01 2.996755065396428108e-04 2.574014943093061447e-03 3.528050379827618599e-03 3.143576160073280334e-02 3.179837904099258594e-06 9.994280934333801270e-01 3.557622767402790487e-05 1.356855034828186035e-01 3.605057299137115479e-02 7.718428969383239746e-05 6.786048761568963528e-04 1.202389225363731384e-02 1.545417821034789085e-03 7.417902816087007523e-03 1.587551082593563478e-06
6.424478292465209961e-01 6.140354871749877930e-01 9.770298004150390625e-01 8.902021646499633789e-01 1.941057853400707245e-02 1.634257263503968716e-03 1.025513466447591782e-02 1.968089193105697632e-01 9.274636977352201939e-05 1.576466113328933716e-02 1.113709527999162674e-02 1.208406593650579453e-02 3.143877089023590088e-01 8.041625618934631348e-01 1.037181261926889420e-02 9.657141566276550293e-02 3.739677835255861282e-03 1.059652194380760193e-01 7.408416131511330605e-04
9.998109936714172363e-01 9.995903372764587402e-01 2.719051925888921195e-13 1.894520537462085485e-04 2.381496244652225869e-08 4.770474380105804713e-13 1.302488893270492554e-01 8.888701349496841431e-02 1.115063577890396118e-02 7.123886203164175868e-11 8.476561633870005608e-04 8.752603207540232688e-06 3.185067498634452932e-06 1.826235893531702459e-05 3.789962186315568027e-14 2.089615591671645234e-08 5.437220897874794900e-05 6.333291668880747238e-10 1.551771049435046734e-07
1.897572539746761322e-02 6.760896067135035992e-04 7.256964445114135742e-01 1.908180420286953449e-03 2.433183835819363594e-03 1.161381951533257961e-04 1.201003231108188629e-02 5.332207307219505310e-02 1.828886183830036316e-06 9.974591135978698730e-01 4.528104182099923491e-05 3.964629173278808594e-01 1.927342414855957031e-01 6.532208499265834689e-05 8.110139606287702918e-05 1.363808512687683105e-01 1.064927666448056698e-03 1.104577723890542984e-02 4.879308562522055581e-06
1.453431099653244019e-01 2.865915000438690186e-01 9.273945093154907227e-01 2.701293230056762695e-01 4.834447056055068970e-02 1.268802769482135773e-02 5.662837624549865723e-01 5.177027583122253418e-01 7.282862812280654907e-02 9.588783234357833862e-02 3.085358068346977234e-02 6.140553951263427734e-02 2.432627975940704346e-01 3.394488096237182617e-01 1.836993545293807983e-01 1.730369925498962402e-01 4.538097679615020752e-01 1.443326026201248169e-01 7.133263349533081055e-02
1.650305239309091121e-05 1.694254251560778357e-06 2.783539621020736377e-08 4.636979429051280022e-05 4.411201924085617065e-02 2.072195684377220459e-06 8.020920157432556152e-01 7.348186336457729340e-04 2.010032585531007499e-05 5.781176686286926270e-01 3.569925581814459292e-07 9.793879985809326172e-01 5.650751292705535889e-03 8.829398012721867417e-08 2.187719871926674386e-07 5.911571979522705078e-01 4.862183704972267151e-03 4.601468681357800961e-04 1.229932536261912901e-06
3.114029467105865479e-01 3.121899664402008057e-01 1.897002905607223511e-01 1.729400008916854858e-01 4.679296910762786865e-02 6.122025474905967712e-02 3.393756747245788574e-01 3.645509779453277588e-01 9.075579047203063965e-02 2.480484545230865479e-01 3.645206615328788757e-02 1.983954757452011108e-01 3.822780251502990723e-01 1.757812947034835815e-01 1.264109313488006592e-01 1.206144541501998901e-01 1.610228568315505981e-01 3.042342960834503174e-01 5.897082388401031494e-02
5.782482912763953209e-04 7.299042772501707077e-05 6.522545590996742249e-03 4.785624914802610874e-04 2.081879647448658943e-03 1.069380232365801930e-04 6.948606669902801514e-02 3.582939505577087402e-02 6.709344233968295157e-06 9.988678693771362305e-01 8.636562597530428320e-06 6.963527798652648926e-01 1.960395649075508118e-02 6.035118076397338882e-06 3.044408003916032612e-05 2.575469017028808594e-01 2.153581008315086365e-03 3.489343682304024696e-03 1.956846062967088073e-06
4.269208759069442749e-02 8.527990430593490601e-03 2.460045216139405966e-04 2.216508425772190094e-02 3.669124096632003784e-03 3.599531948566436768e-03 2.916247211396694183e-02 1.012603864073753357e-01 1.523845421615988016e-04 9.932206869125366211e-01 1.101740752346813679e-03 3.805461227893829346e-01 8.358731120824813843e-02 2.981542493216693401e-04 9.520089370198547840e-04 1.167757734656333923e-01 7.723841350525617599e-03 3.316751867532730103e-02 9.471517114434391260e-05
8.734285074751824141e-05 1.951106696651550010e-06 1.133127014441015490e-07 3.914080662070773542e-05 2.333181146241258830e-05 3.526121872710064054e-06 1.590664614923298359e-03 3.501719329506158829e-03 9.692792346527312475e-09 9.999960660934448242e-01 7.933589785125150229e-08 5.728400349617004395e-01 2.110544359311461449e-03 5.466206154380870430e-09 1.528272690620724461e-07 7.450315356254577637e-02 3.960103276767767966e-05 4.153634654358029366e-04 1.228325108293404355e-09
9.999291896820068359e-01 3.995292782783508301e-01 1.775969735717808362e-07 4.719510980066843331e-05 2.543425746262073517e-02 4.212103443812509340e-10 3.385192248970270157e-03 2.938076620921492577e-03 1.349671236994254286e-07 2.383674109296407551e-05 9.726742433713297942e-08 6.461213827133178711e-01 5.270324349403381348e-01 2.725703325268113986e-06 7.430788623308259844e-12 5.866812425665557384e-04 4.496210294746560976e-06 2.801478785841027275e-06 1.267270164362344076e-07
9.999995231628417969e-01 4.499363548404744506e-09 1.753364310254206256e-27 1.995187827793178559e-16 9.395101666450500488e-01 1.843996370654695682e-29 1.542474346933886409e-04 6.641445155468198372e-15 1.687910911425253223e-21 2.467823945195846136e-09 5.046741092417883367e-25 9.999984502792358398e-01 8.413298360210319515e-07 6.895751239867179743e-28 0.000000000000000000e+00 2.407136889814864844e-05 5.305426020303343677e-18 3.108077643422126964e-19 4.124033546040820942e-23
9.999759197235107422e-01 2.266150563955307007e-01 5.368189226473418785e-11 6.125145546320709400e-08 3.310174179205205292e-06 5.185362061336639544e-15 3.907704808625567239e-07 1.294359244639053941e-04 5.077714507542574474e-14 2.056799530691932887e-05 2.250564643500874151e-13 4.812294542789459229e-01 9.998826980590820312e-01 1.838560137468192579e-10 1.132352273224154920e-17 1.079203684639651328e-05 3.088783395721605984e-11 2.293247234774753451e-06 1.562737786398038509e-12
9.999606609344482422e-01 6.422719955444335938e-01 5.351812243461608887e-01 6.850056052207946777e-01 5.746665596961975098e-02 5.964267968394665331e-10 9.297590440837666392e-05 1.522994367405772209e-03 7.851464478569880612e-10 6.657829203504661564e-07 9.164671610051300377e-06 1.787647046148777008e-02 4.020960256457328796e-02 1.346517950296401978e-01 2.228447204544181659e-09 3.681581874843686819e-04 1.865046669990988448e-06 3.689712684717960656e-06 4.865995251179811021e-08
8.519963739672675729e-05 2.208975143730640411e-03 1.464558323505116277e-07 1.000000000000000000e+00 1.188793476103455760e-06 1.029582730183165040e-08 5.847402917424915358e-06 1.577782258391380310e-02 8.617674716188128414e-13 3.559862591373530449e-07 4.648231127259150330e-13 2.197089081848457859e-13 1.700813118077348918e-05 9.997373223304748535e-01 1.427660754416137934e-04 1.057102053891867399e-06 8.154995884979143739e-05 1.285895407199859619e-01 9.025782508539914595e-14
2.963368897326290607e-04 6.994586783548584208e-06 4.868896397169919510e-10 1.905034005176275969e-04 6.587251277778705116e-07 4.051064479426713660e-06 3.637536428868770599e-05 2.088494831696152687e-03 3.093761080652512874e-10 9.999994039535522461e-01 3.907871715114197286e-08 1.770390570163726807e-01 1.430790871381759644e-03 4.101251782628878573e-09 7.772412402573536383e-08 6.287023890763521194e-03 6.264126113819656894e-06 1.563831028761342168e-04 8.286691471903750994e-11
3.860271317535080016e-05 8.949719631345942616e-05 1.881930984382051975e-06 9.765643626451492310e-04 1.951133017428219318e-03 2.303900328115560114e-05 6.352697014808654785e-01 7.935848087072372437e-02 6.654820026597008109e-05 9.712426066398620605e-01 2.131586370524019003e-05 8.301545381546020508e-01 8.502732031047344208e-03 2.860899985535070300e-05 1.130636810557916760e-04 4.365021884441375732e-01 6.583868712186813354e-02 5.298945587128400803e-03 1.529602741356939077e-05
1.473255339078605175e-03 6.932732649147510529e-04 1.151247229427099228e-02 3.059896174818277359e-03 4.534420091658830643e-03 3.330135659780353308e-04 1.681882292032241821e-01 1.224954500794410706e-01 1.037270340020768344e-04 9.916275739669799805e-01 1.327259087702259421e-04 6.461584568023681641e-01 3.979604318737983704e-02 1.822143531171604991e-04 4.866773961111903191e-04 3.340517282485961914e-01 1.990313641726970673e-02 1.448101084679365158e-02 4.182968768873251975e-05
7.348013576120138168e-03 3.420422784984111786e-03 8.377004861831665039e-01 3.454416873864829540e-04 2.515402249991893768e-02 4.912750227958895266e-05 4.143286049365997314e-01 9.994818270206451416e-02 1.826237858040258288e-04 6.135065555572509766e-01 8.607966447016224265e-05 5.558528304100036621e-01 3.230915069580078125e-01 2.266531664645299315e-04 2.555322680564131588e-05 3.140785694122314453e-01 7.495298981666564941e-03 1.018874580040574074e-03 3.741938562598079443e-04
8.399751186370849609e-01 5.809032917022705078e-01 9.926108717918395996e-01 9.184646606445312500e-01 1.362327020615339279e-02 3.060504386667162180e-04 3.001981414854526520e-03 1.202068477869033813e-01 8.711457667232025415e-06 8.445997722446918488e-03 3.457089653238654137e-03 1.034201309084892273e-02 4.697670042514801025e-01 7.557816505432128906e-01 3.477219259366393089e-03 6.605825573205947876e-02 8.249198435805737972e-04 8.429849892854690552e-02 2.094129449687898159e-04
3.190605714917182922e-02 8.069822937250137329e-02 9.999904632568359375e-01 9.908858537673950195e-01 1.675280276685953140e-03 6.714255141559988260e-05 6.373553071171045303e-03 5.018306896090507507e-02 9.326029157818993554e-07 1.594431349076330662e-03 8.833585307002067566e-04 2.010243224503938109e-05 1.921897828578948975e-01 8.085942864418029785e-01 2.269960939884185791e-01 4.329442232847213745e-02 1.586363883689045906e-03 3.399294018745422363e-01 5.718028478440828621e-05
1.933697727508842945e-03 3.257694188505411148e-03 2.979785669595003128e-03 7.828215956687927246e-01 5.397342611104249954e-04 5.010138824582099915e-02 1.197545900940895081e-01 9.868633002042770386e-02 7.043422083370387554e-04 2.271046303212642670e-02 5.422792582976398990e-06 8.717177843209356070e-05 1.520196534693241119e-02 1.774114221334457397e-01 7.500209808349609375e-01 6.920369341969490051e-04 2.767088711261749268e-01 5.071224570274353027e-01 3.028394894499797374e-05
1.832169890403747559e-01 3.247936666011810303e-01 7.661576271057128906e-01 9.114254713058471680e-01 6.751500070095062256e-02 3.120615519583225250e-02 1.152658239006996155e-01 3.046094477176666260e-01 5.991889163851737976e-03 6.040358170866966248e-02 2.924162708222866058e-02 8.218212053179740906e-03 1.655828058719635010e-01 6.762039065361022949e-01 2.266019880771636963e-01 1.491557359695434570e-01 8.046862483024597168e-02 3.511906564235687256e-01 1.077476423233747482e-02
7.476677419617772102e-04 1.008850405924022198e-03 2.553715057729277760e-05 2.056509256362915039e-03 1.335574500262737274e-02 2.603846951387822628e-04 6.582041978836059570e-01 9.222464263439178467e-02 9.883906459435820580e-04 8.761693239212036133e-01 3.524226485751569271e-04 7.896258234977722168e-01 4.594786465167999268e-02 9.793537174118682742e-05 2.670781395863741636e-04 4.047670960426330566e-01 6.964910030364990234e-02 9.201184846460819244e-03 3.083239716943353415e-04
6.054445139680453281e-11 1.368439642167090711e-15 8.233687173837508775e-31 6.667895036116533447e-08 4.534348047454975731e-21 1.125527533553502459e-15 2.347948065915930792e-16 1.618771783284955745e-09 9.955728328371229353e-32 1.000000000000000000e+00 6.150695722935192392e-25 5.973359802737832069e-04 2.241906438271712432e-09 6.431700796364626638e-25 1.166295906248785733e-20 4.981425050232246576e-09 5.323411160207900392e-17 2.020802362251439277e-12 1.195792419930302137e-32
6.851739287376403809e-01 2.760876901447772980e-02 4.294149111956357956e-03 7.257568091154098511e-02 7.069693505764007568e-02 5.915318056941032410e-02 7.036000490188598633e-01 8.753625676035881042e-03 1.461143493652343750e-01 3.924483899027109146e-03 1.111682504415512085e-03 6.220796704292297363e-02 1.364294905215501785e-02 1.248683501034975052e-02 1.736163944005966187e-01 2.384336898103356361e-03 7.835718989372253418e-02 8.090552873909473419e-03 5.251099541783332825e-02
6.257617380470037460e-03 2.421633712947368622e-02 8.564700838178396225e-04 1.140412222594022751e-02 1.048340648412704468e-02 5.745840608142316341e-04 7.075121998786926270e-01 4.562134146690368652e-01 5.853694863617420197e-03 6.555957198143005371e-01 8.319672197103500366e-03 5.780303478240966797e-01 1.544161736965179443e-01 5.771232303231954575e-03 6.877999287098646164e-03 3.419308960437774658e-01 3.823063969612121582e-01 3.452248126268386841e-02 4.352886229753494263e-03
1.631815793601276710e-10 1.637391111586339321e-09 2.398543030857069880e-10 1.145213842391967773e-03 6.612245329051802400e-08 6.950066910871299797e-11 9.999502897262573242e-01 1.108989672502502799e-04 2.823973943577584578e-07 1.075346958145928511e-07 5.094074901484946238e-12 2.082088258248404600e-06 4.122289101360365748e-05 1.058436100720427930e-05 1.178448088467121124e-03 1.505911950516747311e-05 9.943226575851440430e-01 8.595376925768505316e-07 1.043811792555970897e-07
1.088682547560892999e-04 1.777446246705949306e-03 9.998787641525268555e-01 5.514443619176745415e-04 4.111688176635652781e-04 3.846769928932189941e-01 6.593336462974548340e-01 2.080439822748303413e-03 3.482185304164886475e-01 3.333426429890096188e-04 1.071944097930099815e-06 1.001225100480951369e-04 7.379407179541885853e-04 1.128075644373893738e-03 8.378491736948490143e-03 2.019195351749658585e-03 3.857238590717315674e-02 4.756325506605207920e-04 7.336201518774032593e-02
4.632253199815750122e-02 1.015150770545005798e-01 9.751001596450805664e-01 1.453263908624649048e-01 4.249966144561767578e-02 2.708366811275482178e-01 4.985298216342926025e-01 1.679633259773254395e-01 2.163210660219192505e-01 3.864255920052528381e-02 3.741314401850104332e-03 1.974141411483287811e-02 8.014895766973495483e-02 1.323391944169998169e-01 2.250891476869583130e-01 5.736644938588142395e-02 2.062274664640426636e-01 4.243376478552818298e-02 9.897260367870330811e-02
5.783417820930480957e-01 4.197555780410766602e-02 3.619898110628128052e-02 2.146009951829910278e-01 6.478530764579772949e-01 3.850216977298259735e-03 6.242876648902893066e-01 1.655671000480651855e-02 3.034174442291259766e-02 7.009272929280996323e-03 3.930240403860807419e-03 4.626164734363555908e-01 3.628168627619743347e-02 7.440899964421987534e-03 2.036515250802040100e-02 1.457134038209915161e-01 1.391225457191467285e-01 1.445123273879289627e-02 7.520251441746950150e-03
9.994987249374389648e-01 3.295702934265136719e-01 1.903068721294403076e-01 1.565645507071167231e-04 4.461001232266426086e-02 1.536359661713504465e-07 9.928542375564575195e-02 1.804390549659729004e-02 2.810443984344601631e-04 5.860797318746335804e-05 5.401273301686160266e-05 3.169474601745605469e-01 3.362179398536682129e-01 2.648053050506860018e-04 1.865066536765880301e-07 1.781051512807607651e-03 1.231487374752759933e-03 2.162185955967288464e-05 2.154964720830321312e-03
8.708544919500127435e-05 4.323470348026603460e-04 1.299140876653837040e-05 1.954958774149417877e-03 1.166935311630368233e-03 4.403027196531184018e-05 6.378782391548156738e-01 2.301287502050399780e-01 2.058299141936004162e-04 9.645490646362304688e-01 1.341288589173927903e-04 7.134414911270141602e-01 1.574990153312683105e-02 2.005971327889710665e-04 6.184614030644297600e-04 3.943539857864379883e-01 1.536274701356887817e-01 1.279762573540210724e-02 6.246132397791370749e-05
9.959555864334106445e-01 1.132179750129580498e-04 2.105927654483252809e-09 4.788156657014042139e-04 3.523468505591154099e-03 2.258738641103263944e-05 9.169251322746276855e-01 7.478412840100645553e-07 1.546937692910432816e-02 9.287946056701912312e-08 4.155847577180793451e-08 3.517092205584049225e-03 5.137847438163589686e-06 2.283751427967217751e-06 9.356648079119622707e-04 1.016139350440425915e-07 1.056162407621741295e-03 3.452380781254760223e-07 1.756876707077026367e-03
4.657871127128601074e-01 3.803981244564056396e-01 9.893799424171447754e-01 1.395400762557983398e-01 8.665749430656433105e-02 9.644194506108760834e-03 4.789062440395355225e-01 5.040434002876281738e-01 5.546041578054428101e-02 9.305180609226226807e-02 1.595887541770935059e-02 8.970813453197479248e-02 3.572877049446105957e-01 1.617628782987594604e-01 4.190362617373466492e-02 1.461381167173385620e-01 2.948697209358215332e-01 3.431316092610359192e-02 8.496507257223129272e-02
6.956608444852463435e-07 1.893153785204049200e-05 4.815761437087888452e-14 9.974544644355773926e-01 1.025213350658304989e-04 1.711916580715566738e-10 2.227735370397567749e-01 2.138264244422316551e-05 1.242344893626068369e-08 3.338421583175659180e-01 9.642423665079391526e-11 1.635080762207508087e-02 3.530389221850782633e-05 2.440590151309152134e-06 2.220251360540714813e-08 2.134822495281696320e-02 2.139540447387844324e-04 6.696160514962912202e-09 4.111264453876550817e-11
2.305300221550066198e-11 2.327545530375857256e-15 1.909324576406729106e-26 5.499817181536803545e-13 6.418089258837522681e-13 6.962515281113898502e-14 6.278305875184742035e-09 2.597019665984134917e-08 5.720310576663993170e-21 1.000000000000000000e+00 6.603257460449229860e-20 5.706618428230285645e-01 3.367896539430148550e-08 2.100932425323275554e-24 1.949649678827141028e-20 5.090982886031270027e-04 2.386746941578088421e-13 6.221403253681145884e-11 5.251046699146875925e-24
7.512577212764881551e-06 4.923727647820896891e-09 2.669822349310457810e-11 1.319443072134163231e-05 2.899264509026444614e-11 4.680168697035469449e-09 9.449531823690904275e-09 7.604451093357056379e-05 1.030338751799562437e-16 1.000000000000000000e+00 4.050656836861177279e-13 2.753256261348724365e-02 1.310972875216975808e-04 2.037960322416945691e-13 2.256773934394828984e-11 6.672924791928380728e-05 1.640861335694410172e-09 1.847730572990258224e-06 5.966214868584083304e-17
6.849057972431182861e-02 6.307780276983976364e-03 9.992062449455261230e-01 5.191347561776638031e-03 2.965103462338447571e-02 9.600038174539804459e-05 7.539069652557373047e-02 1.413428932428359985e-01 1.692175283096730709e-05 8.781467080116271973e-01 6.420665886253118515e-05 2.459314614534378052e-01 3.782866597175598145e-01 1.605238998308777809e-03 2.997014671564102173e-04 1.992428004741668701e-01 6.879358086735010147e-03 5.439999513328075409e-03 1.099891524063423276e-04
2.001185156404972076e-02 9.414247423410415649e-02 9.999992847442626953e-01 1.727799326181411743e-02 7.372588384896516800e-03 6.352354830596596003e-06 9.868068993091583252e-02 3.629332780838012695e-01 1.251547473657410592e-05 4.096692427992820740e-02 2.060211409116163850e-05 2.048061694949865341e-03 1.382334977388381958e-01 2.461356967687606812e-01 1.613708795048296452e-03 1.697234660387039185e-01 3.879477083683013916e-02 7.073851302266120911e-04 3.580563352443277836e-04
9.995092153549194336e-01 7.163372039794921875e-01 9.168753422272857279e-06 3.588449544622562826e-05 1.048903795890510082e-04 7.465164486575304181e-09 9.811588097363710403e-04 5.974163115024566650e-02 5.881081051484216005e-06 7.019540498731657863e-05 5.431040790426777676e-07 4.910772666335105896e-02 9.920265078544616699e-01 2.381949525442905724e-05 2.171727381261590040e-10 5.371685838326811790e-04 3.550346036718110554e-06 1.809292152756825089e-04 4.128278305870480835e-06
6.632925868034362793e-01 4.799650311470031738e-01 8.904159185476601124e-04 2.654965594410896301e-02 5.142892897129058838e-02 8.574090898036956787e-04 6.547799110412597656e-01 1.903101205825805664e-01 2.941947877407073975e-01 8.949073962867259979e-03 2.556151747703552246e-01 1.981593817472457886e-01 1.017809286713600159e-01 1.102935057133436203e-02 3.357506822794675827e-03 4.035903885960578918e-02 2.606468200683593750e-01 9.024359285831451416e-03 1.724602878093719482e-01
7.732764631509780884e-02 1.391597907058894634e-03 1.317727612331509590e-03 7.860662937164306641e-01 5.481843948364257812e-01 2.186127752065658569e-02 5.531519055366516113e-01 3.713933750987052917e-03 2.054529637098312378e-02 1.673854142427444458e-02 1.873636938398703933e-04 2.901944816112518311e-01 1.362381502985954285e-02 8.637366117909550667e-04 2.299111336469650269e-02 1.564000397920608521e-01 1.305508613586425781e-01 4.430406168103218079e-02 7.814579876139760017e-04
8.139186684275045991e-05 6.241440132725983858e-05 2.691767804208211601e-07 6.520262104459106922e-04 1.705729053355753422e-03 1.701143992249853909e-05 2.204750478267669678e-01 2.562500163912773132e-02 1.120506203733384609e-05 9.959757924079895020e-01 5.910858817514963448e-06 8.367002010345458984e-01 4.484523087739944458e-03 4.363150310382479802e-06 2.232924634881783277e-05 3.559045195579528809e-01 1.212017517536878586e-02 2.779205329716205597e-03 1.567422373227600474e-06
9.905568361282348633e-01 6.456336379051208496e-02 5.422749893568834523e-08 1.986301185752381571e-06 3.875847614835947752e-04 8.022927886486286297e-07 7.180858254432678223e-01 4.523279130808077753e-05 5.227269530296325684e-01 7.310424552997574210e-05 1.068650453817099333e-04 1.286930292844772339e-01 9.446884505450725555e-04 5.346340259393400629e-08 5.884034592895659443e-09 2.271674202347639948e-05 4.706220352090895176e-04 2.242387836304260418e-06 7.490583062171936035e-01
9.899309873580932617e-01 7.234244048595428467e-02 9.999972581863403320e-01 2.412265894236043096e-04 3.936160728335380554e-02 3.597560294110735413e-08 1.064442750066518784e-02 2.793321385979652405e-02 6.582573064406460617e-08 1.938937976956367493e-02 1.334331727775861509e-06 2.860955893993377686e-01 9.483766555786132812e-01 4.692895454354584217e-04 1.308855104298345395e-07 1.784512773156166077e-02 9.627320105209946632e-05 1.275680551771074533e-04 5.920594776398502290e-05
7.233051657676696777e-01 1.654076874256134033e-01 5.308921933174133301e-01 4.060707390308380127e-01 5.444530248641967773e-01 1.138963829725980759e-02 3.657296001911163330e-01 8.585100620985031128e-02 1.801185309886932373e-02 2.724760770797729492e-02 2.095726877450942993e-02 3.560254573822021484e-01 1.256393790245056152e-01 6.398673355579376221e-02 4.161155968904495239e-02 1.758122444152832031e-01 1.038993373513221741e-01 4.281102493405342102e-02 1.388456299901008606e-02
3.143399371765553951e-04 1.134394460677867755e-05 2.341987965337466449e-06 9.205233072862029076e-05 4.768334747495828196e-06 9.038641110237222165e-06 2.378365752520039678e-04 6.865640636533498764e-03 7.500673859794915188e-09 9.999963045120239258e-01 5.536145977202977519e-07 2.754390835762023926e-01 4.904150962829589844e-03 5.548635684249347833e-08 5.072565159025543835e-07 3.140764310956001282e-02 3.299585659988224506e-05 6.621143547818064690e-04 2.212602989715151125e-09
7.487836847959450370e-13 9.840080139600360098e-13 3.396578595541074883e-19 6.085264236954657235e-11 1.335103494426448378e-08 1.831970339316590923e-12 9.513038396835327148e-02 4.192985215922817588e-05 2.254462458731176788e-12 9.999998807907104492e-01 2.276184882937792864e-14 9.843916893005371094e-01 4.857946578340488486e-07 2.812345790648921717e-16 4.516910595011268403e-14 2.593306601047515869e-01 6.443000074796145782e-06 5.956963633479972486e-08 4.933620481280872466e-15
1.980412707780487835e-05 5.123634991832659580e-07 2.203024741798120800e-11 2.009316403928096406e-06 1.222300488734617829e-04 1.103952399716945365e-05 1.026812288910150528e-02 4.137223295401781797e-04 1.453348232871576329e-07 9.999889135360717773e-01 2.108363972297411237e-08 7.482376694679260254e-01 9.176202584058046341e-04 4.151143664921086440e-11 5.358149479661733494e-09 7.014218717813491821e-02 9.485472219239454716e-06 2.479496652085799724e-05 4.704046041581477766e-09
9.940631985664367676e-01 6.306551694869995117e-01 4.286279901862144470e-03 3.143040537834167480e-01 6.178928166627883911e-02 1.529521068732719868e-05 1.634734123945236206e-02 9.464525431394577026e-02 7.578860822832211852e-05 1.826083753257989883e-03 2.512487582862377167e-03 1.641575545072555542e-01 2.861747443675994873e-01 4.120652750134468079e-02 2.003122608584817499e-05 1.031162403523921967e-02 2.519802190363407135e-03 1.998584717512130737e-03 1.331042440142482519e-04
9.999097585678100586e-01 3.227328956127166748e-01 1.000000000000000000e+00 6.103114628785988316e-06 3.438173152972012758e-04 1.235188687442878575e-11 1.463958062231540680e-03 6.953984498977661133e-02 1.918467606998319752e-09 1.434631258234730922e-06 3.520808089518823181e-10 2.978348929900676012e-04 8.464568853378295898e-01 2.158213639631867409e-03 8.412453372796946383e-11 6.759424286428838968e-05 1.941995833476539701e-05 3.022418013642891310e-07 1.196376251755282283e-05
1.615429064258933067e-03 2.089292975142598152e-04 4.965779112353629898e-07 5.004839622415602207e-04 6.855256506241858006e-04 2.364024476264603436e-05 3.334403410553932190e-02 2.559416182339191437e-02 3.929535978386411443e-06 9.986180067062377930e-01 1.619316935830283910e-05 6.553131937980651855e-01 2.690759859979152679e-02 1.135699108090193477e-06 5.914270332141313702e-06 1.784346252679824829e-01 2.395775401964783669e-03 5.449915304780006409e-03 1.658889459577039815e-06
9.680776298046112061e-02 9.819879096539807506e-07 1.179638255566911598e-13 3.360458549650502391e-06 9.576661586761474609e-01 9.135625589351548115e-10 9.977331161499023438e-01 2.990430125748844148e-11 3.208673596382141113e-01 1.136092331321947313e-10 1.040690335685212631e-06 9.090358018875122070e-01 1.357487011688363054e-08 8.063541501179827264e-11 4.673576636804455120e-09 3.538486314937472343e-03 6.442433368647471070e-05 1.011650780924355786e-07 3.069920348934829235e-04
3.301946679130196571e-03 8.627192378044128418e-01 9.999998807907104492e-01 3.999139964580535889e-01 3.630157607403816655e-06 1.102417712672831840e-07 1.673765014857053757e-03 1.575340926647186279e-01 5.927323076804213997e-09 2.506153123249532655e-06 1.063423133018659428e-05 1.236683289107531891e-07 1.262223580852150917e-03 9.987751841545104980e-01 1.046610996127128601e-03 1.476918696425855160e-03 1.471778086852282286e-04 2.774748427327722311e-04 2.974963706492417259e-07
9.999908208847045898e-01 2.783199073746800423e-03 2.932604896768720160e-12 1.000000000000000000e+00 2.102161645889282227e-01 7.195785444282301602e-15 3.561715899991213519e-08 5.711114781092874182e-08 2.151959708519834980e-14 1.347063571799367310e-09 7.852059974444713930e-11 2.771017307168222032e-06 1.320057253906270489e-05 7.346148777287453413e-05 6.548124022176526893e-12 4.132046160520985723e-05 1.519103705049928976e-07 1.778677574150455687e-12 1.028855684459192843e-13
3.664638654754526215e-07 2.040256141810914414e-08 3.026043304821257607e-11 6.463617076464533984e-13 4.061904701480045787e-10 3.555627763271331787e-01 6.780984401702880859e-01 3.539952890280889664e-13 7.648583054542541504e-01 1.769797819406448980e-08 1.164777096388652788e-13 8.199600642910809256e-07 6.932247137436675644e-11 1.068313325173000927e-13 3.265768766524956845e-10 4.814216733595166886e-11 9.331325401262802188e-08 1.178538724388999981e-07 9.988273978233337402e-01
5.584155360338627361e-10 9.974058048101142049e-05 7.857542394518191031e-11 2.571106233517639339e-05 1.598922381162992679e-06 3.089719484705710784e-07 9.999985694885253906e-01 3.382381692063063383e-05 1.918378099799156189e-02 8.917134408648053068e-08 1.789110370964408503e-07 8.278018867713399231e-06 2.406496605544816703e-05 2.280114451423287392e-03 2.432272885926067829e-04 1.854736910900101066e-04 4.124795086681842804e-03 4.808896846952848136e-06 5.993706145090982318e-05
9.997319579124450684e-01 4.371095001697540283e-01 1.000000000000000000e+00 2.405631494184490293e-05 6.411469075828790665e-04 3.850291752094392450e-10 2.835658844560384750e-03 1.095109507441520691e-01 4.872979886272332806e-08 9.522733307676389813e-06 9.167625769634923927e-09 1.754855737090110779e-03 8.632754087448120117e-01 3.459099447354674339e-03 8.913929039344736793e-10 2.421499375486746430e-04 5.274801151244901121e-05 2.782741148621425964e-06 5.326038808561861515e-05
3.875288069248199463e-01 5.219781026244163513e-02 8.576428294181823730e-01 6.881873011589050293e-01 1.496034022420644760e-02 9.676712565124034882e-03 2.253050915896892548e-02 1.347684562206268311e-01 1.140672320616431534e-04 8.945350646972656250e-01 1.042080693878233433e-03 1.031662747263908386e-01 4.009870886802673340e-01 3.726660460233688354e-02 3.193974867463111877e-02 3.630336746573448181e-02 1.192487776279449463e-02 1.183592379093170166e-01 3.136089653708040714e-04
7.155378261813893914e-05 1.705706119537353516e-03 4.906383156776428223e-01 2.944999374449253082e-02 2.086846216116100550e-04 3.053442696909769438e-06 9.502583742141723633e-01 2.821495831012725830e-01 1.000540610402822495e-02 1.946364296600222588e-03 2.786078257486224174e-04 1.508127781562507153e-03 1.784123480319976807e-02 6.964387744665145874e-02 1.365108136087656021e-02 3.277511894702911377e-02 8.877756595611572266e-01 5.741809308528900146e-02 3.312277840450406075e-03
8.050749450922012329e-02 1.448205672204494476e-02 2.112339825544040650e-05 7.854222349124029279e-05 3.475929261185228825e-04 4.088933579623699188e-03 8.818237185478210449e-01 3.167085233144462109e-04 5.806199908256530762e-01 2.276087179780006409e-03 2.816401247400790453e-04 2.932335995137691498e-02 7.728352793492376804e-04 1.989332122320774943e-05 1.028120095725171268e-04 2.384600666118785739e-04 8.210946805775165558e-03 1.760046696290373802e-03 8.858613967895507812e-01
2.558183332439512014e-04 2.789908612612634897e-04 9.704110026359558105e-01 2.682949116206145845e-06 2.057994483038783073e-03 4.718745549325831234e-05 8.999179005622863770e-01 6.398343946784734726e-03 3.943582065403461456e-03 5.897092819213867188e-02 1.222039372805738822e-06 1.014093086123466492e-01 1.011836007237434387e-01 2.420202690700534731e-06 2.853803152902401052e-06 7.028923183679580688e-02 4.574737045913934708e-03 8.605764378444291651e-06 2.102669328451156616e-03
9.958190321922302246e-01 3.040890097618103027e-01 9.955134987831115723e-01 3.797590136528015137e-01 4.889409989118576050e-02 6.098721314629074186e-06 3.681890433654189110e-03 3.901966661214828491e-02 1.009443508337426465e-06 9.033879032358527184e-04 1.386658695992082357e-04 3.996290639042854309e-02 5.013900995254516602e-01 1.221351996064186096e-01 1.515030744485557079e-04 6.340576801449060440e-03 3.240027872379869223e-04 5.998393520712852478e-03 7.929562707431614399e-05
4.438738822937011719e-01 9.138829112052917480e-01 5.767237354348253575e-08 6.162108108401298523e-02 8.243556948173136334e-08 1.936087201670488867e-08 1.346556819044053555e-04 6.011474132537841797e-01 4.356418781270576801e-09 6.652388721704483032e-02 1.802573308395949425e-07 1.828053384087979794e-03 4.797366559505462646e-01 8.609983325004577637e-02 5.517998857840211713e-08 8.532496867701411247e-04 3.995659062638878822e-05 4.645526781678199768e-02 3.542979909454402332e-09
9.806806445121765137e-01 1.339760608971118927e-02 1.264187744709488470e-06 7.093789754435420036e-04 4.033899307250976562e-02 5.284060171106830239e-05 8.288874030113220215e-01 1.430169213563203812e-04 8.751452714204788208e-02 1.040336210280656815e-04 1.418769097654148936e-04 2.346906512975692749e-01 1.061448478139936924e-03 1.410739241691771895e-05 7.109170110197737813e-05 2.511685888748615980e-04 3.721124958246946335e-03 2.154777757823467255e-05 5.029844120144844055e-02
9.999749660491943359e-01 4.079119563102722168e-01 2.570698427462048130e-07 2.624741755425930023e-04 6.051850505173206329e-04 2.497860529526718665e-10 2.394596958765760064e-05 5.159843247383832932e-03 2.578901259209231966e-10 4.213423380861058831e-05 2.514880526049978471e-09 2.053754180669784546e-01 9.892476201057434082e-01 5.734512342314701527e-06 3.143911866954063328e-11 5.290538319968618453e-05 7.282243785766695510e-08 1.009790357784368098e-04 1.372487568040980932e-09
1.026062993332743645e-03 8.354321122169494629e-03 5.061124684289097786e-04 7.171718869358301163e-03 3.230737987905740738e-03 1.286237675230950117e-04 8.533381819725036621e-01 5.131012797355651855e-01 3.243364859372377396e-03 6.173459291458129883e-01 2.399503951892256737e-03 4.850792884826660156e-01 8.218903094530105591e-02 5.604928825050592422e-03 6.695853546261787415e-03 3.395046293735504150e-01 5.530176758766174316e-01 2.277341857552528381e-02 2.642621519044041634e-03
2.259994000196456909e-01 2.723416090011596680e-01 1.180109605193138123e-01 2.040791660547256470e-01 4.175809398293495178e-02 3.076471388339996338e-02 4.346135854721069336e-01 3.834506869316101074e-01 6.273733079433441162e-02 1.927911937236785889e-01 3.024036623537540436e-02 1.679820716381072998e-01 2.956357598304748535e-01 1.813662350177764893e-01 1.016334891319274902e-01 1.224652901291847229e-01 1.778429001569747925e-01 2.732834517955780029e-01 3.541437536478042603e-02
1.514325238403442129e-16 5.746552539376281743e-11 2.366991539987266947e-19 7.124768507918606553e-15 3.002210147151629371e-10 1.509291925108884741e-14 1.000000000000000000e+00 7.825514458659199590e-09 1.726611866615712643e-03 1.842692248787969334e-10 6.594917667523958471e-11 5.971610153210349381e-05 1.329847236775094643e-05 1.502719129686802546e-11 1.879359556866688763e-09 4.665472806664183736e-05 9.578966419212520123e-04 4.131839870247233648e-10 2.087798566208221018e-05
9.997807145118713379e-01 7.437335848808288574e-01 1.651024260883315886e-12 2.499367610653280281e-06 1.089326406855661844e-08 3.318633413321343817e-14 5.113349743623984978e-08 1.570934196934103966e-03 5.664329885668971387e-14 1.439277315512299538e-03 3.801440932871269496e-12 6.366581469774246216e-02 9.998471736907958984e-01 8.333521428482981719e-09 8.197109730983268222e-17 9.669418432167731225e-06 7.207320244090320571e-12 1.817747834138572216e-04 8.856687952474295855e-12
9.999774694442749023e-01 6.922882748767733574e-04 3.142222159843455694e-18 2.567449824993745487e-15 1.624589799575915094e-06 7.820640802438851708e-15 7.914399504661560059e-01 4.264199757186837303e-11 1.997255161404609680e-02 5.320587774804153014e-07 3.584201269113407307e-10 8.065888285636901855e-01 6.836351531092077494e-05 2.834615351827275935e-19 5.671596181712512105e-21 3.600203513087762985e-08 2.830327916480968042e-10 5.047423592909223988e-14 5.625410676002502441e-01
1.500098005635663867e-04 9.415888786315917969e-01 2.260246901641949080e-06 7.868841290473937988e-01 3.764563061281478440e-08 1.958838247162475454e-08 3.540600184351205826e-03 5.073103904724121094e-01 4.933183639366234274e-09 7.842160698601219337e-07 1.659979353973994876e-08 8.469564494184567138e-10 1.340302842436358333e-04 9.999357461929321289e-01 1.090079058485571295e-05 2.491514169378206134e-05 5.514982622116804123e-04 1.133700134232640266e-03 1.009319156031196485e-10
1.303919851779937744e-01 6.570830941200256348e-02 3.570632252376526594e-04 1.082111801952123642e-02 1.283461321145296097e-02 4.894291050732135773e-04 1.634829640388488770e-01 2.429162710905075073e-01 1.242005615495145321e-03 7.858395576477050781e-01 5.176993552595376968e-03 5.732278227806091309e-01 4.288728833198547363e-01 1.268778811208903790e-03 6.586152012459933758e-04 2.233799546957015991e-01 4.177889227867126465e-02 5.331877619028091431e-02 1.748758601024746895e-03
9.862949252128601074e-01 1.228009834885597229e-01 1.578755018272204325e-06 1.203583320602774620e-03 4.335663688834756613e-04 5.251489554325416975e-08 1.105785922845825553e-04 6.346097681671380997e-03 8.734222234352273517e-09 7.741535454988479614e-02 3.228064144877862418e-07 3.720143437385559082e-01 9.833885431289672852e-01 1.938049081218196079e-06 3.849141450018578325e-09 1.963509945198893547e-03 7.180988177424296737e-07 3.867992432788014412e-03 2.364232756235651323e-07
2.115326933562755585e-03 6.643868459832447115e-07 3.360898781501475696e-10 4.799832701683044434e-01 8.124952316284179688e-01 6.315055998129537329e-06 1.291529387235641479e-01 1.997716708501684479e-06 2.280183508673871984e-07 5.298584699630737305e-01 4.375844686599350553e-10 9.900889396667480469e-01 1.112197496695443988e-04 8.589549516102579219e-09 4.850497816732968204e-07 2.622056305408477783e-01 2.545426832512021065e-04 1.927639968926087022e-04 3.760619315951174713e-10
5.757992863655090332e-01 7.320351869566366076e-05 5.163022365195502061e-07 9.998402595520019531e-01 4.886862337589263916e-01 5.367625271901488304e-05 2.812280878424644470e-02 6.685973858111537993e-06 1.406290357408579439e-05 3.413512240513227880e-05 4.926387831005740736e-08 6.454807706177234650e-03 2.753759617917239666e-04 1.082886228687129915e-05 1.184835680760443211e-03 4.185382742434740067e-03 6.515794899314641953e-03 2.473846507200505584e-06 1.248212129212333821e-07
8.530850410461425781e-01 5.318471448845230043e-05 6.042883171630819561e-08 9.995205402374267578e-01 7.829849123954772949e-01 3.340449893585173413e-06 4.220353439450263977e-02 1.600692257852642797e-06 3.922654286725446582e-06 8.671448085806332529e-06 2.276482646834665502e-08 4.032969474792480469e-02 9.781301196198910475e-05 2.438910314594977535e-06 2.621510939206928015e-04 6.467523518949747086e-03 6.247280631214380264e-03 7.609434646838053595e-07 3.880700916170098935e-08
6.929928660392761230e-01 4.533241444732993841e-04 1.126698589359875768e-05 9.992928504943847656e-01 4.515100121498107910e-01 1.332092360826209188e-04 3.515805676579475403e-02 4.795521090272814035e-05 3.102672781096771359e-05 1.774093689164146781e-04 6.443561915148166008e-07 1.360885519534349442e-02 1.236412441357970238e-03 7.642224227311089635e-05 2.692437730729579926e-03 8.697768673300743103e-03 1.040796097368001938e-02 1.655011510592885315e-05 8.797254622550099157e-07
