1.602071222350787139e-07 3.130605136902886443e-06 3.796929740929044783e-05 1.572476685396395624e-05 2.082607010379433632e-03 3.800626245720195584e-06 9.961988329887390137e-01 4.174063913524150848e-03 1.255795476026833057e-03 1.894255983643233776e-03 3.487136382318567485e-06 2.598515748977661133e-01 1.307064387947320938e-02 3.147696043015457690e-05 3.232211747672408819e-05 4.022428095340728760e-01 9.472452849149703979e-02 7.860178593546152115e-04 2.427611470920965075e-04
7.736974083627501386e-08 9.911140068652457558e-07 7.036213901301380247e-06 7.062614713504444808e-06 2.333258278667926788e-03 1.997364279304747470e-06 9.959747195243835449e-01 2.031846437603235245e-03 5.684921634383499622e-04 1.792533905245363712e-03 1.144256202678661793e-06 4.184910655021667480e-01 1.116869971156120300e-02 1.025019992084708065e-05 9.107081496040336788e-06 5.050256252288818359e-01 6.252563744783401489e-02 5.179510917514562607e-04 8.912834164220839739e-05
5.507294531525985803e-08 6.094431341807649005e-07 3.893486791639588773e-06 4.908885784971062094e-06 2.162714023143053055e-03 1.242784378518990707e-06 9.959899783134460449e-01 1.622346113435924053e-03 3.501393657643347979e-04 1.730845659039914608e-03 6.673466828033269849e-07 4.742934405803680420e-01 1.048122998327016830e-02 6.339802894217427820e-06 4.912721124128438532e-06 5.447647571563720703e-01 5.654951930046081543e-02 4.164837591815739870e-04 5.413530743680894375e-05
1.511345505714416504e-01 8.953303843736648560e-02 2.669740468263626099e-02 9.964564442634582520e-01 1.957944221794605255e-02 7.882869243621826172e-02 1.188297569751739502e-02 7.474020868539810181e-02 1.779761631041765213e-03 1.156763732433319092e-02 2.306078240508213639e-04 2.420153759885579348e-04 7.141043990850448608e-02 3.848321139812469482e-01 6.235145404934883118e-02 9.463208727538585663e-03 1.457848027348518372e-02 7.997013628482818604e-02 5.538268596865236759e-04
1.394352912902832031e-01 8.000641316175460815e-02 2.484947629272937775e-02 9.966869950294494629e-01 1.936894096434116364e-02 7.823193073272705078e-02 1.300963666290044785e-02 7.058045268058776855e-02 1.870690379291772842e-03 1.014883257448673248e-02 1.937320921570062637e-04 2.063051797449588776e-04 6.488761305809020996e-02 3.631516695022583008e-01 6.501200795173645020e-02 8.623444475233554840e-03 1.543175801634788513e-02 7.249604910612106323e-02 5.035047652199864388e-04
1.430449485778808594e-01 8.357854187488555908e-02 2.606690116226673126e-02 9.967828989028930664e-01 1.935737766325473785e-02 7.462484389543533325e-02 1.258989144116640091e-02 7.173793017864227295e-02 1.796933123841881752e-03 1.020904071629047394e-02 2.041264378931373358e-04 2.069056354230269790e-04 6.603024899959564209e-02 3.762835264205932617e-01 6.331142038106918335e-02 8.885676041245460510e-03 1.495908200740814209e-02 7.399044185876846313e-02 5.099192494526505470e-04
1.253511527465889230e-06 9.317031071987003088e-06 7.456198363797739148e-05 1.627915501594543457e-01 2.882837361539714038e-05 2.405564885066269198e-07 9.852409958839416504e-01 9.574634954333305359e-03 8.745152445044368505e-05 4.937421908834949136e-05 1.359381514021151816e-07 1.048074918799102306e-04 1.867778250016272068e-03 2.258441410958766937e-03 1.294751465320587158e-02 1.424768706783652306e-03 9.732644557952880859e-01 5.245591164566576481e-04 4.299247666494920850e-05
8.378270864486694336e-01 1.913893967866897583e-02 4.400863545015454292e-04 9.999818801879882812e-01 1.172211617231369019e-01 4.435033406480215490e-05 1.007873914204537868e-03 6.295839557424187660e-04 5.423190941655775532e-06 8.089072071015834808e-04 9.473576028540264815e-06 7.837762823328375816e-04 1.166895870119333267e-02 1.581917144358158112e-02 4.870287084486335516e-04 1.341394055634737015e-02 2.017084509134292603e-03 6.421823491109535098e-05 2.837349484252627008e-06
9.546777009963989258e-01 5.881350487470626831e-02 6.420304416678845882e-04 5.577623248100280762e-01 7.419794201850891113e-01 8.723672362975776196e-05 1.920420825481414795e-01 4.564373753964900970e-03 5.678856396116316319e-04 2.207913901656866074e-03 8.692725095897912979e-04 4.789922237396240234e-01 1.762643828988075256e-02 1.679214998148381710e-03 3.672261373139917850e-04 6.873098760843276978e-02 2.232648804783821106e-02 7.386290817521512508e-04 1.758124417392536998e-04
2.495664209127426147e-01 8.100970881059765816e-04 7.132133305276511237e-06 6.593217849731445312e-01 8.003504872322082520e-01 2.066914894385263324e-04 4.920367598533630371e-01 3.126226947642862797e-04 1.002366770990192890e-03 4.061736166477203369e-03 1.567277104186359793e-05 6.935338973999023438e-01 2.493899315595626831e-03 4.818496017833240330e-05 7.240852573886513710e-04 1.656664013862609863e-01 4.014000669121742249e-02 2.547052223235368729e-03 2.516076892788987607e-05
3.942474435802978405e-08 1.563563384115695953e-02 1.106149460222694003e-12 1.028027909342199564e-04 8.682138741278322414e-08 1.158956138169742189e-06 9.999949932098388672e-01 5.988050361338537186e-06 3.389305472373962402e-01 4.584219948089440777e-10 4.439541498868493363e-06 2.364178754987733555e-07 3.082790200892304711e-08 4.442932829260826111e-02 2.647087057994212955e-05 4.741869759072869783e-07 3.220521612092852592e-04 1.005308695312123746e-05 2.373549359617754817e-04
3.033866047275068922e-09 8.956192992098932493e-14 3.186409204012391297e-28 1.000000000000000000e+00 2.056252014881465584e-06 8.825175291070352923e-15 3.015087218955159187e-03 4.225293162841293863e-17 9.256788391365233792e-11 2.322209564899037243e-20 1.939579210199822410e-24 2.523908590761499938e-21 6.150911858570761587e-16 1.252067807072654304e-11 8.448613336708987731e-12 1.434578909657868717e-13 7.505271071295283036e-08 2.130755311845155905e-24 3.158633799628309960e-21
9.999756813049316406e-01 8.230547606945037842e-02 4.823194288405829866e-08 9.999886751174926758e-01 6.845507770776748657e-02 5.864645574726878863e-11 4.102915681869490072e-06 2.063777938019484282e-04 3.177048554792172297e-11 1.295638980991498102e-06 2.354151149575045565e-07 4.964360850863158703e-04 1.169479358941316605e-02 2.647201297804713249e-03 1.560977480608016776e-08 1.782068866305053234e-04 8.974958291219081730e-06 2.206811586802359670e-07 7.931313383835458808e-10
4.544649273157119751e-02 2.322589836012411979e-07 3.540776390535286871e-17 9.999362230300903320e-01 8.217023611068725586e-01 7.810579266687156519e-11 4.118076467420905828e-04 3.646289270520242098e-09 1.587235442905565730e-12 4.257712364196777344e-01 1.489118480217307972e-14 9.280830621719360352e-01 1.069215431925840676e-05 2.494359753468788909e-11 1.204058797110718615e-10 3.544361144304275513e-02 4.978961442247964442e-06 2.336788362811148545e-08 1.482726012561630413e-16
2.161930622702015735e-19 1.947128837832450007e-21 2.924744908193361740e-31 2.184582132162479762e-13 1.930131227709352970e-03 1.367932534129481402e-16 1.000000000000000000e+00 3.045926200251733472e-20 3.724394792570251411e-09 3.622022467346939275e-16 3.550635817306157164e-25 2.374312654137611389e-02 5.634433891676948747e-12 2.438755435798637500e-21 1.461538833344823776e-15 1.022986834868788719e-04 1.049158715460407620e-08 5.066035447859242730e-15 1.223492240798941836e-16
6.869516801089048386e-05 8.100511372788332665e-10 9.919926014420678082e-20 1.000000000000000000e+00 1.624124961038461712e-13 1.110234265633280870e-10 2.788970660319578521e-12 2.248249231229237921e-08 9.696757133067199213e-26 1.000000000000000000e+00 1.619703094551713329e-22 1.424925471837923396e-06 2.748484803305473179e-05 4.622236431496909437e-14 1.002759941054476300e-11 7.176733513025723710e-11 1.747989253342296934e-11 7.925491374294324487e-10 2.975311393185509052e-27
2.828069962561130524e-03 4.861611841988633387e-07 9.521605780302838662e-14 1.000000000000000000e+00 7.821063796598082263e-10 1.940208882444949268e-08 8.038238408225595322e-10 7.526130502810701728e-06 3.497106372372527182e-19 9.998396635055541992e-01 7.183785480542074401e-19 5.178409701045438851e-09 4.477591137401759624e-04 1.554936943648499437e-06 3.139312241273728432e-07 9.979584936203877987e-10 8.725683642296644393e-08 6.144484814285533503e-06 1.411320213060203839e-20
2.176221692934632301e-03 2.711904244279139675e-06 5.088282090592519125e-14 9.999997615814208984e-01 1.954955530791835372e-09 1.044962782970060289e-08 6.407277375330977520e-09 2.600703555799555033e-05 2.543358285606089612e-18 9.999957084655761719e-01 2.460084110824967444e-16 2.197926050939713605e-06 1.133839017711579800e-03 3.288728862571588252e-07 2.710815216744322242e-08 3.557601147008426778e-08 2.308402002881848603e-07 2.772452944554970600e-06 4.197624178146548226e-19
5.544381141662597656e-01 2.788760866678785533e-06 2.814891722491275061e-11 1.000000000000000000e+00 1.724664866924285889e-01 5.329846075596833543e-08 9.237793856300413609e-04 1.859502276602142956e-07 6.521550233173911693e-08 1.749927207583823474e-07 1.527808574097733185e-10 4.800955593964317814e-06 4.540532700048061088e-06 1.247938826054451056e-06 4.192609048914164305e-05 6.409067282220348716e-05 2.616443671286106110e-03 8.244351312747255633e-10 6.879231212453262856e-11
1.952437218278646469e-03 4.714976284958538599e-07 9.532878486595564027e-09 1.000000000000000000e+00 2.144689206033945084e-04 4.148890002397820354e-05 2.812427410390228033e-04 6.565027888427721336e-06 5.444960038403223734e-08 8.793094821157865226e-07 9.621268625553680565e-13 3.789312197355343415e-10 1.627981873753014952e-05 2.912598938564769924e-05 3.120705718174576759e-03 2.834736960721784271e-07 4.475727211683988571e-03 6.781436354685865808e-07 2.631861915902700133e-11
1.024603875521279406e-06 5.673916092518993537e-08 1.915747738223672059e-08 9.999974966049194336e-01 7.998893920557748061e-07 4.766918415555210231e-09 7.372593134641647339e-02 4.787736979778856039e-04 1.600444399230127601e-08 1.365220441584824584e-06 2.519628386141170573e-13 2.043704927512379754e-10 2.599344770715106279e-05 1.965931005543097854e-04 2.493540057912468910e-03 1.679106702567878528e-07 9.717537760734558105e-01 1.096749201678903773e-06 5.946405694234879746e-12
2.158347633667290211e-04 2.402208483545109630e-04 2.637758188939187676e-05 8.771193623542785645e-01 2.753696753643453121e-04 9.054165333509445190e-02 5.568472146987915039e-01 2.131350804120302200e-03 2.816418884322047234e-03 5.479748870129697025e-05 7.339540530892918468e-08 5.652474897033243906e-07 3.372475039213895798e-04 3.005624935030937195e-02 4.383871853351593018e-01 9.307296750193927437e-06 8.093782514333724976e-02 1.651663566008210182e-03 1.249950310011627153e-05
8.056464139372110367e-06 8.170429168785631191e-07 4.425438646649126895e-07 2.492408603429794312e-01 1.309618369305098895e-06 9.941771030426025391e-01 3.903229953721165657e-04 3.423105954425409436e-05 1.675552484812214971e-04 2.099506855302024633e-05 2.408990368296670681e-11 7.040477090214380951e-10 1.910445280373096466e-05 2.117135562002658844e-03 9.638782143592834473e-01 5.479922737805509314e-09 9.113445994444191456e-04 2.465869532898068428e-03 1.072258513090673659e-07
3.655086650011796223e-11 3.183437125020560643e-10 5.524371585186038658e-11 5.375058390200138092e-03 2.254702646808937061e-09 1.982642050535332601e-09 9.998379945755004883e-01 5.606112245004624128e-05 2.732035113695019390e-07 2.821042954792574164e-09 1.232645577406085713e-13 8.802250595074667672e-10 5.455549853650154546e-06 1.358630252070724964e-04 4.262964427471160889e-02 7.500347720679201302e-08 9.978679418563842773e-01 1.946788870554883033e-06 1.257946280475152889e-08
1.199475008206718485e-07 7.244094213376683911e-11 2.167695864776357200e-18 1.839049446061835624e-08 4.266061028740386618e-12 4.726850161285156560e-11 4.396150554697442203e-09 5.337341008271323517e-06 2.034451750549937258e-18 1.000000000000000000e+00 1.272156750602160269e-14 8.241505920886993408e-02 3.518547146086348221e-06 7.219671429287738049e-17 1.385495603472121709e-14 2.033507626038044691e-04 1.553479289650994133e-10 9.017480806505773216e-08 1.060378595362152969e-19
9.217476559797432856e-08 4.469269399010045163e-11 1.735525013990370978e-18 9.068911843712612608e-09 3.523868046320655090e-12 2.603616974794498162e-11 4.196853087279350802e-09 4.850451205129502341e-06 1.411784823608168682e-18 1.000000000000000000e+00 1.018149611522372114e-14 8.840759843587875366e-02 3.475492576399119571e-06 3.522467905729283178e-17 6.748014605726998169e-15 2.439463423797860742e-04 1.212077382906073808e-10 9.235250786332471762e-08 6.947716147031624410e-20
2.591511005789470801e-09 2.353920010300658561e-13 2.171291552660052722e-22 1.546691108522679770e-10 1.242409885230831221e-14 1.489499848331479748e-13 5.833619698414338473e-11 3.045187781935965177e-07 2.094437062958821526e-22 1.000000000000000000e+00 9.406707024939768802e-18 5.751852691173553467e-02 2.178879014991252916e-07 9.356268989155706098e-21 5.655682002208816121e-18 4.440954580786637962e-05 8.675181341517845812e-13 2.745824678740405034e-09 5.202536486641215025e-24
1.987152965739369392e-03 1.020608397084288299e-04 1.298507328328923904e-07 7.772597018629312515e-04 2.434261659800540656e-05 4.698029079008847475e-05 6.410946371033787727e-04 1.080366503447294235e-02 6.866984136877363198e-08 9.999668598175048828e-01 2.949160943899187259e-06 2.631708681583404541e-01 7.962793111801147461e-03 3.261791619024734246e-07 2.579389501988771372e-06 2.736064046621322632e-02 1.155813733930699527e-04 1.658946159295737743e-03 2.281999478270790860e-08
1.121213966115419680e-08 3.227865479160603240e-16 6.441612615235169653e-35 1.000000000000000000e+00 9.527525980956852436e-05 1.834547787396071328e-19 4.973250906914472580e-04 1.659766494979919929e-20 5.798873530747086433e-15 1.641457078303257407e-19 3.399930271052815709e-30 8.843794281280335547e-19 5.303345082036344026e-17 5.062944624634711788e-15 1.608066851132108378e-15 2.589881434311713804e-12 2.419408673404177534e-09 4.493829214357407601e-29 1.669572645052157459e-26
1.811093675030406303e-08 1.513881128441284859e-15 8.841972997969242324e-34 1.000000000000000000e+00 4.297358100302517414e-05 1.062034378303936849e-19 2.017332153627648950e-04 1.278480273498244084e-19 1.393302070872254154e-15 2.470812684728810841e-18 8.024478143571945860e-30 1.654262687215584970e-18 4.014171722750486601e-16 3.004306262858850995e-14 1.520548548285597084e-15 4.652429049650796955e-12 4.608488257673570843e-09 1.324068651563961003e-28 1.730830313607293393e-26
2.815569728249569878e-21 9.143495143087965703e-16 9.672852593823858595e-19 8.506284327088053931e-13 2.853391080272910107e-14 1.548265133347186027e-20 9.999994039535522461e-01 7.398302666842937469e-03 1.463177587987876671e-13 9.216175675392150879e-01 2.754953485120930495e-16 3.359813392162322998e-01 4.023594044610945275e-07 8.415248614048950748e-14 1.019604214426428346e-12 1.000245213508605957e-01 2.782197892665863037e-01 7.756277842219105878e-10 5.821328797695271562e-14
6.737496151117906847e-22 4.113756327567990624e-16 6.844856237860655418e-20 6.590292412267037547e-14 3.342008812160131292e-14 1.511067532059015285e-20 9.999998807907104492e-01 8.952394127845764160e-04 1.944765149700794504e-13 8.005636930465698242e-01 1.627859549419938419e-16 3.416789174079895020e-01 1.089866714210074861e-06 3.041522307110715827e-15 9.222128133845250431e-14 9.007919579744338989e-02 5.382974073290824890e-02 5.488379542506471864e-11 8.403796728602072608e-14
8.944274075173911235e-22 4.423850324997461673e-16 9.263299058183574244e-20 9.765825707786987553e-14 3.240211714932751674e-14 1.617117902701995446e-20 9.999996423721313477e-01 1.497606397606432438e-03 1.338879229923276015e-13 9.213491082191467285e-01 1.558870568750647776e-16 4.464139938354492188e-01 7.494669489460648037e-07 3.539254325268630097e-15 9.560949444263264207e-14 1.142820045351982117e-01 5.489000678062438965e-02 1.050395118107338988e-10 5.085468924768098142e-14
1.214554455018632866e-16 1.343892119982925681e-12 9.332817185736530519e-09 9.406360983848571777e-01 5.806856731571663488e-14 2.103040698403191132e-17 9.999933242797851562e-01 2.315350002390914597e-06 6.089211773696590058e-11 1.029369935102129874e-13 6.514263812531034552e-20 1.995044229238839353e-15 7.039142246867413633e-08 3.255666888435371220e-05 6.412815127987414598e-05 7.547454328182823247e-10 9.994007349014282227e-01 4.382107177125504904e-11 2.147536705757180364e-13
1.639544166209816467e-06 3.533322887960821390e-05 1.731888733047526330e-05 4.401375974794063950e-07 1.469690701924264431e-03 9.999977350234985352e-01 1.246208121301606297e-04 1.689671158544570062e-08 1.378171890974044800e-01 1.458011229260591790e-05 9.752202378976448927e-10 1.055995198839809746e-05 2.572906169007183053e-06 3.905144694726914167e-06 3.800234699156135321e-04 1.212336246680933982e-05 2.794625970636843704e-06 1.639864349272102118e-04 1.038205698132514954e-01
9.352868306222728023e-12 1.465898624708472653e-09 8.939948933049668423e-13 3.665889813930789387e-10 4.875234367318626028e-07 1.000000000000000000e+00 2.743959504059034771e-10 1.045954653862120678e-14 4.579416054184548557e-05 2.402514602192762361e-12 2.697265048416657407e-20 3.779002765824223536e-15 8.667165075915139738e-12 1.932490789613439119e-07 9.903093450702726841e-05 1.488684663823042209e-13 1.659458404024150013e-10 4.472597936455713352e-07 2.617288608064427535e-08
4.666362656280398369e-05 6.076491899875691161e-06 6.547725206473842263e-08 1.000000000000000000e+00 1.534817073434169288e-08 3.606325016392020189e-09 6.890624071331785672e-09 5.069936159998178482e-04 1.044390697522266259e-16 3.808670001603786659e-08 7.614472162513987352e-18 5.778857880814393749e-18 5.457382030726876110e-06 9.953552484512329102e-01 2.175350964535027742e-04 2.963863376947983852e-09 2.010410980801680125e-06 6.750102043151855469e-01 4.154330661579349704e-17
2.645411404955666512e-05 3.039694092876743525e-06 5.039589012767464737e-08 1.000000000000000000e+00 5.985684836673499376e-09 1.189879639262869659e-09 2.667102316777913984e-09 3.348233294673264027e-04 1.836629315029257424e-17 1.222834633551883599e-08 1.186567531047743284e-18 5.405566883403274298e-19 2.771873596429941244e-06 9.967752099037170410e-01 1.688960765022784472e-04 1.287811413064332555e-09 9.687072406450170092e-07 7.069885730743408203e-01 7.046373616799306029e-18
4.202492345939390361e-05 3.557283889676909894e-06 4.058609448520655860e-08 1.000000000000000000e+00 6.248153550103552334e-09 8.692752628824962358e-10 1.387202019920152907e-09 2.596437407191842794e-04 9.681716454472823701e-18 1.278014494232593279e-08 1.101068798765766945e-18 5.205865321005542437e-19 3.182407681379118003e-06 9.970071911811828613e-01 9.396643145009875298e-05 1.403478999684182327e-09 5.952272204012842849e-07 6.370687484741210938e-01 6.551826730381921096e-18
1.299047418668455791e-22 6.578505207652165111e-16 9.838336925454539486e-20 1.738289959023198161e-12 3.246858869513800840e-16 4.046429278480772121e-15 1.000000000000000000e+00 4.583102786170911713e-09 3.132785856723785400e-01 2.840526849773674431e-18 6.713378581480822574e-15 2.275577221501432629e-14 8.378437700573559965e-12 4.833292678085854277e-06 4.123897451790980995e-05 7.154234236278478321e-12 7.543978691101074219e-01 6.690551117571885698e-07 1.517434384368243627e-06
6.206104525413851797e-18 1.989240342543593942e-13 1.052280875600389071e-16 2.051302772088092752e-08 8.573029168078977191e-14 3.315604901743540722e-09 1.000000000000000000e+00 1.632496093861846020e-08 1.407668692991137505e-03 6.769230028198639816e-16 9.529989924172998540e-16 6.821700119391017891e-15 3.786176649978045816e-10 1.177883590571582317e-03 2.198009006679058075e-02 4.983052165341561590e-12 2.906142771244049072e-01 4.042482828481297474e-07 3.904533940612964216e-08
6.994869319356268330e-19 4.875949226627526722e-14 1.176903228399525927e-17 5.440514261323414757e-09 1.360217091007443271e-14 4.745944956474623666e-12 1.000000000000000000e+00 1.452155231618235121e-07 7.226083544082939625e-04 1.839786689897151932e-15 9.937677681356570786e-15 2.435078438260511458e-14 9.244777721129082693e-10 7.160101813497021794e-05 3.194638295099139214e-03 2.653536244900944752e-11 9.755724668502807617e-01 1.279942125620436855e-07 9.187638028151923208e-08
2.350865453481674194e-01 7.870770059525966644e-05 1.399670964019605890e-06 9.981605410575866699e-01 1.455726027488708496e-01 1.865288504632189870e-05 3.148054182529449463e-01 2.663417253643274307e-04 4.738456482300534844e-05 1.605321813258342445e-05 5.026984126743627712e-07 1.048123231157660484e-03 4.814939165953546762e-04 2.720383927226066589e-04 5.207110196352005005e-02 5.876034265384078026e-04 5.478674173355102539e-01 1.234024603036232293e-05 5.145768682268681005e-07
9.126191139221191406e-01 3.147107418044470251e-05 2.827787559667171990e-09 9.992344379425048828e-01 7.432959675788879395e-01 4.858177931055251975e-07 1.376512497663497925e-01 2.479529257470858283e-06 4.800561782758450136e-06 7.784828994772396982e-07 4.630703287489268405e-08 1.392266433686017990e-02 2.425245656922925264e-05 3.951342932850820944e-06 1.155363628640770912e-03 1.578907598741352558e-03 5.392353981733322144e-02 4.222803227094118483e-07 2.092535034137199546e-08
1.906782505102455616e-03 6.073613576518255286e-07 1.468342336607975085e-08 9.999961853027343750e-01 6.344895344227552414e-03 1.019830699078738689e-03 2.658859640359878540e-02 5.661760951625183225e-06 2.778692578431218863e-05 8.067959811342007015e-07 6.674081426405464867e-11 1.566337459735223092e-07 1.843791324063204229e-05 1.276604234590195119e-05 1.458592247217893600e-02 6.140501682239118963e-06 2.365520782768726349e-02 8.823040502647927497e-07 7.909683574780501658e-09
2.455960088076913905e-11 2.388441222578308043e-09 5.924886276043039857e-11 2.859600645024329424e-04 2.815844668546674257e-09 8.661890547045913991e-07 9.999802112579345703e-01 2.506205782992765307e-05 1.574722991790622473e-04 3.885963772987111042e-10 8.171171204940375077e-12 2.735520143737346643e-10 1.635686544432246592e-06 4.053504206240177155e-03 2.172989398241043091e-01 2.361512407844656991e-08 9.234477877616882324e-01 1.719016108836513013e-05 8.829825333123153541e-07
1.542819021430576642e-18 6.883489346478426584e-17 1.733203614319302161e-17 9.996495246887207031e-01 5.012721129516248134e-18 1.897547775703276445e-18 9.866255521774291992e-01 1.929744684048273484e-07 9.652446536148736808e-16 8.599714814027281835e-16 3.168423425744244998e-27 2.333173383476094466e-22 5.447850504047835329e-11 9.231022204403416254e-07 2.117827534675598145e-04 8.006677930896984301e-16 9.999990463256835938e-01 3.236039908260934794e-12 4.101808035008895043e-20
6.723300316480163019e-07 1.604070973826310365e-07 2.659598985488287326e-09 8.772703818976879120e-03 8.267159864772111177e-05 1.359543512080563232e-05 9.937147498130798340e-01 6.776144728064537048e-04 4.875155354966409504e-06 9.712886065244674683e-02 1.700037666196863029e-09 8.054524660110473633e-03 2.336960751563310623e-03 7.236776127683697268e-06 3.029222832992672920e-03 2.345744520425796509e-03 1.051360294222831726e-01 4.073563613928854465e-04 1.954984867325038067e-07
7.679547707084566355e-06 9.548021751015767222e-08 2.320319758553068823e-08 9.999519586563110352e-01 1.579850868438370526e-05 1.107794300736486548e-08 5.382905602455139160e-01 9.774038335308432579e-05 2.493013369075924857e-07 1.032426695246613235e-07 4.925533071686860609e-12 7.497184206783913396e-09 1.677692853263579309e-05 7.050292333588004112e-05 4.726951010525226593e-03 8.176158416972612031e-07 9.476774930953979492e-01 1.366904456290285452e-07 2.659069908705902208e-10
8.379859328269958496e-01 3.091468242928385735e-03 2.954678620881168172e-06 2.582181012257933617e-03 8.857152462005615234e-01 1.355918470835604239e-06 7.211071252822875977e-01 8.485609578201547265e-05 7.339067524299025536e-04 6.669858703389763832e-05 2.681238402146846056e-05 8.939908742904663086e-01 1.107592252083122730e-03 3.454114448686596006e-06 7.223883358165039681e-07 9.185273200273513794e-02 5.501546431332826614e-03 6.935933924978598952e-05 4.285081013222225010e-05
1.886002573883160949e-04 4.525573160663043382e-08 4.113392682025818203e-10 9.934129118919372559e-01 5.059828609228134155e-02 9.554615244269371033e-04 7.908122539520263672e-01 1.156162056759058032e-06 3.684430703287944198e-05 7.182319677667692304e-05 7.901951662447892488e-12 5.502687999978661537e-04 3.856120747514069080e-05 3.246950086577271577e-07 1.144665852189064026e-02 2.095497620757669210e-04 1.065250672399997711e-02 1.934924875968135893e-05 1.069710720003058668e-08
9.297787073592189699e-06 4.063396772835403681e-05 6.737621333741117269e-06 2.662907063495367765e-04 3.013400419149547815e-04 9.999941587448120117e-01 7.670713966945186257e-05 2.253097363791312091e-06 7.260423153638839722e-03 5.542191047425149009e-06 1.232528301642332735e-09 1.299638370255706832e-07 1.779907870513852686e-05 1.821360783651471138e-03 2.758802771568298340e-01 3.716340017945185537e-07 1.365531934425234795e-04 1.922452589496970177e-03 9.265771950595080853e-05
3.642335499876026006e-08 1.602314227966417093e-06 2.923748070315923542e-07 5.201207020633091815e-09 1.188900554552674294e-03 1.000000000000000000e+00 7.157029813242843375e-06 6.225391036007721368e-11 6.386172026395797729e-02 1.608920001672231592e-06 1.718480717970150007e-12 6.610195555367681663e-07 8.862738809511938598e-08 7.106105215370916994e-08 1.240426536242011935e-05 1.510771880930406041e-06 3.663726033664715942e-08 1.196236007672268897e-05 2.366081438958644867e-02
1.378341312374686822e-05 9.660785872256383300e-05 7.637478120159357786e-06 1.418167230440303683e-04 8.176768315024673939e-04 9.999963045120239258e-01 8.941676060203462839e-05 1.811170136534201447e-06 1.018618233501911163e-02 7.528212790930410847e-06 2.363705675634264480e-09 3.554956720108748414e-07 1.846973282226826996e-05 1.360529568046331406e-03 6.459116935729980469e-02 1.159401563199935481e-06 8.922562119551002979e-05 1.691685523837804794e-03 2.527338219806551933e-04
8.937165694078430533e-05 2.384268604771477840e-08 5.333531332514171441e-14 9.980171918869018555e-01 8.940073570329332142e-08 1.466213234380120412e-06 6.807296131228213198e-07 1.178996740236470941e-06 6.932666094162541134e-16 1.000000000000000000e+00 5.585920553961409157e-15 6.667895242571830750e-03 5.645075725624337792e-05 4.904524269350174492e-12 2.857547940493532224e-07 5.953907020739279687e-06 1.276719956422311952e-07 2.216604855220793979e-07 4.520589610487518042e-18
2.735158195719122887e-04 6.535714760502742138e-07 3.706750184573337492e-12 9.078001379966735840e-01 2.734376039370545186e-06 4.168417490291176364e-06 1.112115205614827573e-05 1.820275429054163396e-05 4.544757040321478758e-13 9.999998807907104492e-01 5.290466849328101517e-12 6.901478767395019531e-02 2.495249791536480188e-04 2.402732457440492908e-10 8.738081191950186621e-07 2.723015204537659883e-04 1.719955321277666371e-06 4.585773240251000971e-06 1.219960801623161048e-14
2.577670966275036335e-05 1.173390387521067169e-06 8.652567551337142504e-11 9.754152188179432414e-07 4.794973938260227442e-04 8.772339060669764876e-05 7.017865777015686035e-02 4.130291345063596964e-04 5.906508704356383532e-06 9.998813867568969727e-01 1.284194581785413902e-07 7.611357569694519043e-01 2.630773000419139862e-03 4.900421735065663142e-11 1.129428195412174318e-08 9.481078386306762695e-02 1.500490270700538531e-05 2.165942169085610658e-05 2.338142053304181900e-07
9.547228865770460149e-14 1.455398246363870385e-09 1.897518427107502959e-11 1.923391668157137246e-09 2.257412173856110371e-10 2.325931530711145001e-10 1.000000000000000000e+00 4.214870841678930447e-06 9.549859166145324707e-01 2.150732023031842743e-11 3.576610652089584619e-08 6.599356083825114183e-08 2.329205806006484636e-08 2.336585930606815964e-05 6.528010999318212271e-05 2.242286427645012736e-07 3.364926278591156006e-01 2.321605803444981575e-03 1.782716065645217896e-02
5.927313159945755451e-16 1.682407164971255753e-11 2.547956928723640185e-14 1.424347395584391052e-08 9.817438528791910812e-12 3.987954688700057204e-10 1.000000000000000000e+00 1.207691525451082271e-06 8.825566619634628296e-02 4.898846627833519651e-13 2.090908349239306574e-11 6.247920930624317748e-11 2.032360235659780301e-08 3.264541155658662319e-04 2.341037616133689880e-03 5.333830266351924365e-09 6.555112004280090332e-01 1.509971571067580953e-05 1.636051638342905790e-05
2.492711422906509068e-17 1.671155076300723241e-12 6.890901546511391754e-16 1.149298434199863550e-09 2.650377205030973737e-13 1.572594763015345426e-14 1.000000000000000000e+00 6.524258878926048055e-06 6.710742413997650146e-02 1.591657713831753918e-13 2.420025846383566659e-10 7.146763736365358000e-11 7.423858416899520307e-09 4.213316060486249626e-06 5.728496398660354316e-05 7.300068105564605503e-09 9.990994930267333984e-01 1.961481757462024689e-06 4.066334804520010948e-05
3.203117567192326209e-13 6.314435380686466912e-15 1.111465383084527330e-21 8.150694966316223145e-01 1.128549411077983677e-04 2.497278273949632421e-06 9.999983310699462891e-01 1.309765140515193292e-15 1.525574043625965714e-04 2.285835371504344463e-17 4.624364523587638465e-20 1.442490658171147189e-11 7.140965878511817966e-13 2.914246344243309750e-10 5.281692137941718102e-04 3.405379089826965355e-09 2.266871661049663089e-06 5.921602097558320565e-10 1.397831937005600267e-12
5.243077794148121029e-07 1.265784005388681521e-10 5.109100720480019495e-15 9.897086024284362793e-01 5.936525017023086548e-02 7.835302385501563549e-04 9.953262805938720703e-01 4.861155228352842528e-11 1.366800512187182903e-03 1.264010163898321437e-11 3.008756235150546188e-14 2.331415629441835335e-07 5.405511593892242672e-09 2.314330949104714819e-08 6.957592442631721497e-03 2.401446408839547075e-06 2.762360963970422745e-04 4.716168007234955439e-07 3.068258758176511947e-09
2.441144260956207290e-06 1.814961375634638330e-10 5.173310053046631732e-15 2.692439302336424589e-04 6.177549362182617188e-01 8.286924958229064941e-01 5.082606077194213867e-01 9.917668222043582449e-14 1.603820621967315674e-01 1.223865342403485101e-09 2.038279077855656429e-13 1.696077670203521848e-04 1.090966539329940588e-09 1.035630053936031914e-10 3.894720350672287168e-07 1.352651725028408691e-05 3.334760663165070582e-07 2.280395528941880912e-05 4.936740083394397516e-07
9.758949279785156250e-02 1.360761523246765137e-01 9.991768002510070801e-01 9.093122482299804688e-01 1.276821829378604889e-02 2.333763288334012032e-03 6.040500104427337646e-02 1.435443013906478882e-01 1.483892556279897690e-04 2.866948954761028290e-02 6.117099896073341370e-03 1.753050717525184155e-03 3.332834839820861816e-01 5.689347386360168457e-01 3.001561760902404785e-01 8.885131776332855225e-02 1.957265660166740417e-02 3.692090809345245361e-01 1.265897531993687153e-03
1.523659705071622739e-07 9.456059046897280496e-07 1.098846738045722304e-07 3.419794302317313850e-05 6.040197149559389800e-06 9.999998807907104492e-01 2.566431476225261576e-06 4.456023106058637495e-08 1.170359551906585693e-03 5.310798556479312538e-08 9.633167744396708976e-13 1.783465874982681498e-10 4.659827368413971271e-07 5.732884164899587631e-04 5.880249142646789551e-01 7.468564655610521186e-10 1.342830910289194435e-05 3.123459173366427422e-04 2.110421746692736633e-06
4.137503355741500854e-02 5.231073498725891113e-02 3.480102494359016418e-02 5.079493522644042969e-01 1.605557464063167572e-02 1.434538960456848145e-01 3.073221147060394287e-01 2.620854675769805908e-01 2.252538315951824188e-02 1.149344518780708313e-01 1.934841973707079887e-03 1.163277495652437210e-02 9.902474284172058105e-02 2.720924913883209229e-01 6.190013885498046875e-01 2.058774791657924652e-02 3.196085989475250244e-01 4.100976586341857910e-01 4.240002483129501343e-03
9.213866433128714561e-04 6.035907884616165120e-10 1.350424966620709932e-14 9.999998807907104492e-01 3.661789000034332275e-01 5.472766133607365191e-05 7.937715388834476471e-03 8.305970355948488759e-10 3.674416575449868105e-07 2.997187209530238761e-07 3.385585269164576028e-14 3.977847154601477087e-05 2.135668069058738183e-07 1.408291677718054302e-10 4.016219463665038347e-05 1.092914972105063498e-04 3.637993359006941319e-04 1.347773537219154605e-08 1.071932798600572223e-12
2.495647408068180084e-03 6.673282655356160831e-07 2.434456247701888287e-10 6.520208120346069336e-01 8.344377875328063965e-01 1.647159115236718208e-05 1.526815593242645264e-01 1.535681690256751608e-06 8.653179861539683770e-07 3.133468627929687500e-01 5.931572455430966784e-10 9.839761257171630859e-01 8.839600923238322139e-05 1.379795566691655040e-08 1.397534333591465838e-06 2.538883090019226074e-01 4.235880624037235975e-04 2.663544146344065666e-04 8.004413243334340677e-10
2.159448777092620730e-04 1.065185202264729014e-07 1.327421839114606428e-09 1.316348016262054443e-01 6.464003920555114746e-01 3.332778305775718763e-06 7.969465255737304688e-01 3.341013780300272629e-06 6.363377906382083893e-06 9.706692770123481750e-03 1.126114979044245956e-09 9.450370073318481445e-01 1.637989043956622481e-04 4.116528629083404667e-08 3.874278263538144529e-06 2.930224835872650146e-01 5.567616783082485199e-03 9.792896453291177750e-04 3.587945940353165497e-08
9.602290391921997070e-01 5.094721317291259766e-01 4.705753817688673735e-04 2.864290494471788406e-03 2.960085868835449219e-03 1.036324374581454322e-05 8.340237662196159363e-03 8.833960443735122681e-02 4.674428782891482115e-05 2.072964981198310852e-02 7.064216333674266934e-05 3.287723958492279053e-01 9.630759358406066895e-01 7.739437860436737537e-04 2.389357177889905870e-06 1.461420021951198578e-02 2.878304512705653906e-04 1.611248590052127838e-02 1.137779399869032204e-04
3.542377380654215813e-03 1.117939595133066177e-02 1.009119674563407898e-02 1.835974282585084438e-03 3.544160723686218262e-02 9.920511841773986816e-01 2.978296577930450439e-02 7.320999866351485252e-04 2.803090512752532959e-01 7.246742956340312958e-03 1.466895482735708356e-04 7.360200863331556320e-03 4.301540087908506393e-03 3.878294723108410835e-03 3.924906626343727112e-02 5.179245956242084503e-03 4.296157509088516235e-03 2.075166441500186920e-02 2.330182343721389771e-01
6.244040131568908691e-01 2.928249835968017578e-01 1.639669388532638550e-01 4.631064236164093018e-01 1.225048974156379700e-01 3.565508872270584106e-02 2.145809978246688843e-01 3.207959234714508057e-01 1.087882835417985916e-02 2.728380858898162842e-01 2.743953466415405273e-02 2.590421140193939209e-01 4.363737106323242188e-01 1.298702359199523926e-01 1.251891255378723145e-01 1.183505281805992126e-01 1.220605745911598206e-01 1.891666054725646973e-01 1.002139691263437271e-02
1.144007430411875248e-03 4.778133444460763712e-09 7.293206294965715042e-13 9.999582767486572266e-01 6.573461294174194336e-01 2.312066644662991166e-04 2.558396756649017334e-01 1.069029487155148672e-08 4.444377555046230555e-05 7.614276000822428614e-07 4.995670543905816885e-12 9.466822957620024681e-04 8.635414587843115442e-07 3.817752336487956200e-09 3.067129291594028473e-04 1.043822965584695339e-03 3.406333737075328827e-03 1.811256424844032153e-06 1.190826548480572455e-09
3.514136769808828831e-04 9.312505211411803430e-10 1.694210635498627493e-13 9.999907016754150391e-01 3.918911218643188477e-01 6.943476386368274689e-03 4.473144561052322388e-02 2.210708949235140608e-09 3.608510814956389368e-05 4.063893470629409421e-07 2.003446914660214628e-13 5.631816020468249917e-05 5.483992140398186166e-07 7.213104002978809604e-10 2.149127249140292406e-04 1.257257099496200681e-04 6.004737224429845810e-04 1.016260057440376841e-06 1.833384416505268177e-10
1.280694705201312900e-04 7.308563754193642126e-10 1.743765722095336201e-12 9.967731833457946777e-01 2.694201767444610596e-01 4.030043259263038635e-02 3.585256934165954590e-01 4.378494011803013564e-09 1.918144553201273084e-04 2.683626917132642120e-06 5.837929288208740242e-14 1.488313864683732390e-04 1.326341362073435448e-06 1.622765810616044746e-09 1.254830509424209595e-03 5.430655801319517195e-05 4.127581778448075056e-04 8.760803211771417409e-06 1.875109623128423664e-09
1.280563992622774094e-06 1.928083115387835278e-08 1.144435241018371130e-10 6.646290785283781588e-06 3.876681625843048096e-01 9.999675750732421875e-01 2.788960933685302734e-03 1.326687093516909499e-10 6.687390804290771484e-02 4.216582965455017984e-05 2.622746637925832403e-11 7.539443322457373142e-04 4.255561805166507838e-07 3.176651830472110305e-09 3.262874486154032638e-07 4.559341759886592627e-04 1.902382791740819812e-06 1.350451784674078226e-04 2.845885137503501028e-05
1.291370834223926067e-03 3.528105735313147306e-04 3.367229510331526399e-05 1.091705751605331898e-03 2.215436846017837524e-01 9.946174025535583496e-01 4.120902344584465027e-02 1.549235275888349861e-05 2.064787298440933228e-01 5.014305468648672104e-03 4.295366579754045233e-06 1.557690370827913284e-02 6.521244067698717117e-04 5.956089808023534715e-05 1.115369144827127457e-03 8.199441246688365936e-03 7.344583864323794842e-04 6.889086216688156128e-03 1.682088524103164673e-02
3.055775232496671379e-05 2.767879720977362012e-07 4.877328467316199845e-13 5.297255702316761017e-04 2.330642892047762871e-04 3.809636552887241123e-07 4.137791402172297239e-04 3.852481677313335240e-05 4.685961341177602435e-11 9.999990463256835938e-01 1.114284151060296324e-10 9.012997746467590332e-01 5.601329394266940653e-05 7.217710457085857456e-11 4.594822744508064716e-09 6.460198014974594116e-02 2.100326355503057130e-06 8.545514901925344020e-06 1.073970990264627723e-12
3.121360350633040071e-06 9.427100877701377613e-09 4.861628113972393805e-11 1.083233654499053955e-01 1.427765004336833954e-03 9.999996423721313477e-01 1.841459561546798795e-05 3.060553199762949816e-10 1.728966599330306053e-03 3.409252657959882526e-09 1.218081997842856284e-14 3.804846715471654761e-10 8.001398299484208110e-08 2.412229207493510330e-07 2.276212326250970364e-04 1.271600336139044884e-08 3.191167706972919405e-05 6.154709844850003719e-04 2.669846921321550326e-08
3.435692406128509901e-07 2.750905636617062555e-08 6.931361734574537081e-11 5.931413918733596802e-02 4.115675110369920731e-03 6.732830405235290527e-02 9.972174167633056641e-01 1.150849904263395729e-08 8.383029140532016754e-03 3.955986205284034440e-09 5.011379332342524862e-12 5.785090024801320396e-07 4.873834882346272934e-07 1.419480122422100976e-05 1.928480155766010284e-02 3.807184612014680170e-06 3.283318656031042337e-04 2.433207737340126187e-05 3.755946522687736433e-07
7.025499144219793379e-06 1.888037459707447852e-08 5.126919444542465953e-10 6.599042098969221115e-04 8.744665980339050293e-02 9.995917677879333496e-01 1.906330697238445282e-02 3.490373767789378689e-09 5.655176937580108643e-03 1.983563743124250323e-05 3.301237538541612615e-12 2.276922714372631162e-05 3.366797272974508815e-06 2.677822941166141391e-08 1.302224118262529373e-04 3.083026604144833982e-05 2.233201485069002956e-05 7.676680106669664383e-04 1.037930019265331794e-06
9.612685441970825195e-01 5.596141219139099121e-01 1.138455672844429500e-06 1.085941330529749393e-03 2.494447398930788040e-03 1.242791222466621548e-05 7.893963456153869629e-01 4.050358198583126068e-03 6.509501338005065918e-01 8.763418009039014578e-05 9.756846353411674500e-03 6.546162068843841553e-02 6.138473981991410255e-04 7.407977682305499911e-05 2.979983264594920911e-06 1.508125424152240157e-04 1.443499885499477386e-02 4.127938518649898469e-05 1.486085653305053711e-01
7.346721887588500977e-01 2.059084363281726837e-02 7.571435922670843865e-09 2.437139628455042839e-03 1.446967303309065755e-06 2.509194274580295314e-08 1.669451012276113033e-05 1.045019365847110748e-02 3.825724737005486986e-10 9.895260334014892578e-01 1.338398050165778841e-07 2.171295732259750366e-01 9.258106350898742676e-01 3.337105454193078913e-07 8.136312179551907775e-10 2.728609368205070496e-03 1.772680207068333402e-07 1.412944123148918152e-02 7.561092019159332267e-08
2.411015331745147705e-02 3.360487198733608238e-06 9.942635907297936448e-13 1.395636104462028015e-07 4.330366607518953970e-07 4.481170712278270685e-10 1.893693661259021610e-05 1.185296423500403762e-04 1.331035889146070517e-11 9.999865293502807617e-01 7.246917510528305684e-10 5.246878266334533691e-01 2.322660982608795166e-01 8.277517668693612496e-14 3.909500219216599515e-14 5.077034700661897659e-03 4.256371255451085744e-09 1.971025994862429798e-05 2.780055907702916329e-10
2.550074132159352303e-03 4.430630085039410915e-09 4.475583518701552188e-14 9.191812276840209961e-01 9.691783785820007324e-01 6.966070031921844929e-08 1.942706555128097534e-01 4.154498522979110930e-09 3.267441783805224986e-08 8.709414978511631489e-04 4.078247613746588396e-13 9.868107438087463379e-01 7.698963031543826219e-07 1.167416718850233792e-10 1.656506576352967386e-08 2.640960514545440674e-01 3.360687987878918648e-04 1.117833671742118895e-04 2.790561184906614756e-12
2.687003649771213531e-02 8.692752089700661600e-06 6.103548916280843173e-11 8.887624144554138184e-01 8.802422285079956055e-01 9.427605505152314436e-07 6.784373521804809570e-02 2.648004738148301840e-06 2.816324524701485643e-07 1.412706226110458374e-01 1.162227425410833348e-09 9.758951067924499512e-01 1.716908300295472145e-04 6.534711616268396028e-08 2.067236266611871542e-07 2.727537155151367188e-01 6.157309398986399174e-04 1.208763787872157991e-04 4.378366280644030439e-10
2.393145579844713211e-03 2.768225613181130029e-07 8.967966647066560881e-11 6.716139614582061768e-02 8.982840180397033691e-01 1.461178271711105481e-06 4.922398626804351807e-01 9.775737908057635650e-07 2.225559228463680483e-06 1.513612177222967148e-02 7.486906650200353397e-10 9.901572465896606445e-01 5.368859638110734522e-05 1.610168887111740332e-08 1.107192773019960441e-07 4.094537198543548584e-01 9.566893568262457848e-04 6.455784896388649940e-04 5.267638769623772532e-09
2.255654152349961805e-08 1.969307561466848711e-07 2.644259495809819782e-07 8.030819892883300781e-02 1.252181220934289740e-07 1.186625979698874289e-07 8.509482741355895996e-01 4.947004374116659164e-03 7.920397365523967892e-06 1.218758370669092983e-06 7.242426658393696925e-10 8.413733354473151849e-08 7.786806236254051328e-05 2.743262797594070435e-03 4.189097508788108826e-02 7.754266334814019501e-06 9.988744854927062988e-01 3.014762885868549347e-03 1.735481191644794308e-06
2.944986954389605671e-05 5.249214518698863685e-05 2.192386455135419965e-05 1.361536681652069092e-01 3.682371971081010997e-05 2.026278991252183914e-03 9.257648587226867676e-01 9.599215351045131683e-03 1.375957042910158634e-03 4.210539555060677230e-05 2.900928848248440772e-07 4.027685918117640540e-06 1.257663359865546227e-03 5.521393567323684692e-02 6.113125681877136230e-01 3.048103098990395665e-05 8.472766280174255371e-01 5.113137420266866684e-03 9.108988888328894973e-05
1.214078143574326418e-11 7.809972668582076949e-10 2.995739073474723568e-11 8.863631956046447158e-05 9.078534368711643765e-09 2.938651100237166247e-09 9.999945163726806641e-01 7.805354834999889135e-05 5.269860139378579333e-06 2.497034046200496960e-08 5.803086743777496892e-12 6.798110518957400927e-08 2.898664024542085826e-05 8.207320934161543846e-05 1.149472594261169434e-02 1.288582097913604230e-06 9.781385064125061035e-01 1.580112098054087255e-06 2.999520631874474930e-07
3.424323949730023742e-05 1.166028141597053036e-06 7.676877800122383633e-09 9.964269995689392090e-01 7.064139470458030701e-03 2.887985601773834787e-07 9.400419592857360840e-01 4.459525371203199029e-05 5.094319203635677695e-05 1.198869631480192766e-05 2.835932821909636914e-09 2.159813302569091320e-04 1.786635402822867036e-04 3.249760993639938533e-05 2.362204482778906822e-03 1.303478260524570942e-03 2.196055054664611816e-01 3.104998540948145092e-06 1.109822989064923604e-07
4.398309811949729919e-02 5.155172766535542905e-05 6.140664865483813628e-09 8.536370992660522461e-01 7.518320083618164062e-01 2.138712989108171314e-05 9.591694921255111694e-02 3.338956230436451733e-05 2.024502236963598989e-06 3.981902897357940674e-01 3.194004705164843472e-08 9.381138086318969727e-01 1.331768929958343506e-03 4.108955238280032063e-07 8.437600627075880766e-06 1.810285300016403198e-01 1.847877050749957561e-03 3.623488591983914375e-04 8.840364884576956683e-09
4.709040373563766479e-02 7.086805999279022217e-04 2.037085806705363211e-07 9.669365882873535156e-01 3.654443323612213135e-01 1.117197534767910838e-04 3.631260991096496582e-02 4.348302318248897791e-04 2.758545861070160754e-06 9.034523963928222656e-01 7.294023021131579299e-07 7.979002594947814941e-01 6.852141581475734711e-03 1.199656526296166703e-05 8.547103061573579907e-05 1.767830848693847656e-01 3.397952299565076828e-03 9.615037124603986740e-04 4.484082083422435971e-08
4.120944868191145360e-05 3.118510721833445132e-05 2.972050756216049194e-02 5.306043021846562624e-06 7.914091460406780243e-03 3.850622761092381552e-06 6.930820941925048828e-01 2.004922181367874146e-02 3.304182973806746304e-05 6.893165111541748047e-01 2.726912498474121094e-06 8.459938764572143555e-01 9.609754383563995361e-02 9.135362120105128270e-07 3.321566452996194130e-07 4.515580236911773682e-01 3.507619723677635193e-03 7.439543696818873286e-05 1.324858476436929777e-05
2.383174449205398560e-01 3.246555849909782410e-02 9.999988079071044922e-01 4.209043458104133606e-03 4.186369851231575012e-02 4.246215667080832645e-06 7.943396270275115967e-02 2.004673182964324951e-01 4.677280230680480599e-06 2.145499140024185181e-01 1.316341149504296482e-05 4.979148507118225098e-02 5.173812508583068848e-01 9.824645705521106720e-03 8.117932156892493367e-05 1.506767421960830688e-01 8.202560245990753174e-03 6.359593244269490242e-04 2.239207242382690310e-04
7.915100455284118652e-01 5.967680811882019043e-01 9.962867498397827148e-01 4.578235745429992676e-02 1.745676621794700623e-02 1.482615829445421696e-03 2.263499498367309570e-01 3.988657891750335693e-01 1.343857403844594955e-02 1.665017753839492798e-02 5.333975888788700104e-03 5.852584168314933777e-02 2.920910716056823730e-01 2.204287648200988770e-01 2.704855054616928101e-03 3.189800307154655457e-02 5.460530892014503479e-02 7.804164197295904160e-03 2.440606430172920227e-02
5.122367758303880692e-03 2.046745456755161285e-02 7.758783908684563357e-07 1.444295412511564791e-05 1.033267180901020765e-04 1.814738936900539557e-07 9.978483915328979492e-01 1.538170501589775085e-02 4.695228636264801025e-01 9.859932106337510049e-06 4.283497855067253113e-02 1.164933294057846069e-02 9.353408240713179111e-04 8.936092490330338478e-05 6.375146913342177868e-04 8.998042903840541840e-04 9.323616623878479004e-01 1.397607557009905577e-04 6.656789779663085938e-01
7.052012681961059570e-01 4.662199616432189941e-01 7.306570478249341249e-05 8.602458983659744263e-03 2.755330875515937805e-02 9.180574852507561445e-05 7.193703055381774902e-01 1.015818119049072266e-01 2.914090156555175781e-01 1.399602973833680153e-03 2.382707595825195312e-01 1.389855146408081055e-01 4.234404861927032471e-02 2.927770372480154037e-03 7.119905203580856323e-04 1.722039282321929932e-02 2.695062756538391113e-01 1.852660789154469967e-03 1.516259014606475830e-01
4.433356821537017822e-01 3.878709077835083008e-01 2.022858097916468978e-04 6.537703797221183777e-03 1.803844794631004333e-02 1.716268452582880855e-04 8.299535512924194336e-01 1.355423778295516968e-01 3.535744547843933105e-01 2.565868198871612549e-03 2.671097218990325928e-01 1.319658458232879639e-01 4.294592887163162231e-02 4.375191871076822281e-03 2.292437013238668442e-03 2.282852306962013245e-02 4.372350573539733887e-01 4.030447918921709061e-03 2.617546021938323975e-01
9.636139273643493652e-01 4.243327975273132324e-01 1.764862053096294403e-02 3.230659989640116692e-03 1.543962955474853516e-02 1.465148088755086064e-04 7.224974781274795532e-02 1.608722209930419922e-01 1.505208387970924377e-02 1.823390834033489227e-02 1.013310393318533897e-03 1.797398328781127930e-01 8.241422772407531738e-01 1.701151602901518345e-03 3.185521563864313066e-05 2.126393653452396393e-02 3.513370640575885773e-03 3.716141683980822563e-03 2.793854288756847382e-02
9.361317157745361328e-01 4.480922520160675049e-01 1.253816392272710800e-02 4.787147976458072662e-03 8.723189122974872589e-03 1.820563047658652067e-04 4.483272135257720947e-02 1.931541860103607178e-01 3.759237239137291908e-03 2.681676112115383148e-02 6.644245004281401634e-04 1.657649129629135132e-01 9.086032509803771973e-01 2.802422968670725822e-03 4.113112663617357612e-05 2.772584371268749237e-02 2.487404970452189445e-03 1.103340834379196167e-02 5.186437163501977921e-03
9.455927014350891113e-01 4.491367638111114502e-01 1.059299893677234650e-02 4.620226100087165833e-03 1.025913748890161514e-02 1.754689583322033286e-04 4.633419215679168701e-02 1.828582137823104858e-01 4.421372432261705399e-03 2.417214401066303253e-02 6.852241931483149529e-04 1.803288012742996216e-01 8.970670104026794434e-01 2.473631175234913826e-03 3.645847027655690908e-05 2.512088976800441742e-02 2.456928137689828873e-03 8.942982181906700134e-03 6.377968471497297287e-03
6.997019630361478448e-11 2.660863283182601791e-12 6.194936036180737386e-19 1.629145041093238433e-09 3.916607926868209688e-09 1.571618703233301773e-12 1.410578406648710370e-04 1.152237564383540303e-05 1.460435361172788236e-15 1.000000000000000000e+00 5.386722121689720838e-15 9.528893232345581055e-01 3.027451782600110164e-07 3.206401134881587235e-16 1.156841956213502942e-13 8.277101814746856689e-02 1.877974540320792585e-07 1.830799192248377949e-07 1.283397272873685390e-17
8.818623165041117318e-09 1.422528110930909584e-12 4.730902801545054201e-21 6.247364847666858623e-10 8.616060474678569059e-14 8.750128442994165034e-13 2.527506814953284220e-10 7.867203066780348308e-07 4.304447978818136807e-21 1.000000000000000000e+00 1.032526346734744676e-16 6.675755232572555542e-02 5.631995350086071994e-07 1.574712779405148583e-19 6.419153163983009605e-17 7.964459655340760946e-05 4.719037226957878417e-12 9.166209125055502227e-09 1.351671887893642565e-22
1.554475165903568268e-03 9.674596367403864861e-05 8.803442974603115090e-10 8.626753091812133789e-02 6.239665140128636267e-07 2.246110489068087190e-05 2.281363413203507662e-05 2.443324308842420578e-03 1.508716485076888603e-10 9.999988079071044922e-01 2.554621580941329739e-08 4.630352556705474854e-02 4.136927425861358643e-03 1.488534309146416490e-07 1.530971530883107334e-06 9.626683895476162434e-04 1.158744544227374718e-05 2.689373213797807693e-04 7.722675970933678968e-11
2.648596819199156016e-05 1.931337436644753325e-07 2.813725164321767558e-12 6.178424882818944752e-06 2.614878447104729275e-08 9.373710696536363685e-08 3.644904836619389243e-06 4.086048284079879522e-04 1.662086050388533742e-12 1.000000000000000000e+00 6.948811526186204901e-10 1.663186252117156982e-01 2.855780767276883125e-04 1.819136681568966907e-11 5.327960295176126237e-10 3.595113987103104591e-03 3.148634277749806643e-07 2.480653347447514534e-05 2.420746979606147598e-13
9.294996630160312634e-07 1.579591013545211808e-09 7.073932660918837243e-16 1.578834769588866038e-07 1.233623619922852299e-10 7.610030383631283257e-10 6.552922116043191636e-08 3.366488090250641108e-05 4.386745252649598996e-16 1.000000000000000000e+00 1.130154238422609314e-12 1.119789853692054749e-01 2.204542215622495860e-05 1.016248191962375660e-14 7.848847440039552481e-13 7.277944241650402546e-04 3.336495524308702443e-09 9.690676279205945320e-07 3.381843231128328219e-17
7.222258864203467965e-05 8.853334065861417912e-07 3.607862619769974799e-11 2.073622817988507450e-05 1.214151268413843354e-07 3.950541156427789247e-07 1.195286040456267074e-05 9.306733845733106136e-04 1.958345985375586906e-11 9.999998807907104492e-01 5.184112250589123505e-09 1.837020665407180786e-01 6.346792797558009624e-04 2.004432037017167545e-10 4.026816213809070177e-09 5.743203684687614441e-03 1.293627747145364992e-06 6.778828537790104747e-05 3.470314096851168095e-12
6.614697554141457658e-07 8.129646630550269037e-06 1.299726704928616527e-06 1.528385619167238474e-04 6.629983545280992985e-05 6.685353355351253413e-07 6.700215339660644531e-01 1.445819437503814697e-01 3.798161969825741835e-06 9.948132038116455078e-01 1.738396690598165151e-06 8.219384551048278809e-01 1.939653651788830757e-03 1.005782360152807087e-05 3.221189763280563056e-05 4.347163438796997070e-01 6.518771499395370483e-02 1.883108052425086498e-03 8.363754773199616466e-07
3.342127854466525605e-07 4.868988980888389051e-06 1.146065756074676756e-06 9.678213245933875442e-05 4.802880357601679862e-05 3.818381060227693524e-07 7.226948738098144531e-01 1.467237323522567749e-01 2.694205022635287605e-06 9.948203563690185547e-01 1.097276594919094350e-06 8.329627513885498047e-01 1.721532666124403477e-03 6.542290066136047244e-06 2.010264506679959595e-05 4.455896317958831787e-01 6.594669818878173828e-02 1.323948265053331852e-03 5.970966299173596781e-07
1.084072565049609693e-07 1.201404529638239183e-06 9.809539847083215136e-08 3.730011303559876978e-05 2.218104236817453057e-05 1.182931370635742496e-07 6.272304654121398926e-01 7.875549048185348511e-02 5.695036975339462515e-07 9.981840252876281738e-01 1.910411953076618374e-07 8.618006110191345215e-01 7.859818870201706886e-04 1.035620243783341721e-06 4.748024366563186049e-06 4.298602640628814697e-01 3.228979557752609253e-02 6.996228476054966450e-04 9.082140906002678094e-08
1.116951352742034942e-06 3.566474404692598910e-08 1.050579956363151268e-09 2.554183593019843102e-04 2.342075407505035400e-01 3.389302616341183239e-09 9.965872764587402344e-01 5.871469511475879699e-06 1.201849408971611410e-05 2.504401709302328527e-05 7.316140138158289119e-09 9.327366352081298828e-01 2.375632175244390965e-04 9.748008267251861980e-08 5.547593673327355646e-07 3.561829626560211182e-01 5.015727877616882324e-02 1.326745405094698071e-04 3.642697663508442929e-07
2.006139993682154454e-06 3.256154679220912840e-09 3.038124959942045678e-11 1.242376747541129589e-04 5.416660904884338379e-01 6.874653624144855257e-11 9.989200830459594727e-01 1.751531897298264084e-07 4.025584985356545076e-06 1.716240944915625732e-07 3.270256565546247884e-10 9.328847527503967285e-01 1.750997216731775552e-05 6.071334990309651403e-09 1.094329107331759587e-07 1.842788159847259521e-01 3.945761546492576599e-02 1.199179496325086802e-05 3.966830774970730999e-08
3.015473857522010803e-02 7.964018067241340759e-08 2.029525332514214853e-11 5.586194340139627457e-03 9.799654483795166016e-01 7.658432221724353894e-10 9.751365184783935547e-01 7.628811360405052255e-09 1.626144694455433637e-05 8.816940955114205281e-09 1.089178414126479311e-09 9.167482852935791016e-01 3.960412868764251471e-07 1.716003894536299867e-09 1.567672143210074864e-07 5.623381584882736206e-02 1.211626548320055008e-02 6.191702595970127732e-06 2.404577870152024843e-08
2.043070438306412995e-13 7.234920801665173633e-16 5.431635695798464526e-25 5.470139965990661324e-12 6.280548563858401323e-12 1.431499656903397269e-15 1.290654267904756125e-06 1.490884216082122293e-07 1.040515339291855190e-20 1.000000000000000000e+00 8.713590365997777689e-20 9.653193950653076172e-01 2.906925367085477774e-09 1.413873709109838665e-21 7.574175231792854056e-18 1.883990690112113953e-02 3.409920401598043327e-10 9.538420053800678033e-10 2.805456645040606859e-23
1.805316638368859028e-12 3.281989455122054540e-15 1.769209709360145711e-24 5.988735982814796799e-12 3.287959531375617139e-12 2.758856401183641498e-15 2.781170849175396143e-07 2.189934491525491467e-07 9.580887299555066535e-21 1.000000000000000000e+00 2.129680143088280300e-19 9.173088669776916504e-01 9.174168091874435049e-09 2.394095962604835206e-21 5.643655623282907652e-18 9.850875474512577057e-03 1.323914172735030093e-10 1.477181710285435656e-09 3.557458813326072109e-23
8.912860683871204337e-13 2.823470623969370763e-13 9.836760758646713834e-20 2.933234488633473802e-10 1.638047031349287863e-09 8.979573811948582396e-14 1.667383825406432152e-03 1.685505958448629826e-05 1.856212141052070511e-15 1.000000000000000000e+00 8.896830678518040901e-16 9.840977787971496582e-01 6.839351840426388662e-08 2.403142320945797104e-16 7.920683694432467670e-14 1.944045722484588623e-01 1.292688011744758114e-06 1.038549299892110866e-07 6.228160055676659450e-18
2.527523967899014679e-08 6.144836788735119626e-06 4.081448778947560641e-08 1.266932940779952332e-05 5.247097760729957372e-06 2.214592598193121376e-08 9.999526739120483398e-01 5.822813138365745544e-03 1.307336380705237389e-03 1.101367161027155817e-04 5.294411948852939531e-06 3.070957958698272705e-03 4.749757703393697739e-03 1.279442367376759648e-04 6.820939015597105026e-04 5.341178271919488907e-03 7.111721038818359375e-01 3.526902946759946644e-05 4.601960245054215193e-04
8.530130344297504053e-07 8.205886842915788293e-06 2.968303647321590688e-07 6.956924335099756718e-04 9.590970148565247655e-05 4.639261419470130932e-07 9.987871050834655762e-01 9.562135674059391022e-03 1.198204845422878861e-04 1.729039009660482407e-03 8.601731451562955044e-07 1.289407629519701004e-02 8.841414935886859894e-03 1.807390217436477542e-04 2.013981807976961136e-03 1.268757414072751999e-02 7.177637219429016113e-01 2.689806569833308458e-04 5.724952279706485569e-05
5.649588782907777329e-11 1.247312031438241320e-08 3.948557453226086977e-11 3.161700988130178303e-06 1.193247044284362346e-06 8.312844163027577338e-11 9.999794960021972656e-01 8.013246697373688221e-04 2.715012215048773214e-06 2.321490173926576972e-04 3.667534720364074019e-09 1.223587896674871445e-02 1.137328101322054863e-03 8.041672572289826348e-07 8.628016985312569886e-06 1.472985930740833282e-02 4.731992781162261963e-01 3.010553200510912575e-06 7.266362445079721510e-07
1.934417639404273359e-07 7.335700392723083496e-01 1.620799089559199491e-12 9.999654293060302734e-01 1.822710558874174325e-11 2.123030145239311606e-14 8.621646463871002197e-02 6.921695079654455185e-03 2.090918327368740393e-09 1.174089020450352905e-10 2.490510297992187816e-10 3.218929165100040124e-14 6.120671969256363809e-08 9.996795654296875000e-01 1.290153678334959864e-10 4.305166001472571224e-08 2.764980308711528778e-04 2.015082101181064900e-09 2.215038997490856310e-13
8.966656327247619629e-01 9.482321739196777344e-01 1.027078324113972485e-04 9.909231066703796387e-01 3.124224604107439518e-04 4.288034460842027329e-07 1.980626257136464119e-03 7.710821181535720825e-02 4.756176622322527692e-06 3.502275285427458584e-05 1.839430187828838825e-03 2.263633505208417773e-04 6.410833913832902908e-03 4.753491282463073730e-01 1.396433617628645152e-07 1.011129934340715408e-03 1.208522953675128520e-04 1.795382195268757641e-05 1.189047338812088128e-06
9.934404492378234863e-01 9.831495881080627441e-01 3.072623044886313437e-08 3.000743389129638672e-01 1.880371710285544395e-04 1.725529230611755338e-08 2.322341129183769226e-02 2.812872827053070068e-01 6.554052233695983887e-04 2.068225285256630741e-06 1.927536912262439728e-02 8.508088067173957825e-04 2.703026635572314262e-03 4.673038143664598465e-03 7.505755128534019605e-09 1.673250371823087335e-04 8.163556340150535107e-04 1.752495450091373641e-06 3.848823780572274700e-06
4.842504567932337523e-04 3.896703419741243124e-04 4.179639290669001639e-05 9.999908208847045898e-01 1.345394684904022142e-05 5.338680784916505218e-05 7.148940348997712135e-04 4.366137459874153137e-02 1.103776448019289091e-08 2.236286090919747949e-04 7.991943912211141310e-11 7.938578128197093520e-10 8.518613758496940136e-04 7.794946432113647461e-01 1.503390073776245117e-01 6.284320534177822992e-06 9.883322753012180328e-03 9.081712365150451660e-01 3.094380585100253711e-10
3.049698658287525177e-03 3.057028865441679955e-03 3.375582164153456688e-04 9.998837709426879883e-01 1.807895168894901872e-04 3.801776329055428505e-04 3.195472294464707375e-03 8.553313463926315308e-02 5.064478614258405287e-07 1.184692373499274254e-03 1.628390933205992042e-08 8.474080459563992918e-08 4.065040033310651779e-03 7.728930115699768066e-01 1.466421186923980713e-01 9.499213047092780471e-05 2.025252021849155426e-02 8.074391484260559082e-01 3.425588701588822005e-08
1.271967077627778053e-03 1.293082139454782009e-03 6.245601689442992210e-04 9.971629977226257324e-01 1.036532703437842429e-04 1.197847770527005196e-03 2.694172784686088562e-02 9.787815064191818237e-02 3.970093075622571632e-06 1.501709688454866409e-02 4.611611714722130273e-08 1.106497620639856905e-06 7.350995671004056931e-03 3.137421309947967529e-01 4.680020809173583984e-01 1.442303037038072944e-04 1.533282995223999023e-01 8.226793408393859863e-01 1.237144573451587348e-07
5.069230974186211824e-05 1.304834427173773292e-07 2.674747088312473542e-14 2.061736285686492920e-01 5.317016826822396069e-10 6.186858172441134229e-07 7.030071458302700194e-08 1.855992195487488061e-05 7.604378573807370287e-16 1.000000000000000000e+00 3.050664105011535732e-13 4.401261918246746063e-03 1.252280926564708352e-04 6.122750310227909054e-12 1.104315572320047067e-08 5.019179752707714215e-06 1.997952914223333210e-08 1.188056785395019688e-06 1.204987879623885586e-16
5.477704852819442749e-02 2.668973058462142944e-03 6.741239485563710332e-05 9.996424913406372070e-01 3.426404728088527918e-04 1.378736691549420357e-03 8.845094125717878342e-04 1.973142288625240326e-02 1.698350331480469322e-07 6.087128520011901855e-01 5.126992519421946781e-08 6.541277980431914330e-05 3.057998605072498322e-02 2.568171732127666473e-02 2.343670278787612915e-02 1.949298311956226826e-04 4.319666419178247452e-03 3.991587087512016296e-02 2.269684706845964683e-08
1.463061384856700897e-02 1.305635552853345871e-02 1.054755295626819134e-03 9.985062479972839355e-01 1.663705683313310146e-03 1.215042429976165295e-03 2.162795886397361755e-02 1.451472938060760498e-01 3.311052932986058295e-05 2.788261137902736664e-02 2.839049329850240611e-06 2.600653897388838232e-05 2.718309313058853149e-02 3.261470198631286621e-01 8.925355970859527588e-02 1.137893297709524632e-03 1.326201111078262329e-01 1.999432295560836792e-01 4.686996817326871678e-06
1.689494553147596889e-07 4.463421191758243367e-06 2.006369648199779476e-08 9.472272992134094238e-01 2.822021940573904430e-07 4.246860996204304683e-08 2.508043497800827026e-02 3.212316706776618958e-02 1.345832032484395313e-07 2.799443973344750702e-05 2.124832254590813818e-11 1.664778750409823260e-07 1.010399137157946825e-04 5.342121794819831848e-02 3.249787911772727966e-02 4.855338374909479171e-06 9.973880648612976074e-01 9.623240828514099121e-01 4.720890345311090641e-09
4.314099442126462236e-06 5.889864769414998591e-05 5.623252263831091113e-07 9.901998639106750488e-01 1.416018562849785667e-06 2.115580400641192682e-06 2.275982499122619629e-02 6.908641010522842407e-02 1.331805208337755175e-07 2.435942005831748247e-04 2.768964224575398703e-10 2.572471373696316732e-07 4.385803767945617437e-04 1.165956854820251465e-01 2.058974504470825195e-01 6.118908004282275215e-06 9.421464204788208008e-01 9.271450042724609375e-01 5.111669754143122191e-09
8.333313598996028304e-05 6.467032944783568382e-04 1.574302586959674954e-05 9.371302723884582520e-01 5.361977309803478420e-05 2.947844404843635857e-05 7.135213911533355713e-02 1.348938047885894775e-01 1.323238575423602015e-05 1.652818173170089722e-03 1.146591088740933628e-07 2.873376433853991330e-05 3.119800938293337822e-03 1.552357971668243408e-01 1.781294643878936768e-01 2.101451827911660075e-04 9.393815994262695312e-01 8.632737398147583008e-01 1.448896455258363858e-06
1.655533444136381149e-03 7.664188160561025143e-04 3.349717007949948311e-05 2.181467786431312561e-02 1.261665299534797668e-02 4.216440953314304352e-03 7.793429493904113770e-01 3.328797593712806702e-02 1.719792955555021763e-03 8.072625398635864258e-01 1.146334689110517502e-04 3.499832153320312500e-01 5.435148254036903381e-02 2.457993978168815374e-04 6.352234631776809692e-03 1.207686215639114380e-01 6.356628984212875366e-02 1.360665261745452881e-02 4.518190107773989439e-04
1.599710248410701752e-02 1.363188400864601135e-02 2.317574620246887207e-02 9.613295644521713257e-02 2.979148738086223602e-02 9.715885519981384277e-01 7.210159301757812500e-02 1.251941733062267303e-02 1.106824204325675964e-01 6.918227765709161758e-03 2.384910039836540818e-04 1.632690196856856346e-03 1.517376489937305450e-02 6.126223877072334290e-02 3.647080659866333008e-01 2.152919303625822067e-03 5.316059663891792297e-02 9.140881150960922241e-02 1.304246392101049423e-02
5.074484739452600479e-03 6.389127811416983604e-04 3.010741202160716057e-04 7.736471295356750488e-02 6.238134577870368958e-03 9.661424160003662109e-01 3.914570808410644531e-02 1.918366411700844765e-03 9.226188063621520996e-03 7.380562275648117065e-02 4.906685717287473381e-06 9.783393470570445061e-04 7.765164598822593689e-03 4.055972676724195480e-03 5.876209139823913574e-01 2.933789801318198442e-04 7.333528250455856323e-03 1.946840435266494751e-02 3.496948629617691040e-04
5.606349532172316685e-06 2.271770540573925246e-07 4.145213505779565821e-09 1.000000000000000000e+00 1.981180020038664225e-08 4.224678377795498818e-06 7.656495881747105159e-07 1.845297956606373191e-04 2.633100551832634473e-12 1.609957536174988491e-07 1.503582536254736327e-18 5.840716349536518030e-17 6.966892669879598543e-06 2.323535270988941193e-02 1.808715984225273132e-03 1.143538319592352082e-10 2.041231491602957249e-04 1.322976313531398773e-03 1.135411561015012890e-15
1.385577206747257151e-06 2.687514388810541277e-08 8.768410476867050107e-12 1.000000000000000000e+00 1.909450597636919156e-09 1.730795474941260181e-06 8.077388535809859604e-09 4.195709152554627508e-06 4.752335609997486443e-14 5.100078692699128169e-10 7.542357427416207809e-22 1.297795651659696193e-20 4.558781085961527424e-07 8.025841787457466125e-03 4.075345350429415703e-05 1.265814059472902819e-12 2.287031520609161817e-06 9.653681445342954248e-06 4.790549102380936707e-18
7.219070852215736522e-08 3.633537204450476565e-08 3.886035937483711677e-11 1.000000000000000000e+00 5.786723877854171860e-10 6.022154996898620993e-10 1.992531906580552459e-06 2.846302522812038660e-04 6.927610747423443294e-14 1.795355153433320083e-08 2.057324360774536842e-20 2.546172302351206728e-19 7.639836780981568154e-07 3.689634799957275391e-02 2.584429457783699036e-04 8.036314669279676082e-12 7.889218628406524658e-03 1.434661535313352942e-04 3.196786301769903612e-18
5.063138103222897257e-11 4.897370953216295675e-09 3.353475830358831900e-11 1.376881822943687439e-02 2.475844596006027132e-08 3.323957116663223132e-06 9.999923706054687500e-01 1.610920548955618870e-06 5.139430504641495645e-05 1.452028636217406188e-10 2.422668456906335033e-13 1.106612718126953609e-10 7.730408242423436604e-07 3.172123339027166367e-03 1.354903876781463623e-01 1.397480087206304233e-08 2.398318946361541748e-01 1.738900778036622796e-06 4.515304752317206294e-08
1.366243296274660679e-08 1.933547082444420084e-07 1.547824868275426979e-09 3.390520438551902771e-02 1.395198523823637515e-06 9.046226041391491890e-04 9.998521804809570312e-01 3.761761036003008485e-06 9.887682972475886345e-04 2.594206183204050831e-09 2.046235229868909045e-11 2.424998868377770123e-09 2.362550048928824253e-06 7.435069885104894638e-03 2.697114944458007812e-01 9.092575226077315165e-08 3.353719785809516907e-02 2.029647112067323178e-05 8.618671358817664441e-07
1.776323116375877476e-10 3.666192238682697280e-09 1.308045893821940808e-10 6.591314822435379028e-02 1.167302166038552969e-08 1.443027485947823152e-05 9.999248981475830078e-01 3.273300990258576348e-06 1.482794414187083021e-05 1.912919822544267845e-10 6.076324339521210760e-14 1.290059552239153362e-11 6.749762633262434974e-07 3.727305214852094650e-03 3.165683746337890625e-01 1.933182280922096652e-09 5.132400393486022949e-01 1.877678641903912649e-06 1.462584275913059173e-08
1.053675896534045364e-10 1.537789756644869499e-10 1.444211972234654695e-10 6.352609395980834961e-01 1.166069844849015880e-11 1.421884917363058776e-06 5.018227100372314453e-01 5.656132998410612345e-05 8.997564471258101548e-09 1.658636561430171241e-09 1.615036727913039393e-17 1.093453212225531726e-14 2.317273128937813453e-07 3.098542103543877602e-03 9.148165583610534668e-01 5.814188106662010469e-12 9.909761548042297363e-01 3.731519609573297203e-05 2.811385889714412833e-12
1.961222865399465183e-16 3.160267728931354103e-13 9.506845716690591471e-19 9.998610019683837891e-01 3.196289679073739025e-16 5.558788133205885842e-18 6.861692963866516948e-05 3.563300706446170807e-04 1.436142045963951076e-17 2.923497555151755023e-11 3.045208629396770575e-26 1.896210141934716943e-17 4.922879326407780809e-10 2.479021204635500908e-03 7.384587661363184452e-04 1.203593024941621015e-13 9.999992847442626953e-01 9.993964433670043945e-01 7.488205975914002827e-21
5.844101786701971779e-14 2.089097920669009609e-15 1.375038812331677920e-14 1.000000000000000000e+00 6.658797048909176342e-15 5.528682302550699812e-15 2.593100070953369141e-04 2.076577402476686984e-06 3.680841891042155984e-17 1.190071392126457184e-11 1.348115427663591153e-27 1.581066454462415866e-22 7.799061396696060910e-10 9.196139103551104199e-07 3.337506204843521118e-04 2.171049734744402455e-16 9.995079040527343750e-01 1.664011506363749504e-08 1.673764679019595533e-23
9.228655695915222168e-01 6.649011538684135303e-06 1.071984823364192582e-14 1.000000000000000000e+00 9.343086481094360352e-01 1.541957395101434258e-10 4.430227272678166628e-05 1.381129877131570538e-09 7.075931307554128580e-08 1.306227304098683817e-08 1.467011095934722675e-10 3.974290302721783519e-05 1.425231062057719100e-07 6.496255195997946430e-07 2.391873810125844102e-09 3.567997133359313011e-03 1.602117845322936773e-05 3.079657405827274097e-12 3.843128940084206135e-11
7.211443968117237091e-03 5.323155805037060873e-10 7.911816088971433413e-19 9.996674060821533203e-01 9.940668344497680664e-01 1.414464378957092094e-10 1.270989608019590378e-02 8.791990573076002846e-12 2.422602951579477804e-10 1.056751571013592184e-04 2.950215225891136047e-16 9.835426807403564453e-01 2.254944320156937465e-08 1.038810205390705566e-12 1.833323944044895626e-11 1.941256672143936157e-01 1.642743336560670286e-05 1.158613116558626643e-07 8.600338442034697814e-16
3.763440190596156754e-07 1.247222203987208289e-11 3.798004944144248900e-16 1.202710222969471943e-06 4.065476059913635254e-01 5.500252683865447523e-11 3.049042820930480957e-01 1.692380635631707264e-08 5.299235356082121484e-11 9.390919804573059082e-01 6.160683654166760823e-15 9.999417066574096680e-01 3.898592240147991106e-06 3.180257028860197788e-14 5.258711218217304584e-14 7.243353128433227539e-01 1.298267306992784142e-06 9.701346925794496201e-07 5.930100703023521991e-14
1.831897122883674456e-08 2.560857155807028454e-15 0.000000000000000000e+00 1.000000000000000000e+00 9.181455969810485840e-01 6.577508313400717843e-14 9.585913419723510742e-01 8.983549960809145493e-25 4.328237264417111874e-04 3.488826336850033640e-22 1.391588078041692786e-20 6.111855466173210516e-11 3.382031655117049556e-20 1.568454692782090368e-18 4.264337398007887053e-15 9.854473148607212352e-08 3.029998561082658526e-12 3.420981017339660905e-22 3.052269990541070423e-17
2.180162482545711100e-05 4.094352235028964060e-08 8.039211937005429943e-16 2.891106903553009033e-02 6.219236552715301514e-02 1.930142490280672973e-09 1.174732111394405365e-03 3.701176751746970695e-07 9.133051303081285432e-13 9.999730587005615234e-01 5.537626563897890541e-13 9.972756505012512207e-01 5.539865924220066518e-06 7.838259555303928039e-12 3.649660088034245575e-11 3.213345110416412354e-01 4.327675071635894710e-07 1.413771997249568813e-06 2.039933799069765068e-15
3.605938255786895752e-01 9.156054817140102386e-03 7.769709191052243114e-05 9.747800230979919434e-01 7.049311995506286621e-01 3.813142422586679459e-03 2.661556005477905273e-01 2.313115866854786873e-03 1.119669247418642044e-02 1.153027452528476715e-02 6.541461916640400887e-04 2.391933947801589966e-01 8.127572014927864075e-03 2.211554674431681633e-03 8.416065014898777008e-03 1.945312768220901489e-01 7.641399651765823364e-02 4.160467535257339478e-03 5.015920032747089863e-04
1.630734801292419434e-01 1.284084282815456390e-03 9.269948601722717285e-01 9.670716244727373123e-04 2.963950391858816147e-03 1.520466503279749304e-05 4.525137599557638168e-03 3.258252888917922974e-02 4.079612097029894358e-07 9.894903302192687988e-01 1.845519000198692083e-05 3.712504208087921143e-01 5.885329842567443848e-01 5.432567195384763181e-05 1.488001453253673390e-05 6.295812875032424927e-02 2.052163617918267846e-04 7.677003741264343262e-03 6.112142727943137288e-06
6.779573857784271240e-02 7.396321892738342285e-01 6.987381577491760254e-01 4.152548909187316895e-01 2.926268381997942924e-03 4.819080699235200882e-03 1.965286135673522949e-01 4.317217767238616943e-01 2.122481353580951691e-03 1.219107303768396378e-02 8.544504642486572266e-03 3.088358556851744652e-03 5.701043084263801575e-02 8.861235380172729492e-01 3.019715473055839539e-02 3.239556774497032166e-02 3.409997746348381042e-02 4.342645034193992615e-02 9.720075759105384350e-04
8.182245492935180664e-01 2.601710259914398193e-01 2.306261649209773168e-06 1.915776915848255157e-02 3.348174141137860715e-05 2.318737415407667868e-06 3.180383355356752872e-04 6.104846298694610596e-02 1.822084954028468928e-07 7.602273821830749512e-01 6.031798420735867694e-06 1.686220169067382812e-01 9.157903194427490234e-01 1.981872192118316889e-04 3.385673608136130497e-07 6.175787188112735748e-03 1.325223638559691608e-05 7.059772312641143799e-02 6.631899850617628545e-06
1.754632350525753282e-08 5.563742888625711203e-07 9.979451709440922968e-10 9.991964697837829590e-01 3.109984936244813980e-09 8.752166102965475147e-09 3.390318015590310097e-03 1.790029555559158325e-02 9.141198908935166401e-11 6.214122095116181299e-06 9.381099955012295322e-15 1.308247954412422587e-10 1.400630299031035975e-05 5.247776210308074951e-02 1.477491408586502075e-01 1.960815687596095813e-08 9.835458993911743164e-01 9.731811285018920898e-01 7.177752858224251131e-13
1.593530879846788540e-18 7.207735385102165271e-15 1.211026828783584429e-20 9.996347427368164062e-01 9.722391406733893731e-18 6.402978293339388706e-20 5.152705125510692596e-05 8.733468712307512760e-05 2.050838405279765874e-18 1.412995913850634278e-12 1.144304637596665369e-28 1.091637905806896738e-18 4.690646482341520596e-11 9.600518969818949699e-04 1.356141146970912814e-04 1.909277992867899898e-14 1.000000000000000000e+00 9.997944235801696777e-01 4.701036956813719134e-22
6.812328885675775214e-14 6.161003917324117674e-14 3.738992357232388808e-17 1.000000000000000000e+00 1.754064202777938161e-15 7.587241790339047958e-19 3.751881304197013378e-04 2.591115662653464824e-05 2.591405071486232225e-18 2.066306237225035147e-09 1.057603551879653411e-26 3.264959627877618816e-21 1.738262644934707168e-09 2.598326318548060954e-05 8.351897122338414192e-05 6.698260313921754194e-15 9.999506473541259766e-01 1.520360342510684859e-06 2.182858194128419598e-24
3.328452294226735830e-05 2.809822326526045799e-04 4.202436321065761149e-05 6.706103086471557617e-01 6.635922909481450915e-05 1.820862235035747290e-05 9.415881633758544922e-01 2.325940877199172974e-02 4.747366183437407017e-04 1.965170231414958835e-04 9.468232065046322532e-07 1.438814160792389885e-05 3.053548978641629219e-03 4.080732166767120361e-02 7.902515679597854614e-02 4.372652038000524044e-04 9.090848565101623535e-01 1.061224145814776421e-03 3.891410960932262242e-05
1.173520447483866747e-10 1.209945767186582088e-04 1.633886775875836861e-10 4.820290580391883850e-02 2.719864090894308362e-11 4.258589574729354510e-12 9.997614026069641113e-01 2.469932427629828453e-03 7.512917932217533235e-07 4.653998075809795409e-09 6.584773698525836494e-11 1.275735420080970073e-11 2.649681846378371119e-06 9.987254738807678223e-01 1.371435246255714446e-05 1.205163812301179860e-06 4.942935407161712646e-01 6.592369079589843750e-01 2.342234461938375034e-10
2.326590526138816450e-12 8.706548726422624895e-08 9.025326493106167192e-12 9.999178647994995117e-01 2.323070728837972609e-11 2.476089592456725500e-16 9.979401230812072754e-01 1.302456366829574108e-04 4.670138764595321845e-08 1.308949337808229529e-10 2.011817497532888965e-13 5.504904732468555995e-14 3.652312159374559997e-07 1.049623917788267136e-02 5.593558853433933109e-06 3.098234202525418368e-08 9.500588178634643555e-01 7.036705107488216981e-10 3.014326635519815056e-11
1.235085037715188960e-11 1.008202989153240203e-18 1.502470888004571971e-32 9.958477020263671875e-01 2.225441291639895777e-19 1.172043808983806376e-14 2.509713052341929623e-14 3.474624017327232472e-13 2.518322159194050803e-35 1.000000000000000000e+00 9.379050783261779081e-32 9.475066690356470644e-06 2.637209894906789032e-10 9.936479636212220623e-27 1.652832462985159346e-16 4.059956797836106190e-12 1.208740579687356959e-15 1.864281569830678054e-14 4.438964051144017871e-38
1.053380507820556033e-10 1.339480168035617419e-16 4.440661209903613661e-29 7.150688022375106812e-02 4.048599939374454174e-18 1.035627096232505373e-12 1.053746526884571932e-13 2.628836731632944179e-11 8.028178787867430552e-31 1.000000000000000000e+00 4.609254950564084852e-27 7.327139610424637794e-05 1.723328035829752025e-09 1.268648868789599459e-24 1.687909764927074830e-15 1.595322624003969736e-10 5.221926356087239554e-15 8.134918520058542768e-13 5.544259880613613179e-33
1.008453764939076791e-09 5.997182790182394550e-16 1.229028534743820224e-27 3.951561823487281799e-02 1.673620009939869036e-13 7.710430210972063492e-11 3.526386127550296123e-10 2.365150957028827605e-11 2.451342368662572793e-25 1.000000000000000000e+00 3.409563082068384978e-25 1.644873060286045074e-03 1.183314513042432736e-08 6.270862017158990746e-24 1.069950809266632941e-13 8.928805250718596653e-09 2.597384384395856616e-13 1.450435474850686468e-12 8.401087575202516715e-29
1.717495433695148677e-05 1.007684602427616483e-09 1.074053064369084876e-12 4.423517286777496338e-01 6.276984214782714844e-01 2.012364319625703502e-07 9.563254714012145996e-01 2.566543244597596640e-08 1.277100409424747340e-06 9.980174945667386055e-05 2.235646997389428847e-12 6.924902200698852539e-01 7.053547960822470486e-06 3.525538749826750973e-10 1.726500840959488414e-06 5.460337549448013306e-02 2.296636346727609634e-03 2.072304232569877058e-05 6.820858877709667922e-10
1.461937149116465662e-08 7.510973180219204792e-15 7.627565571342864725e-15 9.047070145606994629e-01 1.710287120260112204e-11 8.706486225128173828e-01 1.339073605777230114e-05 6.154908804845149461e-10 2.373513711961816597e-13 9.988650083541870117e-01 1.955105609979427625e-23 2.793816913926328027e-11 3.222034905547843664e-08 1.672871736968506440e-11 9.036422967910766602e-01 4.739354999487403741e-14 5.497008714883122593e-08 1.249133330105678397e-08 3.819618923328124216e-19
2.690522933335159905e-07 3.421301575379231963e-10 4.081354140961961433e-16 1.013505388982594013e-04 4.032848437418579124e-07 4.760306637763278559e-07 1.980888191610574722e-03 5.714335202355869114e-06 2.356967268926646319e-12 1.000000000000000000e+00 1.904659833714197892e-13 3.011609911918640137e-01 3.753501005121506751e-05 5.714387838785806029e-14 8.682846441843139473e-09 1.394074992276728153e-03 1.778174464561743662e-06 1.170928953797556460e-06 3.802524701362886006e-14
2.083605750158312730e-06 1.034960597753524780e-01 3.034311690797153460e-09 1.069997698068618774e-01 7.001774520176695660e-06 1.065051110344938934e-04 8.389164209365844727e-01 2.892219694331288338e-03 1.002384015009738505e-04 6.841619964689016342e-03 4.367827699525150820e-08 1.915198845381382853e-05 2.048185560852289200e-04 4.842854142189025879e-01 2.855711500160396099e-06 4.471084685064852238e-04 1.312095846515148878e-04 1.219104774463630747e-06 2.103622733784504817e-07
1.819995850382838398e-05 6.101992084950325079e-07 1.285586222365964204e-05 3.049120306968688965e-03 4.788645803928375244e-01 5.582169251283630729e-07 9.867814183235168457e-01 4.057418118463829160e-05 2.753318694885820150e-04 9.624704398447647691e-05 1.242850373728288105e-07 8.106310367584228516e-01 5.999463028274476528e-04 1.848661213443847373e-06 8.767481631366536021e-06 3.469213545322418213e-01 5.394431203603744507e-02 1.915444037877023220e-03 6.520140686916420236e-06
1.677341908216476440e-01 1.518513541668653488e-02 9.416215419769287109e-01 1.788258925080299377e-02 5.805595517158508301e-01 6.928345101187005639e-05 5.588823556900024414e-01 6.161743029952049255e-02 8.189131622202694416e-04 1.944748498499393463e-02 3.581145429052412510e-04 7.523818016052246094e-01 8.263059705495834351e-02 3.189004259184002876e-03 2.131083019776269794e-04 3.182547390460968018e-01 1.044094115495681763e-01 7.925870828330516815e-03 7.819344173185527325e-04
6.016561383148655295e-05 1.956366057889247830e-16 3.525532291149761516e-25 1.484267500018177088e-07 9.999510049819946289e-01 2.542463205097473345e-20 9.971657395362854004e-01 4.294103681361377723e-19 1.530809506933294983e-11 1.239512778441337337e-14 3.330028409437103259e-21 9.999750852584838867e-01 2.641478514056345289e-14 3.279237227712101150e-22 6.441192422052204692e-21 1.140842437744140625e-01 1.127416311419437989e-07 3.617564581226417886e-11 2.734272604959094091e-18
4.170708416495472193e-05 3.164476736206012220e-10 9.693825603340755492e-13 9.999995231628417969e-01 7.710464489107948793e-10 1.636089291423559189e-04 7.609266958752414212e-07 2.938883199021802284e-07 7.364570311549877013e-16 9.999973773956298828e-01 5.473185925799157948e-20 3.091121669740459765e-08 1.996301034523639828e-05 4.943004894286673334e-10 8.822649251669645309e-04 1.761195772553847405e-10 3.085608852870791452e-07 9.987859073135041399e-08 3.388087845047159477e-20
4.358679288998246193e-04 9.863460093129106099e-08 9.837953612564301342e-14 9.999769926071166992e-01 7.170819316115739639e-08 9.218351806339342147e-06 1.104644070437643677e-06 1.144174348155502230e-06 3.739152830271224096e-15 9.999996423721313477e-01 2.963739959778623071e-16 1.218051402247510850e-04 1.992562465602532029e-04 3.860793351684321806e-10 1.151989636127837002e-06 1.460375642636790872e-07 2.213778174109393149e-07 8.318438915466686012e-08 8.420867380634782548e-18
4.118547781192371388e-15 1.731969560107046550e-15 1.158067478637800473e-20 5.695224153390299193e-11 1.501121369074098766e-05 9.999988079071044922e-01 2.674462199211120605e-01 3.894046114529716774e-20 2.276078565046191216e-03 1.474452274142189212e-15 1.107143107688599202e-24 2.047971601332188030e-12 4.202391337476338307e-15 2.837210718101279561e-12 2.738136828384085675e-09 8.347205739112073530e-12 2.751346242849117552e-12 1.246990866121677755e-08 1.775191799113784441e-10
7.700270976407352919e-12 6.218629500231998009e-10 5.029822478658241280e-12 6.891341414302587509e-03 2.775504825969221656e-10 4.586209740864433115e-07 9.999616146087646484e-01 6.160355951578821987e-06 3.882304099533939734e-06 3.431953332633241871e-11 1.026557768776586652e-14 1.211204964449152932e-12 2.514790935492783319e-07 4.399091470986604691e-03 3.252770900726318359e-01 3.665484027415288892e-10 9.340616464614868164e-01 2.001693019337835722e-06 8.669509554692922393e-09
5.992314256559813646e-15 8.508667104223377464e-10 7.624350663581825316e-19 1.000000000000000000e+00 1.532718360329722248e-17 1.332686467150997101e-23 6.314423899311805144e-06 1.201833365485072136e-04 3.881528868533743438e-20 2.621687250430569660e-14 5.245650574702653325e-28 1.009371081751651353e-29 1.050385056711178322e-10 6.257171630859375000e-01 1.832354890041187900e-08 6.471720161038509492e-17 7.717714905738830566e-01 6.201744895406591240e-08 4.849532891905067540e-26
5.155059625394642353e-06 3.384472438483498991e-05 7.004011422395706177e-06 9.635576978325843811e-03 1.029742852551862597e-04 5.399246219894848764e-06 9.950030446052551270e-01 1.643616147339344025e-02 5.809199647046625614e-04 4.276620165910571814e-04 2.745096253420342691e-06 1.004373305477201939e-03 5.637196823954582214e-03 2.555429469794034958e-03 2.609547227621078491e-02 3.186458488926291466e-03 9.112049937248229980e-01 1.035532099194824696e-03 2.747636171989142895e-04
3.293462842702865601e-02 6.364960223436355591e-03 6.744918879121541977e-03 5.172501206398010254e-01 1.221790630370378494e-02 2.285295277833938599e-01 5.045392513275146484e-01 6.018729135394096375e-02 1.794244907796382904e-02 1.116472333669662476e-01 2.024536806857213378e-04 7.562214042991399765e-03 5.153828114271163940e-02 5.959509313106536865e-02 6.781708002090454102e-01 5.209011957049369812e-03 1.912440955638885498e-01 4.806490615010261536e-02 1.694582169875502586e-03
1.056493609212338924e-03 5.471967961057089269e-05 1.855921283322459203e-08 9.065693616867065430e-02 1.892173662781715393e-02 2.896437072195112705e-04 3.069027960300445557e-01 4.593455232679843903e-04 6.245831173146143556e-06 9.669877290725708008e-01 1.363365953466200153e-07 5.672242045402526855e-01 5.926136858761310577e-03 4.866204221798398066e-07 7.060572534101083875e-05 5.494516715407371521e-02 1.872427179478108883e-03 2.914434007834643126e-04 2.221160713133940590e-07
2.897251979447901249e-04 7.699954380768758710e-07 6.154615150855136108e-10 6.876883096992969513e-03 4.140891600400209427e-03 6.821466609835624695e-03 1.848974376916885376e-01 3.047734026040416211e-05 1.511606342319282703e-06 9.977678060531616211e-01 1.727735066126001584e-09 2.500261664390563965e-01 2.191698178648948669e-03 2.513302677087381198e-09 3.691577148856595159e-05 4.990194924175739288e-03 9.816855890676379204e-05 5.169577343622222543e-05 2.726755710114048270e-08
8.293346762657165527e-01 1.084057316184043884e-01 1.349627855233848095e-04 1.906600221991539001e-02 4.233446437865495682e-03 4.020821870653890073e-05 4.494560882449150085e-03 4.475170373916625977e-02 8.789247658569365740e-06 5.724087953567504883e-01 1.272879890166223049e-04 3.997178375720977783e-01 8.483215570449829102e-01 9.993965795729309320e-05 8.329317097377497703e-06 2.570221200585365295e-02 1.580635143909603357e-04 3.235635533928871155e-02 8.045497088460251689e-05
9.096350669860839844e-01 2.753979060798883438e-05 2.066563066505100466e-12 4.284547969746199669e-07 9.678915888071060181e-02 5.986380553595072040e-13 4.387895110994577408e-03 3.019809582838206552e-06 4.682289278523654730e-11 1.559206247329711914e-01 1.667666178761795237e-11 9.960759282112121582e-01 1.386686321347951889e-02 1.469268635792900235e-13 9.515780549436113627e-17 1.163835637271404266e-02 1.062273291552173760e-08 4.343519677263429912e-08 3.901900330616214774e-11
6.816577315330505371e-01 7.486486993002472445e-06 2.490580527592101134e-06 9.999996423721313477e-01 9.922802746586967260e-06 6.867429647172684781e-08 7.341406217165058479e-06 4.583929330692626536e-05 9.832686964986181444e-13 1.113516627810895443e-04 2.019421956045430733e-13 5.317111195779489208e-09 2.569695468991994858e-03 1.614657114259898663e-03 9.894424676895141602e-02 7.817939007281893282e-08 2.653845585882663727e-03 7.129024015739560127e-04 1.321277800576036929e-14
9.999992847442626953e-01 1.691810972988605499e-02 5.219373377940428327e-09 7.764463424682617188e-01 1.763601438142359257e-03 8.299433731408234483e-13 2.614933976019528927e-07 7.750749500701203942e-05 4.228116628056957866e-16 3.954921703552827239e-05 3.643696889349401502e-12 2.376954257488250732e-02 7.567991018295288086e-01 1.400808855578361545e-06 1.484592448974808576e-10 1.331418161498731934e-06 1.746159128401814087e-08 2.505658585505443625e-06 3.650294584829627542e-14
9.999855756759643555e-01 6.142856087535619736e-03 3.113639422736014239e-06 9.976696372032165527e-01 1.084775850176811218e-02 6.901142435289386867e-10 2.228832499895361252e-06 1.611768384464085102e-04 4.980699758335392635e-14 1.144259658758528531e-04 3.091047973136085147e-10 6.371438503265380859e-03 3.856787979602813721e-01 1.035406530718319118e-04 9.716025488160084933e-06 8.329905540449544787e-06 5.978640274406643584e-06 3.155615559080615640e-05 1.551032197642798760e-12
9.980267882347106934e-01 1.139648035168647766e-01 3.113894760608673096e-01 5.527263134717941284e-02 7.669349312782287598e-01 1.411362063663545996e-06 6.873869150876998901e-02 3.956673666834831238e-03 1.091114882001420483e-05 7.120154623407870531e-05 1.435033627785742283e-04 4.447090029716491699e-01 2.485863491892814636e-02 3.096943954005837440e-03 5.567221251112641767e-06 1.379651948809623718e-02 1.159975887276232243e-03 1.061066213878802955e-04 2.492709609214216471e-05
9.769191145896911621e-01 3.358314633369445801e-01 9.801884889602661133e-01 5.163277387619018555e-01 1.963438242673873901e-01 1.635885128052905202e-04 1.582281664013862610e-02 5.989521741867065430e-02 2.479686008882708848e-05 4.815398249775171280e-03 2.163188299164175987e-03 1.079214364290237427e-01 3.610343933105468750e-01 2.347566485404968262e-01 9.855851531028747559e-04 3.653778508305549622e-02 2.042674459517002106e-03 1.999567076563835144e-02 4.077098856214433908e-04
9.999996423721313477e-01 3.280946239829063416e-02 6.826585963182196792e-10 8.384545147418975830e-02 9.551416635513305664e-01 9.049419742203357320e-13 3.576674498617649078e-03 4.294080554245738313e-06 7.211837793619224612e-10 2.330195592037398455e-09 7.114242350780841662e-08 4.623857736587524414e-01 1.073769963113591075e-04 4.857107569478102960e-07 3.799309825081031988e-12 1.695325772743672132e-04 3.239497573304106481e-06 1.055233012081657762e-09 1.868436100282977463e-10
1.756890997057780623e-04 2.615647629045092515e-11 2.497259716863662518e-18 9.999980926513671875e-01 6.624436998947658140e-09 7.579354033282470482e-09 1.306762875685762992e-08 1.489355083705845573e-09 2.353591577571013024e-21 1.000000000000000000e+00 3.675895322544755322e-21 5.682234768755733967e-04 8.533836080459877849e-06 2.196289596036906495e-16 1.444138364448122047e-09 1.649287106886276888e-08 1.006843275419555539e-09 3.568097206585463255e-10 9.598755956735461390e-25
3.708362055476754904e-04 4.043736873127201648e-11 2.103170234887116936e-16 9.858430027961730957e-01 2.680229549412160850e-08 1.474130694987252355e-04 1.363048795610666275e-05 6.962280973965562225e-09 6.575598508214543572e-15 1.000000000000000000e+00 6.067518685586717540e-19 1.466471730964258313e-04 3.080190435866825283e-05 2.208253645249297868e-15 7.241168304972234182e-07 5.423232973811309421e-09 9.791794930436026334e-09 4.219511851033530547e-09 2.798323888126065821e-18
5.551854115326548822e-12 1.882190191816600615e-20 1.215330580154145639e-35 9.966790676116943359e-01 3.283280234514667462e-22 3.428840192462243031e-14 8.173842298405009128e-18 3.360871092401005768e-15 0.000000000000000000e+00 1.000000000000000000e+00 1.142847836388860860e-35 2.255474242929267348e-07 2.100806160976187442e-11 7.886005097124176523e-31 8.719418370401096614e-18 2.322596528623287193e-15 8.304548906855451947e-20 9.231559802037790722e-18 0.000000000000000000e+00
2.224731870228424668e-04 1.830250937473465456e-07 1.657103787522373750e-08 9.999986886978149414e-01 1.967982825590297580e-04 1.511355675756931305e-02 1.658174092881381512e-03 1.198899281007470563e-05 6.922373927409353200e-07 1.444472000002861023e-04 8.611644925805850281e-13 3.221850519707913918e-08 4.597943552653305233e-05 9.461783520237077028e-06 1.696192659437656403e-02 8.283509487228002399e-07 1.866159378550946712e-03 1.470401093683904037e-05 9.530304323490668139e-11
3.276957571506500244e-01 1.147069415310397744e-04 4.418256038807300001e-10 1.000000000000000000e+00 1.248530372977256775e-01 2.283249358470129664e-07 1.202671555802226067e-04 5.339387826097663492e-06 2.603202542417193399e-09 5.114779807627201080e-03 3.145922966574232760e-10 4.514323954936116934e-04 4.604219866450875998e-04 1.111764231609413400e-05 5.847168267791857943e-06 2.554835285991430283e-03 3.898780560120940208e-04 1.017516311208055413e-07 3.873455722835927872e-11
4.953065887093544006e-02 1.411363200531923212e-06 3.386972646790553654e-11 9.957096576690673828e-01 9.450138211250305176e-01 2.094058118018438108e-06 1.612991243600845337e-01 2.091290980388293974e-07 7.310672117455396801e-06 2.742592478170990944e-04 1.034104801789226258e-09 7.163259387016296387e-01 1.180986782856052741e-05 5.396098501364576805e-08 4.003456069767707959e-06 1.544601470232009888e-01 4.200281109660863876e-03 6.343732093228027225e-05 2.483680816567357397e-09
8.245339989662170410e-02 7.835978642106056213e-03 1.482881954871118069e-03 2.362126410007476807e-01 4.736092090606689453e-01 1.290213223546743393e-02 5.593474507331848145e-01 4.359995201230049133e-02 1.255137845873832703e-02 2.528720796108245850e-01 2.345009241253137589e-03 6.957475543022155762e-01 5.021331831812858582e-02 4.767738748341798782e-03 8.366840891540050507e-03 4.128814339637756348e-01 1.791424304246902466e-01 2.490839660167694092e-01 3.770495532080531120e-03
1.418138388544321060e-03 7.100824266672134399e-02 2.069490437861531973e-04 3.621104115154594183e-04 9.689900092780590057e-03 9.999029636383056641e-01 5.519059021025896072e-03 6.034833859303034842e-05 3.210072591900825500e-02 2.981451398227363825e-04 3.697998408824787475e-06 1.229050103574991226e-04 2.145022590411826968e-04 1.760020107030868530e-02 2.151873661205172539e-03 1.707745541352778673e-04 6.297916115727275610e-05 2.180809387937188148e-03 5.447016097605228424e-03
1.977463662624359131e-01 4.261673428118228912e-03 1.240815272751660814e-08 5.073789566267805640e-07 1.177208469016477466e-05 4.721807272289879620e-05 9.521850943565368652e-01 2.735907173700979911e-06 6.405341625213623047e-01 6.705623673042282462e-05 7.740568435110617429e-06 1.388383284211158752e-02 2.165857222280465066e-05 4.221566740625348757e-08 1.692652205065314774e-07 3.047761083507793956e-06 5.391053855419158936e-04 2.044960820057895035e-05 9.609821438789367676e-01
6.245354597922414541e-06 2.400546081360310779e-11 1.576832468850458691e-14 1.000000000000000000e+00 2.287154929945245385e-04 7.798358332365751266e-03 7.552058377768844366e-05 3.162624051533668990e-10 1.459925869085054728e-07 1.082069878144409358e-09 1.151725256760453104e-17 9.673716688807232345e-12 3.007525961606916098e-08 1.227449142326975107e-09 1.715497928671538830e-04 5.811923831089416126e-09 2.956309981527738273e-05 7.039487659454835011e-09 7.277014548671273397e-14
3.428303534747101367e-05 1.093746595870470628e-05 1.492000046710018069e-05 3.070619329810142517e-02 6.833373390691122040e-06 9.879925251007080078e-01 4.036562982946634293e-03 2.895655925385653973e-04 1.716870465315878391e-03 2.009227318922057748e-04 4.907797723774365295e-09 1.095103741022285249e-07 1.283216552110388875e-04 1.587625779211521149e-02 9.855275154113769531e-01 2.377105943196511362e-07 4.797014873474836349e-03 3.431646851822733879e-03 3.086369815719081089e-06
6.138629745692014694e-03 3.380835114512592554e-04 9.696300548966974020e-05 9.590827822685241699e-01 1.674587279558181763e-02 9.043761491775512695e-01 2.902984805405139923e-02 1.128631527535617352e-03 2.036923915147781372e-02 6.498409784398972988e-04 1.145293367699196097e-06 4.684304076363332570e-05 2.716177143156528473e-03 2.440283307805657387e-03 1.606789529323577881e-01 2.540900022722780704e-04 2.055360935628414154e-02 1.560056861490011215e-02 1.413924619555473328e-04
2.887781895697116852e-02 3.347047822899185121e-06 4.083868354598507722e-09 9.978793859481811523e-01 3.977239131927490234e-01 9.327256702817976475e-04 4.663553535938262939e-01 1.684712742644478567e-06 7.655402878299355507e-04 2.741650632742675953e-06 4.181097246203080431e-09 6.743441335856914520e-04 2.748432234511710703e-05 4.364282176538836211e-06 1.101602148264646530e-02 6.550763500854372978e-04 1.755986176431179047e-02 1.010250525723677129e-05 6.869636877127049956e-07
9.860995411872863770e-01 7.044675243150777533e-08 5.427068503253106024e-14 9.999957084655761719e-01 9.847887754440307617e-01 7.466637724773406148e-11 7.926781661808490753e-03 5.545358616743101265e-11 1.590025555664453805e-09 4.087349347869917437e-10 7.809632931662924271e-13 1.783272810280323029e-02 3.548966986954837921e-08 2.474737359481338217e-10 9.756882235478769871e-08 8.103201980702579021e-04 1.891792926471680403e-04 7.603991047933078562e-11 5.605125196449234348e-13
9.324420094490051270e-01 5.981865106150507927e-04 7.087894482538104057e-05 9.999814033508300781e-01 1.768130362033843994e-01 1.450685340387281030e-05 1.273626694455742836e-03 2.432249675621278584e-05 5.772475333287729882e-07 1.572588917042594403e-05 5.501928868056893407e-08 4.240473790559917688e-04 1.486523309722542763e-03 3.058124566450715065e-04 8.962174179032444954e-04 1.705109491012990475e-03 9.589485125616192818e-04 7.335338523262180388e-06 6.176635736210300820e-08
